5
2

0.0002989180379799571
0.0004049802277708108
0.0004895046665198261
  0.08178197424737639
   0.5999189589083487

   0.187800706208068  -0.7966363989127259    0.525270470301526   0.2009935377986058  -0.1174473220960362
 -0.0642094729295201  0.06496708418315575   0.4983727908875621  -0.8057649201399739   0.3066331298695821
  0.4763340895106485  -0.3622776482243728  -0.5245801667697458  -0.1705126945632409   0.5810351197575651
 -0.7645317045733063  -0.2087724018365894 -0.01351614649357291   0.2477318733675756   0.5570920836229611
  0.3862708197704825   0.4316465171045671   0.4476030124428855   0.4689337172198183   0.4941951539339432

0.4001506785818668
0.3999140409216989
 0.399788279778154
0.3996229349123728
0.3994276149293353

0.002115376976499661
  0.4007074176614005

 0.4908582944343551   3.735191098371541  0.3193494744062533  -1.011613622560259  -3.533718531640808
  1.750903503012385 -0.2196330781043851 -0.1548044418751081 -0.1597510236702085 -0.2167544853496048

-2.237340699060671e-07  1.670749808989726e-08 -7.590062268769617e-07   -0.02259715116629883   -0.09929647224258888
  3.71545895927325e-08 -2.322140383815316e-08  2.147159946757559e-07  -0.009704731983540549     0.1188386257868818

cov:
0.05760876635384257 0.06107495356782124  0.0622947981387459 0.06392437155877403 0.06585439769441978
0.06107495356782124 0.06734822366707113   0.069554359851032 0.07250329113417314 0.07599567496040799
 0.0622947981387459   0.069554359851032 0.07210731518161477 0.07551977119248901 0.07956124129319796
0.06392437155877403 0.07250329113417314 0.07551977119248901 0.07955278037581502 0.08432856304477593
0.06585439769441978 0.07599567496040799 0.07956124129319796 0.08432856304477593 0.08997445596692895

cov.inverse():
 1366858.839331657 -2419964.239214053 -133914.4922088725  398913.8096963399    788087.28829193
-2419964.239169256  7676053.910858938 -3692621.377173596 -1853384.970066139  290095.9036874605
-133914.4922580231 -3692621.377189273   5750735.95454278 -893600.2317787027 -1030709.819258268
 398913.8096761029  -1853384.96984585 -893600.2320274849  4532143.001476919 -2184110.456233447
 788087.2883165238  290095.9035276424 -1030709.819074312 -2184110.456282184  2136644.219378236

cov*(cov_.inverse()):
     1.000000000007276 -1.564330887049437e-10  1.455191522836685e-11   2.91038304567337e-11  5.820766091346741e-11
  2.91038304567337e-11     0.9999999998581188  1.455191522836685e-11  5.820766091346741e-11  5.820766091346741e-11
 1.455191522836685e-11 -1.164153218269348e-10      1.000000000043656  5.820766091346741e-11   2.91038304567337e-11
 1.455191522836685e-11 -1.200533006340265e-10                      0      1.000000000116415                      0
                     0 -2.546585164964199e-11                      0                      0                      1
