5
2

  6.9376582652206e-05
0.0001623964760363682
0.0003126756023755126
   0.1136729327739087
   0.5808901510707711

-0.02279790572059728  0.09645016203030836  -0.5087000339742349   0.7817784534524354  -0.3467338271516239
 -0.3516186332513649   0.7208373871542488  -0.4418347987863417  -0.2455683238426921   0.3181760627979425
  0.5730597519857138  -0.3229528093190857  -0.5858313761054891  -0.1217438511903055   0.4574757229347628
 -0.6324205451332411  -0.4523353439593837 0.006596491978476419   0.2892777502352288   0.5583116156869237
  0.3840460480107083   0.4027220469294154   0.4502936498330527   0.4795992764369085   0.5074876834816392

0.4000684352561222
0.4001748374061502
0.4003446375858143
0.4004280401334582
0.4005027223474733

-0.0006014152550152146
    0.4001747209013254

 0.5311929489723387 -0.5212010224150831    2.02177743741841   4.553662273750702  -6.585480834646774
  1.500196077824799 -0.4330515763960151 0.07737768131077731  0.4334215630700047 -0.5779515527204968

 2.287433405804632e-08 -1.231429118466836e-07 -4.183183673130224e-07   -0.03161021520144424   -0.08557996209315677
 2.040295425838881e-09 -3.070220163492673e-08  6.228299741810236e-08   -0.01227103603921665     0.1184907425681109

cov:
0.05493658645442052 0.05588511980507092 0.05829959797552062 0.05978730942056735 0.06120289113353158
0.05588511980507092 0.05737051060565419 0.06115269429021716 0.06348284553824864 0.06570017761662464
0.05829959797552062 0.06115269429021716  0.0684200667760257 0.07289694673442498  0.0771573203250711
0.05978730942056735 0.06348284553824864 0.07289694673442498 0.07869619425628235  0.0842150635540525
0.06120289113353158 0.06570017761662464  0.0771573203250711  0.0842150635540525 0.09093167411581998

cov.inverse():
 8155062.565810404 -11960548.70896796  4866505.372526927 -1142519.862596067  81683.71681081961
-11960548.70878573  22702106.72182674 -20335256.89654927   9356178.67748641  237216.1861897445
 4866505.373119739 -20335256.89698048  64677467.03613504 -77782905.69591558  28574620.68529728
-1142519.864496405  9356178.679177267 -77782905.69491155  129420047.9708863  -59851246.8794736
 81683.71793608723  237216.1851123243  28574620.68445485   -59851246.878679  30957881.29428004

cov*(cov_.inverse()):
    0.9999999998262865  1.618900569155812e-10                      0  1.396983861923218e-09 -2.328306436538696e-10
 2.091837814077735e-11      1.000000000169166 -4.656612873077393e-10  9.313225746154785e-10                      0
-6.821210263296962e-11  3.383320290595293e-10     0.9999999995343387  9.313225746154785e-10  4.656612873077393e-10
-1.928128767758608e-10  1.382431946694851e-10 -4.656612873077393e-10      1.000000000931323                      0
-6.184563972055912e-11  8.731149137020111e-11                      0                      0                      1
