5
2

9.885348258143943e-05
0.0001380380824131246
 0.000336627248146365
    0.116539207780555
   0.5744488347129817

-0.07049472288163998   0.3097720096852409  -0.5158484579573455   0.6835994779362163   -0.407018326675555
 -0.2828341438638592   0.7185776354099739  -0.3454488776221905   -0.419470609165792   0.3291815759562747
  0.6563481396570618  -0.2494889913550685    -0.62719743550717   -0.101127540519621   0.3214948836342901
 -0.5756078112604115  -0.3975531292742143  -0.1899722420072882   0.3356205769678822   0.6015783677982015
  0.3910474501839266    0.409138407511551    0.430231757931177   0.4835992252636575   0.5106075586939547

0.4000342708200074
0.4001266715617233
0.4001973203377831
0.4003264227362011
0.4003815531279929

-0.0004237460980141017
     0.400163324452362

 0.3941691810395211  0.0269153157421369 0.08483123066971703   6.994947581533278  -7.500946539244241
  1.476352107759359 -0.3198423840570053   -0.11727597991455  0.6212585333556893   -0.66050284598093

 7.594373016450261e-08 -1.052723106447337e-07 -3.309003572606334e-07   -0.03284606199181611   -0.08105934634855842
 5.383128766393315e-09 -2.067236558509766e-08  9.600051180841744e-08   -0.01207661491633667     0.1185297897242517

cov:
0.05496156500819415 0.05590403928040431 0.05700317790871578 0.05978102901825022 0.06118713621520307
0.05590403928040431 0.05738520465614524 0.05911226129688039 0.06347966191713335 0.06569011895984303
0.05700317790871578 0.05911226129688039 0.06157140483580266 0.06779201610388419 0.07094024144731338
0.05978102901825022 0.06347966191713335 0.06779201610388419  0.0787043455717953  0.0842267018958022
0.06118713621520307 0.06569011895984303 0.07094024144731338  0.0842267018958022 0.09095047272571226

cov.inverse():
 8508427.129455475 -14345874.35478984  5216165.033431746  709177.6169994846  -87869.7514964476
-14345874.35453922  37467823.14859647 -27998924.06377971  6073751.579425751 -1196304.082864202
 5216165.031638625 -27998924.05819194  36965058.44096055 -27921580.74553995  13738498.56267441
 709177.6213948498  6073751.563904212 -27921580.73248493  57145677.14464098 -36006478.54909886
-87869.75434922423 -1196304.072680028  13738498.55341409 -36006478.54716974   23551910.4154891

cov*(cov_.inverse()):
    0.9999999998726707 -7.275957614183426e-11 -3.492459654808044e-10  9.313225746154785e-10 -2.328306436538696e-10
-1.564330887049437e-10      1.000000000130967 -1.164153218269348e-10  4.656612873077393e-10 -2.328306436538696e-10
-2.173692337237298e-10 -2.619344741106033e-10                      1                      0                      0
-3.728928277269006e-11 -5.093170329928398e-10  2.328306436538696e-10                      1  2.328306436538696e-10
-6.821210263296962e-11  1.891748979687691e-10                      0                      0                      1
