5
2

9.736855559196872e-05
0.0001570471946922122
0.0003701110954856062
   0.1088685911113487
   0.5678598183997201

  -0.088294275046952   0.3887681484528932  -0.7323122217033443   0.5411432855804226  -0.1092986832380852
  -0.338974221420805   0.7248460040366181 -0.02162252334065639  -0.5648052995509003    0.200554700089295
  0.6395805785172067  -0.1369081745103437  -0.5038192928008549   -0.398388271658437   0.3995569302896527
 -0.5558829320826034  -0.3623365320444219  -0.1366643435492925   0.1308607578271625   0.7238126295032515
  0.3990381530742835   0.4164444578559346   0.4367381982746437   0.4607832083923498   0.5140828210936561

0.4000148378439732
0.4001096216604663
0.4001818275429125
0.4002499813200474
0.4003728557486571

-0.0004452627011144344
    0.4001414913978755

 0.4177363153302577   0.100853675418303   -1.84276433671795   6.021689933025909  -4.697598077259502
  1.478307554369486 -0.3145621119904048 -0.2853492276403751  0.5329592427081056  -0.411368947858868

 4.857728063856988e-08 -1.078267988089669e-07 -4.238421680548724e-07   -0.03116098558401648   -0.07622221061519602
 2.744798576117024e-09 -2.728971559026697e-08  1.035088834180647e-07   -0.01062923063224039     0.1187900636749312

cov:
0.05500904312536761 0.05597354877011323 0.05709798798078693  0.0584294131198561 0.06138116333569678
0.05597354877011323 0.05747985953655697 0.05923590855436374 0.06131597489547308 0.06592704569800385
0.05709798798078693 0.05923590855436374 0.06172842099724858 0.06468139229227041 0.07122720755244487
 0.0584294131198561 0.06131597489547308 0.06468139229227041 0.06866909514074243 0.07750830702052097
0.06138116333569678 0.06592704569800385 0.07122720755244487 0.07750830702052097 0.09143089581029738

cov.inverse():
 8467360.969264062 -14221987.40133604  4764920.935181974  862719.4884687706  127059.9739687177
-14221987.40278539   37381413.2611179 -30161510.47437259  5989503.267611614  1012785.657114837
 4764920.940143541 -30161510.48650917  58437954.09047727 -39839074.98739905  6797153.792957799
 862719.4839234811  5989503.282096069 -39839074.99892242  44980579.54990284 -11993401.99495626
 127059.9750017606  1012785.653317681  6797153.797306178 -11993401.99654057  4056374.395846616

cov*(cov_.inverse()):
    0.9999999999799911 -4.365574568510056e-11  4.656612873077393e-10  1.164153218269348e-10  5.820766091346741e-11
 4.547473508864641e-11      1.000000000101863  5.238689482212067e-10  3.492459654808044e-10  1.164153218269348e-10
  8.36735125631094e-11 -4.656612873077393e-10      1.000000000465661                      0                      0
-8.003553375601768e-11  3.783497959375381e-10 -3.492459654808044e-10      1.000000000232831  5.820766091346741e-11
 4.729372449219227e-11  1.455191522836685e-10  2.328306436538696e-10                      0      1.000000000058208
