5
2

6.540128649338891e-05
0.0001268441322125691
0.0003644638489150793
   0.1046151387376194
   0.5862565252880466

-0.01030743742430646   0.1966790223834084  -0.6101068576950662   0.7114693169448556  -0.2877362544545327
-0.09867774902358198   0.6326717868658801  -0.4916427722601577  -0.4379422356549509   0.3955794416618022
  0.5726596032171385  -0.5427492546669588  -0.4311857004570117 -0.03497822070985158    0.436279315575492
 -0.7202724223077506  -0.3002139465128102 -0.03211689897276823   0.2723188153790494    0.562041094203132
  0.3787150315045585   0.4199269045154233   0.4462111643600687   0.4760640672662537   0.5044748957430288

0.4001492488186714
0.4003473441201615
0.4004352019121892
0.4005219603780514
0.4006004494873773

-0.0006434076687619774
    0.4002482191554682

 0.4815728114998684  -1.193461378057584   3.124347391270527   4.106236311953949  -6.518781649477059
  1.363543189506141 -0.4908504970900738  0.3150426024845239  0.3849926968034773 -0.5727374760184354

 1.134036322060003e-08 -1.080508938659659e-07 -4.531342524985325e-07   -0.02883318012231281   -0.08881093019417668
 5.813040667673503e-10 -1.601147711862886e-08  8.608607612348206e-08   -0.01162223885844046     0.1186434212600199

cov:
0.05497260404122362 0.05702550591062788 0.05833337582789715  0.0598193171475225 0.06123354264361484
0.05702550591062788 0.06159343962783741 0.06450609059758758 0.06781439238287901 0.07096290679778422
0.05833337582789715 0.06450609059758758  0.0684428482105052 0.07291409346146023 0.07716934761801891
 0.0598193171475225 0.06781439238287901 0.07291409346146023 0.07870600048759195  0.0842180888702736
0.06123354264361484 0.07096290679778422 0.07716934761801891  0.0842180888702736 0.09092630152940637

cov.inverse():
 3098875.006621637  -6694002.81973479  2626629.025894801  820634.5341447995  148068.0795305369
  -6694002.8214443  36139326.61442155 -45624455.82614461  15636664.83524238  541815.7664221199
 2626629.033611185 -45624455.84991275  103446754.9454733 -87986426.73767214  27538086.11094159
 820634.5234078809   15636664.8764196 -87986426.77425794  130271910.0003193 -58742845.59904979
 148068.0842605474  541815.7473036314  27538086.13147509 -58742845.60519442  30514817.49348116

cov*(cov_.inverse()):
    0.9999999999563443  1.382431946694851e-10                      0  1.396983861923218e-09 -2.328306436538696e-10
 2.546585164964199e-11     0.9999999996289262  9.313225746154785e-10                      0                      0
-1.091393642127514e-11  -4.43833414465189e-10      1.000000001862645                      0 -4.656612873077393e-10
 -2.91038304567337e-11  1.455191522836685e-10  1.396983861923218e-09                      1                      0
 1.091393642127514e-11 -1.964508555829525e-10                      0                      0                      1
