5
2

 6.68379117555999e-05
0.0001111177695377899
0.0002262310678630623
   0.0908381578096271
   0.5906235097122531

-0.03338490460027365   0.2264346908807942  -0.6100821189196061    0.702711512135353  -0.2856730960338393
 -0.2793637467927315   0.7294189768371615  -0.3424912962061607  -0.4190379539741907   0.3114655010750032
   0.601787581332287  -0.3187596634359322  -0.5563428491783201  -0.1710523148623501   0.4443734056723335
 -0.6353488331539606  -0.3766228474451859 -0.06987697259791852   0.2784767011045981    0.609963135471834
  0.3937320310654114   0.4162004261699396   0.4428310773492373   0.4730703503324867   0.5018539364586859

0.4002536855640716
0.4003474595339497
0.4004443047425041
0.4005443735285533
0.4006332047370547

-0.0007212225680953804
    0.4002279997153536

 0.7909861857020566  -1.451232956098357   2.969830164041474   4.351810959904748  -6.661431664773788
  2.164745647864901   -1.07206553458745  0.1168922390638839  0.4244892779923891 -0.6340952056224085

 1.248255975790131e-08 -7.649127563514208e-08 -2.261253604786268e-07   -0.02487730788244433   -0.09132078296722178
 4.159103546648792e-10  -2.22513934708683e-08  6.269770531177725e-08   -0.01030073838380756      0.118774935216904

cov:
0.05740920627543357 0.05913875902578072 0.06118826720760925  0.0635152935300161 0.06573081750922415
0.05913875902578072 0.06159682355596916 0.06450992449287689 0.06781764104525688 0.07096643262945826
0.06118826720760925 0.06450992449287689 0.06844685260257199 0.07291720565242923  0.0771724126456282
 0.0635152935300161 0.06781764104525688 0.07291720565242923 0.07870788504093981 0.08421956897570597
0.06573081750922415 0.07096643262945826  0.0771724126456282 0.08421956897570597 0.09092700165911298

cov.inverse():
 13646259.29405109  -21943828.0555534   5766812.81452403  2218293.277890391  312699.7875111847
-21943828.06588027  56553662.84061858 -47691255.35450762  11928690.97157376  1152507.813387957
 5766812.849535677 -47691255.41746896  98864218.18649195 -82483646.88611846  25543214.28964105
 2218293.236820295  11928691.06190637 -82483646.94197889  125330186.1957242 -56992301.59032276
 312699.8038961991  1152507.775690743  25543214.31755073 -56992301.59692005  29983318.16629862

cov*(cov_.inverse()):
     1.000000000047294 -1.164153218269348e-10 -4.656612873077393e-10  1.396983861923218e-09 -4.656612873077393e-10
 5.093170329928398e-11     0.9999999995052349  6.984919309616089e-10 -1.396983861923218e-09  4.656612873077393e-10
 3.565219230949879e-10 -5.238689482212067e-10                      1                      0 -4.656612873077393e-10
 1.964508555829525e-10  1.600710675120354e-10  4.656612873077393e-10     0.9999999990686774  4.656612873077393e-10
 4.365574568510056e-11 -4.220055416226387e-10 -4.656612873077393e-10  9.313225746154785e-10                      1
