6
2

6.405806426523074e-05
 0.000104248727010859
0.0001624455052722644
0.0003680566307892471
   0.1163642229241816
   0.6312104692422676

-0.004877704199194141   0.04174458008282132   -0.2328519265432625    0.6128792231204598    -0.699104933920445    0.2822143291470103
   0.1196226320858306   -0.4672402654050539    0.7066591446699433   -0.2454049285988764   -0.3741007415900447    0.2604512808426492
  -0.3349338722396357    0.6770707851854942   0.06790675455688786   -0.4856505189806746   -0.2672163805041946    0.3428149721999502
   0.6377989836498927   -0.1351896200160723   -0.4989432434688136   -0.3930531830858516  -0.02402056141548984    0.4134296443014932
  -0.5833613961613776   -0.4059398332415923   -0.1990931534818257   0.04616121045627165    0.3246559114102343    0.5896879948995919
   0.3555107214205769    0.3720963513579804    0.3914320659814019    0.4143397038852731    0.4403610840160395    0.4651258920454913

0.4001318841251825
0.4002504977024234
0.4003509074391274
 0.400452942733419
0.4005562006596395
0.4006496280165635

-0.0007727530926115143
    0.4002159863260077

 0.4184186253076813  0.1573369202493232  -1.341522081878917   3.098967225162297   4.287331600638455  -6.620566214706519
  1.478267020844882 -0.3078185549493231 -0.2415780244110207  0.2696665853613121   0.384583001673358 -0.5831276282360472

  -1.0872125082562e-08  -5.49931329734019e-08 -1.331302545668016e-07 -4.258013371260782e-07   -0.03263264677689053   -0.08973188718652877
-9.518583469738457e-10 -2.303761469947211e-09  -3.04412128007934e-08    1.0141927513208e-07   -0.01213064159581032     0.1300071881753183

cov:
0.05496437552408422 0.05591210220989629 0.05701698506326307 0.05832446464890931 0.05981043896179522 0.06122477190324239
0.05591210220989629 0.05739577865471657 0.05912537772639544 0.06117341406758371 0.06350036522225909  0.0657150276496294
0.05701698506326307 0.05912537772639544  0.0615833229077424  0.0644947441296633 0.06780215626562697 0.07094989013235481
0.05832446464890931 0.06117341406758371  0.0644947441296633   0.068429731081025 0.07289949241230154 0.07715339405101682
0.05981043896179522 0.06350036522225909 0.06780215626562697 0.07289949241230154 0.07868926220159682 0.08419936945606903
0.06122477190324239  0.0657150276496294 0.07094989013235481 0.07715339405101682 0.08419936945606903 0.09090499531408532

cov.inverse():
  8576515.03519588 -14422701.91782599   4844023.65149611   883784.489155921 -8226.967518497961  126680.2245059503
-14422701.91886006  38019821.37862178 -30510019.50388069  4717136.322194817  2139488.579825919  56640.30849606123
 4844023.653147574 -30510019.50300875  61175018.71830479 -50537282.68019373  14746725.01041164  280398.3703036139
 883784.4885059259  4717136.314933983 -50537282.66352765  107157907.8127431 -90981577.15481038  28760944.74063747
-8226.967216054594   2139488.58754457  14746724.98681799 -90981577.13536191  134694734.2192589 -60591231.25520346
 126680.2242359911  56640.30613238875  280398.3797544447  28760944.72994465 -60591231.25132803  31366457.17536273

cov*(cov_.inverse()):
    0.9999999999845386   1.77351466845721e-10  5.275069270282984e-10 -2.328306436538696e-10  9.313225746154785e-10  2.328306436538696e-10
-7.275957614183426e-12     0.9999999999022293   1.01863406598568e-10 -4.656612873077393e-10  1.862645149230957e-09  2.328306436538696e-10
 1.818989403545856e-11  2.255546860396862e-10      1.000000000170985 -6.984919309616089e-10  1.862645149230957e-09 -4.656612873077393e-10
-1.182343112304807e-10  2.646629582159221e-10 -6.803020369261503e-10     0.9999999995343387  1.862645149230957e-09                      0
-1.637090463191271e-11 -6.002665031701326e-11 -5.165929906070232e-10 -4.656612873077393e-10                      1  4.656612873077393e-10
-2.728484105318785e-11  2.546585164964199e-10  2.983142621815205e-10                      0                      0                      1
