5
2

0.0001127958039365901
0.0002456802510567358
0.0006807727989582095
  0.08603390886797303
   0.5960651433613421

 -0.0333643021041262   0.5506004864225351  -0.7899669088017632   0.2676805500663949 0.005033270379333576
 -0.1041905488944866   0.5443028370653032   0.1174082026355339  -0.7904698476276741   0.2329194818582228
  0.5792356757880702  -0.4139877724177714  -0.4017373027728508  -0.2713994070931258   0.5079858832420479
 -0.7074398978474363  -0.2072244622497368 -0.06457183822828284   0.1351184147005819   0.6589084192021973
  0.3899307319180125    0.431561898744327   0.4434018653780062   0.4599890422020242   0.5035009619568203

 0.400568899331766
0.4001139874595697
0.4000398672797712
0.3998173467603309
0.3992489422412558

0.003475294909311221
  0.4012068717097817

  1.049861408227722 0.09979300589442064   2.184441226217186  0.1523201400347961  -3.486806319834458
  1.416377885852319 -0.4125704894131578  0.2273052893181174 0.06770554305074758 -0.2987523832881656

-2.140620448962026e-08 -4.413110295678378e-08 -9.840724711269813e-07   -0.02354783454149101   -0.09398204313635329
-5.564508482469971e-09 -2.828131503558978e-08  3.382091321857027e-07  -0.008281817060495649     0.1263953080691583

cov:
0.05772553116470338 0.06087353426764874 0.06176686938250899 0.06301924718036236 0.06630483874009376
0.06087353426764874 0.06648985625300226 0.06808646039287482 0.07032345167873719 0.07619165842375294
0.06176686938250899 0.06808646039287482 0.06988353085733867 0.07240115606820105  0.0790054505539925
0.06301924718036236 0.07032345167873719 0.07240115606820105 0.07531176362422758  0.0829466755707019
0.06630483874009376 0.07619165842375294  0.0790054505539925  0.0829466755707019 0.09328534323949084

cov.inverse():
 991360.4674438471 -2900847.958438976  1366830.821181813  323322.2544988221  219571.7906254158
-2900847.958575039  29106201.71074131  -32769265.6145063  4698378.348578171  1864453.738550047
 1366830.821517293 -32769265.61649347  49625819.32115924 -17922678.05999984 -299794.7562143963
 323322.2542604282  4698378.350968031 -17922678.06241078  16142882.23457512 -3241926.522673025
 219571.7906643872  1864453.738011321 -299794.7554552359 -3241926.522932413  1457666.853149394

cov*(cov_.inverse()):
     1.000000000032742  2.182787284255028e-10  7.275957614183426e-12 -5.820766091346741e-11                      0
 1.455191522836685e-11      1.000000000436557  7.057678885757923e-10 -8.731149137020111e-11 -1.455191522836685e-11
 1.455191522836685e-11  2.328306436538696e-10      1.000000000698492 -8.731149137020111e-11  1.455191522836685e-11
-7.275957614183426e-12  4.656612873077393e-10  2.728484105318785e-10      1.000000000174623  1.455191522836685e-11
-3.637978807091713e-12 -1.164153218269348e-10  1.818989403545856e-11  1.164153218269348e-10                      1
