5
2

9.133031813364021e-05
0.0001412409904538141
0.0003155379744770559
  0.08733868913139056
   0.5610255091437404

 -0.0387293431379792   0.2065606237467979  -0.6018280904733557   0.7167354583550695  -0.2827118302285514
 -0.2708963896400309   0.7438863573812132   -0.350333100322308  -0.4098949550472862   0.2872300089256842
  0.6205593336577859  -0.3010223474868109  -0.5591301363172001  -0.1826452333870675   0.4222627962615548
 -0.6118181008021963  -0.3659277091695248 -0.07922302241995575   0.2607470262418852   0.6461503108545241
  0.4070625369658763   0.4236133307568549    0.442907294720137    0.465755424649385   0.4916877563020546

0.3999898664710608
0.4001273571467361
0.4002484169842358
0.4003783124115278
0.4005099682211744

-0.001026153663477982
   0.4000422236911804

 0.4785934311835134  0.1434243953782391  -1.047942387645926   8.702015810919249  -8.275967366161556
   1.48473698142141 -0.3101181233964224 -0.2211992311743883  0.7727586093669602 -0.7261608014909601

 7.689383943145615e-08 -1.117114538514293e-07   -4.2257610820132e-07   -0.02548353452504448   -0.07073939271970463
 6.428755279297878e-09 -2.155958425646115e-08  6.876180032369238e-08  -0.007972060783450948     0.1189476645252901

cov:
0.05500936452845511 0.05598227092883586 0.05711621327097767 0.05845696994726163 0.05998085802704836
0.05598227092883586 0.05750270951458503 0.05927492234228517 0.06137233937777025 0.06375416159455509
0.05711621327097767 0.05927492234228517 0.06179136111194106 0.06477102565081837 0.06815318059268392
0.05845696994726163 0.06137233937777025 0.06477102565081837 0.06879667667256936 0.07336480246456017
0.05998085802704836 0.06375416159455509 0.06815318059268392 0.07336480246456017 0.07927768455608999

cov.inverse():
 7726288.888003204 -12936811.62674917   4066773.40385854  1099847.784174112    44053.815050831
-12936811.62423539  33764414.58783915 -26276784.98609931  3016577.721759953  2432903.565916565
 4066773.395624979 -26276784.97000146  52714811.75668156 -43489168.67153037   12982442.9992757
 1099847.793069934  3016577.699665653  -43489168.6561309  70344053.86662461 -30968886.91232872
 44053.81187513263  2432903.574425952  12982442.99174105 -30968886.91012764   15508555.5636408

cov*(cov_.inverse()):
    0.9999999999140528  5.820766091346741e-11  3.492459654808044e-10 -6.984919309616089e-10 -3.492459654808044e-10
-1.591615728102624e-10      1.000000000174623 -1.164153218269348e-10  4.656612873077393e-10 -4.656612873077393e-10
-1.382431946694851e-10 -2.619344741106033e-10      1.000000000232831 -9.313225746154785e-10 -2.328306436538696e-10
-5.638867150992155e-11 -4.074536263942719e-10  2.328306436538696e-10     0.9999999995343387                      0
-7.139533408917487e-11                      0  1.164153218269348e-10                      0     0.9999999997671694
