5
2

5.624766979274973e-05
 6.77522652788163e-05
0.0001498484962567662
  0.01791965362072207
   0.5529217544401329

-0.04839602148501287   0.6379653909068413  -0.7577982897294613   0.1176525626011886  0.05057283565294983
-0.06079393997832443   0.4085622559915363   0.2345255634386459  -0.8410776307869984   0.2587801362634574
  0.5831130149396261  -0.4439996551268409  -0.4123390253041965  -0.2207996232093543   0.4940319550970956
 -0.6754216594362547  -0.1717861114993001 -0.02842538845466439   0.1715137841034478   0.6957514879711321
  0.4446872111256747   0.4465768479527168   0.4471107666778738    0.447858059831713   0.4498194345494464

0.4165461633224221
0.4166831092154099
 0.416777320330666
0.4167905362167486
0.4168275889228922

-0.0002270466595965115
    0.4167018046908441

  0.6306115815229396   0.9737818359193231    1.271173145665019    1.103419462208128   -3.978880386644074
   1.067095770329481  0.04740986561179428   0.4428009508544352 -0.07576338438182256  -0.4815941372270671

-1.404651282753339e-09 -5.967851629736177e-09 -6.283067483596303e-08  -0.001030263656363851  -0.003654575189492969
-1.234579684817766e-09 -1.174694220873814e-11  4.432734322409967e-09 -0.0003498649406763182     0.1354703386279358

cov:
0.06060211175178676 0.06074976366477457 0.06079125793128901 0.06084949148497189 0.06100245062751208
0.06074976366477457 0.06097998358568518 0.06104496709286323 0.06113596257357538 0.06137482258622596
0.06079125793128901 0.06104496709286323 0.06111664370720481   0.061216962525271 0.06148027597324587
0.06084949148497189 0.06113596257357538   0.061216962525271 0.06133029738003633 0.06162771416235316
0.06100245062751208 0.06137482258622596 0.06148027597324587 0.06162771416235316 0.06201457430306993

cov.inverse():
 16689476.78033404 -26699417.99224534 -2221913.723467425  3605147.499303434   8627003.15946622
 -26699418.0050683  173785874.0146043 -123779382.8140158 -46769542.31954711  23461313.08852297
-2221913.692619191 -123779382.8929278  201062985.8931723 -67097049.98538233 -7964098.817296766
 3605147.477910375 -46769542.24408185 -67097050.03528104  160654175.8585678 -50392266.40055111
 8627003.162834028  23461313.07914693 -7964098.815462469 -50392266.39637709  26267920.70173987

cov*(cov_.inverse()):
    0.9999999998835847  1.396983861923218e-09   2.91038304567337e-10  1.396983861923218e-09 -4.656612873077393e-10
-1.164153218269348e-10      1.000000000698492  3.492459654808044e-10 -4.656612873077393e-10                      0
-1.164153218269348e-10  2.095475792884827e-09      0.999999999650754  4.656612873077393e-10 -2.328306436538696e-10
-2.328306436538696e-10 -2.328306436538696e-10   1.33877620100975e-09      1.000000000465661  4.656612873077393e-10
                     0  6.984919309616089e-10   2.91038304567337e-10                      0                      1
