5
2

3.351246665667358e-05
5.312907290891179e-05
8.861563677008941e-05
  0.01716662021799586
   0.5182584131763076

0.002720183164489384 -0.01657003308297469  -0.4177160802275926   0.8208063868086946  -0.3892405249977602
 -0.0583201877873322   0.6352764797047729  -0.6830110743625588  -0.1928360756125334   0.2988857143973634
  0.6755738169219873  -0.5317952478873488  -0.3957242631612883 -0.06436133525236547   0.3163127539064439
 -0.5844053868963394  -0.3378063478767718  -0.0502582262953121   0.2903124950466319    0.676424408940235
  0.4457148392817979   0.4463517827858778   0.4470856370456375   0.4479591466425762   0.4489492222229829

0.3994578207873639
0.3995259374269498
0.3995610670619812
0.3995858926070449
0.3996024501838034

-2.928258121957729e-05
    0.3996337715814616

 0.2070934145608206  0.4532850695071657   1.484760821030344     4.0271296545047  -6.172245626098182
 0.7404795683055108  0.5227622702172174  0.1643358293899094  0.2922786351688562 -0.7198416539961432

  5.70620136454276e-09 -9.483127312271442e-09 -2.277492487832983e-08 -0.0009886067123040833  -0.002307435840997744
 4.995506946713792e-10 -2.677097285757921e-10 -7.011868248308748e-10 -0.0003004859850268099     0.1194178752464893

cov:
0.05345955494673074 0.05349333102913204 0.05353166401839698 0.05357758508079909 0.05362961802556904
0.05349333102913204 0.05354514947625373 0.05360450055124062 0.05367531844875553 0.05375557728183761
0.05353166401839698 0.05360450055124062 0.05368836786650655 0.05378821532078695 0.05390138692336868
0.05357758508079909 0.05367531844875553 0.05378821532078695 0.05392245193581692 0.05407460745729817
0.05362961802556904 0.05375557728183761 0.05390138692336868 0.05407460745729817 0.05427096325094009

cov.inverse():
 59332615.07020968 -58915577.46193684 -20944169.19676185   434651.284719318  20093093.97558998
-58915577.52446193  179233920.3821945 -120756549.7395064 -51151601.33004072  51588274.20456229
-20944169.06846694 -120756550.0302034  340574392.0110148 -255383519.4465636  56510832.78953646
 434651.2075008899 -51151600.98710743 -255383519.7912177  613587543.3017571 -307486821.1152239
 20093093.98703898  51588274.08980098  56510832.97178605 -307486821.1941602  179294320.3505111

cov*(cov_.inverse()):
     1.000000000465661                      0  1.396983861923218e-09 -1.862645149230957e-09 -1.862645149230957e-09
 6.984919309616089e-10      1.000000001396984  9.313225746154785e-10 -3.725290298461914e-09                      0
 6.984919309616089e-10                      0     0.9999999995343387 -3.725290298461914e-09                      0
 6.984919309616089e-10  4.656612873077393e-10  1.396983861923218e-09                      1                      0
 6.984919309616089e-10                      0                      0                      0     0.9999999981373549
