6
2

  2.5053337944245e-05
3.757421594886897e-05
5.626772884474752e-05
9.581210851616139e-05
  0.02371518586698912
   0.5682523215802533

0.001048126322309626 0.008566524056222918  0.02084430575894389  -0.4408117915913236   0.8055855864010663  -0.3952313985390486
 0.01677228689029401  0.06545346686606207  -0.6363409156796217    0.661235159308959   0.2180423836732024  -0.3251620459332056
 -0.1400939079938552    0.744685091788241  -0.4637838135102065  -0.3611484101821792 -0.05719456503111733   0.2775301657316986
  0.7163672865489805  -0.3712560320856953  -0.4321351225391556  -0.2533578346566861  0.02855156556005038   0.3118344448463799
 -0.5494586891942677  -0.3710916237024546  -0.1631734941692763  0.08314701760457449   0.3628107626165726   0.6286616661451755
  0.4062072727045383   0.4068741056727585   0.4076444221917395   0.4085599532408039   0.4095989773784973   0.4105880918015741

0.3994842991479367
0.3995521200541177
 0.399588682909778
 0.399614083567352
0.3996316077633268
0.3996441135601919

-3.722040053224643e-05
    0.3996587874153941

  0.074072298791084 0.08273231113866261  0.2775916786371785   2.498980409814981   2.530053295993528   -5.46339972150835
 0.7177331202594202  0.4823194621331532  0.0587378597955657  0.1211245101193881  0.1971183597350211 -0.5770211751314724

 1.947329131219006e-09  5.379855776436318e-09 -8.361482687062451e-09 -2.168475967775465e-08  -0.001364189206096961  -0.002908541688260711
 2.131365020723471e-10  4.474451667316948e-10  5.137118305414395e-11  9.613157153839328e-10 -0.0004859769204934478     0.1307930269741836

cov:
 0.0534514688993287 0.05348380976871148 0.05352060019929526 0.05356457212315897 0.05361443925860908 0.05366202825356545
0.05348380976871148 0.05353420053526533 0.05359201140687542 0.05366088880699314 0.05373903227354583  0.0538135012656193
0.05352060019929526 0.05359201140687542 0.05367433219997998 0.05377223909970649 0.05388334269310237 0.05398914415105326
0.05356457212315897 0.05366088880699314 0.05377223909970649 0.05390454305111009 0.05405469589820985 0.05419761885682615
0.05361443925860908 0.05373903227354583 0.05388334269310237 0.05405469589820985 0.05424918673225161 0.05443425655130939
0.05366202825356545  0.0538135012656193 0.05398914415105326 0.05419761885682615 0.05443425655130939 0.05465939398962675

cov.inverse():
 62302944.41081469 -61130428.80973158  -20724956.7706643  3328539.872852662  8694021.861488447  7530474.481863981
-61130428.81572354  193322606.9951605 -120826508.6543913 -50059841.01522224  6495812.853202865  32196948.16622508
-20724956.71128285 -120826509.0088901  375786097.1956996 -247843266.2413251 -64489976.65130545  78099105.00321609
 3328539.831164465 -50059840.64533114 -247843266.3539013  667463319.4688617 -457904276.3517551  85015234.52271491
 8694021.792697219  6495813.123517971 -64489977.49027649 -457904275.4808059  1068729315.223112 -561523000.7666171
 7530474.538954192  32196947.87452559  78099105.65964241  85015233.86739643 -561523000.5331134  358679972.2996997

cov*(cov_.inverse()):
    0.9999999993015081 -9.313225746154785e-10  4.656612873077393e-10 -5.587935447692871e-09                      0                      0
-5.238689482212067e-10      1.000000000465661  3.725290298461914e-09 -3.725290298461914e-09                      0  3.725290298461914e-09
-6.984919309616089e-10  6.984919309616089e-10                      1 -9.313225746154785e-10                      0 -3.725290298461914e-09
-3.492459654808044e-10                      0                      0                      1 -3.725290298461914e-09  3.725290298461914e-09
-7.566995918750763e-10  1.396983861923218e-09  9.313225746154785e-10 -5.587935447692871e-09                      1                      0
-5.820766091346741e-11 -1.629814505577087e-09  9.313225746154785e-10 -9.313225746154785e-10                      0       1.00000000372529
