5
2

2.540503230465446e-05
3.788633288973318e-05
8.951381278211728e-05
  0.02166913007198886
   0.5191202671721689

0.003798067861679715  0.02453750221909248  -0.4367976205777996   0.8063821439069569   -0.397918537279879
-0.03542832622608349   0.6001941971978232  -0.6870008255164313   -0.220902894283826   0.3431377804725804
  0.5798328271813648  -0.6105731224429183   -0.370269232339676 0.008815729177402953   0.3921955292642022
 -0.6818950024721385  -0.2594205826337827 0.009933702993412582   0.3157929123335782   0.6065445778952993
  0.4444586668158514   0.4461684212168781   0.4472580033098792   0.4484940007670074   0.4496705940489972

0.3994739602007488
0.3995789601537794
0.3996050498348717
0.3996232876445868
 0.399636024290667

-4.210754066074582e-05
    0.3996477158568015

 0.1041680369515109  0.3310286696511391   2.532396670684769   2.480256127650772   -5.44781523412897
 0.8707037570166825  0.3535470255363086  0.2554704228200811  0.1794531685963063 -0.6591560283732091

 1.981551523906425e-09 -5.686973616710176e-09 -2.559367184107979e-08  -0.001245647357346686  -0.002887464022954064
 1.983952985556568e-10 -3.731716841251884e-10 -5.010560974751497e-10 -0.0004817809524301318     0.1194024780449858

cov:
0.05345351510142966 0.05352302611349104 0.05356728924241981 0.05361740156363531 0.05366523594268871
0.05352302611349104 0.05367714451194368 0.05377533891555002 0.05388669187643216  0.0539927426056643
0.05356728924241981 0.05377533891555002 0.05390792298042929 0.05405832209751821 0.05420149136026459
0.05361740156363531 0.05388669187643216 0.05405832209751821 0.05425306181309669 0.05443838030911492
0.05366523594268871  0.0539927426056643 0.05420149136026459 0.05443838030911492 0.05466376867359412

cov.inverse():
 42856828.05643538  -58852921.0092424  -12407845.5921564  10835178.60226533  17568912.86017478
-58852920.91797582  298427016.6490259 -275657343.3154697 -62384170.80769861  98467325.77876116
-12407845.56296343 -275657342.7476745  641534800.8260595 -440413335.6428422  86942626.24006452
 10835178.27053735 -62384171.56835899 -440413333.8223824  1041500289.432589 -549536008.0211197
  17568913.0714427  98467326.06289108  86942625.01659577 -549536007.2930464  346556244.1659741

cov*(cov_.inverse()):
                     1                      0  3.725290298461914e-09 -3.725290298461914e-09                      0
-1.164153218269348e-10      1.000000002793968 -5.587935447692871e-09 -7.450580596923828e-09                      0
-2.328306436538696e-10  1.862645149230957e-09       1.00000000372529 -1.117587089538574e-08  3.725290298461914e-09
                     0  1.862645149230957e-09  5.587935447692871e-09     0.9999999888241291  3.725290298461914e-09
-1.164153218269348e-10                      0 -1.862645149230957e-09                      0                      1
