5
2

2.508248410343905e-05
5.021223720167701e-05
 8.68683949387818e-05
  0.02333430411173493
   0.5188714596854007

0.002010429791321262  0.01403164701758139  -0.4252502851566898   0.8109195124896059  -0.4017098583453017
-0.06967648858300092   0.5166005040963304  -0.7145295693989454  -0.1677877980955999   0.4353893147183893
  0.6689693541515404  -0.6051146576615201  -0.3252415511006042 -0.02157262663453801   0.2829643255023733
 -0.5914444228117589  -0.4102149035475336   0.0513233051363606   0.3354737305375527   0.6055910518670593
   0.444763581064968   0.4455188167070621   0.4474299288338517   0.4486076202798552   0.4497288102054228

 0.399484211756046
0.3995526116347687
0.3996162398850983
0.3996347397323821
 0.399648253026776

-4.574187570661947e-05
    0.3996575816794545

0.08952022555312072   0.169575996734236   2.690366281788429    2.56920715174412   -5.51863982117009
 0.7215725116129454  0.5010473918634113  0.1596741862259015  0.2055721273339189 -0.5878545023194074

 1.987294380026553e-09 -1.178647535569465e-08 -1.912750970235375e-08  -0.001341931866506197  -0.002748917869212354
 2.160618935699242e-10 -4.940811765030976e-10 -3.259205162665372e-10 -0.0004961104818017775     0.1193874522705206

cov:
0.05344762938970533 0.05347969443013433 0.05355990599359466 0.05360942079754885 0.05365668910897521
0.05347969443013433 0.05352980944586512 0.05365594857215813 0.05373374002074384 0.05380788879164143
0.05355990599359466 0.05365594857215813 0.05389906140046642 0.05404886520640202 0.05419147120800635
0.05360942079754885 0.05373374002074384 0.05404886520640202 0.05424300772994815  0.0544277615500423
0.05365668910897521 0.05380788879164143 0.05419147120800635  0.0544277615500423 0.05465258415496991

cov.inverse():
 61237275.47032311 -67875115.28170645  -10445520.2652212  5315450.326434546  11768469.15398193
-67875115.26208253  154686632.3274182  -129808728.581466  -14563474.9398838  57559513.70834854
-10445520.17715228 -129808729.0097946  503956943.6233829  -499646074.660291  135943341.1782819
 5315450.071924935   -14563473.974008 -499646075.8808081  1056464095.232883 -547567879.0474384
 11768469.30079891  57559513.19042617  135943342.0585341 -547567879.5565823  342295109.7357873

cov*(cov_.inverse()):
     1.000000001047738 -4.656612873077393e-10  2.793967723846436e-09  3.725290298461914e-09 -3.725290298461914e-09
 3.492459654808044e-10     0.9999999995343387                      0                      0                      0
 4.656612873077393e-10  4.656612873077393e-10                      1  3.725290298461914e-09 -3.725290298461914e-09
 8.149072527885437e-10 -4.656612873077393e-10  9.313225746154785e-10     0.9999999962747097                      0
 4.656612873077393e-10 -4.656612873077393e-10  9.313225746154785e-10                      0                      1
