5
2

3.698397220875463e-05
5.629608737291816e-05
9.593958528984502e-05
  0.02175901255847962
   0.5183847869170756

 0.01852547766217786  0.05183826218412459   -0.614811451670837   0.7573860602119779  -0.2129385731662875
  -0.140782375611897   0.7461424357326142  -0.4788480748238124   -0.368343093476128   0.2418257121193647
  0.7151089129798786  -0.3685951690322078  -0.4281770889755584  -0.2473381602733424   0.3290061684708516
 -0.5196616443036569  -0.3251374861002638 -0.09836491008403127   0.1702594908206941   0.7652277052104554
  0.4454302946711362   0.4461025405344057   0.4468781993703699   0.4478004706820788   0.4498432941617987

0.3994926502045072
0.3995597417370536
0.3995958973756389
0.3996205599624734
0.3996488898985538

-2.973030076420712e-05
    0.3996681552872612

0.04838180996628607 0.06495335679453437  0.4409162814553867   3.583060553817474  -4.137285150369147
 0.7165532399819328  0.4791226073232142 0.07014068091881143  0.2090529361244741 -0.4748567309777953

 4.551990868202863e-09 -7.890722175142242e-09 -2.232577366878265e-08  -0.001252546369283621  -0.002437671245394277
 3.480227809779132e-10  9.885884039286889e-11  9.005693393959381e-10 -0.0004085087810459685     0.1193826676419279

cov:
0.05344465074847439 0.05347724922863386 0.05351429934631034 0.05355860255102891 0.05365674271740225
0.05347724922863386 0.05352789780937431 0.05358597055172885 0.05365517879956438 0.05380847951792419
0.05351429934631034 0.05358597055172885 0.05366855815015394 0.05376679812280473  0.0539844025114056
0.05355860255102891 0.05365517879956438 0.05376679812280473 0.05389943362708433 0.05419321258083832
0.05365674271740225 0.05380847951792419  0.0539844025114056 0.05419321258083832 0.05465571534096271

cov.inverse():
 62063491.54918556 -61079125.13541797 -20321676.68977261  7403837.216544188  11934084.13908235
-61079125.20262833  192391142.2639656 -118889971.3344754 -48111164.89565367  35687662.49026936
-20321676.69938323 -118889971.1234608   368616652.953481 -273273893.1826322  43869592.77657147
 7403837.353668055 -48111165.34708561 -273273892.8166779  468836598.6602079 -154854999.5044605
 11934084.07877986  35687662.66347657  43869592.61202251 -154854999.4528176  63363441.36959074

cov*(cov_.inverse()):
    0.9999999995343387 -6.984919309616089e-10                      0  9.313225746154785e-10  1.396983861923218e-09
-3.492459654808044e-10     0.9999999981373549  4.190951585769653e-09  3.725290298461914e-09                      0
-6.984919309616089e-10 -1.396983861923218e-09       1.00000000372529  9.313225746154785e-10  4.656612873077393e-10
-2.328306436538696e-10 -1.396983861923218e-09  5.587935447692871e-09      1.000000001862645  1.396983861923218e-09
-1.047737896442413e-09 -2.328306436538696e-10  1.862645149230957e-09  1.862645149230957e-09                      1
