5
2

2.509220233925491e-05
3.778030392447872e-05
5.816399128987902e-05
  0.01894668029812371
   0.5193820219330232

0.008548149289238666  0.02294235712454747  -0.4414043785507142   0.8051854133732295  -0.3952710488772712
-0.08724530023470468   0.6365926709480404  -0.6581293273744752  -0.2177192846819141   0.3264998168596923
  0.6583356428592715  -0.5283802272315439  -0.4135950648942947 -0.05327538931729453   0.3369115195418322
   -0.60071881141464  -0.3408035487859105 -0.03274485573615275   0.3168563242998894   0.6492454812484206
  0.4450239068683131   0.4459716315534895   0.4470960296891276   0.4483732438636713   0.4495882567289419

0.3995613834526098
0.3995992732121354
0.3996255621109877
0.3996442269138468
0.3996582280904304

-4.919799340914432e-05
    0.3996656929729009

 0.1565095551770028  0.3299848660868999   2.451422732452212   2.523880700803226   -5.46177100408315
  1.192790716234515   0.293282437648321 0.09749603720303993 0.05640162115219716 -0.6399670328765507

  1.96309522409067e-09 -5.352148979816372e-09 -1.035149764050223e-08  -0.001088802272652026  -0.002986696077081432
 1.714223379055891e-10 -2.894065866336026e-10  1.256299086448725e-09 -0.0004369825110710773     0.1194415375233354

cov:
0.05355404824944623  0.0536117693750629 0.05368032120738457 0.05375826034381259  0.0538324440098211
 0.0536117693750629 0.05369398931387534 0.05379156976361479   0.053902453468582 0.05400795982378643
0.05368032120738457 0.05379156976361479 0.05392356077836412  0.0540734918012644 0.05421612373607378
0.05375826034381259   0.053902453468582  0.0540734918012644 0.05426773905310718 0.05445250388105135
 0.0538324440098211 0.05400795982378643 0.05421612373607378 0.05445250388105135 0.05467732944678166

cov.inverse():
  133560810.517364  -141420857.547047 -46250206.59143688  13871793.44152084  40237886.48774809
-141420857.7054865  367278789.0215715 -245009805.2343802 -59441632.14689032  78593449.76131552
-46250206.02855682 -245009805.5348009   663470941.628198 -457588238.8088545  85378055.04628283
 13871792.75853594 -59441632.12631174 -457588237.5869356  1063757148.759325 -560598172.9450361
 40237886.76629185  78593449.88271788  85378054.08682749 -560598172.3855289  356387785.2096728

cov*(cov_.inverse()):
    0.9999999995343387  9.313225746154785e-10 -9.313225746154785e-10 -3.725290298461914e-09                      0
-9.313225746154785e-10      1.000000000931323 -3.725290298461914e-09 -3.725290298461914e-09                      0
                     0 -9.313225746154785e-10     0.9999999962747097 -3.725290298461914e-09                      0
-9.313225746154785e-10                      0 -5.587935447692871e-09     0.9999999962747097                      0
 9.313225746154785e-10 -9.313225746154785e-10  1.862645149230957e-09  3.725290298461914e-09                      1
