5
2

2.920337351859604e-05
 5.32157443514001e-05
9.272467683258264e-05
  0.02361522612704546
   0.5186354858086131

 0.009767209728543738 -0.005277138188311594   -0.2770788941556746    0.8018593364368887   -0.5292689717044835
  -0.0962766343607749    0.6844870699486246    -0.687326751455724    -0.100241530831286    0.1993535376641962
   0.7114786968164142   -0.4538895502426689   -0.4792552748136414  -0.01864029230778872    0.2403107596902515
  -0.5350947503550086   -0.3559354816179099    -0.147113686235416    0.3811406884080826    0.6481302955656203
   0.4450922189942308    0.4458069223235799    0.4466331470371611     0.448728821459115     0.449789263276442

0.3994782446561202
0.3995457300199528
0.3995821743220341
0.3996244700289378
0.3996366460547948

-3.442476707916778e-05
    0.3996530850514522

0.06617274726951031  0.2673710932219449   1.196112410204314   4.262915762978142   -5.79254255873298
 0.7169136938568091  0.4897075459232414  0.1058355570771095  0.2811763616692938 -0.5936214252217418

 5.246559320647617e-09  -6.30827274057061e-09 -1.821880798451991e-08  -0.001358556966576915  -0.002597828733635082
 4.389914494755378e-10  1.328359667551268e-10   7.66745699825433e-10 -0.0004746222141209581     0.1193865977820342

cov:
0.05344707405271083 0.05347916941431707 0.05351577228685381 0.05360903662810215 0.05365632382939566
0.05347916941431707  0.0535293159774658 0.05358693899435288  0.0537333825445911  0.0538075475178489
0.05351577228685381 0.05358693899435288 0.05366906947815691 0.05387749427292933 0.05398298641811645
0.05360903662810215  0.0537333825445911 0.05387749427292933 0.05424272598849986 0.05442747035991378
0.05365632382939566  0.0538075475178489 0.05398298641811645 0.05442747035991378 0.05465227283075218

cov.inverse():
 62260792.86260684 -60890243.53079403 -19464756.40782022  11048434.27133751  7046308.240589049
-60890243.58219947  189437837.3262038 -139115123.3535039 -28206749.05634185  38773007.91152225
-19464756.17571009 -139115123.7041831  283553948.4477811 -235148423.1886178  110174663.6201995
  11048433.7733028 -28206748.23962946 -235148423.4787787  757517737.6543539  -505209408.985068
 7046308.557918609  38773007.39408486  110174663.7917882 -505209408.9565451  349214283.5484698

cov*(cov_.inverse()):
     1.000000000349246                      0 -2.793967723846436e-09  7.450580596923828e-09                      0
                     0      1.000000001396984 -9.313225746154785e-10  3.725290298461914e-09  3.725290298461914e-09
 4.656612873077393e-10 -2.095475792884827e-09      1.000000002793968  7.450580596923828e-09                      0
-1.746229827404022e-10 -9.313225746154785e-10 -9.313225746154785e-10      1.000000007450581                      0
 6.984919309616089e-10 -4.656612873077393e-10  9.313225746154785e-10  3.725290298461914e-09                      1
