5
2

0.0001981504177953516
0.0002205621101289453
0.0002333863365756385
   0.0167366385359756
    0.518747957657991

   0.513248344591493  -0.5750605168658917  -0.3980493913391749 -0.03628050284877675   0.4961067887900533
 0.04433022416633753  -0.4251393513640568  0.04291820962535806   0.7847194496917576   -0.446838646163389
 0.02415831561957635  -0.5086342827564168   0.7994890693355954  -0.3186092688098318 0.003592218347824588
 -0.7322896135593857  -0.1743374354459743  0.02162689599237995   0.2837518352255559   0.5936122925369981
  0.4447238082888358    0.446608955206531   0.4472853839772822   0.4481876172130356   0.4492491742091496

0.3978915304149101
0.3979429179233361
0.3979291634552693
0.3979156567920074
0.3978837791761974

0.0002902876078251456
   0.3980690326880702

    2.598201292857846    0.3225216891080235   0.01522443665917556    -0.862911553877254    -2.073102339709227
    1.629780208362501 -0.007275107561567656   -0.1268802693783599   -0.1913211620206805   -0.3043214291774679

 5.686139710325493e-09  1.108749639134331e-08  9.716154558585092e-09 -0.0009619168116877579   -0.00316274489373952
 2.933522192287785e-08  2.711868821249923e-09  8.155299243671039e-11 -0.0004005319142325566      0.119032725678004

cov:
0.05337251197737926 0.05348364301731783  0.0535244036272805 0.05357861727336679 0.05364210729197439
0.05348364301731783 0.05368300586529932 0.05375468083048695 0.05385031993983591 0.05396277284775214
 0.0535244036272805 0.05375468083048695 0.05383734100278987 0.05394747279001944 0.05407712657933596
0.05357861727336679 0.05385031993983591 0.05394747279001944 0.05407717019499265 0.05422977676584219
0.05364210729197439 0.05396277284775214 0.05407712657933596 0.05422977676584219 0.05440967198377424

cov.inverse():
 6762139.203084141 -8129656.820434924 -4809603.151540335  98771.19771532044  6077901.116442032
-8129656.821073898  16887529.45197161 -2010833.865580063 -3351412.154734361 -3394976.207686263
-4809603.150255881 -2010833.868089575  15808001.24548033 -3616361.096446902 -5370909.237684193
 98771.19692786512 -3351412.152836197 -3616361.097170237   14555525.2773666 -7686634.689470101
 6077901.116584006 -3394976.207713938 -5370909.238185816 -7686634.689082786  10374253.46493447

cov*(cov_.inverse()):
    0.9999999998835847                      0 -5.820766091346741e-11                      0                      0
-5.820766091346741e-11     0.9999999999417923 -5.820766091346741e-11                      0                      0
 5.820766091346741e-11 -8.731149137020111e-11                      1  5.820766091346741e-11                      0
-1.746229827404022e-10  8.731149137020111e-11                      0      1.000000000058208                      0
-5.820766091346741e-11 -8.731149137020111e-11 -1.164153218269348e-10                      0      1.000000000116415
