5
1

 0.000209205460216498
0.0005466621295592581
0.0008003484957862306
  0.01517544929944188
   0.5183998653300783

-0.09599163553710181   0.6643886929014521  -0.7308895574492041  0.04980814506712949   0.1126626564052665
 -0.4877586411173768    0.565067035716326   0.5047150218798256  -0.1945359817364073  -0.3875683832058472
 0.07893115890546679  0.08372829347973686  0.09606287294558713  -0.8164370140761594   0.5576396430605134
 -0.7405939468877546  -0.1808133475715972   0.0414561749329671   0.3039492845768406   0.5698450290546763
  0.4451601867971801   0.4467471500775226   0.4473438403531692   0.4480182305960956   0.4487900907327764

0.4000225084729656
0.4002112072992647
0.4002124732265359
0.4001988458271692
0.4002225511765916

-4.016181076201811e-05

 2.239916375639946  4.967828548477632 -3.457411043574155 -1.182264863569754 -2.568195741173338

 2.304028921623679e-07  3.570996819251651e-07 -1.321245070628631e-07  -0.001041683444649493  -0.003338727552661883

cov:
0.05338163276640222 0.05347585426100333 0.05350934350778467 0.05354530503972972 0.05359239155850438
0.05347585426100333 0.05364327282811893 0.05370560487654601 0.05377549630080423 0.05385713533510153
0.05350934350778467 0.05370560487654601 0.05377949639581812 0.05386289002642694 0.05395827384162178
0.05354530503972972 0.05377549630080423 0.05386289002642694 0.05396297991860949 0.05407381651843132
0.05359239155850438 0.05385713533510153 0.05395827384162178 0.05407381651843132 0.05420231589085768

cov.inverse():
 1018749.720700577 -2368557.337023822    790941.43136934  106695.2750816854  452364.8785016442
-2368557.336993359  11165079.31093959 -10128140.74371899  281297.1819572081  1049837.878197916
 790941.4313109869 -10128140.74357055  13072389.82755855 -1282714.129660244  -2452259.38356325
 106695.2751113792  281297.1818135295 -1282714.129529784  1224330.397961914 -329489.4709504944
 452364.8784998424  1049837.878223602 -2452259.383603603 -329489.4709340252  1279518.393708079

cov*(cov_.inverse()):
     1.000000000003638 -1.091393642127514e-10                      0 -3.637978807091713e-12                      0
-7.275957614183426e-12      0.999999999992724  -2.91038304567337e-11  3.637978807091713e-12  1.455191522836685e-11
                     0 -3.637978807091713e-11                      1  3.637978807091713e-12  1.455191522836685e-11
 3.637978807091713e-12 -1.455191522836685e-10  -2.91038304567337e-11     0.9999999999890861  1.455191522836685e-11
-1.455191522836685e-11  7.275957614183426e-12                      0  3.637978807091713e-12                      1
