5
1

0.0004536799507416401
0.0007488243344623215
0.0007732140823655701
  0.02051019461367583
   0.5201040665863476

 0.1381059966753558 0.04718611286437997 0.06023867378006378 -0.8101267129864352  0.5645938500568972
   0.11767830723534  0.3986498107539269   -0.87183494961089  0.1332979378564366  0.2221837635658419
-0.4895460489042609    0.77955178165379  0.1896656394790059 -0.2110933565374115 -0.2685334723073052
-0.7285305781417829 -0.1788294206238207 0.01541641244080691  0.2829276117525145  0.5974759708701446
 0.4434708698473425  0.4462856228676418  0.4472855936051048  0.4486846665563732  0.4503114457450623

 0.397325142882131
0.3974280799242753
0.3974356763418342
0.3974459890384673
0.3974503182120138

-2.865724136255738e-05

   1.76966356216563  0.6734240754520181   1.073738830746172 -0.5463098501510757  -2.970447338607384

-1.839376187868404e-07 -6.685222427830095e-07  4.635061718257707e-07   -0.00139765536270661  -0.004638041230734543

cov:
0.05342331252029263 0.05359215524202769 0.05365267300464448 0.05373868416661219 0.05383749896145884
0.05359215524202769 0.05389126389144871  0.0539968128058182 0.05414561956920429 0.05431835441953288
0.05365267300464448  0.0539968128058182 0.05411961780119307 0.05429008509432533 0.05448892331358383
0.05373868416661219 0.05414561956920429 0.05429008509432533 0.05449200428297132 0.05472667296590859
0.05383749896145884 0.05431835441953288 0.05448892331358383 0.05472667296590859 0.05500407409023972

cov.inverse():
 519481.2175479941   -522687.19902224 -297876.8548958326 -343248.7757594695  644312.1205696585
-522687.1990229032  1310769.886496096 -358710.7275677197 -366322.3296848002 -63001.29793894991
-297876.8548999259 -358710.7275699115  1433329.465855327 -511306.5959496118 -265379.4182908803
-343248.7757502358 -366322.3296835807  -511306.595972279  3295060.747917951 -2074200.615135388
 644312.1205651815 -63001.29793864133 -265379.4182744985 -2074200.615147601  1758220.873823071

cov*(cov_.inverse()):
     0.999999999992724                      0  9.094947017729282e-12  1.455191522836685e-11 -1.455191522836685e-11
-7.275957614183426e-12     0.9999999999909051                      0                      0  -2.91038304567337e-11
-1.455191522836685e-11 -1.364242052659392e-12      0.999999999998181  1.455191522836685e-11 -1.455191522836685e-11
-7.275957614183426e-12  1.364242052659392e-12  3.637978807091713e-12      1.000000000014552                      0
-7.275957614183426e-12  6.821210263296962e-12  7.275957614183426e-12                      0     0.9999999999854481
