5
1

0.0004453022337686391
0.0005379979173142354
0.0007204670479949939
  0.02001538138693995
   0.5182914200484686

  0.6287308780234335  -0.4310192904842713  -0.5850097004735695   0.1647961943733852   0.2225437460864512
 -0.2127025604145941   0.4598806194566304  -0.5222719979602989   0.6026562998577453  -0.3275740847954719
 0.07669810928138023  -0.5280282914188399   0.4282253104971444   0.5271450456310149   -0.504028479165871
 -0.5962015513261604  -0.3535770472005474 -0.04174207908764199    0.361420837794711   0.6222214708047545
  0.4451024758883057   0.4459838362910286   0.4470752652310868   0.4484870984055901   0.4494054222053013

0.3988009090544233
0.3988780869033751
0.3989793887867265
0.3989843613819103
0.3989761633387279

3.980292951522065e-05

  4.020678376690163  -4.097068284491767    3.70973489583502 -0.2185296442464861  -3.414638700295064

 2.632730403407786e-07 -1.068043755621059e-06  2.941184183219823e-06  -0.001324835475621949  -0.003128550300829041

cov:
 0.0533616611708727  0.0534088941124405 0.05346499032094757 0.05353753137855444 0.05358506358686214
 0.0534088941124405 0.05348046206785737 0.05356666776375116 0.05367876054605807 0.05375199022502284
0.05346499032094757 0.05356666776375116 0.05369290827713086 0.05385548690200391  0.0539613174197815
0.05353753137855444 0.05367876054605807 0.05385548690200391 0.05408419998901682  0.0542321543140248
0.05358506358686214 0.05375199022502284  0.0539613174197815  0.0542321543140248 0.05440838689165074

cov.inverse():
 2162046.496806534 -1782080.213650594 -1407749.505013359  156997.8348834334  870943.7827809317
-1782080.213649791  2205013.518609299  6208.880232490092  62767.57392510402 -492020.5353339639
 -1407749.50500477  6208.880231443592  3021579.495497666 -1138775.812789228 -481351.1130002236
 156997.8348585528  62767.57393151346 -1138775.812752993  1927437.484898084 -1008408.227637138
 870943.7827964199 -492020.5353385228 -481351.1130289182 -1008408.227619372  1110876.452870504

cov*(cov_.inverse()):
     1.000000000050932 -2.546585164964199e-11 -7.275957614183426e-12  7.275957614183426e-12  7.275957614183426e-12
 3.637978807091713e-11                      1  -2.91038304567337e-11 -7.275957614183426e-12  7.275957614183426e-12
  2.91038304567337e-11 -1.091393642127514e-11      0.999999999992724 -7.275957614183426e-12  7.275957614183426e-12
 3.637978807091713e-11 -1.091393642127514e-11  1.455191522836685e-11      0.999999999992724  1.455191522836685e-11
 4.365574568510056e-11 -1.091393642127514e-11 -7.275957614183426e-12                      0                      1
