4
1

0.0004233950968240396
0.0009678799396069623
  0.02209167182821456
   0.4638303782348859

 -0.4289416073465692   0.8143549936538534  -0.3909036822738851 0.005417839300969531
  0.5559676643213234 -0.07992255969865239  -0.7724600364777865    0.296340737538808
 -0.5090814667480734  -0.2857965580909761 -0.02552328521664367   0.8114831788205665
  0.4977400063584039   0.4987571113734607   0.4998483421410985   0.5036346540733003

0.4005678568111233
0.4005977535106646
0.4005629683606938
0.4004388502503741

0.0006416123864015542

  5.629879198029331 -0.1982534282771659  -5.004326550278925 -0.4273987519721223

-1.115814333920088e-07  6.449681031507778e-06  -0.001478038532260545  -0.002865937212593594

cov:
0.05342634728982876 0.05347935942431453 0.05353127807428879 0.05372929740379456
0.05347935942431453 0.05355758191444112 0.05363824586765468 0.05392775597042267
0.05353127807428879 0.05363824586765468 0.05375293672913058 0.05414887684419641
0.05372929740379456 0.05392775597042267 0.05414887684419641 0.05489091185926795

cov.inverse():
 1356860.000644241 -1995722.415580572  476942.3064284754  162063.3796798502
-1995722.415584476  3706426.198518075 -1709872.419730109 -1144.329294688187
 476942.3064336085 -1709872.419736295  1489366.655026026 -256212.2496642494
 162063.3796786216  -1144.32929240672 -256212.2496653025  95257.39255927675

cov*(cov_.inverse()):
     1.000000000009095  1.008970684779342e-11  7.275957614183426e-12 -9.094947017729282e-13
-5.456968210637569e-12     0.9999999999984297  3.637978807091713e-12 -9.094947017729282e-13
 1.818989403545856e-12     8.512301974406e-12      0.999999999998181  2.728484105318785e-12
-1.091393642127514e-11  2.032152224273887e-12  1.818989403545856e-12                      1
