5
1

0.0002074496083442413
0.0003326214882847443
  0.00045222707927658
  0.01376305212903755
    0.510916574678656

  0.1299988830997834   0.3919406694552817  -0.8407437764256812   0.3488947276437181 -0.03008610050594973
  -0.347207898948779   0.6697750267458897  0.00109338891689179  -0.5968500132674625   0.2731610415458668
  0.5375268980545768  -0.3484571400531769  -0.2867830995091087  -0.4524641650694294    0.550158239579994
 -0.6120985495317064  -0.2771894708807364  -0.1052879561523904   0.3416717508326241     0.64859557805019
  0.4460349367811774   0.4466850612605109    0.447010745986449   0.4478606085558746   0.4484724735074664

0.3792124134372155
0.3791664056494184
 0.379224021765719
0.3790827939069298
0.3790149102925838

0.001513306413699923

  3.409796252152659    1.93074729818277 -0.5232071292286055  -3.006764338283727  -1.810172665765032

 2.777105101589785e-08  1.558660074509967e-07  3.424903846480354e-07 -0.0009032802502675084  -0.002343813190918628

cov:
0.05200336437259889 0.05204009313101823 0.05205810745232025  0.0521052466618542 0.05214097523731302
0.05204009313101823 0.05209845643417091 0.05212733098080943 0.05220294525276381 0.05225816056128036
0.05205810745232025 0.05212733098080943 0.05216194628908966 0.05225216568968365 0.05231739541328943
 0.0521052466618542 0.05220294525276381 0.05225216568968365 0.05238052102176332 0.05247176089932792
0.05214097523731302 0.05225816056128036 0.05231739541328943 0.05247176089932792 0.05258123794938007

cov.inverse():
 2897122.735254442 -1832953.857373136 -3296537.847757116  1736645.483153744  495793.1900310914
-1832953.857586793  8218384.443748297 -7161586.989155643  334756.4231713259  441310.7810117893
-3296537.847518066 -7161586.989640553  16827100.97182263 -6187648.829203133 -181380.3673070996
 1736645.483211118  334756.4234845009 -6187648.829683316  7050020.787818293 -2933545.969848498
  495793.189948333  441310.7809698755 -181380.3670728031 -2933545.969958126  2177686.290462527

cov*(cov_.inverse()):
     0.999999999996362  4.001776687800884e-11 -3.092281986027956e-11   2.91038304567337e-11                      0
 -2.91038304567337e-11      0.999999999992724  8.549250196665525e-11   2.91038304567337e-11                      0
 7.275957614183426e-12  1.818989403545856e-11      1.000000000005457                      0 -1.455191522836685e-11
 3.637978807091713e-12  7.275957614183426e-12  1.000444171950221e-10      1.000000000029104 -1.455191522836685e-11
-1.455191522836685e-11  2.546585164964199e-11  2.182787284255028e-11                      0                      1
