5
1

0.0001706909843652693
0.0002657785879115671
0.0007106549665920258
  0.01318021736595638
    0.516623754249503

 0.03671268009138304   0.2996514388626339  -0.8010091899846933   0.5145448153313485 -0.04989092987462422
 -0.2079015337209808   0.7346369402774902  -0.1318629858863679  -0.5985211743690869   0.2036420267066003
  0.6295748049029385  -0.3294657728270539  -0.3707902113283235  -0.3859865364561524   0.4567459714377125
 -0.6000927071182824  -0.2497712757243748 -0.05999189239107264   0.1665399658556847   0.7390321138533801
  0.4460419703254954    0.446748470087779   0.4471152228940903   0.4475431490871558   0.4486150603177502

0.3998090765253846
0.4000070413211279
0.4000158633367606
0.4000249215489612
0.4000475127312182

-0.0002211413653277423

-2.046377817730606  7.073236664854244  5.489657909137486 -6.179781722905475 -4.337162848693806

-1.548919640919465e-07  5.448558345784858e-07 -2.651368530301205e-06 -0.0008863955713539174  -0.002599249766468307

cov:
0.05316345465236499 0.05321072404975391 0.05323459995604787 0.05326193215674235 0.05333011672687372
0.05321072404975391 0.05327997551804673 0.05331542391222656 0.05335660926444921 0.05345947712965534
0.05323459995604787 0.05331542391222656 0.05335725407132035 0.05340593633399976 0.05352773452795806
0.05326193215674235 0.05335660926444921 0.05340593633399976 0.05346364803346414 0.05360804321620471
0.05333011672687372 0.05345947712965534 0.05352773452795806 0.05360804321620471 0.05381009411362001

cov.inverse():
 1445059.869386714 -2194442.131738302 -1083252.826535806   1928173.74816529 -95391.66464543596
-2194442.131694984  10937357.73003472 -9367601.588855058 -681063.0360886533  1305728.570947439
-1083252.826597305 -9367601.588763632  22540258.30479618 -12745578.49715178  655892.6038480895
 1928173.748176394 -681063.0361149902 -12745578.49713783   14453559.5058181 -2954939.222685545
-95391.66463836223   1305728.57092567  655892.6038640739 -2954939.222686833  1088731.533973187

cov*(cov_.inverse()):
    0.9999999999918145   1.01863406598568e-10 -9.458744898438454e-11  2.037268131971359e-10 -1.455191522836685e-11
-7.275957614183426e-12      1.000000000029104 -2.110027708113194e-10  5.820766091346741e-11 -1.455191522836685e-11
-1.546140993013978e-11   2.91038304567337e-11     0.9999999997307896  1.746229827404022e-10 -7.275957614183426e-12
-1.909938873723149e-11   1.01863406598568e-10 -1.527951098978519e-10                      1 -2.182787284255028e-11
-1.818989403545856e-11 -1.455191522836685e-11 -4.365574568510056e-11                      0      0.999999999992724
