6
1

0.0001371682910779225
0.0002242003213325315
0.0003339512216587314
 0.000600372133630567
  0.01322205625781079
   0.5652921178958679

 0.006776882313299685    0.1585737127478362   -0.6275323018428707    0.7195857631122247   -0.2513387850500727 -0.006066818854838598
    0.207629956558535   -0.7498991613642764    0.3929828394318801    0.4149580133634618    -0.260555638572619 -0.005113041186711493
  -0.3725703421167617    0.3698745221128366     0.406196911266103   0.03406111740963202   -0.6996704027744768    0.2620866557207503
   0.5297503717310447   -0.1173351577413461   -0.3220446618098626   -0.3679782223350989   -0.3237194869572191    0.6014000015461088
  -0.6095911902087646    -0.309339033499459   -0.1286938837510513   0.08153204318923668    0.3278364810415464    0.6340517290333944
   0.4071834226135604    0.4077257490197995    0.4080403012185995    0.4084000131892049    0.4088151627342373    0.4093214854634696

0.3998412277970059
0.4000415515890017
0.4000524875307513
0.4000638037137634
0.4000762954706177
0.4000875100974285

-0.0002794055671298281

-0.9289026461064026   2.780425305411438   7.316528111977132   1.928958639855242  -9.989472814134118  -1.107825895320913

-4.727046431483642e-09  2.013787071456876e-07  1.239151841460105e-06 -4.746546813718944e-07 -0.0008838158623794283  -0.002768177116657506

cov:
0.05304680122383795 0.05308520503801175 0.05310685360626674 0.05313126168123402  0.0531590629279392  0.0531924503082536
0.05308520503801175 0.05313972227018737 0.05317090108113887 0.05320638913693378 0.05324714973972845 0.05329655065028988
0.05310685360626674 0.05317090108113887 0.05320790897889129 0.05325005553222281 0.05329860569275546 0.05335767472712091
0.05313126168123402 0.05320638913693378 0.05325005553222281 0.05330002008907774 0.05335767458263301 0.05342800719333327
 0.0531590629279392 0.05324714973972845 0.05329860569275546 0.05335767458263301 0.05342609134802326  0.0535095995479057
 0.0531924503082536 0.05329655065028988 0.05335767472712091 0.05342800719333327  0.0535095995479057  0.0536099984679041

cov.inverse():
  2885448.18422649  -4447471.68452261 -432612.9233110081  1318332.627319145  693709.7011370587 -17197.40802356815
 -4447471.68479294  13789418.72549284 -9699377.554790182  106640.8688769492 -446834.7467316175  697482.4845049097
-432612.9224516182  -9699377.55638391  25769463.61642256   -20303041.125861  4086342.207808641  579163.2923651399
 1318332.626423491  106640.8706112556 -20303041.12611822  31332287.65038588 -11646474.81815094 -807859.6613696683
  693709.701445532 -446834.7469885167  4086342.206850423 -11646474.81708325  9388980.256110629 -2075652.358474445
-17197.40802545234  697482.4843509156  579163.2928462004 -807859.6618558781 -2075652.358313417  1624122.662386095

cov*(cov_.inverse()):
     1.000000000023306 -4.365574568510056e-11  1.091393642127514e-10  1.746229827404022e-10 -1.455191522836685e-10                      0
-1.068656274583191e-11      1.000000000021828  2.692104317247868e-10 -2.037268131971359e-10 -1.600710675120354e-10 -1.455191522836685e-11
 3.183231456205249e-11 -1.455191522836685e-10      1.000000000025466 -1.455191522836685e-10 -4.365574568510056e-11  -2.91038304567337e-11
-3.637978807091713e-12 -9.458744898438454e-11  2.401066012680531e-10     0.9999999999490683 -1.455191522836685e-11                      0
 2.296474121976644e-11 -5.093170329928398e-11                      0 -2.764863893389702e-10     0.9999999998835847 -1.455191522836685e-11
-2.160049916710705e-12 -5.093170329928398e-11  7.275957614183426e-12 -3.637978807091713e-11  -2.91038304567337e-11                      1
