5
1

0.0001854044434121164
0.0003637803801999143
0.0005678014738576375
  0.01649866967421475
    0.518213642342449

  -0.0837885160602861    0.6801224543495313   -0.7181161616097573 0.0004442165990886104    0.1213338896288542
  -0.4787923290267511    0.5567740033840211    0.5185584037408973   -0.2148844035060097   -0.3816837563486665
   0.1080319132660842    0.0420664350657729    0.1195349433613332   -0.8188844697841059    0.5492714658699583
   -0.744243433067702   -0.1614155533152238   0.03214759268106476    0.2872968488161668    0.5800636037786328
   0.4451608791136358    0.4467791293627058    0.4473078245961907    0.4480103141761178    0.4488013700062842

 0.398557096577648
0.3987685716644639
0.3987756773120479
0.3987969449354175
0.3987957411196001

-0.0001924078092750378

  3.341699469400747   0.125445292615798 -0.3184459459681657  -1.342540624015464  -1.805960413670818

-6.383995750720442e-09 -9.494741620987091e-08  1.404512839751338e-07  -0.001075432836712836  -0.002898331266627181

cov:
0.05336796545789302 0.05344327681953193 0.05346727581848448 0.05349957720718402 0.05353489164328078
0.05344327681953193 0.05361192004759065 0.05366681386060961 0.05373983809813931 0.05382189476736111
0.05346727581848448 0.05366681386060961 0.05373205073237645 0.05381856401978313 0.05391618781367397
0.05349957720718402 0.05373983809813931 0.05381856401978313 0.05392330361189668 0.05404101546905177
0.05353489164328078 0.05382189476736111 0.05391618781367397 0.05404101546905177 0.05418283447057615

cov.inverse():
 1974741.067101652  -3657667.61281309 -85770.52416401597  501185.9096071416  1267650.117733148
-3657667.612640057  15804640.78573749 -12010987.12772765 -1002305.055811761  866129.4189291275
-85770.52441181472 -12010987.12729407  17078290.73093048 -1154884.371363829 -3826662.216651053
 501185.9096328228 -1002305.055841353 -1154884.371385798  2429180.891325032 -773186.1204548577
 1267650.117782232  866129.4186981609 -3826662.216443282 -773186.1204807407  2466160.455411644

cov*(cov_.inverse()):
                     1   2.91038304567337e-11  1.746229827404022e-10  -2.91038304567337e-11  -2.91038304567337e-11
 -2.91038304567337e-11      1.000000000094587  -2.91038304567337e-11                      0                      0
                     0 -5.093170329928398e-11      1.000000000116415  7.275957614183426e-12  -2.91038304567337e-11
-1.455191522836685e-11  1.091393642127514e-10  1.164153218269348e-10      0.999999999992724  -2.91038304567337e-11
                     0                      0                      0  7.275957614183426e-12                      1
