4
1

0.0005434739046572554
0.0009068254861567214
  0.03112458127290154
   0.4216251701946688

0.07902214845142191  0.2214093327288511 -0.8208485175835517  0.5205200463148095
 0.3049261923559795 -0.8370522240380014 0.08638398757828951  0.4459836298995656
-0.8101229511367036 0.01181273947961992  0.2587165514752729  0.5259534287560899
 0.4944454684906758   0.500181907709172  0.5018079950177174  0.5035180970191128

0.4016610096422905
0.4008595442329659
0.4005488240344319
0.4002769815630931

0.003436542525523472

  1.880064862626914   1.276599230776996 -0.8134113024818197  -2.342991922173732

 -3.56412804450539e-08 -1.324367219640247e-06   -0.00285850938141953  -0.003518689012172833

cov:
0.04409587521335434 0.04395475136293249 0.04390411627651886 0.04384482268555685
0.04395475136293249 0.04447501507879454 0.04462172227333558 0.04477667640732625
0.04390411627651886 0.04462172227333558 0.04482897740901554 0.04504820519439755
0.04384482268555685 0.04477667640732625 0.04504820519439755 0.04533777369627974

cov.inverse():
 134889.1737119849 -251156.6388307203 -187794.4059736137  304195.9816536529
-251156.6388312279  1018008.878478541 -703246.4293842376 -63769.04172230693
-187794.4059726291 -703246.4293867786  2290372.677455834 -1399590.737213684
 304195.9816531755 -63769.04172027285 -1399590.737215241  1159474.612473869

cov*(cov_.inverse()):
                     1 -1.364242052659392e-12                      0                      0
-1.818989403545856e-12     0.9999999999986358                      0 -7.275957614183426e-12
                     0  4.547473508864641e-13      1.000000000007276 -7.275957614183426e-12
                     0 -8.185452315956354e-12  1.455191522836685e-11                      1
