6
1

0.0003167482610861042
0.0004344787912894264
0.0004587928189318598
0.0006063007613952288
  0.02445001328681849
   0.5665990006160313

  0.1498508878475965   0.2880533338174467  -0.9018100298580221   0.1323941135387392   0.2322006330907004  0.09931426397041172
  0.6024544533646672  -0.7497158631860399 -0.07622141994948231   0.0338556205396134   0.2530038886535614 -0.06330782363366132
 -0.2501926182896942  0.08623503475429707  0.09935778857766785 -0.05853804035213043   0.7357686092259365  -0.6126279898051447
  0.1674298648092487   0.1411657732445129  0.03604999588649553  -0.8925668208392742     0.22958672193358   0.3183618539955499
 -0.5995330547800874  -0.4029081641547345 -0.05735549069126339   0.1188374396028861   0.3465656076295437   0.5836997667706214
  0.4056160171661474   0.4065121841550773   0.4080045839466288   0.4087799246237559   0.4097544004844169   0.4107992876558217

0.4043954973105209
0.4044799947286407
0.4045544798324929
 0.404559869897217
0.4045118570413582
0.4045249455045397

0.0001496614151758419

   2.000206128189273   0.7252478412488246 -0.09940877368914487  -0.3154385733656932  -0.8202027621552614   -1.490425513400301

 2.187746380876633e-08  1.028885882413704e-07 -2.519785445089199e-08  1.927640251212842e-08  -0.001600556558806796  -0.003760563465241044

cov:
0.05303295014095267 0.05307900411936568 0.05314954402059698  0.0531873375278014 0.05323266582123271 0.05328377655623515
0.05307900411936568 0.05314879893847408 0.05326019902962149 0.05331890987141231 0.05339127722991552 0.05347054458769467
0.05314954402059698 0.05326019902962149 0.05344392758636097 0.05353933249236657 0.05365918388572932 0.05378790574574057
 0.0531873375278014 0.05331890987141231 0.05353933249236657 0.05365392039759041 0.05379760611015866   0.053951559233454
0.05323266582123271 0.05339127722991552 0.05365918388572932 0.05379760611015866 0.05397320458233032 0.05415956399019329
0.05328377655623515 0.05347054458769467 0.05378790574574057   0.053951559233454 0.05415956399019329 0.05438029619584757

cov.inverse():
 2520757.650115283 -2000241.578191383 -1691809.578704086 -31283.44564287014  383935.8634759743  818888.6065450979
-2000241.578200254  3894364.843625713 -2231858.231168047 -121170.5519536247  51215.19950178012  407448.0163180342
-1691809.578696067 -2231858.231181072  8187124.984518299 -1318867.918429327 -1819502.466033659  -1125135.23801132
-31283.44564154006 -121170.5519342528 -1318867.918477084  2364313.273774393 -410220.6794278001 -482820.3874954181
 383935.8634885072  51215.19945481402 -1819502.465954141 -410220.6794696705  3591955.118304457 -1797259.574786189
 818888.6065320839  407448.0163497865 -1125135.238048085 -482820.3874806035  -1797259.57478298  2178866.965528102

cov*(cov_.inverse()):
     1.000000000007276 -1.818989403545856e-11  2.182787284255028e-11 -1.091393642127514e-11 -1.455191522836685e-11  1.455191522836685e-11
-2.182787284255028e-11      1.000000000003638  7.275957614183426e-12 -7.275957614183426e-12                      0                      0
                     0 -7.275957614183426e-12      0.999999999992724 -1.091393642127514e-11  -2.91038304567337e-11                      0
-7.275957614183426e-12  -2.91038304567337e-11 -3.637978807091713e-11      1.000000000007276  -2.91038304567337e-11 -1.455191522836685e-11
-7.275957614183426e-12                      0  1.455191522836685e-11 -7.275957614183426e-12     0.9999999999854481  1.455191522836685e-11
-7.275957614183426e-12  3.637978807091713e-12  7.275957614183426e-12                      0                      0      1.000000000014552
