4
1

0.0002428827290521688
0.0005070677838173123
  0.02148298526149395
   0.4364877385133296

 -0.5093338447658794   0.8300786151584151  -0.1495170037222667  -0.1708601557725199
 -0.1239661861519101 -0.05881352916158823   0.7854512279743336  -0.6035227600945301
 -0.6968097487768499  -0.2477149117947144   0.3245829848181558   0.5896943127168668
  0.4895585698121329   0.4961328289065169   0.5053285268397815   0.5087511206539528

0.3542494326084852
0.3516431979089975
0.3483612151443958
0.3467978013306856

0.01562538193319863

0.6341755207578504  1.404780167770201  2.850466093803323 -4.886334968164424

7.384371679582812e-08 1.292448603687274e-06 -0.001267383685716946 -0.007255620481319471

cov:
0.04588594715550586 0.04635467082632572  0.0470283238002193 0.04726234168308471
0.04635467082632572 0.04692481786241617  0.0477285432310401 0.04802177155885274
 0.0470283238002193  0.0477285432310401  0.0486997779873391 0.04906872518339273
0.04726234168308471 0.04802177155885274 0.04906872518339273 0.04947283763272262

cov.inverse():
 4458382.400774787 -7138121.433992009  911737.0483034784  1765289.277903863
-7138121.433963953  11693650.29158501 -2283696.868053761 -2266443.166570727
 911737.0482149561 -2283696.867917727  2778605.584502721 -1410193.871109364
 1765289.277964431  -2266443.16667885 -1410193.871061886  1912247.831699074

cov*(cov_.inverse()):
    0.9999999999854481  -2.91038304567337e-11  -2.91038304567337e-11 -1.455191522836685e-11
 8.731149137020111e-11     0.9999999999563443 -1.455191522836685e-11                      0
 1.455191522836685e-11  -2.91038304567337e-11      1.000000000014552                      0
 1.455191522836685e-11                      0                      0                      1
