4
1

0.0003740632687595523
0.0004703532498692957
  0.01908132398763931
   0.4687423109293994

  0.6065635547968815  -0.7654137679135393 -0.05022307547635452   0.2090455944770551
  0.0221130003147645   0.2220001267941348   -0.800414378350781   0.5563845629147166
  -0.619453759068284  -0.3406662385616205   0.3250403693632348   0.6281499124927594
  0.4978641477204617   0.4988027881799219   0.5011618739521605   0.5021591829442862

0.4145070038594438
0.4144891613866095
 0.414452695029839
0.4144277431507549

0.0005593010804969014

 1.725561301093616  1.460871003193811 -1.204629897924925  -1.98102639463689

-5.948599725071766e-08  4.965810063909374e-08    -0.0011660239590363  -0.002356168559577796

cov:
0.05460131669903907 0.05464100140444066 0.05474897413965747 0.05478973510776592
0.05464100140444066 0.05470945042927122 0.05488530018862703 0.05495704440661064
0.05474897413965747 0.05488530018862703 0.05522403069899214  0.0553694791238666
0.05478973510776592 0.05495704440661064  0.0553694791238666 0.05554901430876125

cov.inverse():
 2632700.648363833  -3295275.90422123 -298271.9087535529  960751.7603596898
-3295275.904213757  4410085.308694752 -528763.6598179877 -585799.6263152319
-298271.9087773745 -528763.6597873222  2914204.050435047 -2087461.586360285
   960751.76037604 -585799.6263384264 -2087461.586353442   1712670.21627779

cov*(cov_.inverse()):
     1.000000000029104 -1.091393642127514e-11 -1.455191522836685e-11                      0
 -2.91038304567337e-11       1.00000000001819 -1.455191522836685e-11  1.455191522836685e-11
  2.91038304567337e-11 -1.455191522836685e-11                      1  1.455191522836685e-11
-7.275957614183426e-12 -7.275957614183426e-12                      0                      1
