5
1

 0.00160402470538343
0.001701559829536909
0.001798737246510792
 0.08006005099685275
  0.5523570557774592

 -0.4899901773719851   0.1942000114044294   0.2629137784438026   0.5875108707877821  -0.5548903526464268
 -0.3990807466622782   0.2843117197280608    0.618055364404324  -0.6060385957483461   0.1030834160433318
  0.2496156261395582  -0.7530502655638963   0.5888418458582655  0.05854323119257147  -0.1429870881194018
 -0.6058707454860405  -0.3623103257532392 -0.07425160692820668   0.2643282237913108   0.6528929135721114
  0.4138319256335778    0.427901538887767   0.4434364566318962   0.4628730683010396    0.484516296852041

0.3996265427124168
0.3999799648598983
0.3998735464869898
0.3999090092312066
 0.399985177071884

-0.0006465363272794456

 2.097690255766349 0.9931623679892893 0.1608644064859809  -1.15428108671599 -2.095047059451335

-7.932578091180631e-07  8.169770771490079e-08  3.314016095526643e-07   -0.02125207430341521    -0.0564340434272797

cov:
0.05460429721839664 0.05543241490124417  0.0562758100020589 0.05741560264445565  0.0586397716485394
0.05543241490124417   0.056706966271617 0.05806317136155139 0.05981483397109114 0.06173855398791087
 0.0562758100020589 0.05806317136155139 0.06003102323800146 0.06249651633545941 0.06523985084704334
0.05741560264445565 0.05981483397109114 0.06249651633545941 0.06581756353154231 0.06952937213740154
 0.0586397716485394 0.06173855398791087 0.06523985084704334 0.06952937213740154 0.07435678222999546

cov.inverse():
  167639.106043754 -134235.8267572396 -89824.30771913458 -23860.50065139556   80373.7981603067
-134235.8267573134  217869.8028069952 -56511.75811501701 -28806.81538670275   1483.79340123525
-89824.30771932736 -56511.75811520183  265969.8884333401 -58682.24985375042 -60727.00573285826
-23860.50065084246 -28806.81538659607 -58682.24985485709  262081.3490662626 -150843.8725919691
 80373.79816001987  1483.793401239611 -60727.00573212908 -150843.8725924153   129728.477074234

cov*(cov_.inverse()):
     1.000000000001819 -9.805489753489383e-13 -1.364242052659392e-12                      0  4.547473508864641e-12
 9.094947017729282e-13      1.000000000000597                      0 -1.818989403545856e-12  3.637978807091713e-12
 9.094947017729282e-13  1.080024958355352e-12     0.9999999999977263  1.818989403545856e-12  1.818989403545856e-12
 3.637978807091713e-12 -7.105427357601002e-14 -3.637978807091713e-12                      1  3.637978807091713e-12
                     0  4.121147867408581e-13                      0                      0                      1
