4
1

0.0001319967541483913
0.0001906428026463457
 0.007600900228424967
   0.3470437687208649

0.003063924665156703   0.4396640318258527  -0.8166292035203943   0.3739022538604549
  0.4796636660707841  -0.7330479583841482  -0.1899031709201764   0.4432834802187304
 -0.7217786264258295  -0.1397905293950737   0.2161880863572717   0.6424616203661261
  0.4989478873109136   0.4997947956100711   0.5003161410041548   0.5009390452737476

0.4000565471159635
0.4000346204924851
0.4000208942031474
 0.400005314467784

0.000390254048577721

0.5489851878739975  10.59139918996723 0.2970831555836875 -11.43743422239084

 2.426174505850178e-09 -4.589285397671935e-07 -0.0005292479534247532  -0.001611561823270504

cov:
0.03001336826823747  0.0300399715941992 0.03005646594972585 0.03007613369557664
 0.0300399715941992 0.03008628661093411 0.03011476992963895 0.03014881520997171
0.03005646594972585 0.03011476992963895 0.03015064533030752 0.03019348298857002
0.03007613369557664 0.03014881520997171 0.03019348298857002 0.03024690465060587

cov.inverse():
 6339982.461346666 -9595431.693480927 -2652578.150505712  5908019.752069291
-9595431.693764087  25880124.65235556 -16777517.35576205   492945.502271799
-2652578.149987032 -16777517.35666969  39268781.53102591 -19838715.01977246
 5908019.751833762  492945.5028962882 -19838715.02016142   13437698.6459844

cov*(cov_.inverse()):
    0.9999999999126885 -1.000444171950221e-10  2.328306436538696e-10  5.820766091346741e-11
                     0     0.9999999999181455  1.164153218269348e-10                      0
 -2.91038304567337e-11 -1.855369191616774e-10                      1  5.820766091346741e-11
                     0 -7.275957614183426e-11                      0                      1
