5
1

0.0004472542177312836
0.0005007439620863924
0.0005589321946103997
  0.02694673304324989
   0.5183957667070827

 -0.5081926135069674   0.8180608663653433  -0.2675869260999977 -0.02413830718997184 -0.01820070341771728
 -0.2611987772616255  -0.0668631532461877   0.2727938939748348   0.6801018614816832  -0.6247795346473867
  0.4250156173012825  0.01434535128504055  -0.7970484388616291   0.4236862517483461 -0.06602788906360993
 -0.5434874941565799   -0.357384479970765  -0.1391165070599239   0.3943927492042306   0.6340336221447588
   0.444408072698282   0.4453945240257181   0.4464763285573916   0.4492472811155549   0.4505118770206801

0.3997370374725196
0.3998226912646914
0.3998525608238498
0.3999374614317038
0.3999570302236765

-8.72286079532867e-05

   3.530219324720162   0.3777074097501769   -2.566878061966749 -0.06197135154995022   -1.279083031967305

-1.547090277369673e-07 -2.233066142689645e-07  1.127764516533471e-06   -0.00183851173459938  -0.003505925735671191

cov:
0.05328921253380406 0.05333337619382691 0.05337641652397584 0.05349691106700884 0.05355338657593263
0.05333337619382691 0.05340336426928092 0.05347601949965723 0.05366927183100308  0.0537584670994089
0.05337641652397584 0.05347601949965723 0.05358405292368733 0.05386233916173667  0.0539898944987923
0.05349691106700884 0.05366927183100308 0.05386233916173667 0.05434988669429563 0.05457089969030235
0.05355338657593263  0.0537584670994089  0.0539898944987923 0.05457089969030235 0.05483454412650916

cov.inverse():
 2141778.426727226 -1988849.457303443  -688612.267840415 -71018.97376631033   606765.016184593
-1988849.457247857  3364175.093192293 -1203586.459778514 -260808.1171392913  88826.62236607571
-688612.2679161073 -1203586.459687147  2688291.166316546 -308841.1692137724 -487034.8487884626
 -71018.9737521591 -260808.1171608526 -308841.1692076983  2422394.821466451 -1781614.365271823
 606765.0161905418  88826.62235185984 -487034.8487788572  -1781614.36527316  1572927.353784161

cov*(cov_.inverse()):
     1.000000000010914 -1.818989403545856e-11  3.274180926382542e-11  1.455191522836685e-11                      0
 3.637978807091713e-12     0.9999999999881766  1.455191522836685e-11  1.455191522836685e-11 -1.455191522836685e-11
 3.637978807091713e-12  3.637978807091713e-12      1.000000000014552  1.455191522836685e-11                      0
 1.455191522836685e-11 -2.364686224609613e-11  1.818989403545856e-11      1.000000000014552                      0
 2.182787284255028e-11  -2.91038304567337e-11  7.275957614183426e-12                      0                      1
