5
1

0.0001598663198405759
0.0003382478428777808
0.0006108275787946403
  0.01250240557457198
   0.5178545432860132

-0.06368900484667778   0.5645032152967486  -0.7805688138928756   0.2600042722327272  0.01974679163489866
 -0.2280346547147614   0.5458563272256571   0.1716341986943495  -0.7451306561403931   0.2556620296312535
   0.490473125073751  -0.3762995297627273  -0.4010759874551961  -0.3124735719300649   0.5994439895543576
 -0.7103378449439256  -0.2051928215585969  0.01869328721752683   0.2811799167191902   0.6114772828715995
  0.4458701229411631   0.4468462373440351   0.4472612680707557   0.4477456923071099   0.4483407484760638

0.3992979922757427
0.3994966714881662
0.3995025699026725
0.3995079778108463
0.3995125900489143

-0.0001408548398147302

 0.661265279663018  7.490087683986279   2.08874653497431 -8.714072945096463 -1.526275768587797

 6.640220910554458e-09  1.189781458210989e-06  -5.68593668885568e-07 -0.0008364302337868325  -0.002684117252183108

cov:
 0.0533918690262168 0.05345231588240536 0.05347708997317835 0.05350590656686131 0.05354052496620619
0.05345231588240536 0.05355326307066914 0.05359577697515702 0.05364535301371421  0.0537059970649726
0.05347708997317835 0.05359577697515702 0.05364623460718567 0.05370505311920762 0.05377727935779029
0.05350590656686131 0.05364535301371421 0.05370505311920762 0.05377483097173286 0.05386060517670897
0.05354052496620619  0.0537059970649726 0.05377727935779029 0.05386060517670897 0.05396395355048625

cov.inverse():
 1261193.035055625 -2988432.767919875  1075783.437358474  425151.3911911114   226451.284933293
-2988432.767957132  15452694.02533114 -16017702.94465565   2502689.47992686  1050553.776899398
 1075783.437385592 -16017702.94445623  24528737.19633866 -8722922.889142022 -863875.7240749834
 425151.3912346326  2502689.479419118 -8722922.888539672  7760154.619806967 -1965086.296132891
 226451.2848999098  1050553.777170469  -863875.724450805 -1965086.295994759  1552022.397070252

cov*(cov_.inverse()):
     1.000000000010914 -2.182787284255028e-11 -7.275957614183426e-12 -4.365574568510056e-11  1.455191522836685e-11
-1.818989403545856e-11      0.999999999992724  7.275957614183426e-12  1.455191522836685e-11 -1.455191522836685e-11
-3.637978807091713e-12 -6.548361852765083e-11      1.000000000043656  5.820766091346741e-11 -1.455191522836685e-11
  -1.2732925824821e-11 -1.091393642127514e-10   2.91038304567337e-11      1.000000000014552 -1.455191522836685e-11
-1.091393642127514e-11 -7.275957614183426e-12  2.182787284255028e-11  4.365574568510056e-11                      1
