5
1

0.0002380429361894433
0.0006105421607307674
0.0007822875057266088
   0.0130944488020037
   0.5193167612516516

  -0.601752907915384   0.7882539799125678 -0.01770207463221549 -0.05283060586113847  -0.1159511302464857
 -0.2248769989047382  -0.2007419724626978   0.2755119600721948   0.7161561592553546  -0.5659916176704214
 -0.1951160359896862  -0.1651661413276226   0.8502658990843859   -0.459069299784195 -0.03087324259751432
 -0.5922364022285235  -0.3345528061263179 -0.03039150974628034    0.270006991898418   0.6808105788321227
  0.4455441050603899   0.4462654919616049   0.4471063110720484   0.4479742012287994   0.4491688132129913

0.4014001320172064
0.4014030401887298
0.4013920062783828
0.4014242941460855
0.4014398171204701

-0.0001123786632474609

  3.792659094600269  0.7930742645249926 -0.2173508064685884 -0.8298369618977063   -3.53876003605944

-6.794565608218311e-08  1.254894282558699e-07  -3.46131083439302e-07 -0.0008810120539679471  -0.003966203706274518

cov:
0.05359622310927778 0.05365668391443642 0.05372669515275372 0.05380059560891216 0.05390248107832427
0.05365668391443642 0.05372878070651624 0.05381235388731537 0.05389967308223717 0.05401993309221657
0.05372669515275372 0.05381235388731537  0.0539127329875239 0.05401518182352638 0.05415717867180614
0.05380059560891216 0.05389967308223717 0.05401518182352638 0.05413442822713057 0.05429731065968915
0.05390248107832427 0.05401993309221657 0.05415717867180614 0.05429731065968915 0.05449023947579571

cov.inverse():
 6590284.438390368 -8196012.723339047 -249205.3396117098   274435.216411813  1580292.937356559
-8196012.723320453  11118666.19867134 -624041.3933139081 -997218.2024215721  -1301179.73978145
-249205.3396714317 -624041.3932347621  1390514.927568559 -92047.55614094049 -425121.4609106606
 274435.2164691751  -997218.202500809 -92047.55613047609  1769942.185708142 -955054.4051482965
 1580292.937340325 -1301179.739762765 -425121.4609017025 -955054.4051597052  1100916.376143231

cov*(cov_.inverse()):
     1.000000000043656                      0                      0                      0 -2.182787284255028e-11
  1.01863406598568e-10     0.9999999998690328  7.275957614183426e-12  1.455191522836685e-11  7.275957614183426e-12
                     0 -4.365574568510056e-11      1.000000000003638                      0  -2.91038304567337e-11
 4.365574568510056e-11 -4.365574568510056e-11  7.275957614183426e-12      1.000000000021828 -1.455191522836685e-11
                     0  5.820766091346741e-11                      0 -7.275957614183426e-12     0.9999999999854481
