5
1

0.0002451697983863462
0.0005819246695072069
0.0007877973778828208
  0.01501991958715002
   0.5182188242539937

-0.09031105848256606   0.6558315440478439  -0.7379761035246519   0.0526504765130618   0.1197835401760139
 -0.4899408768888545   0.5754882084337207   0.4959018347974143  -0.2078289015089125  -0.3737108200859094
-0.08567113159763812 -0.07209225541802149 -0.08760078768537061   0.8117806536154297  -0.5663933583051013
 -0.7390769168284814   -0.184148668175227  0.04107432377395616   0.3071292519578346   0.5690686263878281
  0.4452276025711174   0.4467552825693277   0.4473383985245898   0.4480165934740283   0.4487221730453689

0.4013487427622837
0.4015398730523231
0.4015375889280053
0.4015223107552154
0.4015465689440872

-1.258568401881682e-05

 2.613027240994833  3.301506284393394 -2.063493423744109 -1.254349944311818 -2.596781781488354

1.848305056852365e-07 2.802535649398131e-07  1.06395276822678e-07 -0.001012246267146421 -0.003202674363583339

cov:
0.05335749124869864 0.05344744305886932 0.05347963322719491 0.05351642659787261 0.05355721623647584
0.05344744305886932 0.05360791144497902 0.05366844530876748 0.05373861365402277 0.05381241668303147
0.05347963322719491 0.05366844530876748   0.053740633099866 0.05382436993114472 0.05391160466355822
0.05351642659787261 0.05373861365402277 0.05382436993114472  0.0539249065794911 0.05402726525606603
0.05355721623647584 0.05381241668303147 0.05391160466355822 0.05402726525606603 0.05414642479182093

cov.inverse():
  858787.228809773 -1807433.732038526  403275.1021419481  108518.2465519073  437036.6450416789
-1807433.732062059  8142202.318826209 -7199049.726814879  126723.7660880834  737173.6874049141
 403275.1021727223 -7199049.726852068  9799044.349766336 -1065285.898558077 -1937851.850429224
 108518.2465575199  126723.7660457552 -1065285.898511601   1235899.99243387 -405793.5845262745
 437036.6450288267  737173.6874608967 -1937851.850482116 -405793.5845165156  1169459.608729326

cov*(cov_.inverse()):
     0.999999999992724  5.820766091346741e-11                      0  7.275957614183426e-12                      0
-7.275957614183426e-12      1.000000000014552  4.365574568510056e-11  3.637978807091713e-12 -7.275957614183426e-12
-3.637978807091713e-12  7.275957614183426e-12                      1  7.275957614183426e-12  7.275957614183426e-12
 3.637978807091713e-12  5.093170329928398e-11 -1.455191522836685e-11      1.000000000003638  7.275957614183426e-12
-3.637978807091713e-12 -1.455191522836685e-11   2.91038304567337e-11  3.637978807091713e-12                      1
