6
1

0.0003642108436750891
0.0003729531592129967
0.0004404958941644692
 0.000728868847798309
  0.02682650360866442
   0.5689892020091405

   0.3923883286607948  -0.03444843787336719   -0.3800698756132757   -0.5404616940746245    0.6348709159563328  -0.07233029531901744
   0.4257990896081568   -0.3462125956986822   -0.5703222057591296     0.600911676190089   -0.1116576155153461  0.001513209282068626
  -0.3213018783787016    0.7509637743237303   -0.5621002337713287    0.1290490817988638   0.01172747717104848 -0.008404794112038292
   0.2940416235873892    0.0973862657642789    -0.149117044468958   -0.3927006042177885   -0.5232778763379921    0.6736364341910326
  -0.5574509086059992   -0.3747478932032465   -0.1616315703099747   0.09422683016477533    0.3771069615927179    0.6095895180435877
   0.4053142556861397    0.4063046703415321    0.4073845124591045    0.4087299708454924    0.4102493959811599    0.4114729298926529

0.3979539505572628
0.3979797027294661
0.3979329676166757
0.3978731402388051
0.3977975901709701
0.3977760541629076

0.0007740429625098231

  1.987109341398659   1.044271966922149 0.09925086546150094 -0.8898734964980073  -2.076291217082598  -0.164498667043702

-1.582687023895752e-08   1.73608439876852e-08 -9.283666973073589e-09  1.060538980847446e-06  -0.001786348446472238  -0.004232155853910687

cov:
0.05340907120036047  0.0534655718344052 0.05352178365536608 0.05359567033242579 0.05368157046561282 0.05374901427831981
 0.0534655718344052 0.05354676332370222 0.05363113903209734 0.05373915104338148 0.05386273186858341  0.0539610344604104
0.05352178365536608 0.05363113903209734  0.0537489678935475 0.05389651832707849 0.05406403142786508 0.05419829526111161
0.05359567033242579 0.05373915104338148 0.05389651832707849 0.05409208482143622 0.05431220695177361 0.05448968697861191
0.05368157046561282 0.05386273186858341 0.05406403142786508 0.05431220695177361 0.05459093024096183 0.05481613639985835
0.05374901427831981  0.0539610344604104 0.05419829526111161 0.05448968697861191 0.05481613639985835 0.05508155284888354

cov.inverse():
 3159406.388424954 -2351052.855262457 -2021803.539812521 -190319.4260447495  1226850.832905833  176970.2035877637
-2351052.855309187  3795128.297108295 -684435.4174071265 -927934.9612271175  62316.06338953754  105660.0068271892
-2021803.539795366 -684435.4174359747   5097681.89510009 -1178987.558024431 -1248395.982309609  36165.09174972238
-190319.4259642313 -927934.9613246936 -1178987.558037467   5174207.41434483 -2674415.261386503 -202225.6506502437
 1226850.832868343  62316.06346694945 -1248395.982316817 -2674415.261438668  3644506.685478375 -1011108.989910868
 176970.2035743214  105660.0068294635  36165.09175826921 -202225.6506281787  -1011108.98993031  894523.0221535424

cov*(cov_.inverse()):
     1.000000000010914 -2.455635694786906e-11 -4.320099833421409e-12 -1.818989403545856e-11  -2.91038304567337e-11  7.275957614183426e-12
   1.2732925824821e-11     0.9999999999727152 -1.932676241267473e-11  9.094947017729282e-12  7.275957614183426e-12                      0
-1.091393642127514e-11 -8.185452315956354e-12     0.9999999999470219  9.094947017729282e-12  3.637978807091713e-11 -7.275957614183426e-12
-1.091393642127514e-11 -2.637534635141492e-11 -4.388311936054379e-11      0.999999999996362  2.182787284255028e-11                      0
  -1.2732925824821e-11 -2.091837814077735e-11   -4.1154635255225e-11  1.818989403545856e-12      1.000000000014552 -7.275957614183426e-12
 9.094947017729282e-12   -1.2732925824821e-11  5.911715561524034e-12 -1.637090463191271e-11                      0      0.999999999992724
