5
1

0.001626587457333915
0.001675200385955799
0.001764850069666411
 0.08418708970755369
  0.5765646161548686

 -0.08884280079419021 -0.001506383748484528    0.5417211010813011    -0.771973323085434    0.3204686016488058
  -0.1856026386706704   -0.3648121797517574    0.7079281925534887    0.3203288633069303   -0.4782162978649893
   0.6322471341354485    -0.743519233948616  -0.06434766571560868   -0.0310486856114733    0.2057621616447687
  -0.6293338836334272    -0.370140657003216  -0.06627293271106914    0.2833116711223168    0.6182856559389438
   0.4023195763990469    0.4208145043774806    0.4436701467735234    0.4692729311441286    0.4939573142580086

0.4001212205429309
0.4000265907270866
0.4000652995290991
0.4001467701651986
0.4002164048327611

-0.0007026865730594092

  1.760719285352762   1.106912267978648 0.02218012940363839 -0.9721040673983419  -1.916359928871792

-2.585992668563433e-08 -3.083157785064549e-07 -2.347231204941925e-07   -0.02111731612884339   -0.07272330382331209

cov:
0.05661537354902943 0.05793018098795868 0.05963222029220987 0.06149767773872171 0.06330552473218072
0.05793018098795868 0.05984084867483143 0.06223829701727435 0.06490310943902494 0.06747771543669125
0.05963222029220987 0.06223829701727435 0.06546927086372634 0.06907850793581793  0.0725617461806867
0.06149767773872171 0.06490310943902494 0.06907850793581793  0.0737767976759795 0.07829717671098892
0.06330552473218072 0.06747771543669125  0.0725617461806867 0.07829717671098892 0.08382049869052985

cov.inverse():
 143653.8326096551 -126713.9029581795 -78066.75380610178 -1590.929938501047  62580.26153323572
-126713.9029581834  224933.3924634868  -76972.8298519729 -33804.97197255977  12834.75393668609
-78066.75380588914 -76972.82985205691  290832.1872375377 -76613.50883048012 -59277.41384080782
-1590.929938923319 -33804.97197240333 -76613.50882993646  262128.1017172543  -150117.018894199
 62580.26153344933  12834.75393660956 -59277.41384122257 -150117.0188939214  133956.1971162613

cov*(cov_.inverse()):
                     1 -1.023181539494544e-12  1.364242052659392e-12  1.818989403545856e-12 -1.818989403545856e-12
-2.728484105318785e-12      1.000000000001819  2.273736754432321e-12                      0                      0
-1.818989403545856e-12  2.387423592153937e-12      1.000000000001819                      0                      0
-1.818989403545856e-12  2.273736754432321e-13  4.547473508864641e-12                      1                      0
-9.094947017729282e-13                      0  9.094947017729282e-13                      0      0.999999999998181
