4
1

0.0002571893734945816
0.0004517245405885746
 0.008279257059292708
   0.4339639929714585

   -0.4455123779047565     0.8438051926513129    -0.2703734555652806    -0.1281004001321604
   -0.3687587902037974 -0.0009439003860323301     0.8157812368506451    -0.4455525079066717
   -0.6451819924943547    -0.1953241373420052     0.1072745861637118     0.7308083477191677
    0.4992753472204446     0.4998403617939866       0.49989131948007     0.5009914261622003

0.3926076440233737
0.3911125707253814
0.3898928364788298
0.3877053492330015

0.01669855330863317

-4.108954600217025  15.40727420527797 -7.113096900553682 -4.191478257282533

 1.143766765145607e-06 -4.967796241125164e-07 -0.0002868387433331199   -0.00112849588963561

cov:
0.04697338950271609 0.04700655500440692 0.04699793538434303 0.04707388902981686
0.04700655500440692 0.04705379000806737 0.04705447302220229 0.04714968847799478
0.04699793538434303 0.04705447302220229 0.04706165124305071 0.04716958987411956
0.04707388902981686 0.04714968847799478 0.04716958987411956 0.04730473274078619

cov.inverse():
 3673115.047369854 -5679693.534083331  345782.6775647667  1661092.643586941
-5679693.534052867  10764677.70498054 -3453133.597379163 -1634150.267059979
 345782.6775192649  -3453133.59731186  4366691.205018893 -1256495.741709192
  1661092.64360195 -1634150.267096775  -1256495.74168739  1228734.857866305

cov*(cov_.inverse()):
    0.9999999999563443  7.275957614183426e-11  2.182787284255028e-11 -1.455191522836685e-11
 -2.91038304567337e-11      1.000000000087311  -2.91038304567337e-11 -7.275957614183426e-12
-1.455191522836685e-11                      0       1.00000000003638 -7.275957614183426e-12
                     0   2.91038304567337e-11                      0      0.999999999992724
