4
1

                  nan
                  nan
3.583062324264365e-09
   0.4379678464880167

 -0.8591881969454853   0.3014135272547838   0.2969441348302992   0.2876972516505517
                   0   0.3925123730758463  -0.8137417795258263   0.4286704482892532
                  -0   0.7063336301790329 -0.03182259825080516  -0.7071634359316643
  0.5116596937707387   0.5061390376648559   0.4986339532007368   0.4831064199920478

0.2673616036772728
0.2715116441249847
0.2762768249958754
0.2868150733411312

-0.04730110364331496

   0.109253595693257 -0.08421728614205884    0.014027411622018   0.1037417389291591

 1.711276377738267e-18                      0 -1.711276377738267e-18    0.01350150399118033

cov:
0.05021654959774186 0.04967472794454486 0.04893814569893114 0.04741420478469119
0.04967472794454486 0.04913875238603627 0.04841011764404896 0.04690261959958286
0.04893814569893114 0.04841011764404896  0.0476922871769252 0.04620714247672082
0.04741420478469119 0.04690261959958286 0.04620714247672082  0.0447682453966476

cov.inverse():
 nan  nan  nan  nan
 nan  nan  nan  nan
 nan  nan  nan  nan
 inf -inf  nan  inf

cov*(cov_.inverse()):
nan nan nan nan
nan nan nan nan
nan nan nan nan
nan nan nan nan
