5
1

 0.00158365158334374
0.001674499401232628
0.001699273920052195
 0.09662555105795147
  0.5728025538833619

-0.3769586805963209  0.3175227443545547  0.6381417933215663 -0.5913538194514355 0.01253681686743023
 0.2507449893691734  0.1314735942912112 -0.4512235655952775 -0.5627678661716533  0.6320848574095824
-0.3674918415767515  0.7844902345498256  -0.434629399587613  0.1829735340859933 -0.1647506877335585
-0.7128528906186419 -0.2942621062765436 -0.0279771261317808    0.27833893281507  0.5718350181994047
 0.3896403548665215  0.4241213099189358  0.4466395760513588  0.4718486127226117  0.4961587287436824

0.3998019018026013
 0.400060018736052
0.4000994653240371
0.4001819312779356
0.4002517348085141

-0.0007046022937153854

  1.952500260851348   0.553647654661423 -0.2765868853578209 -0.7137622899925284  -1.512988733272403

 -8.36652540668151e-07  3.715720378102073e-07 -1.279685409960403e-07   -0.02437640494788478   -0.07067933969995803

cov:
0.05455778261042738 0.05617798526458755 0.05728507534950969 0.05846957802503173 0.05962469435306258
0.05617798526458755 0.05982928725167422   0.062228518614828 0.06489530458419358 0.06747197710071062
0.05728507534950969   0.062228518614828 0.06546165270673446 0.06907326371041234 0.07255898509119861
0.05846957802503173 0.06489530458419358 0.06907326371041234 0.07377434913047162 0.07829766234444031
0.05962469435306258 0.06747197710071062 0.07255898509119861 0.07829766234444031 0.08382439058568418

cov.inverse():
 125906.9771297291   -135786.17727612 -80949.81105540605  15250.28982009778  75564.77132428691
-135786.1772763739  259506.6788546903 -58443.98286738958 -51554.19534291511 -13552.26452359671
-80949.81105543148 -58443.98286735758   300407.165372828  -87446.5960571571 -73730.76169502008
 15250.28982089892 -51554.19534409166 -87446.59605717451  263990.2269245962  -140240.945265612
 75564.77132376509 -13552.26452270615 -73730.76169499615 -140240.9452660043  151987.2559332241

cov*(cov_.inverse()):
     0.999999999998181  1.023181539494544e-12 -2.728484105318785e-12 -1.818989403545856e-12  3.637978807091713e-12
-3.637978807091713e-12      1.000000000000796 -1.818989403545856e-12  3.637978807091713e-12                      0
-2.728484105318785e-12  1.932676241267473e-12     0.9999999999972715 -1.818989403545856e-12  1.818989403545856e-12
-1.818989403545856e-12  2.501110429875553e-12 -1.818989403545856e-12      0.999999999996362  3.637978807091713e-12
-2.728484105318785e-12  9.094947017729282e-13  9.094947017729282e-13                      0                      1
