5
1

0.0003335105614247168
0.0004585856092036933
 0.000602399158505211
  0.02198810286710315
   0.5177173335614637

 -0.3572717952125278   0.8742890626746053  -0.1548956763044512  -0.2770098991160284 -0.08513720976807268
 -0.1807281622731679  0.09622469247036874 -0.05997918405658603   0.7592845917790988  -0.6147906522444048
  0.2646016112084553  0.05926706422069468   -0.877710534314365   0.2401571764357926   0.3137230482520035
 -0.7568798903195623  -0.1532372206795832  0.04285264295496279   0.2963588331259813   0.5603447856884418
  0.4436361286941341   0.4465033177296676   0.4474345716274719   0.4486071746117867   0.4498618449847154

0.4046434608955042
0.4048101715444739
0.4048182425676412
0.4047725030723901
 0.404789889045054

0.0001118768859003782

  2.377147594691202  0.3123432391900069 -0.2984090100387722 -0.8307815937859365   -1.56027341666069

-1.857698229527758e-08 -1.119267062286483e-08  7.998472890322866e-08  -0.001440937408829802  -0.003771124508477079

cov:
0.05302905025886093 0.05314901052946512 0.05318794534984364   0.053234692201924 0.05328733326359536
0.05314901052946512 0.05344754575147801 0.05354434423952154 0.05366592498414793 0.05379651457360694
0.05318794534984364 0.05354434423952154 0.05366040698212143 0.05380592101163621 0.05396184908806773
  0.053234692201924 0.05366592498414793 0.05380592101163621 0.05398347068144428 0.05417193884891248
0.05328733326359536 0.05379651457360694 0.05396184908806773 0.05417193884891248 0.05439492487858306

cov.inverse():
 1497004.638170854 -2847480.047734022 -90984.74578599831  411900.5844525271  1029680.044751735
   -2847480.047745  6925880.003574526 -1388323.553922444 -1790818.433913983 -899440.0414609397
-90984.74578678636 -1388323.553916661  2355736.978904039 -411636.5765695621 -464849.7847461976
 411900.5844836999 -1790818.433979909 -411636.5765578522  3590369.286649121 -1799687.904176854
 1029680.044732328 -899440.0414117727 -464849.7847529124 -1799687.904199901  2134308.906270427

cov*(cov_.inverse()):
    0.9999999999781721  1.455191522836685e-11  1.455191522836685e-11  -2.91038304567337e-11                      0
-2.182787284255028e-11      1.000000000021828  7.275957614183426e-12 -1.455191522836685e-11                      0
 -2.91038304567337e-11 -1.455191522836685e-11       1.00000000001819 -1.455191522836685e-11  1.455191522836685e-11
-2.182787284255028e-11  2.182787284255028e-11  1.455191522836685e-11                      1                      0
-3.637978807091713e-11  3.637978807091713e-11 -3.637978807091713e-12                      0                      1
