5
1

0.0004344368786256387
0.0005795347230892092
0.0007128651669046904
  0.01739278403232055
   0.5257115198249619

-0.3122697521735785  0.7471186869281159 -0.5776456641913293 0.05695933154715026 0.08592083979408291
-0.5016255261077405  0.2724681154774358  0.5628450039738307  0.2215601927524725 -0.5552022515214556
 0.1583207737684403 -0.2529710704784095 -0.3823831663943903  0.8090158082480546 -0.3319890151154359
-0.6541245311958515 -0.3234995260731537 0.05588311542717544  0.3036105527334161  0.6100548040933006
 0.4448764589363601  0.4460139995812188  0.4474272897477424  0.4483087884604159  0.4494268561623279

0.4011420776450089
0.4011429980691524
0.4011544621242132
 0.401265798161975
 0.401185479865031

0.0001778330429874659

 4.410812717401337 0.4319069402991507 -4.103753774246861 0.4211211319703139 -1.160369121185586

  2.34055454953429e-07 -1.231643917099955e-06  1.465679884391215e-06   -0.00115991151966915  -0.003851773453709953

cov:
0.05482785399462816 0.05490206698167654 0.05500078042933135 0.05506025817663301 0.05513712508754255
0.05490206698167654 0.05501020475861766 0.05514714490814729 0.05523146588789787 0.05533937626539832
0.05500078042933135 0.05514714490814729 0.05532854561285598 0.05544137144092272 0.05558488014801639
0.05506025817663301 0.05523146588789787 0.05544137144092272 0.05557381310686429 0.05573996075278118
0.05513712508754255 0.05533937626539832 0.05558488014801639 0.05573996075278118 0.05593572631274291

cov.inverse():
   1316605.8198906 -1721193.394604693 -4153.022733564059 -173762.8790666985  582316.3939179525
-1721193.394589243  3304824.136193083 -1639737.757110629  2164.851644107552  54324.97781585352
-4153.022759409087 -1639737.757085544  2998920.577802473 -411729.2094114083 -943472.5164884154
-173762.8790670492   2164.85166253318 -411729.2094416447  1451604.785903526 -868237.4249517333
 582316.3939286993  54324.97778779449 -943472.5164589434 -868237.4249638966  1175022.992200718

cov*(cov_.inverse()):
     1.000000000007276 -5.002220859751105e-12 -2.182787284255028e-11                      0  7.275957614183426e-12
 3.637978807091713e-12     0.9999999999936335                      0                      0  7.275957614183426e-12
-7.275957614183426e-12   7.73070496506989e-12     0.9999999999854481                      0                      0
                     0 -3.637978807091713e-12 -7.275957614183426e-12                      1  7.275957614183426e-12
-3.637978807091713e-12 -2.091837814077735e-11 -7.275957614183426e-12                      0     0.9999999999854481
