6
1

0.0002053895975773405
0.0003596541870412044
0.0004654163209791205
0.0006017517077630082
  0.01882113418987157
   0.5675912827595859

 0.04529159268183788  -0.6599268293712189   0.7422970468555324  0.01712855450971231 -0.05414911039220339 -0.09063571151642613
  0.6274611602148816  -0.5361793057942124  -0.4959430819555186   0.1305789570987275   0.2325229903929539  0.04155597215828397
 -0.1993723872810765  0.02728018234222555  0.02347143469369577 -0.05132197146688436   0.7842078034795461  -0.5842428525888675
   0.238013431191466  0.06513315890992595   0.1129963208909664  -0.8984483983401023   0.2036668667224952    0.278656405933062
 -0.5855326736525284  -0.3260176716280293   -0.153264976354936  0.07692113674708277   0.3447979516401395   0.6344850858458235
  0.4061931928304173   0.4071047444603344   0.4077086262656995   0.4085283565063876   0.4094548005438973   0.4104848857709635

0.3978687940039051
 0.397967785663419
0.3979577458932888
0.3979558081684114
0.3979409777206571
0.3979401554337144

0.0001471870583899041

 1.710007892273187  1.240776751204866  2.171360481199076 -1.791717526447783 -1.687444655661151  -1.64295980238381

 4.556037432350093e-08 -1.764079858746084e-07 -1.142803583372543e-07  5.581648348186605e-07  -0.001240055220122797  -0.003965089308443334

cov:
0.05327562256945845 0.05334095933450982 0.05338416131381774  0.0534436517002759  0.0535093904183559 0.05358415067126836
0.05334095933450982 0.05343063890767608 0.05348984830897138  0.0535707271905085 0.05366132251038736 0.05376297395505288
0.05338416131381774 0.05348984830897138 0.05355983079345909 0.05365489830224014 0.05376208132445483 0.05388165986864024
 0.0534436517002759  0.0535707271905085 0.05365489830224014 0.05376939627483621 0.05389825988811261 0.05404171189573326
 0.0535093904183559 0.05366132251038736 0.05376208132445483 0.05389825988811261 0.05405341181997684  0.0542244399264793
0.05358415067126836 0.05376297395505288 0.05388165986864024 0.05404171189573326  0.0542244399264793 0.05442594924494924

cov.inverse():
 3433258.654246239 -3291202.346113369 -1555851.616025267  108363.3465237205  481302.3276151255   824128.109701497
-3291202.346164973  12561676.85657211 -9533077.766984927 -977363.3592680435  18330.31010319584  1221580.324811559
-1555851.615991037 -9533077.766835431  15001024.47570927 -485210.0247142893 -1695954.808122022 -1730805.263101989
  108363.346545367 -977363.3594994005 -485210.0244742891  2380163.415121603 -478317.6967193264 -547684.9240174849
  481302.327651476  18330.30992513301 -1695954.807944818 -478317.6967425343  3441471.037216309 -1766759.091800699
 824128.1096608761  1221580.325019876 -1730805.263335464 -547684.9239639897 -1766759.091788417  1999469.354541183

cov*(cov_.inverse()):
    0.9999999999708962                      0 -5.820766091346741e-11 -3.637978807091713e-12 -1.455191522836685e-11                      0
-1.455191522836685e-11     0.9999999999272404  7.275957614183426e-11  1.818989403545856e-11  1.455191522836685e-11 -1.455191522836685e-11
-4.365574568510056e-11                      0       1.00000000007276 -1.091393642127514e-11 -1.455191522836685e-11                      0
-4.365574568510056e-11                      0  5.820766091346741e-11      1.000000000010914                      0 -1.455191522836685e-11
-7.275957614183426e-12  -2.91038304567337e-11  7.275957614183426e-11 -1.091393642127514e-11     0.9999999999854481                      0
-7.275957614183426e-12 -7.275957614183426e-11   2.91038304567337e-11  1.818989403545856e-11                      0                      1
