5
1

0.0004434897262705425
 0.000450701161259559
0.0005251827593442218
  0.02672164924057011
   0.5256266095903139

   0.501172948703457  -0.5955861247938826   0.1384499619213657  -0.4544073377096239   0.4104246860515477
 -0.1480395256033599   0.5649180949065074  -0.3237831503230253  -0.5708758431448872   0.4777207219567159
  0.4844776701132533 -0.01972873623903246  -0.8103200954819584   0.3286126902036585  0.01694717744253077
 -0.5430619570711694  -0.3570896934458846   -0.141764200530568   0.3970198861795411   0.6323359732315323
  0.4441565853285071   0.4452442495994114   0.4464082592391279   0.4494481649360296   0.4507754419072817

 0.401660473246357
0.4017393345471267
0.4017457054170259
0.4018138556347578
0.4018071191880972

0.0001043327762515805

  3.412182652054093  0.2151121761674219  -2.193335498875405 -0.0158486965421719  -1.418146228361684

 1.383603209670779e-07 -6.944706984840311e-08  9.369348284561739e-07  -0.001800783668613174  -0.003920705727379685

cov:
0.05471451698120555 0.05477567592296458 0.05483501145372093 0.05499922365327165 0.05507086106816446
0.05477567592296458  0.0548622674578691 0.05495036936289654 0.05518697545251496 0.05529026866154127
0.05483501145372093 0.05495036936289654 0.05507239122655865 0.05539252495750599 0.05553242895584447
0.05499922365327165 0.05518697545251496 0.05539252495750599 0.05592293049328999 0.05615422793616576
0.05507086106816446 0.05529026866154127 0.05553242895584447 0.05615422793616576 0.05642594872022568

cov.inverse():
 2236347.792800616 -1963713.369274659 -834477.6676353902  -164926.258249548  726944.2620986826
-1963713.369269924  3376177.895181652 -1261670.568601027 -235321.0146474973  84207.78882729272
-834477.6676292864 -1261670.568602775  2994216.032454749 -375422.4177574101 -522472.8223696673
-164926.2582894583 -235321.0146181711 -375422.4177342843  3045952.255181499 -2270256.649779039
 726944.2621277525  84207.78880445057 -522472.8223884375 -2270256.649766495  1981541.809767073

cov*(cov_.inverse()):
     1.000000000021828  9.094947017729282e-13  4.001776687800884e-11  1.455191522836685e-11                      0
 1.455191522836685e-11     0.9999999999809006  3.274180926382542e-11                      0                      0
  2.91038304567337e-11  1.728039933368564e-11                      1 -1.455191522836685e-11  1.455191522836685e-11
 7.275957614183426e-12  9.094947017729282e-12  1.455191522836685e-11      1.000000000014552                      0
 7.275957614183426e-12  9.094947017729282e-12  7.275957614183426e-12  1.455191522836685e-11      1.000000000014552
