5
1

0.0002010954314557749
0.0003664018568625296
0.0005621247838631655
  0.01907847951851985
   0.5699457879029989

-0.09693497081287351     0.70916068328183  -0.6952415761606558  0.02042475549306835  0.06258367887437315
  -0.657908101127585   0.4612872074211186   0.5424134928624953  -0.1862370456627279  -0.1596070434656567
  0.1393616214457356  0.03091924107193176  0.04140034551146284  -0.7969312654145309   0.5854988544787055
 -0.5834620826323932  -0.2904595889563297  -0.1456747809140642   0.3583945447515732   0.6523323032102138
  0.4448717551188084   0.4460745064131434    0.446644851235885   0.4487231893751134   0.4497360697200996

0.4216701561425014
0.4215818632826314
0.4215934310478638
0.4214659074767288
0.4213206317062783

0.001312605194694537

     2.8021229068825   0.6824149110080256 -0.06549878467114167   -1.545219855621414   -1.873553170654532

 4.409550146189965e-09 -1.312253996830824e-07   1.71695505353322e-07  -0.001310206213583179  -0.004626308621812317

cov:
0.06441299022384527 0.06452446869713563 0.06457614034882032 0.06476945748911157 0.06485346397852881
0.06452446869713563 0.06466786380993612 0.06473516557250691 0.06498299603597844 0.06509870457827284
0.06457614034882032 0.06473516557250691 0.06481028383906345 0.06508501244584479 0.06521640163467553
0.06476945748911157 0.06498299603597844 0.06508501244584479 0.06545394256129679 0.06563957832075304
0.06485346397852881 0.06509870457827284 0.06521640163467553 0.06563957832075304 0.06585759976893285

cov.inverse():
 3518906.561625696 -3946374.262841631  -973137.285116284  511663.3404652451  889338.7958385606
-3946374.263154591   14024371.0010506 -10324115.49069353 -360003.8392175906  605849.8811333923
-973137.2847021712 -10324115.49127286  14149732.90627088 -1208159.550454295   -1644361.6673665
 511663.3403443928 -360003.8389593776 -1208159.550572142  2278932.819353623 -1222998.219341545
 889338.7958582842  605849.8811415387 -1644361.667413902 -1222998.219322016  1372669.132524102

cov*(cov_.inverse()):
    0.9999999999417923  1.309672370553017e-10  7.275957614183426e-11 -1.455191522836685e-11                      0
-2.182787284255028e-11      1.000000000109139  4.365574568510056e-11 -4.365574568510056e-11                      0
                     0 -7.275957614183426e-12      1.000000000029104                      0                      0
 -2.91038304567337e-11  5.093170329928398e-11   1.01863406598568e-10     0.9999999999854481 -1.455191522836685e-11
 7.275957614183426e-12 -1.455191522836685e-11  4.365574568510056e-11                      0     0.9999999999854481
