5
1

0.0001396029255425669
0.0002250412588436191
0.0003894413012781894
  0.01006387711002655
   0.5112201995322778

-0.04544939683388208    0.507793337418781  -0.8012031631051733   0.3121552544099508  0.02669957630855658
 -0.5523935957436656   0.6534553590347095   0.2785995190203747  -0.4329030189179341  0.05324183828116064
  0.4047243315170815 -0.02486796256005742  -0.2787013410169424  -0.6641043598255096   0.5629127478502081
 -0.5742625951649183  -0.3391007161077749 -0.05347913200802182   0.2715769237598142   0.6918230503896733
  0.4463365938183034   0.4466926336925882   0.4471256472032304   0.4476219913028228   0.4482884613043729

0.3788047197322145
0.3788597545502733
0.3787905715499144
0.3787118282168097
0.3786405272181139

0.001579591029257698

 4.369017617792508  5.936435280411986  -5.23744753033413  -2.93565796042011 -2.132084097416935

 1.176913155229769e-07  5.894743451946292e-08  5.808311967644973e-07 -0.0006597688043889091  -0.002570737662495527

cov:
0.05209785665809868 0.05212564997631712 0.05215954394891291 0.05219853092718766 0.05225189304717161
0.05212564997631712  0.0521591850041312 0.05219990161502763 0.05224667048997016 0.05231005053442492
0.05215954394891291 0.05219990161502763 0.05224898003383958 0.05230520831187927 0.05238077156582665
0.05219853092718766 0.05224667048997016 0.05230520831187927 0.05237227485954216 0.05246166456267621
0.05225189304717161 0.05231005053442492 0.05238077156582665 0.05246166456267621 0.05256929927376797

cov.inverse():
 7214495.258825901 -8376190.566726225 -1913791.352637494  2220181.783031014  855239.7215988776
-8376190.566773345  21667531.22831117 -17235024.29698433  2655557.053489684  1288034.809833453
-1913791.352741768 -17235024.29713922  34982729.86875194 -13994135.54911499 -1839524.690157303
 2220181.783330988  2655557.053623662 -13994135.54980956  11608956.53568935 -2490476.243185459
 855239.7214503188  1288034.809807231 -1839524.689721922 -2490476.243446058  2186565.029188655

cov*(cov_.inverse()):
     1.000000000021828 -4.365574568510056e-11  1.455191522836685e-10 -1.455191522836685e-10  1.455191522836685e-11
 9.458744898438454e-11      1.000000000174623 -1.746229827404022e-10  4.365574568510056e-11  1.455191522836685e-11
 5.093170329928398e-11 -4.365574568510056e-11     0.9999999998981366  1.309672370553017e-10  1.455191522836685e-11
-3.637978807091713e-11   1.01863406598568e-10 -1.309672370553017e-10     0.9999999998981366  1.455191522836685e-11
 7.275957614183426e-12  4.365574568510056e-11   2.91038304567337e-11 -5.820766091346741e-11                      1
