4
1

0.0004291593392474873
 0.000718605802629653
  0.02531885337575952
   0.4664017018415077

-0.2860131055588324  0.7059163032962784 -0.6172857119884868  0.1970711190509052
 0.5592994935040825 -0.4035137778182972 -0.5838418129639067  0.4283566797797159
-0.6003813945886353   -0.30195398076691  0.1634540171189708  0.7222525588867745
 0.4948967175547591  0.4976772019596029  0.5013680000733566  0.5059889031447514

0.4340441697908532
0.4341706059176583
0.4340407015298005
0.4336258527286099

0.000944551229837031

 10.92428143675179 -11.79269769342571  3.170750202286907 -2.297775667826435

-2.552561498213035e-06  4.148183515344853e-06  -0.002653401619828684   -0.00772278453022489

cov:
0.05350942834696721 0.05369357540776866 0.05391180438259124 0.05419445245281229
0.05369357540776866  0.0539371548539393 0.05424649906389923 0.05463848863084932
0.05391180438259124 0.05424649906389923 0.05469799889018481 0.05526012164149824
0.05419445245281229 0.05463848863084932 0.05526012164149824 0.05602771029786453

cov.inverse():
 1050488.116604771 -1532987.060433458  326091.7939775575   157236.402073574
-1532987.060446849  3021087.090733659 -1909790.385443422  420274.3710654792
 326091.7940021112 -1909790.385475106  2729021.701076758 -1144618.917747334
 157236.4020624163  420274.3710837759 -1144618.917754482  567010.2043731465

cov*(cov_.inverse()):
    0.9999999999890861 -1.091393642127514e-11  -2.91038304567337e-11  7.275957614183426e-12
  -1.2732925824821e-11     0.9999999999890861 -1.455191522836685e-11                      0
-5.456968210637569e-12 -3.637978807091713e-12      0.999999999992724                      0
-3.637978807091713e-12 -3.637978807091713e-12                      0                      1
