6
1

0.0003821400865653056
0.0004308184518639638
0.0004613878191480509
0.0007611742415145873
  0.02888339279698042
   0.5812307737011869

 -0.1748509473988441   0.5847511230368099  -0.7573281161461416  0.04522914868910244  0.09519625439699821   0.2069767910976836
-0.03081330684461585 -0.06385979331209542 -0.09220968012184953  -0.0979113605153789   0.8266332912945882  -0.5418123374534459
 -0.6562997744970216   0.5126067764914726    0.461910932892062  0.06688168763245284  -0.1074435006876373  -0.2777155429290663
 0.03539095111678644   0.1929334247557937   0.1944773462819635  -0.8928403314797689    0.145055416386625   0.3248042558744794
 -0.6107103167962846  -0.4353560061815271 0.006729329370627509    0.139246947381548   0.3266024155580681   0.5580268118675213
   0.404386797321347   0.4055418413604431   0.4083173610936651   0.4090732936508304   0.4103178735575415   0.4118037745681181

0.4008026728948186
0.4008412862106123
0.4007385245100177
0.4008286738872666
0.4006849884109448
0.4006226518498812

0.0007562418691581086

  1.968032985166227  0.7197366366488336  -1.311793524918883  0.4059822070888138 -0.2489026451233504  -1.532922780342668

 1.091729099307149e-07  1.112534420922236e-07 -2.233091955701967e-07 -5.464099480817182e-07  -0.002005737832183563  -0.005139837044847089

cov:
 0.0555560107735137 0.05562428584989467 0.05577826535473356 0.05581403273322513 0.05588864358048062 0.05597376309138108
0.05562428584989467 0.05571905381749665 0.05593862757894658 0.05599396736460729 0.05609652320605982   0.056216072293157
0.05577826535473356 0.05593862757894658 0.05632411296666722 0.05642888138891394 0.05660169090866149 0.05680797214386642
0.05581403273322513 0.05599396736460729 0.05642888138891394 0.05654930533036556  0.0567425110582813 0.05697467201879355
0.05588864358048062 0.05609652320605982 0.05660169090866149  0.0567425110582813 0.05696631360925322 0.05723515167546568
0.05597376309138108   0.056216072293157 0.05680797214386642 0.05697467201879355 0.05723515167546568 0.05754979007997831

cov.inverse():
 2240439.254470423 -2257802.363683152 -490086.3491660981  -298734.335796404   88649.5716188291  717747.1123597672
-2257802.363676982  3662305.207572082 -1823810.329296582  78463.36512917824  -113809.210386815  454349.3481732067
-490086.3491835101 -1823810.329285201  5040919.535625355 -340486.7864058503 -1088814.140586257  -1297787.88883172
-298734.3358090921   78463.3651315797  -340486.786390596  1462572.255499557 -663819.9767096406 -237759.1800041133
 88649.57165685442 -113809.2103870762 -1088814.140653174 -663819.9767270663  3834335.605771622 -2056457.100959195
 717747.1123456741   454349.348165852 -1297787.888786088 -237759.1799817201 -2056457.101005772  2419762.796728684

cov*(cov_.inverse()):
    0.9999999999854481  1.091393642127514e-11  4.365574568510056e-11 -9.094947017729282e-12  1.455191522836685e-11                      0
-1.455191522836685e-11      1.000000000010914  -2.91038304567337e-11 -3.637978807091713e-12                      0   2.91038304567337e-11
-1.455191522836685e-11  3.637978807091713e-12      1.000000000043656 -1.818989403545856e-11  1.455191522836685e-11  -2.91038304567337e-11
-7.275957614183426e-12  7.275957614183426e-12 -1.455191522836685e-11     0.9999999999909051  1.455191522836685e-11                      0
-2.182787284255028e-11  7.275957614183426e-12  1.455191522836685e-11 -1.637090463191271e-11                      1                      0
-1.455191522836685e-11  1.818989403545856e-11  4.365574568510056e-11 -3.637978807091713e-12                      0     0.9999999999708962
