4
1

0.0004333797041384917
0.0007065277166738286
  0.02136849621144004
   0.4638217106176648

 -0.4688023670928292   0.8180377324234767  -0.3328162405490365 -0.01649117844251304
  0.5183070629689066 -0.02207756616317341  -0.7993679953413998   0.3031190815054839
 -0.5134444030960257   -0.285352066611493 -0.01823093759604366   0.8090838497487671
  0.4979527829162846   0.4988998371259682     0.49991178318284   0.5032198202938393

0.4020644441171262
0.4021368408273873
0.4021601637489978
0.4022552300959812

1.944306942326032e-05

  4.971506575811633 0.08217426385252534  -4.303127384861393 -0.7506404446392122

-1.538046557089352e-07  2.888863496896574e-06  -0.001417746526632578  -0.002656641568572324

cov:
0.05346367740081557 0.05351140218823648 0.05355708173664649 0.05371775219725963
0.05351140218823648 0.05358353249682438 0.05365717036497646 0.05390445856757883
0.05355708173664649 0.05365717036497646  0.0537641598877954 0.05411258041679144
0.05371775219725963 0.05390445856757883 0.05411258041679144 0.05477650908458196

cov.inverse():
 1708896.465978988 -2064461.579852132  751.4443107194342  354986.9193845028
-2064461.579867848  3564104.336934742  -1414208.43041027 -85737.69403213701
 751.4443315091966 -1414208.430435386  1869831.316185515 -456210.5916680738
 354986.9193794314  -85737.6940227382  -456210.591672402  186946.5051102128

cov*(cov_.inverse()):
     0.999999999992724  1.091393642127514e-11 -1.091393642127514e-11 -1.818989403545856e-12
-3.637978807091713e-12      1.000000000020918 -1.091393642127514e-11  1.818989403545856e-12
-7.275957614183426e-12 -5.456968210637569e-12      1.000000000003638 -5.456968210637569e-12
-7.275957614183426e-12  1.818989403545856e-12 -3.637978807091713e-12      0.999999999998181
