4
1

0.0002288952847312776
 0.000562000880476285
  0.01640987447276007
   0.4594406485478701

 -0.6114923502011209   0.7814516036174313 -0.06298686087193858  -0.1069726703731106
 -0.1545621727497401  -0.1283462437527497   0.8195564101553918  -0.5366237667515726
 -0.5953408721130418  -0.3524025647871603   0.2708138726255298   0.6693590402143517
  0.4977518321333157   0.4986712998055298   0.5010187544636123   0.5025437851908248

0.4295890093426108
0.4297134578696914
0.4300610365302118
 0.430308451841085

-0.003443565703940167

 2.347477963079498  2.988600114810773 -1.356679291406781 -3.982661666446553

7.395124427028715e-08 8.809194770715026e-08 -0.001476747446595711 -0.004726858528415858

cov:
0.05239340781749609 0.05245102197533726 0.05259773440552962 0.05269414133295038
0.05245102197533726 0.05252480934129155 0.05271269404377194 0.05283545510301715
0.05259773440552962 0.05271269404377194 0.05300665265166551 0.05319665003198395
0.05269414133295038 0.05283545510301715 0.05319665003198395 0.05343049194588717

cov.inverse():
 7213833.547485214 -9056928.367722338  333478.9754007255  1509628.684960351
-9056928.367731966  11708105.43937423 -1272846.939461326 -1378329.488778645
 333478.9754251506 -1272846.939491577  2202585.991230278 -1263157.695558577
 1509628.684945556 -1378329.488758024 -1263157.695564403  1131803.848316313

cov*(cov_.inverse()):
    0.9999999999272404  1.455191522836685e-11                      0 -2.182787284255028e-11
                     0     0.9999999999272404 -1.455191522836685e-11 -7.275957614183426e-12
 1.455191522836685e-11 -1.164153218269348e-10                      1 -7.275957614183426e-12
                     0 -1.455191522836685e-11                      0      0.999999999992724
