5
1

0.0004261821046388953
0.0005019599257962957
0.0007584849176547494
  0.02657983384226956
   0.5191200935177497

  0.5529969095373043  -0.7943027140733243   0.2403329779767769  0.05303502731081483 -0.05200924949369309
  0.1791902180998013 0.008965966741586128 -0.08033469566383544  -0.7451400046169041   0.6372779514229677
  0.3229075454534623 -0.02426845254426464  -0.8548464498300459   0.3477682289343682   0.2084144079883792
 -0.6005651749158851  -0.4127482560401107  0.06859166528602707   0.3454835274134623   0.5872790338104547
    0.44400165714444   0.4450311553173489   0.4475702481573922   0.4490568456526036   0.4503760890486541

0.3996583640869788
0.3997478778745433
0.3998157675391358
0.3998793554174295
0.3999029181881229

-0.0001393431436242402

   2.532319652065623     1.04470255889106   -2.890599763215604 0.004989635159585929  -0.6914336525602747

-1.597010638055003e-08  6.324183041392504e-08  1.795510056946834e-06   -0.00180481705781642  -0.003673547589408756

cov:
0.05338066241335209 0.05342394732720099 0.05352347207630966 0.05358403819091139 0.05363932253282137
0.05342394732720099 0.05349284568895783 0.05365686055277149 0.05375441412014152 0.05384214263533625
0.05352347207630966 0.05365686055277149 0.05398689088094504 0.05417902679798577 0.05434989888853142
0.05358403819091139 0.05375441412014152 0.05417902679798577 0.05442687381543658 0.05464525020823944
0.05363932253282137 0.05384214263533625 0.05434989888853142 0.05464525020823944 0.05490589515659192

cov.inverse():
 1992852.603066614 -2425238.990983925  194718.2250092429 -173548.8722734721  411349.3785028674
-2425238.990980096  3475199.597962803 -1017852.308300863 -273317.4892099531  240987.9048983431
 194718.2249970378  -1017852.30828681  1613857.478926042 -208968.2917954548 -581632.8215294654
-173548.8722631843 -273317.4892212185 -208968.2917972989   2429506.18036471 -1773553.169960422
 411349.3785009559  240987.9048993831 -581632.8215257716 -1773553.169963244  1702715.789765949

cov*(cov_.inverse()):
    0.9999999999890861   -1.2732925824821e-11  1.091393642127514e-11  -2.91038304567337e-11                      0
 7.275957614183426e-12     0.9999999999708962  1.091393642127514e-11                      0                      0
-7.275957614183426e-12 -1.455191522836685e-11      1.000000000014552 -1.455191522836685e-11                      0
 3.637978807091713e-12 -5.456968210637569e-12  7.275957614183426e-12     0.9999999999563443  1.455191522836685e-11
 7.275957614183426e-12 -3.092281986027956e-11 -3.637978807091713e-12                      0                      1
