5
1

0.0004542728951326773
0.0006666742726909484
0.0007314234303633033
  0.01596421533440332
   0.5197812179463376

 -0.401536321380895  0.8503634626433942 -0.1881947506607571 -0.2824168347950088 0.02177225898110433
-0.3071473777029283  0.1261161859790983 0.09602853024910041  0.7046753226707444 -0.6196502295661481
 0.2653126416687251 0.05366936603760554 -0.8688230972573727  0.3766898634682436  0.1731472603082872
-0.6899942619017903 -0.2425185684573257 0.02110704055731204  0.2844850550936309  0.6194476642649479
 0.4449114425315225  0.4464090412813725  0.4472831046585048  0.4481589240792836  0.4492929770449504

0.3996694322977066
0.3997690876483745
0.3997767407175884
0.3997812866803092
0.3997751429370137

8.265438265552343e-06

  1.54345516539961  2.258102094703015 -0.121981099390063 0.8023662400451193 -4.481999526517854

2.062040181794157e-07 1.396334561569281e-06 8.713028473233842e-08 -0.001061038744665769 -0.003773053466273843

cov:
0.05360106821665284  0.0537022026369449 0.05376086839144422  0.0538199310411962 0.05389747118465425
 0.0537022026369449 0.05385540481727861 0.05394431895003185 0.05403372394486033 0.05414976933630609
0.05376086839144422 0.05394431895003185 0.05405182985402963 0.05415853452355619 0.05429740568951064
 0.0538199310411962 0.05403372394486033 0.05415853452355619 0.05428412168579792 0.05444524526964144
0.05389747118465425 0.05414976933630609 0.05429740568951064 0.05444524526964144 0.05463613192594563

cov.inverse():
 1127001.076103591 -1714491.530332457 -131110.2779107763  248583.0227917748  470047.8652297969
-1714491.530328366  3545494.005867354  -835425.360886124 -926280.1367044691 -69330.41634954991
-131110.2779169569 -835425.3608766658  1603369.051980181 -201927.3949723922 -434880.5357676885
 248583.0227922043 -926280.1367053021 -201927.3949721174  1769302.061469877  -889632.736786833
 470047.8652314559  -69330.4163540825 -434880.5357646862 -889632.7367869616  923747.5354478961

cov*(cov_.inverse()):
    0.9999999999890861  8.185452315956354e-12 -7.275957614183426e-12 -7.275957614183426e-12 -7.275957614183426e-12
                     0      1.000000000006821 -7.275957614183426e-12  7.275957614183426e-12                      0
-7.275957614183426e-12  2.273736754432321e-11      0.999999999992724                      0                      0
-7.275957614183426e-12  2.864908310584724e-11 -3.637978807091713e-12      1.000000000007276 -7.275957614183426e-12
 3.637978807091713e-12  1.409716787748039e-11                      0                      0                      1
