4
1

0.0004340770992715187
0.0005270986863244631
  0.02702755361045521
   0.4625346928358762

 0.6370784319817202 -0.7644488285571719 0.03518910216290135 0.09225392734322507
0.07464775287666817 0.09964577980070431 -0.7833378668826997  0.6089993578535492
-0.5856912282732161 -0.3983567019678025  0.3638017506644949  0.6049181840006105
 0.4955043588284449  0.4969915945796393  0.5027840486830104  0.5046612583596245

0.4047606437598417
0.4047713446532354
0.4045322183019516
0.4044574306932555

0.0009616360045768365

  2.802536452217772 -0.7067288093651329  -0.248486715940807  -1.847204554519053

 4.044569073905301e-07 -2.199095148484432e-07  -0.001875674538416895   -0.00421821845440995

cov:
0.05277777998832207 0.05285512088106604 0.05314315896629785 0.05323903332731284
0.05285512088106604 0.05295894119940824 0.05335290315003938 0.05348236515421932
0.05314315896629785 0.05335290315003938 0.05417871064118975  0.0544444070799003
0.05323903332731284 0.05348236515421932  0.0544444070799003 0.05475386515797759

cov.inverse():
 2174558.519381448 -2557591.487106183 -91778.36087132499  475061.7460256006
 -2557591.48710587  3137394.600648527 -423909.4356608837  -156191.482377964
-91778.36087264192 -423909.4356593103  2215340.440761073 -1699515.204367789
 475061.7460266043 -156191.4823792238 -1699515.204367533  1380573.940712839

cov*(cov_.inverse()):
                     1  3.819877747446299e-11                      0                      0
 7.275957614183426e-12      1.000000000003638 -1.455191522836685e-11                      0
 1.091393642127514e-11 -3.637978807091713e-12      1.000000000014552                      0
-3.637978807091713e-12                      0                      0                      1
