4
1

0.0001259646808159281
0.0002773182567186812
  0.02128533696588263
    0.358093079660682

0.008501559336679749   0.4100692309676162   -0.819348337027662   0.4005486885666676
   0.614392545906668  -0.7040247286456296   -0.202843100738234   0.2927894422151692
 -0.6194627761713233  -0.3024734665838568   0.1846331866091063   0.7004900123152573
  0.4885850918328202   0.4946738413154881    0.503421856394287     0.51298034393281

0.3431028917431831
0.3396682389080525
0.3345552243292332
0.3294421121478081

0.04792772367676203

26.38476868690445 114.1281850946937 -278.349377277398 137.8148568898139

5.240767391274582e-06  2.51277113301414e-06 -0.002591413436858702  -0.01069638482413649

cov:
0.03078451651364258 0.03107695873285982 0.03148834924796302 0.03194244827153495
0.03107695873285982 0.03141981610332564 0.03190793487454167  0.0324435401230478
0.03148834924796302 0.03190793487454167  0.0325134103292067 0.03317357833796905
0.03194244827153495  0.0324435401230478 0.03317357833796905 0.03396606909696402

cov.inverse():
 4913747.507259933 -5404279.768004419 -2059756.464823985  2552733.850798144
-5404279.767360418  17042970.27812713 -19318441.81122099  7670993.040958341
-2059756.466076571 -19318441.80957287  42844752.83383656 -21455572.50356314
 2552733.851406386  7670993.039954289 -21455572.50316685  11227215.45010764

cov*(cov_.inverse()):
    0.9999999999854481 -8.731149137020111e-11  1.164153218269348e-10 -5.820766091346741e-11
 1.455191522836685e-11      1.000000000029104 -2.328306436538696e-10  5.820766091346741e-11
 1.455191522836685e-11  -2.91038304567337e-11                      1                      0
-1.455191522836685e-11                      0                      0                      1
