5
1

0.0003264686329270604
0.0004366693699237932
0.0004593835139164146
  0.02424412848873326
   0.5169825867147566

  0.1637909471025912   0.3110576785831615  -0.8841122797418539   0.2788317311126676   0.1304376815803843
  0.6026980142639157  -0.7424078897963653 -0.07195651343039947   0.2761501087887956 -0.06441278104008497
  0.2739395442552593 -0.08611832681178075  -0.1102465537943964  -0.7104926352235889   0.6329191674691639
 -0.5807594387042183  -0.3823658070447739  -0.0338273783190758    0.373706893143901   0.6129549171446064
  0.4445258481784287   0.4454813903550858   0.4470672688054003    0.448929121856026   0.4500406668968988

0.4041246177376416
 0.404211624974085
 0.404289821698754
0.4042518125930491
0.4042679542666263

0.0001190493391229836

  2.005209217423688  0.6977651640366491 -0.2755494812959123 -0.8741644895552871  -1.553299220140133

3.653020425848011e-08  1.08494812567983e-07 3.325222774010672e-08 -0.001587475065564877 -0.003331838719072676

cov:
0.05301194635129768 0.05305757725500557 0.05312707226409948 0.05320918764554185 0.05325961588136592
0.05305757725500557  0.0531269618153685 0.05323731649539228 0.05336740507961026 0.05344599917234287
0.05312707226409948 0.05323731649539228 0.05341998412062553 0.05363425003797647 0.05376229689494313
0.05320918764554185 0.05336740507961026 0.05363425003797647 0.05394730632499269 0.05413300450906015
0.05325961588136592 0.05344599917234287 0.05376229689494313 0.05413300450906015  0.0543530824152945

cov.inverse():
 2512875.907504146 -1979976.740985469 -1729185.496818326  378698.1701418197  817836.6710397665
-1979976.740982439  3833755.658744829 -2255098.813091466  28279.47844082107  372790.9586177812
-1729185.496824619 -2255098.813107003  7418599.346909326 -2046012.486086965 -1388373.381922871
 378698.1701462503  28279.47849799691 -2046012.486183127  3521668.766896411 -1882522.941099164
 817836.6710385989  372790.9585791755 -1388373.381848544 -1882522.941133717  2080248.397615656

cov*(cov_.inverse()):
     0.999999999992724  2.182787284255028e-11  -2.91038304567337e-11  1.455191522836685e-11                      0
-2.182787284255028e-11      1.000000000021828 -4.365574568510056e-11  1.455191522836685e-11                      0
-2.182787284255028e-11  3.637978807091713e-12     0.9999999999272404  1.455191522836685e-11                      0
-2.182787284255028e-11  1.455191522836685e-11 -5.820766091346741e-11                      1  1.455191522836685e-11
-3.637978807091713e-11  1.455191522836685e-11 -1.455191522836685e-11                      0      1.000000000014552
