5
1

0.0001503981412463369
0.0002320417720757193
0.0005621494208532776
 0.008664085991570347
   0.5410802383673537

-0.00330072151080761 -0.07237010394856409   0.5271239027117468  -0.7802456827683023   0.3287989340057917
0.002793438209519436   0.5799740049269942  -0.6409507745809571  -0.3252438298511385   0.3834330528524469
  0.6130463707261317  -0.6194855792804077  -0.3334236728628275 -0.01911023443653383   0.3589919465915362
 -0.6517270520249064  -0.2736306976251751 -0.01263618533727764   0.2912072943205454   0.6445283000231375
  0.4465504438906338   0.4469413608564272   0.4472040663374974   0.4475111577821023   0.4478598081192513

0.4005607319740294
0.4007554878092903
0.4007614100392607
0.4007676728450594
 0.400774112380419

-0.0001484128627657858

 -4.29969692920235  9.671995141644656   4.04262224519434  4.793371234846366 -14.20868826273075

-1.575820993276479e-07 -2.154124203023055e-07 -4.793234243246459e-06 -0.0005748168218574266   -0.00226985318252118

cov:
 0.0584120441449616 0.05844441469310339 0.05846604626178423 0.05849139021155892 0.05851975904581314
0.05844441469310339 0.05848805934521164 0.05851697831220029 0.05855087062332113 0.05858918045443146
0.05846604626178423 0.05851697831220029 0.05855114511763945 0.05859100385436339  0.0586362653673527
0.05849139021155892 0.05855087062332113 0.05859100385436339 0.05863789564206585 0.05869126400452457
0.05851975904581314 0.05858918045443146  0.0586362653673527 0.05869126400452457 0.05875413896281946

cov.inverse():
 1195562.822370195 -1158742.651867528 -756886.3332979614  57381.51251933991  662743.5806326538
-1158742.651836187  7694123.920411247 -7936838.733259604 -970611.5595003903  2372086.968780153
-756886.3333269353 -7936838.732991848  20265684.29491289 -14290920.23160229  2719022.275698801
 57381.51249145567 -970611.5598838105 -14290920.23100987  28880911.62118978 -13677021.70908233
 662743.5806581669  2372086.968927163  2719022.275345157 -13677021.70890121  7923308.252463568

cov*(cov_.inverse()):
     1.000000000007276   2.91038304567337e-11 -1.455191522836685e-10 -1.164153218269348e-10  1.746229827404022e-10
                     0      1.000000000087311  -2.91038304567337e-11 -1.164153218269348e-10  5.820766091346741e-11
 1.455191522836685e-11  8.731149137020111e-11     0.9999999999417923  1.164153218269348e-10  1.746229827404022e-10
 1.455191522836685e-11  5.820766091346741e-11 -8.731149137020111e-11     0.9999999998835847  1.164153218269348e-10
 1.455191522836685e-11                      0 -5.820766091346741e-11                      0      1.000000000058208
