5
1

 0.000367560655762134
 0.000414030147385034
0.0007216148324649354
  0.02641530682288917
   0.5196926137397545

  0.1315884367635818   0.1097996600299267  -0.7785794334245101    0.600369990969037 -0.06323335954729213
 -0.5998769401763161   0.7855570289148083 -0.08682341229873529  -0.1223175932061556   0.0234075294787082
  0.2590891070803083  0.04543986397039654  -0.4266200582097006  -0.5477991748729421   0.6698652426394099
 -0.5990328305623982  -0.4134238005659033  0.06290257767905222   0.3502200221088217   0.5861993098507302
   0.443694311948606   0.4448147579249676   0.4475649143751722   0.4492841867445506   0.4506712278793025

0.3979584451771377
0.3979844558076407
 0.397879108417737
0.3978045979179045
0.3977833765107542

0.0007685415440876037

  2.025704126378264   1.055832890945427  -0.863159995600852   -2.04913634940636 -0.1692768292092447

-2.229272907291672e-08 -1.099334188685421e-08  1.015512578715601e-06   -0.00175917417879807  -0.003999738022355927

cov:
0.05341977033267065 0.05347628320421507  0.0536067554690455 0.05369269836929166 0.05376041328061219
0.05347628320421507 0.05355752661724301 0.05375036909798323 0.05387404435289158 0.05397264226887877
 0.0536067554690455 0.05375036909798323   0.054103921877259 0.05432423814707549 0.05450205621693623
0.05369269836929166 0.05387404435289158 0.05432423814707549 0.05460321920492758  0.0548287893593943
0.05376041328061219 0.05397264226887877 0.05450205621693623  0.0548287893593943 0.05509457042786967

cov.inverse():
 2356824.428220648 -2619098.311292619 -666823.3699587468  739945.7706247853  189287.5260074342
-2619098.311261856  3693356.533746287 -1067912.996728478 -120608.9344680292  113983.8765454948
-666823.3700527253 -1067912.996615363  4880416.256766451 -2949118.459440214 -196196.1078201885
 739945.7707029075  -120608.934564416 -2949118.459433017  3331697.809713246 -1002097.747224211
 189287.5259925215  113983.8765595344 -196196.1078082414 -1002097.747235285   895001.278617141

cov*(cov_.inverse()):
    0.9999999999890861  7.275957614183426e-12  1.818989403545856e-12                      0  7.275957614183426e-12
 1.818989403545856e-12      1.000000000007276 -4.001776687800884e-11  5.093170329928398e-11                      0
-3.819877747446299e-11  7.275957614183426e-12     0.9999999999727152   2.91038304567337e-11 -7.275957614183426e-12
-1.091393642127514e-11  8.185452315956354e-12 -3.274180926382542e-11     0.9999999999781721                      0
                     0 -1.546140993013978e-11 -2.000888343900442e-11  7.275957614183426e-12                      1
