5
1

0.0002143529621133943
 0.000362800029562554
0.0005677913751432977
  0.01714857066173993
   0.5180411253137178

-0.1380512828809597  0.6274678846669657  -0.737319042524658 0.04375052963484452  0.2041382318275473
-0.5525470055603776  0.5674608882210891  0.4877663935225891 -0.1865504630984029 -0.3161689691499331
 0.1041202385811236 0.03939026557974797  0.1189601295661592 -0.8164318302861751  0.5539809897140295
-0.6830146745215917 -0.2888427861005134 0.06424800917297015  0.3097444593211032  0.5916006782814266
 0.4452904448190586  0.4464195850835246   0.447398318918837  0.4480873266338669  0.4488635268602378

 0.398528873785832
 0.398738565825251
0.3987579953107194
0.3987827250934518
0.3987853800343941

-0.0002445501330173739

 2.507180429226663  2.227805528621572 -1.818914588870055 -1.403799228510818 -1.512140777197832

 9.294081396615624e-08 -3.532475872093267e-08   1.42118813008867e-07  -0.001118123453481142  -0.002841816343932691

cov:
0.05334992425014108  0.0534055972675113 0.05345165356660173 0.05348469386853391 0.05352089239537645
 0.0534055972675113  0.0535074964594654 0.05359471661977461 0.05365637013550371 0.05372543330820899
0.05345165356660173 0.05359471661977461 0.05371894536885932 0.05380620499290477 0.05390476493653502
0.05348469386853391 0.05365637013550371 0.05380620499290477 0.05391168534435495 0.05403034114000423
0.05352089239537645 0.05372543330820899 0.05390476493653502 0.05403034114000423 0.05417312952732271

cov.inverse():
 2769548.884277815  -4254031.95551376  205987.5666109985  387274.5948960733   891451.036409356
-4254031.955278355  11020431.62528791 -7951691.642722763 -306850.2314766131  1491798.876165245
 205987.5662175656 -7951691.642101827  13683285.85540414 -1694573.338824398 -4242924.368191418
 387274.5948970093  -306850.231574177 -1694573.338663728   2373963.57447905 -759825.1185174333
 891451.0365664451  1491798.875877263 -4242924.368124556 -759825.1184533915  2619558.003815036

cov*(cov_.inverse()):
     1.000000000014552  7.275957614183426e-11  5.820766091346741e-11                      0 -5.820766091346741e-11
 1.455191522836685e-11      1.000000000087311  -2.91038304567337e-11 -7.275957614183426e-12                      0
 7.275957614183426e-12  1.309672370553017e-10      1.000000000116415 -7.275957614183426e-12 -5.820766091346741e-11
-1.455191522836685e-11  1.455191522836685e-11  8.731149137020111e-11      1.000000000007276  -2.91038304567337e-11
 2.182787284255028e-11  4.365574568510056e-11  -2.91038304567337e-11  7.275957614183426e-12                      1
