4
1

0.0001834783911763652
 0.000949788391837298
  0.01970725031973294
   0.3928586391384001

 -0.5951052132387045   0.7914991443448196  -0.1047523205762339 -0.09168337369135622
 -0.3605560172060414  -0.1929291220324985   0.8593509153646457  -0.3070728196865227
 -0.5091347220478212   -0.287275263536481   0.0117711069837586   0.8112436124899297
  0.5065875821986966   0.5037661970926925   0.5004042332317109   0.4890646619749062

0.5027897998690604
 0.503478381037712
0.5041679441928864
 0.505968950688839

-0.01070042094128876

   25.28995432750218   -27.98691527300907    2.833050459045357 -0.09005070912528576

-1.262085982717291e-06 -1.133682406693708e-06  -0.001893623021005917    0.01332627049011749

cov:
0.03970869217790955 0.03944414849089516 0.03912183468975487 0.03807753770712795
0.03944414849089516 0.03920003992155462 0.03890507464011445 0.03793442607363161
0.03912183468975487 0.03890507464011445 0.03864761168546629 0.03777459195904807
0.03807753770712795 0.03793442607363161 0.03777459195904807 0.03717087803821905

cov.inverse():
 10664824.90832072 -13914335.43596549  1508287.807846914  1742415.118847287
-13914335.43596543  18650818.84615954 -2646679.691565062 -2090540.638417689
 1508287.807846832 -2646679.691564964  1144586.304009906 -7207.022977761932
 1742415.118847309 -2090540.638417727 -7207.022977745456  355919.0679117829

cov*(cov_.inverse()):
     1.000000000029104  7.275957614183426e-11 -2.842170943040401e-12 -5.456968210637569e-12
-1.455191522836685e-11      1.000000000101863 -8.981260180007666e-12 -2.000888343900442e-11
 7.275957614183426e-11  7.275957614183426e-11     0.9999999999986358 -1.091393642127514e-11
 1.455191522836685e-11  1.164153218269348e-10 -1.534772309241816e-12      0.999999999998181
