5
1

0.0003884146780342257
0.0004463490997821013
 0.001770086167215275
  0.02200422096068765
   0.5186181048833285

   0.5139863017844677   -0.3933745721853812    -0.595043875284111    0.4764381864869967 -0.001992104350509141
   0.2904606389886978   -0.7273181977822387    0.5994626959155759     -0.16516192212207  0.002621461357079394
   0.3775810435721667   0.07608334660685735   -0.2855192736225767   -0.6988975338466555    0.5307210769106058
  -0.5575339000262127   -0.3341042832165697  -0.07290603463242119    0.2375650289564699    0.7181767507995447
   0.4450159599752779    0.4459263811866345    0.4469124267646954    0.4481442715665337    0.4500516110341853

0.3995561271257075
0.3996234474441006
0.3996313976284235
0.3996341604933852
0.3996513875108224

0.0001657006614692026

  3.239175498623537   1.252101545007769 -0.9753327887693835  -3.414676425710878 -0.1014221340619362

1.901401857278742e-08 1.834839764167741e-09 1.231184685815133e-05 -0.001470579443594694 -0.003219861047531003

cov:
0.05341657254256595 0.05346474337955211  0.0535118896179668 0.05357507170255493 0.05367505421238426
0.05346474337955211 0.05353792348301253 0.05361366814189768 0.05371113794181465 0.05386245067623251
 0.0535118896179668 0.05361366814189768 0.05372347418581262 0.05386076911790629 0.05407203570781596
0.05357507170255493 0.05371113794181465 0.05386076911790629 0.05404596904719595  0.0543284203591886
0.05367505421238426 0.05386245067623251 0.05407203570781596  0.0543284203591886 0.05472846849279527

cov.inverse():
 2220720.904656377 -2391018.527316382 -1187604.999892456  1297888.734510898  60165.72086182639
-2391018.527318836  3682995.357581932  -643791.845145352 -656465.2054285383  8016.788537839124
-1187604.999887594 -643791.8451509572   4176740.15436312 -2312470.457360819 -32725.31619360165
 1297888.734508276 -656465.2054257786  -2312470.45736029  1797538.390605195 -126494.6705442769
 60165.72086204353  8016.788538229832  -32725.3161948766 -126494.6705436098  91023.52087132655

cov*(cov_.inverse()):
    0.9999999999954525  6.764366844436154e-12 -3.183231456205249e-11 -2.091837814077735e-11                      0
-9.094947017729282e-13     0.9999999999841975  -4.18367562815547e-11 -2.728484105318785e-11                      0
 4.092726157978177e-12  -1.41540112963412e-11     0.9999999999629381 -2.546585164964199e-11                      0
-9.549694368615746e-12 -1.665512172621675e-11 -3.819877747446299e-11     0.9999999999627107 -9.094947017729282e-13
 3.637978807091713e-12 -1.006128513836302e-11 -1.523403625469655e-11 -2.000888343900442e-11                      1
