5
1

0.0002851228607552438
0.0003398857082224736
0.0004044104369868882
  0.01963486097851458
   0.6107486126720467

  0.1136152485439173   0.3665362512502039  -0.8791239906561612   0.2132658853454144   0.1854762060706819
 -0.4885873837066411   0.7632750911043193   0.1525623961403083  -0.3927274617038967 -0.03439999840021844
  0.3172433520773303  -0.1294072637034151 -0.06230823700250176  -0.7226854564374221   0.5970375451502267
 -0.6723376968277086   -0.260796808171149  0.00538894454536649   0.2760195380616109   0.6353984735243664
  0.4423715867550205   0.4453101130309938   0.4471625735848661   0.4492457552760416   0.4519183185218178

0.4144874560606933
0.4139137980049951
0.4134132838015611
 0.412959467787296
 0.412339191304912

0.006716086048018605

  2.695065925806097    1.12116697112321 -0.3856140958824972  -1.092412657976201  -2.338021510835516

 3.166684406015237e-08 -1.201225252775302e-09  2.085490421537511e-08  -0.001501080026453013   -0.01055670662949553

cov:
0.07317037966693025 0.07354850316127712 0.07378520885004321 0.07405881403705007 0.07440671089527069
0.07354850316127712 0.07399536173442951 0.07427621224027468 0.07459503103645092 0.07500283138568566
0.07378520885004321 0.07427621224027468 0.07458582926391695  0.0749337807792464 0.07538030005314128
0.07405881403705007 0.07459503103645092  0.0749337807792464  0.0753117901332756 0.07579771458289281
0.07440671089527069 0.07500283138568566 0.07538030005314128 0.07579771458289281   0.076336395213065

cov.inverse():
 2841754.084577273 -2966483.160714003 -1994750.207059916  556729.3658109178  1561707.452149905
-2966483.160467066  6798264.245726434 -2906416.631894531 -1061621.691169506  136137.4697341248
-1994750.207354539 -2906416.631351602  9732057.432212375 -2549571.729644182 -2278617.166715428
 556729.3657114841 -1061621.691222447 -2549571.729362417  5088184.033569203 -2034219.810631646
 1561707.452296944  136137.4694912591 -2278617.166748934 -2034219.810502346  2613967.389979265

cov*(cov_.inverse()):
                     1 -3.637978807091713e-12   2.91038304567337e-11                      0                      0
-1.455191522836685e-11      0.999999999998181  1.164153218269348e-10  -2.91038304567337e-11                      0
-4.365574568510056e-11  7.639755494892597e-11      1.000000000087311                      0  -2.91038304567337e-11
 -2.91038304567337e-11  7.275957614183426e-11  1.164153218269348e-10                      1   2.91038304567337e-11
 -2.91038304567337e-11 -2.546585164964199e-11  8.731149137020111e-11   2.91038304567337e-11                      1
