5
1

0.0004396549302995569
0.0007377689526539534
0.0007820117481613842
  0.02553578887382233
   0.5187061727251238

  0.6548018454300722   -0.732884741036713 -0.01898786070574253 -0.07193873613325419   0.1690525923087009
 0.05107907860436556   0.2243337642129242   0.1584694973661663  -0.8603137565586869   0.4263952962256787
 -0.1831493706359592  -0.2579351703908289   0.8780138395214907 -0.08888989147503405  -0.3480172994455779
 -0.5812567967107324  -0.3844963821443221  0.05780159625203048   0.2139213325729954   0.6820555016539468
  0.4440971912358053   0.4451811974724361   0.4475238011880278   0.4483539998518817   0.4508797226983201

0.3972162788002467
0.3972955597084876
0.3974005807001313
0.3974067620194847
0.3974203551002948

-2.884345224858386e-05

  1.800723514938231 -0.1605506621231388  0.3518792776573781  0.7460293172648879   -2.73789055846816

 1.495312158731152e-07 -9.239644284715956e-07  5.547202864130294e-07  -0.001742618522196557  -0.003841485055534306

cov:
0.05328428075360336 0.05333906611864914 0.05345129672860567 0.05349139488017178 0.05361584732440604
0.05333906611864914 0.05341980454902868 0.05358921683271421 0.05364955007505386 0.05383487066298145
0.05345129672860567 0.05358921683271421 0.05388855973623791 0.05399380059769181 0.05431553581362892
0.05349139488017178 0.05364955007505386 0.05399380059769181 0.05411625742139214 0.05448565105043505
0.05361584732440604 0.05383487066298145 0.05431553581362892 0.05448565105043505 0.05500061681815176

cov.inverse():
  2278338.69709094 -2384041.297526957 -312456.1632965242 -297999.2538416951  716308.3749977872
-2384041.297531906  2980214.843288671 -233054.7513973351 -44454.57916406921 -318841.0793062291
-312456.1633032528 -233054.7513869962  1308604.919427853 -371009.6081253575 -392064.7480762776
-297999.2538214508 -44454.57919120318 -371009.6081199702  1399558.256376173 -686057.1806416565
 716308.3749892211 -318841.0792943833 -392064.7480780534 -686057.1806431613  680642.6722391171

cov*(cov_.inverse()):
    0.9999999999854481  2.182787284255028e-11  1.091393642127514e-11                      0 -1.455191522836685e-11
-1.455191522836685e-11      0.999999999992724  3.637978807091713e-12 -7.275957614183426e-12 -7.275957614183426e-12
-1.455191522836685e-11  2.182787284255028e-11      1.000000000007276 -7.275957614183426e-12 -7.275957614183426e-12
-2.182787284255028e-11 -1.091393642127514e-11  7.275957614183426e-12      0.999999999992724 -7.275957614183426e-12
-2.182787284255028e-11  1.091393642127514e-11  3.637978807091713e-12                      0      0.999999999992724
