6
1

0.0001110925025489773
0.0002189035953725346
0.0004473345014945292
0.0009688510765410331
  0.01776984228181874
   0.5670481250824779

-0.02000379864198689   0.3405296396943602  -0.8015769971690246   0.4907863512472796 0.005002502380414521 -0.01474661107934844
  0.4096900819776318  -0.7524176782232065 -0.01988295279015846   0.5035886625024291 -0.03829280913626882  -0.1027543779221734
 -0.5162354661299214   0.1506928676500024   0.4278410916990445   0.5635636933584531     -0.2285823063716  -0.3973546226544121
 0.06331406088747873  0.04890861553009374  0.05145566609642343   0.0780890618153344   -0.812487640144347   0.5698399112776413
 -0.6289907081889796  -0.3560072460009675 -0.06935886534953184   0.1220681325336979   0.3451294816076196   0.5820686295868819
  0.4069604980640479   0.4075115332698986   0.4081331256778875   0.4085641313198119   0.4086664171303445   0.4096485873289583

0.3478183523635136
0.3478657427676467
0.3479753495909108
0.3479628470915006
0.3478990280077908
0.3478738287325252

0.0003415734493968656

 0.9349230458447422    8.61289768145333  -5.583008502048107  -3.452993634715606  0.1694588149196368 -0.6818405946368897

 7.041685866159675e-08 -3.671430125487752e-07 -6.577881785635435e-07  -5.65740634690363e-07  -0.001271586695250613  -0.002929608160788277

cov:
0.05337802518829659 0.05339582001234312 0.05342021242238198 0.05343858920107274 0.05340768898854326 0.05348925012519887
0.05339582001234312 0.05343739895918147 0.05348660145813765 0.05352154981979187  0.0535098297897376 0.05361195121178306
0.05342021242238198 0.05348660145813765 0.05356193112694645 0.05361430024120325 0.05362273263557408 0.05374648867711811
0.05343858920107274 0.05352154981979187 0.05361430024120325 0.05367833825300681 0.05370020295585737 0.05383844527109675
0.05340768898854326  0.0535098297897376 0.05362273263557408 0.05370020295585737 0.05373866949204965 0.05389250600746809
0.05348925012519887 0.05361195121178306 0.05374648867711811 0.05383844527109675 0.05389250600746809 0.05406617947568604

cov.inverse():
 4872439.754954824 -7369621.302883858   29116.2854490272  2061181.521034181  198703.3714170719  207750.9418589047
-7369621.302080966   21326787.0290747 -21480077.12220781  6062857.154218294  524442.9914954848  936356.5840580532
 29116.28326073214 -21480077.11776231  52987849.03884744 -30876096.13876137 -842355.1847622371  181966.8786653385
 2061181.522518359  6062857.149929932 -30876096.13525677  26403133.35969383  -914705.675794442 -2737733.183466037
  198703.371373635  524442.9917031173 -842355.1851537714 -914705.6755490316  997379.8701755742  37431.12294920942
 207750.9418034772  936356.5844965093  181966.8778089815 -2737733.183010777  37431.12296728168  1373994.158435339

cov*(cov_.inverse()):
     1.000000000050932  3.637978807091713e-11 -2.692104317247868e-10  1.455191522836685e-10  2.273736754432321e-13 -1.455191522836685e-11
 6.548361852765083e-11       1.00000000003638  1.364242052659392e-10  3.201421350240707e-10  1.591615728102624e-12 -1.455191522836685e-11
 2.182787284255028e-11  5.093170329928398e-11      1.000000000214641  2.619344741106033e-10  4.092726157978177e-12 -1.455191522836685e-11
 6.184563972055912e-11  -2.91038304567337e-11  5.311449058353901e-10     0.9999999999708962  3.183231456205249e-12  1.455191522836685e-11
  2.91038304567337e-11  5.093170329928398e-11    1.2732925824821e-10  2.619344741106033e-10     0.9999999999895408 -4.365574568510056e-11
 9.094947017729282e-12  6.548361852765083e-11 -7.457856554538012e-11 -1.164153218269348e-10  2.273736754432321e-12     0.9999999999854481
