4
1

0.0004430468320679462
0.0004561997853849431
  0.02190538651223554
   0.4644943372460303

-0.5730160157357397  0.5355509267661063  0.4569794367992846 -0.4195326505683583
 0.2585927915491675 -0.5842000960490944  0.6818704240278708 -0.3562200735094658
-0.5979414114482672  -0.351409205392127  0.2737978240949785  0.6663425473146553
  0.497240869543526   0.498404477289147   0.501255693932264  0.5030777514204094

0.4008531053156205
0.4009131498631942
0.4008972128423198
0.4008786593006147

0.0002912356295036419

  2.006657696990351   1.138144949009136 -0.9218347468180644  -2.222921590242819

-5.689235215762345e-09  3.596339369250309e-09  -0.001599538637442389  -0.003307212089459741

cov:
0.05351673325133193  0.0535706626384588 0.05369724014628224 0.05378012835803282
 0.0535706626384588 0.05365443734534427 0.05385545191399566 0.05398522596510436
0.05369724014628224 0.05385545191399566 0.05424611928665766 0.05449451881228124
0.05378012835803282 0.05398522596510436 0.05449451881228124 0.05481794981728495

cov.inverse():
 1994817.458604693 -2288839.427911741 -487122.3334183058  781267.3046720234
-2288839.427918905  3101317.529639913 -667445.6266457232 -145191.8791536954
-487122.3333997565 -667445.6266687522  3298094.242724072 -2143428.467409004
 781267.3046606401 -145191.8791378323 -2143428.467413485  1507310.355323795

cov*(cov_.inverse()):
    0.9999999999854481 -9.094947017729282e-13 -1.455191522836685e-11                      0
 7.275957614183426e-12     0.9999999999972715 -1.455191522836685e-11  1.455191522836685e-11
 1.455191522836685e-11 -9.094947017729282e-12     0.9999999999854481  1.455191522836685e-11
                     0 -2.728484105318785e-12                      0                      1
