5
1

0.0004428032557201608
0.0007079408920185277
0.0007702975973164772
  0.01681021660204293
   0.5174551018218313

  -0.4609202628040815    0.8221714749555553    -0.333387442446625  -0.01893131565362421 -0.008999756249141741
   0.2596092722249979    -0.106578752749423    -0.655534612517691    0.6786023288144512   -0.1761171381668143
  -0.3505827514993991   0.01356694014608916    0.5089972911734258    0.4631198072508419   -0.6350980036153792
  -0.6315132505275669   -0.3365959628815405  0.006739149176044439    0.3518337426792129    0.6033753173280089
   0.4454641241117405    0.4463116972909232     0.447217538181003    0.4481891857904503    0.4488769433536006

0.3987369699817699
0.3988061709161156
0.3988211929702649
0.3988897536952824
0.3989019973594305

9.918340453621131e-05

  5.219347922424569   0.286100337360912  -4.326932920154001 -0.5215477618352933  -0.657046818569466

-1.396341697404935e-07  1.966003480630452e-06  -2.28596004369262e-06  -0.001130754965426489  -0.002956963614749477

cov:
0.05324663739910994 0.05329486484066355 0.05334157119512212  0.0533960375762961 0.05343329895149376
0.05329486484066355 0.05336833135618446 0.05344377347637898 0.05352704446192641 0.05358534714369469
0.05334157119512212 0.05344377347637898 0.05355330444682925 0.05366984066563636 0.05375262499011874
 0.0533960375762961 0.05352704446192641 0.05366984066563636 0.05382119530868223 0.05392814740188246
0.05343329895149376 0.05358534714369469 0.05375262499011874 0.05392814740188246 0.05405418788626172

cov.inverse():
 1426531.237322176 -1995179.897289859  143389.5662358252  121598.2030764648  303824.8576926697
-1995179.897288025  3470867.900251633 -1246911.011699882 -213519.6985444287  -15524.3406596306
 143389.5662336165 -1246911.011696079  1860919.768089527  -458125.680690636 -299127.0790714835
 121598.2030749678 -213519.6985446565 -458125.6806872239  1282567.691753685 -732540.9767161121
 303824.8576945422  -15524.3406613732 -299127.0790733007 -732540.9767144247   743364.349381574

cov*(cov_.inverse()):
     1.000000000003638 -2.421529643470421e-11 -3.637978807091713e-12  7.275957614183426e-12  7.275957614183426e-12
-9.094947017729282e-12     0.9999999999977263  1.818989403545856e-12  7.275957614183426e-12  7.275957614183426e-12
-9.094947017729282e-12  4.547473508864641e-13                      1                      0  7.275957614183426e-12
 7.275957614183426e-12  7.617018127348274e-12  1.818989403545856e-12                      1  7.275957614183426e-12
-1.091393642127514e-11 -1.296029950026423e-11  1.818989403545856e-12                      0                      1
