5
1

0.0002030445483276791
0.0003860160000050955
0.0004590292494448789
  0.02694666316464475
   0.6100195481934185

-0.02745076411399834   0.6530214796721632  -0.7427657050200925   0.1429823190050309 -0.02577918800668186
 -0.3103316255079005   0.3991369662822977   0.2087199263782745  -0.7217733097440912   0.4241028719901525
  0.6420373381536706  -0.3474611198732562  -0.4074969653042467  -0.3273131834687357   0.4403079942362655
 -0.5433971466215581  -0.3099458457376025  -0.2007939058438113   0.3850165351050462   0.6481490483100649
  0.4420953915381615   0.4443613080817987   0.4453797597808731   0.4508078231533588   0.4533253454438816

0.4159658281682832
0.4154374483258398
0.4152590880705456
0.4139902827037291
0.4134025884591512

0.006377838155975648

 1.363856341846774 0.1266727681019801  1.677374854860625 -1.205206927210408 -1.962386576389351

-5.451663755681229e-08  2.241978899075624e-09 -6.773556007992798e-08  -0.002071720574432094   -0.00990012936570266

cov:
0.07294549788600288 0.07322599240709479 0.07335047607012657 0.07401237768599354 0.07432277201857013
0.07322599240709479 0.07354827127964098 0.07369206974475709  0.0744577613085845 0.07481483949673003
0.07335047607012657 0.07369206974475709 0.07384499180618549 0.07465914495631042 0.07503800002555724
0.07401237768599354  0.0744577613085845 0.07465914495631042  0.0757336113532102 0.07622932826343004
0.07432277201857013 0.07481483949673003 0.07503800002555724 0.07622932826343004 0.07677800045206441

cov.inverse():
 2621315.749639699 -2324569.547709044 -1181637.211915165  410367.2268671395  475064.7273880655
-2324569.547705923  11985852.50751017   -10533989.742199  871010.0070919325  1326.366237855261
-1181637.211953943 -10533989.74187121  14462491.26707416 -2954141.342361747  206792.2435157822
 410367.2269810362  871010.0060482195 -2954141.341343667  4500696.349236189  -2827324.28237146
 475064.7273098408  1326.366956776142  206792.2427868418 -2827324.282283224  2143861.447025822

cov*(cov_.inverse()):
     1.000000000043656  1.459170562156942e-10 -3.274180926382542e-11                      0  -2.91038304567337e-11
 1.455191522836685e-11      1.000000000039762 -1.764419721439481e-10  8.731149137020111e-11  -2.91038304567337e-11
  2.91038304567337e-11 -2.184634695368004e-10      1.000000000007276  -2.91038304567337e-11  -2.91038304567337e-11
 5.820766091346741e-11  -1.28878241412167e-10  1.491571310907602e-10      1.000000000029104  -2.91038304567337e-11
 7.275957614183426e-12  5.681499715137761e-11 -2.728484105318785e-11                      0                      1
