6
1

0.0003785740834743643
0.0004278181328616062
 0.000482682524368898
0.0007811095460189231
  0.02342270432073687
   0.5820621816711142

  0.2549487436856026   0.2558054610123069  -0.8933869701088892  0.03094768942363025   0.1102419946756689   0.2414816120915644
 -0.2081103808263035   0.1340431208609764 -0.07430458845447398 -0.09673018440682764   0.7910813131063881  -0.5459257886886142
 -0.5844357862589021   0.7562367282128074  0.01606092055960382  0.09973891628384582  -0.2760524788503151 -0.01140381391579165
 0.08636436274017523   0.2261333892016538   0.1576024379500469  -0.8965889958876722   0.1087494465017318   0.3175973693649884
 -0.6153919192483827  -0.3585061354124707 -0.06973535809142263  0.09391144354610854   0.3253781475177592   0.6109114652028274
  0.4049197473545567   0.4062499968343488   0.4078958788577183   0.4087131925283367   0.4100423229227405   0.4116317649923548

0.4003063304372857
0.4002433708385689
0.4001976927381733
0.4002850119364101
0.4001406841384033
0.4000757621517702

0.0007782801896573347

  2.398336256555779  0.6158427498373484  -1.173199448535425  0.6304485353952493 -0.3454383063506455  -2.125925563689742

 1.841880025229451e-07  9.095581511088266e-08 -1.799347172170518e-07 -6.812207599370451e-07  -0.001627671799361617  -0.005520205246542905

cov:
0.05575692450957401 0.05585249773970454 0.05598085748133482 0.05603769848516345 0.05614196154859719 0.05626363915314035
0.05585249773970454 0.05598532640581993  0.0561548751581585 0.05623508277076227 0.05637259021830957 0.05653524212112104
0.05598085748133482  0.0561548751581585 0.05637141829953045 0.05647788588668425  0.0566527807519415  0.0568615299472375
0.05603769848516345 0.05623508277076227 0.05647788588668425 0.05660007429321745 0.05679547127903381 0.05703018959728719
0.05614196154859719 0.05637259021830957  0.0566527807519415 0.05679547127903381 0.05702165499765431 0.05729323751615184
0.05626363915314035 0.05653524212112104  0.0568615299472375 0.05703018959728719 0.05729323751615184 0.05761077736487141

cov.inverse():
 2169128.808539039 -1561966.342462161 -1522658.735397186 -212173.2844327983  4124.918554868268  1123187.808565606
-1561966.342445368   3093461.67268145 -1538412.511491848 -24225.45457328991  -79817.3145726567  111495.9738360704
-1522658.735421102 -1538412.511481852  5640995.498923101 -378377.7517104786 -999340.4706597293 -1202489.991224053
-212173.2844776959 -24225.45455204097 -378377.7516530216  1418056.213178112 -672208.0212294776 -130820.4872413557
 4124.918636192377 -79817.31456292306 -999340.4708324736 -672208.0212132256  3850655.889947325 -2103355.669883473
 1123187.808536303  111495.9738118856 -1202489.991122684  -130820.487223804 -2103355.669948909  2201794.771338291

cov*(cov_.inverse()):
    0.9999999999781721  9.094947017729282e-13 -1.455191522836685e-11  5.456968210637569e-12  -2.91038304567337e-11                      0
 1.455191522836685e-11      1.000000000012733 -1.455191522836685e-11 -5.456968210637569e-12 -1.455191522836685e-11 -1.455191522836685e-11
-1.455191522836685e-11 -1.818989403545856e-12                      1                      0  1.455191522836685e-11 -1.455191522836685e-11
                     0    1.2732925824821e-11  -2.91038304567337e-11      1.000000000000909 -1.455191522836685e-11                      0
-1.455191522836685e-11  1.546140993013978e-11                      0 -6.366462912410498e-12      1.000000000014552                      0
-7.275957614183426e-12  1.091393642127514e-11 -1.455191522836685e-11  3.637978807091713e-12                      0                      1
