4
1

0.0005758690676505014
0.0007183569370623522
   0.0159065731116429
   0.4593076902701544

  0.0768658782595289   0.2838005525493321  -0.8316115035336227   0.4711381860161966
  0.3712182833793209  -0.8172186925785991 0.005164574332221589   0.4408218707788913
  -0.779856727417061 -0.04175612342803628   0.2402741469543275   0.5764965265844928
   0.498108529887467   0.4998672634100786   0.5006635283979497   0.5013548072536863

0.3977252683971655
0.3987258327416666
0.3991176022441641
0.3994868977359176

-0.00473654015367894

   3.099224661798031 -0.03729613904012408  -0.6065230223248071   -2.456232106090896

-1.410047912611445e-07   4.90620310434043e-08   -0.00100629097633296  -0.002109764106669093

cov:
0.05249656540910203 0.05253551457780221 0.05256366756975787 0.05257008277676341
0.05253551457780221 0.05271370222016773 0.05279423990330599 0.05286352453208593
0.05256366756975787 0.05279423990330599 0.05289579834607452 0.05298889460160081
0.05257008277676341 0.05286352453208593 0.05298889460160081 0.05311135509598806

cov.inverse():
 287262.3607245507 -521967.1050857839 -189779.5940161372  424538.7007507367
-521967.1050859794  1537064.858753909 -719899.7105104243 -295005.1271474844
-189779.5940157876 -719899.7105112228  2085700.756256567 -1176505.710630537
 424538.7007505826 -295005.1271468812 -1176505.710630986  1047228.283554579

cov*(cov_.inverse()):
     0.999999999996362 -7.275957614183426e-12  1.455191522836685e-11                      0
-7.275957614183426e-12      0.999999999996362                      0                      0
 3.637978807091713e-12 -1.818989403545856e-12      0.999999999992724  1.455191522836685e-11
                     0                      0                      0                      1
