5
1

0.0004406281101747704
0.0004953171731888873
0.0007072066705223424
  0.02139386061226412
    0.519542108739135

 -0.3891237035281566   0.8077993826034339  -0.4252564220222928 -0.08380308989253206  0.09042631514832328
 -0.3016458659653494  0.07271680921532642   0.1431164761159777   0.7060930596678474  -0.6202195599596959
  0.4272820521864059  -0.1661922773087004  -0.7736295805870846   0.4294258444430849  0.08307160168984715
 -0.6144690837891803  -0.3405815378846931 -0.01556641925266604   0.3295741279680532   0.6305319515180258
  0.4443538093065084   0.4455970894632255   0.4471348884008542   0.4487582550904248   0.4501992293192545

0.3996850025322616
0.3997199586973416
0.3997538180435929
0.3998185738176896
0.3998427211772297

-0.0001452496097272052

 3.666964761300235 0.8443887760839848 -3.489733491713502 0.1565348864522917  -1.17827782643383

 1.202895088263102e-07 -1.724347996841371e-07  2.048377150762926e-06  -0.001454492826549535  -0.004024054287399234

cov:
0.05346953426180161 0.05354138215339228 0.05363437907986434  0.0537322105587856 0.05382041289128605
0.05354138215339228  0.0536484698473528 0.05378262617582787 0.05392404239091056 0.05405047712434027
0.05363437907986434 0.05378262617582787 0.05396625055346142 0.05415924569698547 0.05433108921247169
 0.0537322105587856 0.05392404239091056 0.05415924569698547 0.05440829826013545 0.05462793542251071
0.05382041289128605 0.05405047712434027 0.05433108921247169 0.05462793542251071 0.05489008673576102

cov.inverse():
 1516623.526056243 -1849929.442366646  15433.05861521792 -333760.0147673109  651454.4320965763
-1849929.442373958  3437985.577754108  -1469833.77145136 -282331.2798700442  164329.3135288355
 15433.05862416082 -1469833.771451999  2211599.699572359 -68807.35698694653 -688379.5584882244
-333760.0147628497 -282331.2798989163 -68807.35695212138  2437275.586024246 -1752260.165799509
 651454.4320904852  164329.3135510329 -688379.5585147449 -1752260.165789094  1624703.974276163

cov*(cov_.inverse()):
     1.000000000014552  3.637978807091713e-12 -2.182787284255028e-11  -2.91038304567337e-11                      0
 7.275957614183426e-12      1.000000000005457 -7.275957614183426e-12 -1.455191522836685e-11  1.455191522836685e-11
 7.275957614183426e-12 -1.818989403545856e-11      1.000000000007276 -4.365574568510056e-11                      0
 1.455191522836685e-11 -9.094947017729282e-12 -1.455191522836685e-11     0.9999999999854481                      0
 1.455191522836685e-11  5.456968210637569e-12                      0 -1.455191522836685e-11                      1
