5
1

0.0001231965757972457
 0.000209262805080424
0.0002272108978217816
 0.008250706224410842
   0.5190334400718684

 0.02073692294685028  -0.1528332418945341   0.5769673602421311  -0.7441465788261837   0.2992766523389634
 -0.4957817582541124  0.04026331719480131   0.6553964137044802   0.2893225279880748  -0.4892109250342107
  0.4542519831466541  -0.8164959729288065    0.188096016882633   0.2825764917585556  -0.1084429653628538
  -0.589903879615266  -0.3296566254742254 -0.04717265669797421   0.2870745325728305   0.6772760702283451
  0.4465859120385989   0.4468575846200506   0.4471675692751841   0.4475232765716149   0.4479323655992232

0.4011789552313819
0.4011748799485944
0.4011710842424891
0.4011656414450006
0.4011589338747524

0.0001415932739754692

 4.949110570165002 -4.995739716715196  8.664094980395204  1.754826263171048 -10.37247754292215

  2.20824455416996e-08  3.768486038490821e-07  4.944375447829949e-07 -0.0005583846478824049  -0.002349571584377123

cov:
 0.0537517154617223 0.05377390764090093 0.05379986804281108 0.05382924990748195 0.05386280538241597
0.05377390764090093 0.05380082667650508 0.05383176089655754  0.0538670790439526 0.05390758194072886
0.05379986804281108 0.05383176089655754 0.05386822988289952 0.05390998566615955 0.05395799655202876
0.05382924990748195  0.0538670790439526 0.05390998566615955   0.053959413679403 0.05401633190563904
0.05386280538241597 0.05390758194072886 0.05395799655202876 0.05401633190563904 0.05408371095861936

cov.inverse():
 9643481.907857213 -7846236.936609331 -4976314.535945404 -1808380.131349091   4987466.47655392
-7846236.936685746  14491288.97574596 -8182032.539610344  3288808.420236523 -1751604.997943536
-4976314.536764664  -8182032.53826602  32427711.97587052 -22929147.45505609  3659621.643319003
-1808380.129631593  3288808.417494935 -22929147.45425081  39944915.38181086 -18496405.15548615
 4987466.475732099 -1751604.996622689  3659621.643038774 -18496405.15570492  11601070.83229773

cov*(cov_.inverse()):
     1.000000000116415                      0  2.619344741106033e-10 -3.492459654808044e-10 -1.164153218269348e-10
 1.164153218269348e-10      1.000000000101863  1.164153218269348e-10 -2.328306436538696e-10                      0
 1.746229827404022e-10  4.365574568510056e-11      1.000000000232831 -2.328306436538696e-10                      0
 1.746229827404022e-10 -7.275957614183426e-11  1.164153218269348e-10     0.9999999998835847  1.164153218269348e-10
 1.164153218269348e-10                      0 -5.820766091346741e-11 -1.164153218269348e-10                      1
