5
1

0.0001107962364555629
0.0002194271944510108
0.0004979806690293617
  0.01629002762887174
   0.5148698701355719

  -0.02199009357753303     0.3405561828054195    -0.7990308846558946     0.4948537963101162   -0.01439749217529761
   -0.4346367846575059     0.7609417580834249    0.04382056387100201    -0.4693469175904423     0.0992559084280086
    0.4958598701992161   -0.09759391036976493     -0.399573295387789    -0.5402337958864413     0.5413751427428344
   -0.6048139409809223    -0.3099165696597137 -0.0002609949621265944     0.2064659014976454     0.7039343577677371
    0.4460161287758305     0.4465604949690491     0.4471806313366205     0.4476074938232246     0.4486985086174154

0.3495840503762334
0.3496519673969079
0.3497816439661756
0.3497790495879716
0.3497257171131828

6.066846477614298e-05

 0.9232653210501766   8.516617642506958  -5.576410884328655  -3.143435324903835 -0.7207343486042338

7.108482843813928e-08 3.485372163241946e-07 7.843329551342266e-07 -0.001155067803222182 -0.002413483935049123

cov:
0.05283179247358345 0.05284872745713042 0.05287232875086158 0.05288961293473369 0.05293888822684054
0.05284872745713042 0.05288897609432204 0.05293689719998693  0.0529704174059933 0.05305865103966835
0.05287232875086158 0.05293689719998693 0.05301042850950198 0.05306101615138163 0.05319021348781409
0.05288961293473369  0.0529704174059933 0.05306101615138163 0.05312303087440733 0.05327958196693987
0.05293888822684054 0.05305865103966835 0.05319021348781409 0.05327958196693987 0.05350242863060176

cov.inverse():
 4955756.968507756 -7673543.164194381  236794.0257672883  2269667.431030809  210710.5850640529
 -7673543.16506174  21512521.98819031 -21316966.97750544  6523014.345125115  955358.3836529398
 236794.0279462445 -21316966.98141515  52692541.55822206 -31766671.09417576  155157.8424922038
    2269667.429714  6523014.348377724 -31766671.09641143  25700430.29886208 -2726758.044889185
 210710.5850693258  955358.3834425139  155157.8429973028 -2726758.045189123   1405241.60692461

cov*(cov_.inverse()):
    0.9999999999745341  4.365574568510056e-11 -3.328750608488917e-10  2.037268131971359e-10                      0
-7.275957614183426e-12     0.9999999999272404  5.456968210637569e-11 -1.746229827404022e-10  1.455191522836685e-11
 5.638867150992155e-11  1.164153218269348e-10     0.9999999997580744  8.731149137020111e-11                      0
-1.091393642127514e-11  8.731149137020111e-11  2.728484105318785e-10      1.000000000203727  1.455191522836685e-11
-9.094947017729282e-12 -1.236912794411182e-10 -8.185452315956354e-11                      0                      1
