5
1

0.0004457346687928377
0.0004571612233941096
0.0007728059821063235
  0.02648459222454655
   0.5186359327738475

  0.6309783330338034  -0.6552315643752701 -0.09406105421324193  -0.2207174004841632   0.3390785860121902
  -0.169529114851016   0.3424788073933853  0.09450284351336943  -0.7698452581716776   0.5023700197490951
 0.05498209236985115   0.2753160141657342  -0.8754545343390421   0.2170194849332781   0.3281157773211044
 -0.6109246951767007  -0.4239387941898995   0.1231563071824667   0.3313860166342125   0.5675057247152289
  0.4437050921519863   0.4448110325266766   0.4479214361409493   0.4491190919262962   0.4504745995654787

0.3994646980061629
0.3995454814016684
0.3996459459765827
0.3996331585018046
0.3996408385684855

3.756645060985679e-05

  2.357103039229127 -0.6856054193206309   1.445283432384722 -0.8363918763464916  -2.280238893115805

  2.40797923830787e-07 -2.088816163083336e-07 -1.346235176655461e-06  -0.001783450509696035  -0.003916951254190459

cov:
0.05321774300931448 0.05326943620997915 0.05340625892997445 0.05346001759946454 0.05352064238608661
0.05326943620997915 0.05334639560404275 0.05355557824445722 0.05363708785810489 0.05372909261980077
0.05340625892997445 0.05355557824445722 0.05397817774310462 0.05413987755552541 0.05432354767424924
0.05346001759946454 0.05363708785810489 0.05413987755552541 0.05433324920220339 0.05455167205953988
0.05352064238608661 0.05372909261980077 0.05432354767424924 0.05455167205953988 0.05481010373569907

cov.inverse():
 2147009.592143958 -2333013.361009166 -456084.2775798542 -56810.40265182693  699078.7138926892
-2333013.361001624  2849299.339903002  61418.79346707518 -433776.7856763838 -144118.1755993472
-456084.2775910125   61418.7934808311   1370579.83375206 -561671.2487426826 -414243.0710888472
-56810.40266253514 -433776.7856646039 -561671.2487406004  3159968.254564601  -2107688.30692986
 699078.7139070124 -144118.1756173396 -414243.0710883313 -2107688.306926705  1966978.059798229

cov*(cov_.inverse()):
    0.9999999999708962 -9.094947017729282e-13                      0                      0                      0
-7.275957614183426e-12     0.9999999999809006 -7.275957614183426e-12 -1.455191522836685e-11  1.455191522836685e-11
-1.455191522836685e-11  3.637978807091713e-12                      1  1.455191522836685e-11                      0
 -2.91038304567337e-11 -1.818989403545856e-11  3.637978807091713e-12                      1  1.455191522836685e-11
 -2.91038304567337e-11 -1.182343112304807e-11 -3.637978807091713e-12                      0                      1
