5
1

0.0004498758202136145
0.0004689963949436534
0.0007884516925876646
  0.01583660625356228
   0.5191757682072825

 0.5707792013356093  -0.526968166557917 -0.5222199915309247  0.1709057622267433  0.3075600033170895
 0.2068026090018892 -0.6287509459902069  0.7189735125745833 -0.1276617707748401 -0.1693649589650382
0.06635220159620453 0.09428119056528905  0.0583059802869346 -0.8020651785221422  0.5830954506030307
-0.6547239984598425 -0.3448527895922323 0.08213741543610531  0.3322302383898547  0.5790419268378661
 0.4453960657850364  0.4462783996196261  0.4474563959872094  0.4481162916275107  0.4488123187751229

0.4005959020813213
0.4006692619803301
0.4007721880768625
0.4007561469447425
0.4007703121053102

6.752742463372772e-05

  3.928808757876698 -0.8523735922968495  0.9485636210133342  -1.226261331004648  -2.798616137254708

2.278850594444249e-07 5.852951080523054e-07 -2.56550982333606e-07 -0.001060461278079762 -0.003137533953884809

cov:
0.05357898933040503 0.05363387107435237 0.05370524085398911 0.05374340364802371 0.05378650788945239
0.05363387107435237 0.05371344227247305 0.05381802642956038 0.05387576882548913 0.05393822095195404
0.05370524085398911 0.05381802642956038 0.05396911062558492 0.05405361350454885 0.05414267407694799
0.05374340364802371 0.05387576882548913 0.05405361350454885 0.05415463535221667 0.05425858652460515
0.05378650788945239 0.05393822095195404 0.05414267407694799 0.05425858652460515 0.05437914281251621

cov.inverse():
 1812948.726883122 -2066348.809496313 -790791.3213101011  275490.3200614381  768876.3906729204
-2066348.809500402  3184157.009835067 -686732.4048590851 -202171.6400620508 -229040.0501731374
-790791.3213019446 -686732.4048636246  3703076.573648714 -933390.2394244965 -1292315.426040778
 275490.3200604441  -202171.640073455 -933390.2394008234  1253685.639231761 -393530.4932464026
 768876.3906698474 -229040.0501612838 -1292315.426060833 -393530.4932351275  1146058.116981146

cov*(cov_.inverse()):
    0.9999999999636202  2.182787284255028e-11                      0 -7.275957614183426e-12  7.275957614183426e-12
-3.637978807091713e-11      1.000000000021828                      0 -7.275957614183426e-12  7.275957614183426e-12
 -2.91038304567337e-11  7.275957614183426e-12                      1 -1.091393642127514e-11  1.455191522836685e-11
-2.182787284255028e-11  3.092281986027956e-11  1.455191522836685e-11     0.9999999999890861  7.275957614183426e-12
 -2.91038304567337e-11  1.455191522836685e-11  1.455191522836685e-11 -3.637978807091713e-12      1.000000000007276
