4
1

0.0005575371600738905
0.0007020687537107785
  0.02565394768037091
   0.4672354147489816

-0.6449714574309882  0.7457093205611067  0.0565030559732714 -0.1572794741640532
-0.1072420577752296 -0.2559049985804737  0.8361416207665574 -0.4731584964549795
-0.5716397877376155 -0.3621074380092447  0.2144423666522279  0.7043583092420126
  0.495720599954022  0.4973011605337371  0.5016862227250691  0.5052361590789753

0.4023197088324799
0.4024732639987691
0.4026873398411125
0.4028558893142978

-0.001003957858460301

 3.520494792841141 -1.603386764530684 0.1490845296722995 -2.066280972211691

-9.738459447234251e-07   5.59493250545806e-07  -0.001879137002272912  -0.004661008223640359

cov:
0.05386219173260102 0.05395414115353352 0.05421187000387388   0.054411845521934
0.05395414115353352 0.05407614221179657  0.0544145115164239 0.05468327413198696
0.05421187000387388  0.0544145115164239 0.05497658123336455 0.05543397785542446
  0.054411845521934 0.05468327413198696 0.05543397785542446 0.05605294639769763

cov.inverse():
  1362068.65692007 -1491263.127906675 -299344.3462794824  428672.0053565705
-1491263.127897097  1921984.006014884 -298678.1407505194 -132037.3390854212
-299344.3463003078 -298678.1407256076  1428747.096410167 -831009.9811279371
 428672.0053678227 -132037.3391007612 -831009.9811238494   534540.820614923

cov*(cov_.inverse()):
     1.000000000007276                      0  1.455191522836685e-11 -3.637978807091713e-12
                     0     0.9999999999881766                      0 -3.637978807091713e-12
 7.275957614183426e-12 -6.366462912410498e-12      1.000000000014552 -7.275957614183426e-12
 3.637978807091713e-12  1.818989403545856e-12                      0                      1
