4
1

0.0003986693567134588
0.0009443933160779814
  0.02044152517835808
   0.4647261283982385

  -0.3169383669884564    0.8118159363802515   -0.4903927427649276 -0.004462601622160178
   0.4300996520805293   -0.2501192787106953   -0.6967311569633438    0.5167400996767817
  -0.6837338671154118   -0.1706928246854943    0.1530175488868614    0.6927897143383043
   0.4970637381365723     0.499258641845271    0.5006658391508948    0.5029932069917478

0.4022182558196934
0.4023415545221964
0.4023768185928671
0.4024765919703931

-0.000138960194098664

  3.839760644723651 -0.6155094367968407  -2.843089158643156 -0.3810937547670922

-5.097386055384565e-08  3.201285334371823e-06   -0.00134523363277277  -0.002984238702878843

cov:
0.05355583531246703 0.05364456573480905 0.05370303932190257 0.05379911155895298
0.05364456573480905 0.05384493611597566 0.05397351023293324 0.05418575159235969
0.05370303932190257 0.05397351023293324 0.05414674588794913 0.05443212254502704
0.05379911155895298 0.05418575159235969 0.05443212254502704 0.05484176386723302

cov.inverse():
 840541.1701458346 -1739187.336890669  641656.1567331319  256959.2456182391
-1739187.336886556    4216788.6924948 -2309485.824025075 -167990.8706598917
 641656.1567265638 -2309485.824014607   2057421.67989871 -389650.7605201129
 256959.2456206946 -167990.8706662467 -389650.7605162136  300665.9386914204

cov*(cov_.inverse()):
     0.999999999992724 -9.094947017729282e-12  7.275957614183426e-12 -3.637978807091713e-12
-3.637978807091713e-12     0.9999999999654392  1.455191522836685e-11                      0
-2.000888343900442e-11  1.455191522836685e-11      1.000000000003638 -5.456968210637569e-12
-3.637978807091713e-12  1.818989403545856e-12 -3.637978807091713e-12                      1
