4
1

0.0005270196629857239
0.0007864032496523284
  0.02451033602106642
   0.4524454639631422

-0.6048430032604543  0.6836604345166847  0.2466219401846983 -0.3255011064541355
 0.1500175106594225 -0.3839789198995092  0.7503809510265868 -0.5167043292878348
-0.6028909550330698 -0.3692111484095823  0.3534364673934263  0.6126077764327233
 0.4981788677189514  0.4988504056722229  0.5011873007892614  0.5017742301538576

0.4082639155700347
0.4088529139110934
0.4105488311746441
0.4110139430804769

-0.006205193450231153

 2.950389259550122 -1.274299058618301  2.881027168531235 -4.555603334222535

-1.284125061607036e-07  3.369010304746327e-06  -0.001850820184485606  -0.001599405188440629

cov:
 0.0510230820680111 0.05100666328805441  0.0509834237851015 0.05094938834437466
0.05100666328805441 0.05102377936634776 0.05110177874835131 0.05110442136236747
 0.0509834237851015 0.05110177874835131 0.05149547172309493 0.05161009108661504
0.05094938834437466 0.05110442136236747 0.05161009108661504 0.05176621745503109

cov.inverse():
 1354136.416464193 -1581549.469888588 -355385.0203605306  582874.3747552736
-1581549.469885392  1921417.624863672  140919.3968729748 -480754.0886522325
-355385.0203725928  140919.3968879138  1129677.282364295 -915610.6934880633
 582874.3747641449 -480754.0886639815 -915610.6934851873  813799.4237297141

cov*(cov_.inverse()):
                     1  3.637978807091713e-12                      0                      0
 7.275957614183426e-12                      1                      0  1.455191522836685e-11
-7.275957614183426e-12 -3.637978807091713e-12                      1                      0
                     0 -7.275957614183426e-12                      0                      1
