4
1

0.0001488794757469134
0.0001784799900438095
 0.008107772260075995
   0.3469018978785109

 0.1788666826097936 0.09785929055830205 -0.8166485578312683  0.5399216629250052
 0.5883243206416512 -0.7952733557928178    0.10256815312493  0.1043769958952198
-0.6105608807042112 -0.3293223692696551  0.2686368521513955  0.6682787066176117
 0.4990957969642754  0.4995103861943981  0.5003989894302743  0.5009926256080806

0.4001066410123644
0.4000962721815037
0.4000728886944424
0.4000580140666926

0.0003728276414837068

 3.825886416744643  0.955224282253026  6.855857536479468 -11.63696872337739

-2.461229469701595e-07  3.121030900691804e-08 -0.0005643772128293259  -0.001533510629712579

cov:
0.03000103453728308 0.03001462146335216 0.03004400606236195 0.03006362629281777
0.03001462146335216 0.03003348959438848 0.03007393536073383 0.03010097106686524
0.03004400606236195 0.03007393536073383   0.030138024606671 0.03018080524157102
0.03006362629281777 0.03010097106686524 0.03018080524157102 0.03023416800459663

cov.inverse():
 12314702.09325705 -13894952.35803557  -4698331.74914198  6278538.662546409
-13894952.35799411  20287966.65604565 -6167509.291920495 -225388.8880238841
-4698331.749245758 -6167509.291788163  30419866.15489526 -19554007.47756398
 6278538.662608709  -225388.888114736 -19554007.47753543  13500800.67332829

cov*(cov_.inverse()):
    0.9999999999126885  6.639311322942376e-11 -1.164153218269348e-10  5.820766091346741e-11
-5.820766091346741e-11      1.000000000084583                      0  1.164153218269348e-10
-5.820766091346741e-11   8.36735125631094e-11     0.9999999998835847                      0
 -2.91038304567337e-11  3.637978807091713e-11                      0                      1
