4
1

0.0002723325234938048
0.0005978580743093505
  0.02222031893311825
   0.4631479760580796

 -0.3126112650937642   0.8599610639449434  -0.1936371551995272  -0.3539008583789973
 -0.1331041640711208  -0.1017826277197738    0.804445326300407  -0.5699046369304408
 -0.7989672052346803 -0.00898087072121303   0.2530878653532022    0.545451447272379
  0.4961944008177529   0.5000266084462183    0.501317166602766   0.5024396540006161

 0.392792545121025
 0.392035221154974
0.3916407848182307
0.3912774580638614

0.004944468745157671

  2.66547018566496 -1.530813163036239  4.424383924216346 -5.545809212479895

-7.741003367462479e-08  2.330751128674383e-06  -0.001985381847615445  -0.002417650778287553

cov:
0.05312848795245209 0.05322470974225917  0.0532586718503699 0.05326288201481953
0.05322470974225917 0.05363231812988353 0.05376947951894848 0.05388861946185233
 0.0532586718503699 0.05376947951894848  0.0539412842983796 0.05409813256732222
0.05326288201481953 0.05388861946185233 0.05409813256732222 0.05429813151874992

cov.inverse():
 1368541.220490713 -3586884.560032304  516221.6808059966   1703063.73425501
-3586884.560039792  10000440.36080448 -2474345.901891459 -3941288.904947517
  516221.680820217 -2474345.901925932  2316190.566738782 -358354.0269159232
 1703063.734248271 -3941288.904920513 -358354.0269361876  2598023.448597186

cov*(cov_.inverse()):
    0.9999999999854481  5.820766091346741e-11  7.275957614183426e-12   2.91038304567337e-11
-1.455191522836685e-11      1.000000000087311 -1.091393642127514e-11   2.91038304567337e-11
-1.455191522836685e-11  8.731149137020111e-11      0.999999999992724   2.91038304567337e-11
-1.455191522836685e-11                      0 -3.637978807091713e-12                      1
