4
1

0.0004254636930645473
 0.001010631039225591
  0.01468166202644079
   0.4613882084822858

  -0.472009463809098    0.822234463961844  -0.3161919054558411 -0.03406216775592276
 -0.4087787942169818    0.053483856550977   0.7968773642013707  -0.4416173014165332
 -0.6012460438249769  -0.2677115328673864   0.1213266455787697   0.7430434543330645
  0.4986082212097721   0.4994001386980275   0.5002889069530569   0.5016974713810446

0.3947708625134301
0.3948411052715625
0.3948909319919363
0.3950176961612577

-0.0001312524346232347

  5.233235797207439  0.8225167117964677   -5.41114103081383 -0.6450082724464438

-1.102513976483064e-08 -6.253280626438094e-06 -0.0009705072698796933  -0.002263649475316453

cov:
0.05300203357355274 0.05304256084915518 0.05308626542148512 0.05315569395913433
0.05304256084915518   0.053107722153688 0.05317963025022426 0.05329347515993934
0.05308626542148512 0.05317963025022426 0.05328512937800849 0.05345037798728975
0.05315569395913433 0.05329347515993934 0.05345037798728975   0.053700947415554

cov.inverse():
 1396049.902848921 -2164640.781809051  505206.3397667886  263491.7856553041
 -2164640.78181005  3737925.651534063 -1394642.845435978 -178765.5180506474
 505206.3397684421 -1394642.845438177   1174095.41944509 -284633.2223304045
 263491.7856546492 -178765.5180494471   -284633.22233095  199916.4039857814

cov*(cov_.inverse()):
     1.000000000014552 -7.275957614183426e-12 -1.091393642127514e-11 -1.818989403545856e-12
 1.637090463191271e-11      0.999999999994543 -5.456968210637569e-12                      0
 2.000888343900442e-11 -9.094947017729282e-12      0.999999999996362 -1.818989403545856e-12
 9.094947017729282e-12 -1.455191522836685e-11  3.637978807091713e-12                      1
