4
1

0.0001723327468947549
0.0001891776307415156
 0.007708868021843659
   0.3468992400821456

-0.3341430755912024  0.7970599078677617 -0.5015489052783497  0.0386342324678048
 0.5759505461346517 -0.2195583880620199 -0.7057240717005216  0.3493259470197446
-0.5544118918993811 -0.2585315274579714 0.01942159544411187  0.7908297573189839
  0.499256274434481  0.4996509449722785  0.5000250312403688  0.5010659375363483

0.4002509176177373
0.4002410406407501
0.4002315943524772
0.4002055895437327

0.0003497935262619127

 1.879819777076977 -2.387306227587302  11.67778211630223 -11.17025940166534

-2.619262339180525e-07 -3.770827264389194e-07 -0.0005367398569501818  -0.001463458764881074

cov:
0.03001361930992901 0.03002755518685753 0.03004087549460822 0.03007801411432964
0.03002755518685753 0.03004677297630583 0.03006496856430958 0.03011570853838707
0.03004087549460822 0.03006496856430958 0.03008783071482311  0.0301513203402575
0.03007801411432964 0.03011570853838707  0.0301513203402575 0.03025035190144192

cov.inverse():
 13033623.71897067 -12498848.39310968 -5714620.944425912  5179758.712273988
-12498848.39279003  22739854.49265333 -9131236.622876918 -1109654.900054954
-5714620.944861546 -9131236.622318594  22386664.30887003 -7540718.121870656
 5179758.712389975 -1109654.900293624 -7540718.121747973  3470531.381644917

cov*(cov_.inverse()):
    0.9999999999708962 -7.275957614183426e-12                      0 -1.455191522836685e-11
                     0                      1 -8.731149137020111e-11 -1.455191522836685e-11
 -2.91038304567337e-11   2.91038304567337e-11      0.999999999825377 -4.365574568510056e-11
 -2.91038304567337e-11 -4.365574568510056e-11                      0                      1
