4
1

0.0003989177668096677
0.0007398548406397559
  0.02107680905515837
   0.4471089452175672

-0.4007219034723558  0.7815061270744686 -0.4698442425830158 0.08897481179608341
 -0.352166792784138  0.2857035622645613  0.6627212912067286 -0.5959467381828347
-0.6879170231455874 -0.2458394205668836   0.294477297882132   0.616130075222668
 0.4921083980223661  0.4971766558777101  0.5033189832749376  0.5072619624229681

0.3929383706206385
0.3926593172251147
0.3921964150212164
0.3916587239634053

0.004298428439475463

 -2.863061777039915   9.139595441728773 -0.6725702898271945  -5.604176431812233

1.290160553862124e-06 3.565423112022695e-06 -0.001745068204859705 -0.009244906922577593

cov:
0.04862178727787795 0.04898508538754648 0.04942422987845187 0.04971403453124414
0.04898508538754648 0.04944078107190377 0.04999215512647247 0.05034878814072118
0.04942422987845187 0.04999215512647247 0.05068108829327406 0.05111939681950745
0.04971403453124414 0.05034878814072118 0.05111939681950745  0.0516076906510271

cov.inverse():
 1236702.807183093 -2151354.637351107  756299.4859809488   158407.383647379
-2151354.637360802  3987196.645186483 -1961641.543541808  125561.3643435611
 756299.4860069306 -1961641.543581112  2189761.945473467 -983801.7060624352
 158407.3836311011  125561.3643731539 -983801.7060757515  699419.3438212291

cov*(cov_.inverse()):
     1.000000000001819  2.364686224609613e-11 -7.275957614183426e-12                      0
 1.728039933368564e-11      1.000000000009095  1.455191522836685e-11                      0
 1.182343112304807e-11  9.094947017729282e-13      1.000000000007276  7.275957614183426e-12
 2.728484105318785e-12  1.728039933368564e-11                      0                      1
