5
1

0.0004632171076731079
0.0004824097472935717
0.0008727654165498844
   0.0210783797426464
   0.5195529292251004

-0.5447511794230709  0.5250740969744003 0.06909714038871229  0.4344282760455022 -0.4837778450548619
 0.3196624167970841 -0.5175312963023435 -0.1877585686430323  0.7028873737073429 -0.3172906497503153
0.07945117931939646  0.3616540496693652 -0.8701647974313356  0.1318608488172665  0.2971864739906207
-0.6304090960454656 -0.3566564706426401  0.0507173631544567   0.313825646698335  0.6118183930881003
 0.4442228872227503   0.445489686009247  0.4474519856668018  0.4487177207092327  0.4501600757188642

0.4006136640005986
0.4006162350018081
0.4006733730388037
0.4006446056928548
0.4006336680246376

0.0002358712916658563

  2.855401446166348  -1.189636416589132   1.766059086356572 -0.7008316236897774  -2.731111644940377

-2.234341311166756e-07  3.655544177411872e-07  -2.01413554765075e-06   -0.00141157633063643  -0.004109069787879079

cov:
0.05344405801090604 0.05351911614275647 0.05364032039402287 0.05371848678628569 0.05380801839817045
0.05351911614275647 0.05362837273677861 0.05379936226256135 0.05391008848321703 0.05403638103077521
0.05364032039402287 0.05379936226256135 0.05404634974011892 0.05420446021382459 0.05438530850773807
0.05371848678628569 0.05391008848321703 0.05420446021382459 0.05439473816377804 0.05461075692645485
0.05380801839817045 0.05403638103077521 0.05438530850773807 0.05461075692645485 0.05486723471610128

cov.inverse():
 1831285.716767295 -2005710.143342122 -524162.4883110822 -124134.3906836179  822517.7358971075
-2005710.143341787  2607812.653760254  173451.0146018258 -437669.1611847316 -337637.0757780049
-524162.4883036037  173451.0145955642  1167791.207633362 -577791.7965191234 -239223.9761027433
-124134.3906986782 -437669.1611716579 -577791.7965083499  3025559.744533466 -1885920.441720745
 822517.7359043554 -337637.0757844832  -239223.976112299  -1885920.44171196  1640130.931415706

cov*(cov_.inverse()):
     1.000000000029104  3.637978807091713e-12  5.456968210637569e-12 -1.455191522836685e-11 -1.455191522836685e-11
 2.182787284255028e-11      1.000000000007276                      0  -2.91038304567337e-11 -1.455191522836685e-11
 7.275957614183426e-12   2.91038304567337e-11      1.000000000003638  -2.91038304567337e-11                      0
 1.455191522836685e-11  3.637978807091713e-12  1.091393642127514e-11     0.9999999999854481 -1.455191522836685e-11
 1.455191522836685e-11 -3.637978807091713e-12  9.094947017729282e-12                      0     0.9999999999854481
