5
1

 0.000413372649608392
0.0005022225500566302
 0.000789285347876432
   0.0246502496828771
   0.5192384877354651

 -0.3106906597032709   0.8116322401550267  -0.4927871309201672 -0.03449783386428631  0.02636595858719478
 -0.1920095095172166  0.01833940478627902  0.06512500127383268   0.7444602378590885  -0.6358723951728958
  0.4312466504225437  -0.2774317887035709  -0.7430206972305684   0.3701410071449326   0.2190292387623361
 -0.6955916805139436  -0.2552346121154158  0.02676893062048663   0.3256721597027482   0.5867099586048156
  0.4436014007273066   0.4458740498930712   0.4473513671030732    0.448912166163654   0.4502985124625554

 0.399708357429626
0.3998293817316919
0.3998601594439189
0.3999220521358772
 0.399943810424858

-0.0001177338020942785

  3.416097392404895  -0.372102463563809  -2.392697025474288  0.1149832983241423 -0.7662446420211994

-3.561742951554142e-08 -6.198173004071054e-08  2.011554011539538e-06  -0.001675493403425302  -0.003861590730012949

cov:
0.05334831999544626 0.05343374201068842 0.05349117598411929 0.05355175128669812 0.05360724787190236
0.05343374201068842 0.05363892491454373 0.05377267941117808 0.05391382295794034 0.05404002166886478
0.05349117598411929 0.05377267941117808 0.05395577142848409 0.05414833824597109 0.05431983328593459
0.05355175128669812 0.05391382295794034 0.05414833824597109 0.05439677409041709 0.05461592670183216
0.05360724787190236 0.05404002166886478 0.05431983328593459 0.05461592670183216 0.05487749760214724

cov.inverse():
 1010393.853602043 -1681438.021136885   332035.441472304 -248144.9824750824  587072.5360120586
-1681438.021145923  3980087.021643563 -2005024.112004424 -274701.7558157438 -18788.35039807128
 332035.4414834983 -2005024.112019617  2324155.916110862 -149747.1797573525 -501428.4881108763
-248144.9824699559 -274701.7558275249 -149747.1797513754   2424367.04333176 -1751675.216204095
 587072.5360047773 -18788.35038013794 -501428.4881208505 -1751675.216204772  1684695.203646671

cov*(cov_.inverse()):
     1.000000000010914   2.97859514830634e-11                      0 -1.455191522836685e-11 -1.455191522836685e-11
 1.455191522836685e-11      1.000000000013642  7.275957614183426e-12                      0                      0
 1.818989403545856e-11 -3.592504072003067e-11      1.000000000025466 -1.455191522836685e-11                      0
 1.091393642127514e-11  1.364242052659392e-11  3.637978807091713e-12     0.9999999999708962  1.455191522836685e-11
 1.455191522836685e-11 -1.341504685115069e-11                      0                      0                      1
