5
1

 0.000442031457058907
0.0004732899222352338
0.0008125997652865806
  0.02643253985563153
    0.519025023945174

 -0.6535742399385098   0.7258942103485925   0.1272175293347094 -0.02972136673372896  -0.1698547875705745
-0.03394719988365673  -0.1206866907245292  -0.0701968700805907   0.8031076879694085  -0.5782497308752865
 0.05081819540858222    0.284881682971782  -0.8739189750443715   0.2070158617530245   0.3311646052382839
 -0.6100333288909572  -0.4236031902616078   0.1206476841521873   0.3310943987106471     0.56942103077912
  0.4438075587081539   0.4448764794543638   0.4478815256593763   0.4490608132636367   0.4504068092578424

0.4006685544229612
0.4007323466062434
0.4007980963995733
0.4007715419710417
 0.400762770611054

0.0002059087541449449

  2.402258729222296 -0.6733890017450074   1.321899109980644 -0.9055573442887785  -2.145062172550547

-2.929766099306645e-07   9.40920499961682e-08 -1.401739606180415e-06  -0.001776037242766561  -0.003820198932769138

cov:
0.05331993816259305 0.05336810657540601 0.05349544570284622 0.05354679016754712 0.05360616559854179
0.05336810657540601 0.05344127589677325 0.05364003020853041 0.05371923375529915 0.05381004822735928
0.05349544570284622 0.05364003020853041 0.05404912952265791 0.05420851263774065   0.054390947803885
0.05354679016754712 0.05371923375529915 0.05420851263774065 0.05440016055159411 0.05461788829734893
0.05360616559854179 0.05381004822735928   0.054390947803885 0.05461788829734893 0.05487623022442757

cov.inverse():
 2195756.792356154 -2387489.006224939 -482258.5918427798 -6649.282317424306  680776.8654127357
-2387489.006216453  2884934.543978269  133334.1309236004 -453995.7157005991 -176947.6208647693
-482258.5918496514  133334.1309307542  1261464.800219234 -544948.1786270139 -367573.1615364237
-6649.282339828829 -453995.7156721033 -544948.1786311966  2948920.659987311 -1943238.391987074
 680776.8654335253 -176947.6208919324 -367573.1615319584 -1943238.391985164  1806919.904954519

cov*(cov_.inverse()):
     1.000000000021828  1.818989403545856e-11  7.275957614183426e-12                      0 -1.455191522836685e-11
  2.91038304567337e-11      1.000000000027285 -3.637978807091713e-12                      0                      0
 2.182787284255028e-11  4.001776687800884e-11     0.9999999999890861                      0                      0
 2.182787284255028e-11  3.637978807091713e-11  3.637978807091713e-12      1.000000000014552 -1.455191522836685e-11
 2.182787284255028e-11  9.094947017729282e-12  7.275957614183426e-12                      0                      1
