5
1

0.0001355858682160416
 0.000351351681019731
0.0009661422690510512
  0.01788530304548169
   0.5172820471694459

-0.1120677624630762  0.7226547273230958 -0.6802353033662419 0.02917865500561491  0.0404907377112665
 -0.677487531689682  0.4313611986050551  0.5537550478199852 -0.1317525076662677 -0.1758828714814744
 0.0751400949767379 0.05777117524586731 0.05111728888497271 -0.7893195917919067  0.6044651042269573
-0.5691729490690477  -0.298265586833622 -0.1683620229148735  0.3977440558687875   0.632877309610557
 0.4459232907086956  0.4465397993875793  0.4468517999126614  0.4478438688317817  0.4489030679679363

0.3481742359033005
0.3482020877966208
 0.348308587748911
0.3481819720552811
0.3481477730203534

0.0006188901175352053

  2.292758460375687   8.106108146056677  -7.698946550035423 -0.5880237376607016  -2.112971989066187

 1.973536912998812e-07 -2.309559168994656e-07 -5.283694565906865e-07  -0.001278792195744681  -0.002690859801541648

cov:
0.05331146933085428 0.05333561183330442 0.05334918061259459 0.05336448110016191 0.05344815610734371
0.05333561183330442 0.05338349746118688 0.05340837035036045 0.05347282332879122 0.05357702100391606
0.05334918061259459 0.05340837035036045 0.05343870538133594 0.05352674176684647 0.05364078900037711
0.05336448110016191 0.05347282332879122 0.05352674176684647  0.0537182832774047 0.05387410204102533
0.05344815610734371 0.05357702100391606 0.05364078900037711 0.05387410204102533  0.0540497202004751

cov.inverse():
 4408316.482769134 -6767518.486374267  1112165.772633725  480940.8066759102  765950.1058627488
-6767518.486397009   29918637.5522108  -24801691.7171339  637408.6782360903   1013925.76782486
  1112165.77266032 -24801691.71717545  27657250.38058811 -1714122.109350513 -2254450.048667628
  480940.806674958  637408.6782616826 -1714122.109378808  854881.3117050551 -258372.4399452208
  765950.105859837  1013925.767818103 -2254450.048654308  -258372.439948875  732461.1382274427

cov*(cov_.inverse()):
     1.000000000007276 -2.255546860396862e-10  3.346940502524376e-10 -1.091393642127514e-11 -7.275957614183426e-12
-1.455191522836685e-11      1.000000000152795  8.731149137020111e-11  9.094947017729282e-12 -1.455191522836685e-11
                     0 -9.458744898438454e-11      1.000000000116415 -2.000888343900442e-11 -7.275957614183426e-12
-4.365574568510056e-11   2.91038304567337e-10  1.600710675120354e-10      1.000000000003638 -7.275957614183426e-12
-7.275957614183426e-12                      0  5.820766091346741e-11 -1.818989403545856e-12                      1
