5
1

0.0002137477528021311
0.0003604819020406946
0.0005793537639691589
  0.01353004792622483
   0.5175663757595278

-0.09269603522860993   0.6655421507826701  -0.7255790942919685 0.004486942029593647   0.1482428273547965
 -0.6093821069603486   0.5267725735499452   0.5023977803900203  -0.1369193973834635  -0.2828668456208066
  0.1202114846104269   0.0622172963348321   0.1412444237824484  -0.8361214654744855   0.5124735258798292
 -0.6379860435004239  -0.2762357721597273 -0.03552451523462413   0.2854620729891856   0.6587237813985893
  0.4456275350961783   0.4465278350822585   0.4471235508820098    0.447934421348581   0.4488477212581461

0.3979188685624245
0.3980195363900173
0.3980105675766715
 0.398010260159005
0.3979966090796455

0.0001240287475442004

 2.393358703259243  2.235548298973093 0.7476711729272982 -2.241641678685474 -3.134969024186784

 1.136296900951914e-08  1.674352704550587e-07   2.68554008877643e-07 -0.0008926132576889868  -0.003254600187956232

cov:
0.05327021755883511 0.05333534383631261 0.05337835396540529 0.05343766927674125 0.05350316383673445
0.05333534383631261 0.05342483849097922 0.05348387953194019 0.05356459695720092 0.05365498739186327
0.05337835396540529 0.05348387953194019 0.05355371319872964 0.05364863403531692 0.05375564513588645
0.05343766927674125 0.05356459695720092 0.05364863403531692 0.05376299043111843 0.05389170746813294
0.05350316383673445 0.05365498739186327 0.05375564513588645 0.05389170746813294 0.05404676712016369

cov.inverse():
 3091019.673255316 -3797342.677082133 -833144.8387830394  332528.0094840915  1206969.094080742
 -3797342.67705951  11842355.59153061 -8506739.973302199 -645090.5690189742  1106795.801727063
-833144.8388048616 -8506739.973294087  13524821.28461812 -952512.1864875385 -3232350.127002539
 332528.0094678475 -645090.5689558467 -952512.1865422436  2227969.064732067 -962964.6137470234
 1206969.094096187  1106795.801678442  -3232350.12696154 -962964.6137548441  1881557.382492456

cov*(cov_.inverse()):
     1.000000000021828 -7.275957614183426e-11   2.91038304567337e-11  1.455191522836685e-11 -1.455191522836685e-11
 2.182787284255028e-11      0.999999999992724   2.91038304567337e-11 -7.275957614183426e-12 -4.365574568510056e-11
  2.91038304567337e-11 -4.365574568510056e-11      1.000000000029104  1.455191522836685e-11 -4.365574568510056e-11
 3.637978807091713e-11 -8.731149137020111e-11                      0      1.000000000007276  -2.91038304567337e-11
 4.365574568510056e-11                      0                      0                      0                      1
