6
1

0.0003648357285203394
0.0004529582213218874
0.0006265525123471025
0.0007506845517287875
  0.02283193465671352
   0.5752892119160475

   0.5021843140162191   -0.4917611156284465   -0.4590929619437304     0.537844406416111   -0.0759174593427563  -0.01324786999863643
   0.2548263653024542   -0.6623088518223671    0.6394090157120113    -0.292759916108994   0.02956465184178521   0.03137167276388798
  -0.2785187170218216  -0.09764919756484863    0.2022964699557788    0.3937922256030583    0.4785686789143884   -0.6984753391091328
   0.2972176489323502 -0.007221791728864706   -0.3959419028814213   -0.5262310650664082    0.6889803986340362  -0.05680141624245877
  -0.5934426565592734   -0.3800473254662701   -0.1282700170724474     0.160745113317639     0.349097928328847    0.5824330789739268
   0.4059424160029566    0.4068101526494948    0.4077287252895409    0.4088821147530423     0.409598751249493    0.4105092208156593

0.4011108273586053
 0.401178004038879
0.4011770479496649
  0.40118672568092
0.4012972618510146
0.4012146737035276

0.0001996958085718667

  3.079486265745626   1.279932156222785  -1.120118984331661  -2.781133354355929  0.1589320419299882 -0.6171805675512835

-9.106896075707916e-09  4.175411251313299e-09 -7.055697879045283e-07  1.666695581341314e-06   -0.00152286184816643  -0.003752011042680357

cov:
0.05472198036938171 0.05477235943948525 0.05481785195873137  0.0548833749712308 0.05492155617454151 0.05497170104224484
0.05477235943948525 0.05484709546517878 0.05492069881542583 0.05501878326016022 0.05507794117506917 0.05515434001741954
0.05481785195873137 0.05492069881542583 0.05502809566435918 0.05516427068605981 0.05524819512628077 0.05535552171423663
 0.0548833749712308 0.05501878326016022 0.05516427068605981  0.0553447643430017 0.05545711416038484 0.05559991746286161
0.05492155617454151 0.05507794117506917 0.05524819512628077 0.05545711416038484 0.05558903435715959 0.05575440937929123
0.05497170104224484 0.05515434001741954 0.05535552171423663 0.05559991746286161 0.05575440937929123 0.05594929875968035

cov.inverse():
 2566199.093915971 -2612031.751692184 -1290134.262690614  1108471.333622007  -226251.265421944  453914.6108125504
-2612031.751713991  3979472.975783537 -413081.6161231132 -1133357.682568236  56917.53333827551  121720.2296667553
-1290134.262707167 -413081.6160994631  3958627.506413979 -2194830.818519161  116425.8282226526 -176706.6458435456
 1108471.333699636 -1133357.682655091 -2194830.818528597  3477508.894198838 -512161.4619163779  -745726.994764298
-226251.2654219353  56917.53331341802   116425.828253825 -512161.4619122141  1473566.196065185 -908471.1262846831
   453914.61077327  121720.2297330172 -176706.6458581831 -745726.9947871318 -908471.1262741996  1255251.868253716

cov*(cov_.inverse()):
    0.9999999999854481   3.54702933691442e-11  1.818989403545856e-12  -2.91038304567337e-11  1.455191522836685e-11 -1.455191522836685e-11
-1.455191522836685e-11      1.000000000041837 -2.182787284255028e-11 -1.455191522836685e-11  7.275957614183426e-12 -1.455191522836685e-11
                     0  1.091393642127514e-11     0.9999999999690772 -7.275957614183426e-12 -1.455191522836685e-11 -1.455191522836685e-11
 1.455191522836685e-11  2.182787284255028e-11 -3.637978807091713e-12     0.9999999999781721 -7.275957614183426e-12 -1.455191522836685e-11
 7.275957614183426e-12  2.455635694786906e-11 -4.911271389573812e-11                      0      0.999999999992724 -1.455191522836685e-11
-3.637978807091713e-12  2.091837814077735e-11 -9.094947017729282e-12 -7.275957614183426e-12                      0                      1
