4
1

0.0001506597187121154
0.0004101913339549436
  0.01072283975109546
   0.4731440955174739

-0.01457257982319177    0.460623605168052  -0.8095963920276934   0.3635480935103697
  0.4081236555497452   -0.729864748957717  -0.1919257334848043   0.5137091033220271
 -0.7638499663580864   -0.071628238239259   0.2400811887571555   0.5947803352385158
  0.4997558910035576   0.4999927380248785   0.5000792113725708    0.500172064076567

0.3940779268153869
0.3943721605678733
0.3944129012926085
0.3944440402169485

-0.0008212277999998279

-1.839156038958255  11.80961598238219  6.109823343400152 -16.08018736089002

-1.208874047767606e-07 -3.163768116865344e-06 -0.0008667585504664676 -0.0004190084637844403

cov:
0.05597881420538414 0.05594443817047345 0.05592677351604651 0.05590605762375942
0.05594443817047345 0.05596539244824825 0.05597242499267856 0.05597982248440756
0.05592677351604651 0.05597242499267856 0.05599071623004301 0.05601085802694673
0.05590605762375942 0.05597982248440756 0.05601085802694673 0.05604558248698187

cov.inverse():
 1004375.281063525 -2065606.623564816  52640.90865534139  1008699.790439068
-2065606.623457073  12513608.34225499  -15596965.7655565  5148840.847410883
 52640.90845296281 -15596965.76514594  29095811.47205659 -13551628.91829473
 1008699.790533705  5148840.847108053 -13551628.91808653  7394262.308271004

cov*(cov_.inverse()):
                     1 -5.820766091346741e-11                      0                      0
                     0      1.000000000058208 -1.164153218269348e-10  5.820766091346741e-11
 7.275957614183426e-12 -5.820766091346741e-11                      1  5.820766091346741e-11
 7.275957614183426e-12  5.820766091346741e-11 -1.164153218269348e-10      1.000000000058208
