5
1

0.0002064837709976855
0.0003640378076139106
0.0008329314495616355
  0.01383048961242398
   0.5691700183367842

 -0.1418587099359815   0.7206950975721002  -0.6742997639984861  0.02280260890863409  0.07262611134699389
 -0.5860882841765009   0.4585351628448201   0.5752927670330479  -0.1370701512400244  -0.3106381068452735
  0.1025016166591685  0.09735537710807722   0.1106286903243801  -0.8332865020167539   0.5228864576217243
 -0.6538354891472946  -0.2479598800217838 -0.04750906743491031   0.2925062936932753   0.6505367074134936
  0.4453865751009102   0.4465220142592544   0.4470595506860614   0.4480686201604641   0.4490224485141184

0.4215150857452667
0.4214225831930484
0.4214320772937169
0.4213513393856958
0.4212980859075482

0.001359298708583637

 3.626382706257484    1.6794299945429 -1.246222659742428 -1.080774278988348 -2.977694008678803

 5.522786404124899e-08 -1.324067020161438e-07 -1.797276372552818e-07 -0.0009528762876562956  -0.004342156471968327

cov:
0.06434442443012246  0.0644574027918626  0.0645098917103276 0.06461294449156907 0.06470589934787735
 0.0644574027918626  0.0646024860719813 0.06467069990273501  0.0648004519705962 0.06492152699979373
 0.0645098917103276 0.06467069990273501 0.06474677806632791 0.06488968178921538  0.0650246576154752
0.06461294449156907  0.0648004519705962 0.06488968178921538 0.06505573572390269  0.0652134390353958
0.06470589934787735 0.06492152699979373  0.0650246576154752  0.0652134390353958 0.06539723685795304

cov.inverse():
 3081366.294113317 -4410575.909227712 -284180.1264445451  406213.1173804584  1207190.250617417
-4410575.908779942  13782884.40505735 -9391991.267998796 -206131.1835419571  225359.9599948598
-284180.1270412091 -9391991.267057553  13179378.99095823 -1088610.274824341 -2413894.668070919
 406213.1174200145 -206131.1837456742 -1088610.274636023  1155268.831028166 -266900.8327261225
 1207190.250726725  225359.9597051584 -2413894.667914667 -266900.8327019747  1248159.032991609

cov*(cov_.inverse()):
    0.9999999999708962 -3.819877747446299e-11  1.746229827404022e-10  1.455191522836685e-11 -1.455191522836685e-11
 1.455191522836685e-11      1.000000000001819  1.746229827404022e-10                      0                      0
 -2.91038304567337e-11  1.818989403545856e-12      1.000000000116415  1.091393642127514e-11                      0
 -2.91038304567337e-11  -8.36735125631094e-11  2.328306436538696e-10      0.999999999992724 -1.455191522836685e-11
-1.455191522836685e-11 -9.094947017729282e-12                      0 -3.637978807091713e-12     0.9999999999708962
