5
1

0.0004511275502237585
0.0007360765617318437
0.0007681783822122879
   0.0243496686932333
   0.5196899888093141

 -0.1270660001949767 -0.03417654592687952 -0.04074601208012205   0.7940373361402199  -0.5920563035876476
 -0.2797361234680119  0.02814419618900686   0.8567116900814447  -0.2582276370347768  -0.3468705421294717
 -0.3160709684724735      0.8868151514669  -0.2474545497076617   -0.152470442090887  -0.1708128804721691
 -0.7809228061643402  -0.1103780606554432  0.05352449164081899   0.2794076964081197   0.5450162589509198
  0.4425614607292698   0.4465595579360774   0.4475334816535307    0.448895644625003   0.4504779658639056

0.3971531741896016
0.3973300756200178
 0.397335524609199
0.3973432051373814
0.3973454846778702

-2.809007740092859e-06

  1.717925389631555  0.4171583813864428  0.8417305593701421 -0.6000030945813719  -2.376625393429951

1.350994767207477e-07 6.672991473406078e-07 6.851447697521524e-08 -0.001663401187207271 -0.004504871114073545

cov:
0.05325927279879744 0.05342640417085785 0.05346701030434297 0.05352536673246668 0.05359156741080644
0.05342640417085785 0.05386534826409403   0.053971501778545  0.0541210307249847  0.0542944840408916
0.05346701030434297   0.053971501778545 0.05409497050794852 0.05426624360875932 0.05446589900601489
0.05352536673246668  0.0541210307249847 0.05426624360875932  0.0544690904922291 0.05470471735769368
0.05359156741080644  0.0542944840408916 0.05446589900601489 0.05470471735769368 0.05498324419382438

cov.inverse():
 394086.6765976589 -468046.4342393168 -284407.8228393345 -281137.4155581559  639516.4215435165
-468046.4342383092  1339952.126422595 -320546.2676215039 -375944.6055077216  -175396.767281808
-284407.8228386113 -320546.2676123015  1466570.607217349 -503322.1282260282 -358258.9001644475
-281137.4155619944 -375944.6055197164 -503322.1281996709   3260612.39186631 -2100252.097866473
 639516.4215456235 -175396.7672780074 -358258.9001808783  -2100252.09785595  1994389.047834813

cov*(cov_.inverse()):
     1.000000000007276 -7.275957614183426e-12  7.275957614183426e-12 -1.455191522836685e-11                      0
 7.275957614183426e-12      0.999999999992724  3.637978807091713e-12  -2.91038304567337e-11                      0
 7.275957614183426e-12                      0      1.000000000007276                      0                      0
 7.275957614183426e-12 -9.094947017729282e-12  1.091393642127514e-11     0.9999999999708962 -1.455191522836685e-11
 7.275957614183426e-12  3.637978807091713e-12                      0                      0     0.9999999999854481
