5
1

0.0002511050010514885
0.0005829243742627749
0.0007866807755195099
  0.01157535388878108
   0.5196194178738284

-0.08873631087315315   0.6232484349702064   -0.758162621869823  0.06783021639676814   0.1558067905543762
 -0.6346127924340432   0.5509239823741876   0.4656922027047166  -0.1468524580900295   -0.235190342524894
  0.1161542364508004   0.0745563930440806  0.08619637792023406  -0.8222751008045454   0.5453286904620874
 -0.6140704306764035  -0.3210696253232758 -0.03071954003953457   0.3116310643724309   0.6494414457374378
  0.4458903119996184   0.4465420404656006   0.4471540063923132   0.4478651087229996   0.4486113849620181

0.4007381340829111
0.4008505213698541
0.4008485318734836
0.4008370046408563
 0.400855712337732

-6.998286273726984e-06

 2.065979261901229  5.823164089290178 -2.880981806350889 -1.550000450467943 -3.458582706469234

 3.143981958893673e-07  5.424647484437975e-07 -1.149491837041639e-07 -0.0007743174506284477  -0.003376550932570508

cov:
0.05373243928107602 0.05378653206965348 0.05383634542220312 0.05389385072667306 0.05395601896430236
0.05378653206965348  0.0538527530352169  0.0539139762291296 0.05398486065800617  0.0540603554143654
0.05383634542220312  0.0539139762291296 0.05398671910014558 0.05407097896962489   0.054159743844634
0.05389385072667306 0.05398486065800617 0.05407097896962489 0.05417176066768627 0.05427541865088627
0.05395601896430236  0.0540603554143654   0.054159743844634 0.05427541865088627 0.05439567788625226

cov.inverse():
 1334699.886511281 -1890546.805256284  213563.7740740202  23044.49254262789  319349.4727472228
-1890546.805341379  7063412.195713178 -6728493.253134639   332559.713509227  1222881.329938954
 213563.7742102956 -6728493.253334983  9766441.414590556 -1131452.777935542 -2119951.638359194
 23044.49251272999  332559.7135944836 -1131452.778001631  1229699.266680043 -453803.2474740971
 319349.4727259387  1222881.329968956 -2119951.638357187 -453803.2474848246  1031463.814492401

cov*(cov_.inverse()):
     1.000000000010914   2.91038304567337e-11  1.455191522836685e-11  1.091393642127514e-11                      0
 1.455191522836685e-11     0.9999999999708962                      0 -3.637978807091713e-12  1.455191522836685e-11
 1.818989403545856e-11  -1.01863406598568e-10      1.000000000058208 -3.637978807091713e-12  1.455191522836685e-11
 1.091393642127514e-11 -1.455191522836685e-11                      0      1.000000000003638  7.275957614183426e-12
                     0                      0 -1.455191522836685e-11                      0      1.000000000007276
