6
1

0.0002332907991146202
0.0005809947313571536
0.0006317294512749569
0.0007953853780462936
  0.01964738099854959
   0.5681235184692992

-0.05029138994595294   0.6499102256140197  -0.7515850041300437  0.01816737514893835  0.04532840033145469  0.08844624870546682
 -0.4414327433365051   0.5517317533098839   0.4844400886222884  -0.2351347998560155  -0.4500962599604275  0.09039905255004278
  0.3806463355257517  -0.1942762138700053  -0.1528849793259325   -0.120857162302197  -0.5790339507220778   0.6664116845487518
 -0.1662483435002859 -0.04861896506106761 -0.05491195450193442   0.8657061199355141   -0.439347483273385  -0.1565537116140003
 -0.6821950343170585  -0.2591501324860893 -0.08730786227267372   0.1154958839932693   0.3154020150431893    0.589076184256565
  0.4058173233058028   0.4073609318836363   0.4079534037572601   0.4086425496493737   0.4093577098971604   0.4103424467520833

 0.401184254743641
0.4013824128647236
0.4013832850109427
0.4013699399688257
0.4013996185264851
0.4014117810379206

-7.154077190457434e-05

  1.595571645524422   1.476155965597654  0.6960155025849322 -0.3032596582096547 -0.6633971566784235  -2.801050112667022

 3.956014432162598e-09  1.903706772737174e-07 -4.915557091031067e-07  5.832480535097456e-08  -0.001322541161390736  -0.003905616265792464

cov:
0.05333510638524536 0.05342563889033418 0.05345801060452061 0.05349488393339125 0.05353601422943453 0.05359300763346989
0.05342563889033418 0.05358652552071692 0.05364716894832696 0.05371735346879773 0.05379142244371744 0.05389351657718041
0.05345801060452061 0.05364716894832696 0.05371943387889078 0.05380315756043789 0.05389062440234077 0.05401106476085622
0.05349488393339125 0.05371735346879773 0.05380315756043789 0.05390365489123795 0.05400621811051116 0.05414835356642224
0.05353601422943453 0.05379142244371744 0.05389062440234077 0.05400621811051116 0.05412554960385281 0.05428853079852217
0.05359300763346989 0.05389351657718041 0.05401106476085622 0.05414835356642224 0.05428853079852217  0.0544815052375686

cov.inverse():
 1031705.734471468 -1494139.886568126 -70250.51765409658 -52266.48667935783  109333.4169646686  475778.6741395143
  -1494139.8865592  8761178.676818561 -8104517.505040945 -175154.6691029767  121039.3937262949  891157.9773150515
-70250.51767855388 -8104517.504962588  11137728.03740974 -617205.8240521996  -1012036.05509012 -1333517.406257024
-52266.48666119527 -175154.6691975786 -617205.8239678134  1391128.686486409 -97097.74538227804 -449313.4121236461
  109333.416966081   121039.393737481 -1012036.055106609 -97097.74538256139  1783411.778076316 -904577.1090284969
 475778.6741354704   891157.977329028 -1333517.406271009 -449313.4121154206 -904577.1090326702  1320400.218055899

cov*(cov_.inverse()):
     1.000000000010914  8.003553375601768e-11 -4.365574568510056e-11 -3.637978807091713e-12  2.182787284255028e-11                      0
 7.275957614183426e-12      1.000000000043656  1.455191522836685e-11  3.637978807091713e-12  7.275957614183426e-12                      0
 7.275957614183426e-12                      0     0.9999999999708962  1.091393642127514e-11  7.275957614183426e-12                      0
 1.091393642127514e-11 -4.365574568510056e-11  1.455191522836685e-11      0.999999999992724  1.455191522836685e-11  1.455191522836685e-11
 3.637978807091713e-12   2.91038304567337e-11 -5.820766091346741e-11                      0                      1  1.455191522836685e-11
-3.637978807091713e-12  2.182787284255028e-11  1.455191522836685e-11  3.637978807091713e-12                      0      1.000000000014552
