6
1

 0.000436440803003239
0.0004564405028405976
0.0007490862089765825
0.0007955300602838218
  0.02743448040075267
   0.5687287170191351

   -0.6044341891339311     0.6228012130615406 -0.0006653917642346508    0.04005628531957337     0.3200302370998581    -0.3778275514266882
   -0.2502376451772077     0.4106624532754656    0.04563963536785293    0.08033086598791669    -0.7428672426009426     0.4564533995158043
 7.326324249209256e-05    -0.1232487890019684     -0.389827076691902     0.8739261752587939    -0.1358710605695612    -0.2250259452088357
    0.1968506367588682     0.2883810574539369    -0.8241184757107017    -0.2085250233584433     0.2206719502082604     0.3267049670976711
   -0.6077910812523026    -0.4247144317461676   -0.01322532725047222     0.1320675475803515     0.3322116309162639     0.5676498382769719
    0.4048212629450872     0.4058802183608818     0.4081730759451471     0.4089877304798228     0.4101308142376308     0.4114577560504674

0.3971422936211436
0.3972211821470779
0.3973241558187306
0.3973311692753847
0.3973404221746846
0.3973446941097647

-2.467251951261637e-05

  1.811318168799688 -0.1160261545262124  0.4238677107172075  0.8398954571289153 -0.5912262759671338  -2.367645606474259

-8.159642039363094e-08 -2.199236329552481e-07  6.712892730279006e-07  -6.99537992821064e-07  -0.001871626913913913   -0.00452204194416909

cov:
0.05328559801963337 0.05334034448492117 0.05345228685878786 0.05349256342369101 0.05355074657756443 0.05361682564149833
0.05334034448492117 0.05342107202388448 0.05359025797422414 0.05365079638761747 0.05373699632126743 0.05383598588686855
0.05345228685878786 0.05359025797422414 0.05388951061676122 0.05399502157456448 0.05414393361236663 0.05431675462523053
0.05349256342369101 0.05365079638761747 0.05399502157456448 0.05411777222737073 0.05428831953842193 0.05448721783977689
0.05355074657756443 0.05373699632126743 0.05414393361236663 0.05428831953842193 0.05449028377928004 0.05472497518877864
0.05361682564149833 0.05383598588686855 0.05431675462523053 0.05448721783977689 0.05472497518877864 0.05500236042689349

cov.inverse():
 2280279.248456872 -2379502.368692419 -309084.8675649559 -288446.1666872018  -54900.1630968033  751804.9558578931
-2379502.368687981  3004520.422707468 -202111.2978700526  2266.557469624117 -287701.1371900795  -137648.392580598
   -309084.8675784 -202111.2978550279  1353984.968626619 -318135.5294403172  -356825.939402002 -167800.9494057759
-288446.1666963903  2266.557478353985 -318135.5294395515  1469215.462224499 -503396.9044444733 -361465.3030018604
-54900.16306524469 -287701.1372212349 -356825.9394072191 -503396.9044516747  3296510.952958794 -2093708.498965353
 751804.9558445285 -137648.3925687592 -167800.9493997425 -361465.3029943513  -2093708.49897737   2008819.77041479

cov*(cov_.inverse()):
     1.000000000029104 -4.001776687800884e-11  9.094947017729282e-12  1.455191522836685e-11 -1.455191522836685e-11 -1.455191522836685e-11
 2.182787284255028e-11     0.9999999999636202  7.275957614183426e-12                      0                      0 -1.455191522836685e-11
 1.455191522836685e-11 -2.455635694786906e-11      1.000000000021828  7.275957614183426e-12                      0                      0
                     0 -9.094947017729282e-12  5.456968210637569e-12                      1                      0  -2.91038304567337e-11
                     0  2.728484105318785e-12  7.275957614183426e-12  1.455191522836685e-11                      1 -1.455191522836685e-11
                     0 -1.818989403545856e-12  3.637978807091713e-12 -3.637978807091713e-12                      0     0.9999999999854481
