5
1

 0.000433097537887323
0.0005446761981969736
 0.000927541180331827
   0.0207401011099602
   0.5186112749316654

 -0.4872080832092162   0.8140657652830268  -0.3076240418904993  0.04088062034024105 -0.06017837802159716
 -0.3817199922146908 -0.06702950612573555   0.5937859181334914    0.420798068048292  -0.5658128331925211
  0.2793256505086292  -0.1110432099799597  -0.5896751200890594   0.6970814965441123  -0.2756940812006146
 -0.5837405251618322  -0.3486497623494185 -0.07288616520281206   0.3662887776705291    0.631039207000754
  0.4451317911034184   0.4460008114720646   0.4469413741726092   0.4485172007134978    0.449462671900738

0.4005114877941786
0.4005800098302323
0.4005939671606234
0.4006793154970867
0.4006517308885379

0.0001156400307804505

 4.474537798532065 0.2533483770130674 -3.787049661146393 0.7053265006479916 -1.646312837154887

 -1.27717767608106e-07 -8.144820151743161e-07  3.785806279454144e-06  -0.001378554828745999  -0.003077325310683555

cov:
0.05343862173527418 0.05348338328512264 0.05352665818974456 0.05360534010834107 0.05365194258072714
0.05348338328512264 0.05355259954127254 0.05362392945177853 0.05374702788903375 0.05382083408438113
0.05352665818974456 0.05362392945177853 0.05372877107752921  0.0539037260735869 0.05400940461089455
0.05360534010834107 0.05374702788903375  0.0539037260735869 0.05416377047056366 0.05431883135843586
0.05365194258072714 0.05382083408438113 0.05400940461089455 0.05431883135843586 0.05450538803393856

cov.inverse():
 1848117.327159073 -2063808.631028949 -156328.8914470778 -421787.4790167817  793959.1304027021
-2063808.630995289  3562792.050672887 -1393072.763040875 -7921.564353245392 -98261.42390957885
-156328.8914917753 -1393072.762985401  2097143.482979799  297333.9933743845 -844918.6557443024
-421787.4790225155 -7921.564346270759  297333.9933745638  1170887.728170765 -1038503.242239269
 793959.1304194669  -98261.4239383622  -844918.655733702 -1038503.242237849  1187697.225433654

cov*(cov_.inverse()):
     1.000000000021828 -1.455191522836685e-11 -7.275957614183426e-12  1.455191522836685e-11                      0
 1.455191522836685e-11      1.000000000016371 -7.275957614183426e-12                      0  7.275957614183426e-12
                     0  2.637534635141492e-11     0.9999999999854481  7.275957614183426e-12  7.275957614183426e-12
 7.275957614183426e-12 -1.091393642127514e-11                      0      1.000000000007276 -7.275957614183426e-12
 7.275957614183426e-12  3.637978807091713e-12                      0  7.275957614183426e-12                      1
