4
1

0.0005155843647743834
0.0007652584948179622
  0.02208112677966563
   0.4645014633140895

-0.6124522807890592  0.7022465428197244  0.2078058509324025  -0.297604981766578
 0.1167853312209798 -0.3490303362227445   0.763308925102695 -0.5309411414332219
-0.6032127967147688 -0.3695855637656092  0.3502897946995314  0.6138712345964463
 0.4973909046689869  0.4984316688875621  0.5014711087452488   0.502687662964129

0.3996723898943614
0.3997849868707719
0.4000480747329331
0.4000690079621836

-0.0006287703285912255

 4.890378321369974 -3.283514413692632  1.592698797745598  -3.19953477186059

-1.068038117898014e-06  2.712393257903359e-06  -0.001532254638161784  -0.002988750662684342

cov:
0.05355644844683333 0.05359918252364168 0.05371380117401497 0.05376683042824254
0.05359918252364168 0.05366934957417237 0.05386617628872063 0.05394967999997884
0.05371380117401497 0.05386617628872063 0.05431845780256563 0.05449449818706089
0.05376683042824254 0.05394967999997884 0.05449449818706089 0.05470578120501988

cov.inverse():
 1435095.478348867 -1687085.677396041 -326985.9913491902  579027.1889072104
-1687085.677398303  2063456.704629861  93771.99622873802  -470217.894450326
-326985.9913406767  93771.99621821858  1157612.756619935 -924244.0925496039
 579027.1889009603 -470217.8944420702 -924244.0925516104  815322.7190967576

cov*(cov_.inverse()):
     0.999999999996362 -3.637978807091713e-12                      0                      0
-1.091393642127514e-11                      1                      0                      0
                     0 -1.455191522836685e-11      0.999999999992724  7.275957614183426e-12
-3.637978807091713e-12  1.091393642127514e-11                      0                      1
