5
1

0.0002272407930884732
0.0004479718485730014
0.0006124147661033419
  0.01418460985661862
   0.5165654314300787

  0.1066975710629213  0.02189693678713533  -0.7019200593809279   0.6935405698497312  -0.1201909343494665
 -0.6052528807977975   0.7560780922439482  0.03061161590399783  0.05861783936401334  -0.2400869563194944
  0.2423215252181266   0.3981064054180181  -0.5516670853136351  -0.5314564343760514   0.4427290974432977
 -0.6039530632978275   -0.264369019450056 -0.04592583874201104   0.1810027405322071   0.7283395802397805
   0.445876164830966    0.446639400532747   0.4471301863303591   0.4476131065562413    0.448803737549752

0.3934266968723601
0.3934598170477035
0.3935510449666902
0.3935245465464325
0.3934764603374108

0.000559425870988321

  3.778243325261278  -2.561466166958768   3.510345092297918 -0.9411022335346624  -3.785799662727229

 -1.19522927901898e-07 -6.546639463995873e-07 -1.206413174589008e-06 -0.0009443700932662149  -0.002714440867598688

cov:
0.05312273015027575  0.0531721210646612 0.05320396673737134 0.05323385377530997  0.0533091215662415
 0.0531721210646612 0.05324525100608507 0.05329187133315821 0.05333736442643407 0.05345025058094363
0.05320396673737134 0.05329187133315821 0.05334862782469196 0.05340409456920654 0.05354091978501939
0.05323385377530997 0.05333736442643407 0.05340409456920654 0.05347008568498689 0.05363200211096813
 0.0533091215662415 0.05345025058094363 0.05354091978501939 0.05363200211096813 0.05385498080828909

cov.inverse():
 2204301.146711841 -1977097.097565603 -1898959.007642258  912314.7613921504  759627.4582115754
-1977097.097558273   3280814.08732542 -767829.5999467338  -49421.9123951998 -486531.1626252494
-1898959.007691768 -767829.5998896073  10357326.49445746 -8636666.410011584  945751.8032675948
 912314.7614488535 -49421.91245819612 -8636666.410028089  10085119.62646114 -2311080.176394035
 759627.4581970519 -486531.1626120496  945751.8032917213 -2311080.176416839  1092240.209238763

cov*(cov_.inverse()):
                     1  4.001776687800884e-11  1.527951098978519e-10 -1.600710675120354e-10  1.455191522836685e-11
                     0      1.000000000025466   1.01863406598568e-10  -1.01863406598568e-10                      0
 7.275957614183426e-12  2.546585164964199e-11      1.000000000050932  -1.01863406598568e-10 -2.182787284255028e-11
                     0  7.275957614183426e-12  1.164153218269348e-10     0.9999999999126885 -7.275957614183426e-12
 7.275957614183426e-12  1.091393642127514e-11  3.637978807091713e-11  -2.91038304567337e-11      1.000000000007276
