5
1

0.0003962124210828461
0.0006156245551299053
0.0007059850960646489
  0.02267620522272938
   0.5254181526107874

  0.5353989592778382  -0.7795313728885687   0.3192375453399304 -0.05932250284496084  -0.0157169777061769
  0.3060550261296403 -0.02834786468904733  -0.6102020465850972   -0.322570250905941   0.6550790907380531
  0.1769397656675182  -0.1588040119347223  -0.5537280083387164    0.764508822128822  -0.2288780434803666
 -0.6251264245693293  -0.4097010382511789   0.1363595790593585   0.3266521186636459   0.5621978932123273
  0.4445082091656843   0.4454812928725261   0.4478082290095708   0.4486133392426502    0.449636221372133

 0.401383880127438
0.4014490444093854
0.4014537000297541
0.4015620628058518
 0.401476987382279

0.0002213478584782482

  2.723617157607001   1.158671580524272  -3.416131634318085  0.1893315457466627 -0.6554847953143826

-8.421985649956418e-08  9.076116815219936e-07  1.238209267789498e-06   -0.00151681898347925  -0.003513802980995915

cov:
0.05474789607227908 0.05479787927792072 0.05490788496275583 0.05494563125035198 0.05499546610917085
0.05479787927792072 0.05487235740401539 0.05504339049009178 0.05510225361022514 0.05517848891313448
0.05490788496275583 0.05504339049009178 0.05536964228596902 0.05548206663280679 0.05562508537866378
0.05494563125035198 0.05510225361022514 0.05548206663280679 0.05561421009435084 0.05577995573072126
0.05499546610917085 0.05517848891313448 0.05562508537866378 0.05577995573072126 0.05597537391245303

cov.inverse():
 2136720.907859949 -2737381.564452491  399260.0376236715 -191803.4635654222  393468.2257274739
-2737381.564466196  3923937.065280578 -1363265.174437462  74857.34293544339  101524.2820837694
 399260.0376649799 -1363265.174485449  2246867.671390691 -450544.0209827908 -832249.1983262018
-191803.4635834204  74857.34295297622 -450544.0209726128  1469837.470055745 -902327.3992539406
 393468.2257178706  101524.2821005186 -832249.1983430631 -902327.3992442264  1239577.072952442

cov*(cov_.inverse()):
      1.00000000003638   -1.2732925824821e-11  1.455191522836685e-11 -7.275957614183426e-12  1.455191522836685e-11
 1.455191522836685e-11      0.999999999996362                      0  7.275957614183426e-12                      0
 4.365574568510056e-11 -2.455635694786906e-11                      1 -7.275957614183426e-12                      0
 1.455191522836685e-11  2.728484105318785e-12  7.275957614183426e-12      1.000000000007276                      0
 7.275957614183426e-12 -9.094947017729282e-13  7.275957614183426e-12                      0                      1
