5
1

0.0003683483113803174
0.0004246001348364178
0.0006854448323846685
  0.02126757645550884
   0.5202825794987592

  0.2284401156787432  0.07401804216154996  -0.7962596110100942   0.5521711420922567 -0.05843034055899059
 -0.5005326062009491   0.8228585808470404  -0.1946644605485867  -0.1785516404655454  0.05095022612776631
   0.354855037332036 -0.03587116903573927  -0.3574252656115844  -0.5908392949953513   0.6292434097421866
 -0.6116464889315909  -0.3430931959103512 -0.02081391377611339   0.3355417422564183   0.6286128790396571
  0.4441268948578824   0.4454496643987921   0.4470909752714652   0.4489398714978644   0.4504315146181384

0.3980294204435942
0.3979831835452848
  0.39792310973141
0.3978482756418042
0.3978267099876132

0.0007719147301538835

  2.522732201677313   1.363157734688354  -0.754313423065664  -2.856332962285319 -0.2753039339410178

-3.843525603762812e-08   9.04654325211738e-08   1.23581417678406e-06  -0.001414141531660264  -0.004315584580349887

cov:
0.05356335754317781 0.05364789854908492 0.05375607247208856 0.05387976565336636 0.05397817923666724
0.05364789854908492 0.05376592487972335 0.05391366803021359 0.05408132794714886 0.05421571835017363
0.05375607247208856 0.05391366803021359  0.0541094570809314 0.05432975752747438 0.05450737733222077
0.05387976565336636 0.05408132794714886 0.05432975752747438 0.05460869419662526 0.05483405382998995
0.05397817923666724 0.05421571835017363 0.05450737733222077 0.05483405382998995 0.05509962443808696

cov.inverse():
  2043104.52684581 -2186538.967337403 -1070104.292821354  978689.1959413721  234571.4878801389
-2186538.967322717  3799072.460243513 -1295567.790980231 -468862.9856267362  152153.6763691916
-1070104.292839208 -1295567.790956444  5155061.793136409 -2598235.479222901 -190830.6005182395
 978689.1959322023  -468862.985617237 -2598235.479219619   3167232.30567509 -1079087.252336282
 234571.4878924742  152153.6763505955 -190830.6005155899 -1079087.252332672  883173.7393227457

cov*(cov_.inverse()):
    0.9999999999890861 -1.455191522836685e-11 -1.818989403545856e-12  2.182787284255028e-11 -7.275957614183426e-12
-5.456968210637569e-12      0.999999999996362  9.094947017729282e-12 -2.182787284255028e-11                      0
-5.456968210637569e-12    1.2732925824821e-11     0.9999999999781721  2.182787284255028e-11                      0
 1.818989403545856e-11 -3.637978807091713e-12 -3.274180926382542e-11      1.000000000021828                      0
 9.094947017729282e-12 -1.637090463191271e-11  1.455191522836685e-11  7.275957614183426e-12                      1
