5
1

 0.000182858277114038
0.0005751114709298231
0.0007987680031064277
  0.01588958149373076
   0.5182202679514194

-0.06016701894799185   0.6670946215661596  -0.7362051546985419  0.04217118005963746   0.0871106048428575
  0.6291898272048865  -0.5279249419917327  -0.4918181867575406   0.1352195947681541   0.2554328665817532
  0.0628771986108084  0.07302133384566674  0.08399341918678033  -0.8026116802696626   0.5826439212128445
 -0.6309522448530589  -0.2675352204647712 -0.09628851246381502     0.36726715247094   0.6214237938871873
  0.4454725735469469   0.4465118275194891   0.4469792716342013   0.4481814165867551   0.4489146050846585

0.4000105824149078
0.4001982391589641
0.4002009661980975
0.4001895675927944
0.4002147519863876

-5.318844919429316e-05

 1.821472745840786  4.040504339366001 -1.672127689019008 -1.372046578428062 -2.817891203058732

 1.174816294882774e-07 -3.538919370085658e-07 -1.732138581027636e-07  -0.001091780221881688   -0.00316235949132282

cov:
 0.0533937146015389 0.05345990837690241 0.05348856078292444 0.05355862456286908 0.05360593067516081
0.05345990837690241 0.05356019816629281 0.05360464591842388 0.05371735201384888 0.05378814697183241
0.05348856078292444 0.05360464591842388 0.05365662275506294 0.05378948688641058 0.05387137166642116
0.05355862456286908 0.05371735201384888 0.05378948688641058 0.05397764457294395  0.0540887545225507
0.05360593067516081 0.05378814697183241 0.05387137166642116  0.0540887545225507 0.05421754704052442

cov.inverse():
 1312942.920922941 -2196777.237643748  397668.2824023566  101330.7496000687  385027.7443530969
-2196777.237614141  14160284.26866881  -13893088.8358338  533270.9090109416  1396238.561363676
 397668.2823643226 -13893088.83578054   16951867.6044918 -1235373.113921083 -2221318.518031303
 101330.7496039571  533270.9090064575 -1235373.113922326  1118649.676794617 -517742.1019260356
 385027.7443576317  1396238.561344511 -2221318.518014834  -517742.101927875  957801.4544709247

cov*(cov_.inverse()):
     1.000000000021828 -1.455191522836685e-11  8.731149137020111e-11 -3.637978807091713e-12 -7.275957614183426e-12
 1.091393642127514e-11     0.9999999999126885  1.164153218269348e-10  7.275957614183426e-12  -2.91038304567337e-11
-7.275957614183426e-12  -2.91038304567337e-11     0.9999999999126885  1.455191522836685e-11  1.455191522836685e-11
 3.637978807091713e-12   2.91038304567337e-11  7.275957614183426e-11      1.000000000003638                      0
 1.455191522836685e-11   2.91038304567337e-11  1.455191522836685e-11  3.637978807091713e-12      1.000000000007276
