5
1

0.0002009976864970064
0.0003040328399798013
0.0005670076230388215
  0.01309394148948273
   0.5161582790206406

 -0.1167921766164335   0.4630571554300019   -0.766107872435376   0.4300150714760372 -0.01016977788702828
 -0.4213744212599701    0.660313541732038   0.1388644014864465  -0.5734714664756977   0.1956445216486825
  0.4450982344294463  -0.1887199389041095  -0.4364686376457427  -0.4388561545013431   0.6190094913454728
 -0.6417128177175042  -0.3383977021542311  0.05639862817409599   0.3051185476125667    0.614339907052012
  0.4459769118170488   0.4465824417138819   0.4473362592995366   0.4478006956233575    0.448367622597942

0.3997923335492723
0.3999920702382941
0.4000134511472591
0.4000253686274969
0.4000358410223686

-0.0002681398976713052

-0.8007968293656633   5.528181967921827   7.691690571546681  -11.14902858285527  -1.270316372554093

-3.240330099369655e-07  1.035374355885679e-06 -2.091056702273584e-07 -0.0008752971630830539   -0.00258088284848519

cov:
0.05306027203452571 0.05309871215904693 0.05314483259721429 0.05317267244862876 0.05320613513866677
0.05309871215904693  0.0531532743926451 0.05322001689028461 0.05326082332341367  0.0533103091773205
0.05314483259721429 0.05322001689028461  0.0533137397945862 0.05337145006878589 0.05344188098907589
0.05317267244862876 0.05326082332341367 0.05337145006878589  0.0534399287683202 0.05352354334721797
0.05320613513866677  0.0533103091773205 0.05344188098907589 0.05352354334721797 0.05362405964888459

cov.inverse():
 2877111.717569734 -4608729.440276141  977232.4964313902  762357.8394748903 -7765.900627676301
-4608729.440302792  10135841.86778789 -7532896.968124933  1089174.974426674  916444.9188097611
  977232.496500921 -7532896.968229056  15328915.64738731 -8420006.024920387 -353409.0159941975
 762357.8394313811  1089174.974506417 -8420006.024958247  8734453.232764143 -2165898.962767927
-7765.900627055746  916444.9188075066 -353409.0159909391 -2165898.962769551  1610688.592969393

cov*(cov_.inverse()):
    0.9999999999699867  7.275957614183426e-12 -1.091393642127514e-11 -5.820766091346741e-11                      0
-3.541344995028339e-11      1.000000000116415 -7.275957614183426e-11 -5.820766091346741e-11                      0
-1.216449163621292e-11   2.91038304567337e-11     0.9999999999490683  1.455191522836685e-11                      0
 8.810729923425242e-12  1.091393642127514e-10  1.455191522836685e-11      1.000000000029104                      0
-2.785327524179593e-12   2.91038304567337e-11 -7.275957614183426e-12  -2.91038304567337e-11                      1
