6
1

0.001573190717418759
0.001673103119908728
0.001687585429317908
0.001774640524463679
  0.1072166032847775
    0.61845954865791

  0.4839342864412882  -0.1853968302730372  -0.2978999374514497   -0.552251019751798   0.5804254944132147 -0.02857106256282141
  0.1730313106345283  0.08238973773744974   0.1893935600234553  -0.5448104209858569  -0.5091111027339459   0.6094174811535459
 -0.4751974807944526    0.275950298238409   0.5703286181370872  -0.4661460821650515   0.3223647932007543  -0.2270524711809739
 -0.2131901045134398   0.7607982512910743  -0.5978504430596472 -0.08573342625033266  0.03716240333793608  0.09787534574602313
 -0.5761467208426914  -0.4009198633502742  -0.1934075007342113  0.05016072261366579   0.3302339528165072   0.5986160674482585
  0.3642252896121125   0.3783393494550091    0.394055022065491   0.4135721557125664   0.4353820882835781   0.4564213227567161

0.3997469892078407
0.4001047871792439
0.4000143203762488
0.4000592791584849
0.4001475842593452
0.4002235842445079

-0.0007591916816898388

  1.506693153828593  0.7866521437081335  0.3406496837329552 -0.4173295375218111 -0.7769726555786229  -1.437582161053872

 7.483871516716728e-07  3.831567890125606e-07 -9.723780566184355e-08 -1.895435410239827e-07   -0.02744436028630881   -0.07129160526233119

cov:
0.05455873130262993 0.05536195805104208 0.05617742968816734 0.05728366394744493 0.05846736733148943 0.05962142377384575
0.05536195805104208 0.05660006605195201 0.05791499316772152 0.05961717244583515 0.06148294782920776 0.06329092373873521
0.05617742968816734 0.05791499316772152 0.05982552055216832   0.062222827185375 0.06488763248818799   0.067462070808174
0.05728366394744493 0.05961717244583515   0.062222827185375 0.06545335682628993 0.06906224186120505 0.07254499236344548
0.05846736733148943 0.06148294782920776 0.06488763248818799 0.06906224186120505 0.07375977607894714 0.07827930354684186
0.05962142377384575 0.06329092373873521   0.067462070808174 0.07254499236344548 0.07827930354684186 0.08380143403073892

cov.inverse():
 199071.9483086936 -128683.3482265615  -101225.108011063 -58079.63890301296     25703.24749799  63313.29649289615
-128683.3482265832  226853.8967635557 -61265.76006472751 -40545.30218452382 -18262.33739124277   21700.4459585666
 -101225.108010713 -61265.76006462722  276380.6222744742 -47463.67598873683  -46812.6729050616 -19387.99824914108
-58079.63890345718 -40545.30218463819 -47463.67598775801  307894.7612697417  -84202.7896078894 -77730.75951102292
 25703.24749794664  -18262.3373913998 -46812.67290515701 -84202.78960737231   265653.568779663 -142064.7499832988
 63313.29649305587  21700.44595871591  -19387.9982495744 -77730.75951112041 -142064.7499830774  154178.6432601089

cov*(cov_.inverse()):
                     1  -1.13686837721616e-12  9.094947017729282e-13  2.728484105318785e-12  1.818989403545856e-12                      0
-4.547473508864641e-13      1.000000000000455  9.094947017729282e-13  2.728484105318785e-12                      0                      0
 1.818989403545856e-12 -4.547473508864641e-13      1.000000000000227 -9.094947017729282e-13                      0  1.818989403545856e-12
 9.094947017729282e-13 -1.818989403545856e-12  2.728484105318785e-12      1.000000000001819                      0                      0
 1.818989403545856e-12 -1.364242052659392e-12  1.364242052659392e-12  2.728484105318785e-12      1.000000000001819                      0
-9.094947017729282e-13 -6.821210263296962e-13  4.547473508864641e-13  1.818989403545856e-12                      0                      1
