6
1

0.0004004020627608732
0.0004538458989835289
0.0005023061944877033
0.0007923897089555434
  0.02703812661126357
    0.568255518049043

  0.5093302084797283  -0.4030148601932456  -0.5906573846748953   0.4739717167699835  0.05305727376460058 -0.04267730691140881
  0.2826012609061818  -0.7245245594078802   0.6055111685612731  -0.1679033988362871  0.01552710489489833 -0.01114776073568693
 -0.1763006958011318 -0.03015347889263675  0.03314229440159192  0.06421260756600569   0.7462473266744299  -0.6371044570188997
  0.3892178998000871  0.07660407886444887  -0.3038633848875119  -0.7524304659669667   0.3654032579815977    0.225026971366568
 -0.5600526059924511  -0.3750206547286697  -0.1581510970151737  0.09917254074691495   0.3720442536136319   0.6102759196262942
  0.4055709996049317    0.406479121994127   0.4074763070854224    0.408716530663303   0.4100271875803209   0.4111915001965544

0.3995872756336736
0.3996764864685134
 0.399710750781761
0.3997436328065034
0.3998071522263392
0.3998306834272259

-0.0001352005837780522

  2.709434590505289   1.144862735705322 -0.5882362343994415  -2.622475682601908 0.04208861629255155 -0.6857210671718099

 8.747927513513362e-09   5.90022699063641e-09 -5.848677573426957e-08  1.981160138478097e-06  -0.001839816062335384  -0.003880072030329578

cov:
0.05334494447174584 0.05338790237395422 0.05342967132747111 0.05348667114456172 0.05354681759615285 0.05360177957548178
0.05338790237395422 0.05345656488098006 0.05352779064639049 0.05362005610717474 0.05371732737833381 0.05380485234821378
0.05342967132747111 0.05352779064639049 0.05363418295018128 0.05376750881922238 0.05390827126770619 0.05403394853979483
0.05348667114456172 0.05362005610717474 0.05376750881922238 0.05395017037409423 0.05414237954937751 0.05431335563842099
0.05354681759615285 0.05371732737833381 0.05390827126770619 0.05414237954937751 0.05439051470457854 0.05460917624255995
0.05360177957548178 0.05380485234821378 0.05403394853979483 0.05431335563842099 0.05460917624255995 0.05487026319312843

cov.inverse():
 2370725.959336965 -2205559.011900601 -1257104.604302044  764038.7772795549 -105346.6177146218  433319.4880084266
-2205559.011940867  3574763.857079665 -686061.1628799243 -700384.6022432088 -232784.4195656844  249775.4273700117
-1257104.604256011 -686061.1629468167  4107572.625104904 -1867241.558606675 -228722.1542151741  -68259.5797799626
 764038.7772833036  -700384.602220419 -1867241.558647668  2456148.569168115 -103716.8949500526 -548805.2820645664
-105346.6177046927 -232784.4195965659 -228722.1541776876  -103716.894969649  2438703.136039178 -1768023.196831711
 433319.4879889855  249775.4274047255 -68259.57979731582  -548805.282059424 -1768023.196834775  1701855.437404993

cov*(cov_.inverse()):
     1.000000000003638  5.456968210637569e-12 -9.094947017729282e-12 -3.274180926382542e-11                      0  1.455191522836685e-11
 1.091393642127514e-11      1.000000000010914  4.274625098332763e-11 -2.182787284255028e-11                      0  1.455191522836685e-11
 1.818989403545856e-11 -5.456968210637569e-12      1.000000000010004 -7.275957614183426e-12  -2.91038304567337e-11   2.91038304567337e-11
 7.275957614183426e-12 -7.275957614183426e-12  3.683453542180359e-11      1.000000000003638                      0  1.455191522836685e-11
 2.182787284255028e-11 -1.455191522836685e-11  6.821210263296962e-12 -3.637978807091713e-12                      1  1.455191522836685e-11
 1.818989403545856e-11 -2.364686224609613e-11  1.000444171950221e-11  7.275957614183426e-12                      0      1.000000000014552
