6
1

0.0002072054552510038
0.0003774071116095842
0.0004715690595919478
0.0006218608620828289
  0.02198174312743848
    0.567468246684207

0.006496213339280488  -0.6299334820265646   0.7678459928462322  0.01472409675260726 -0.06116838959555499 -0.09795798994073167
  0.4886208284436394  -0.6026066709572391  -0.4744928915192217   0.2362775733802468    0.342113857864473  0.01011921939893233
 -0.2110813051595578   0.1173441679521544  0.08572212974852801  -0.1541702456615699   0.7509498653102783  -0.5887551107839808
  0.2823244542028427 -0.03281831571677275  0.04976846550784288  -0.8617756722264931   0.1922154865889742   0.3703172397114619
 -0.6874144531211679  -0.2435695922762286 -0.09531805077230625   0.1025481762915843   0.3325447129026372   0.5813325881242667
   0.405470640163542   0.4072789786611201   0.4078704606576103   0.4086737169709596    0.409582783815086   0.4105932501740576

0.3976465975057292
0.3978108636984712
0.3977986268622086
0.3977935065607655
0.3977751808319687
0.3977708959669897

0.0001981001440369599

  3.184514666991511 -0.5966068467921445  0.5324043074383197  -1.339342428669441  -1.033407109094863 -0.7472977235103412

 3.958564669425466e-08  1.403502732769799e-07 -1.837139217765066e-07  6.280114314829048e-07  -0.001454395799285151  -0.003884029636981774

cov:
 0.0531706005122321 0.05325916284488344 0.05328716957189038 0.05332628896059816  0.0533686706415011   0.053418029645929
0.05325916284488344 0.05344421657898627 0.05350429195352822 0.05358631805311249 0.05367847847926783 0.05378171512961168
0.05328716957189038 0.05350429195352822  0.0535751890244324 0.05367148255656949 0.05378031653942228 0.05390157434124522
0.05332628896059816 0.05358631805311249 0.05367148255656949  0.0537873319612977 0.05391798402992989 0.05406326567368166
 0.0533686706415011 0.05367847847926783 0.05378031653942228 0.05391798402992989 0.05407507618990337 0.05424810039261745
  0.053418029645929 0.05378171512961168 0.05390157434124522 0.05406326567368166 0.05424810039261745  0.0544517882174552

cov.inverse():
  2084627.97125173 -2297524.559089886  -1556444.01312929  329808.1023015807  591404.6788366262  848269.5117772646
-2297524.559164892  11856733.72459335 -9217411.269317226 -1223925.512171219 -170135.4835220916  1052043.964615172
-1556444.013055097  -9217411.26946328  15352513.40861413 -694130.9458838082 -1919477.304402911 -1965028.211442397
 329808.1023110616 -1223925.512221136 -694130.9458371439  2424345.672326155 -402364.5380020527 -433753.7491055723
 591404.6788653849 -170135.4834111515 -1919477.304598959 -402364.5379922943  3540527.363171441 -1639843.093937276
 848269.5117398364  1052043.964625206 -1965028.211364885 -433753.7491091029 -1639843.093983867  2138295.550239905

cov*(cov_.inverse()):
     1.000000000014552 -1.455191522836685e-11  1.164153218269348e-10                      0 -1.455191522836685e-11 -1.455191522836685e-11
 7.275957614183426e-12      1.000000000050932   1.01863406598568e-10                      0  -2.91038304567337e-11  -2.91038304567337e-11
 1.455191522836685e-11  6.548361852765083e-11      1.000000000014552 -7.275957614183426e-12 -1.455191522836685e-11 -1.455191522836685e-11
 7.275957614183426e-12 -1.455191522836685e-11  8.731149137020111e-11      1.000000000021828 -4.365574568510056e-11  -2.91038304567337e-11
                     0  8.003553375601768e-11 -1.455191522836685e-11                      0     0.9999999999854481                      0
-7.275957614183426e-12  2.182787284255028e-11   1.01863406598568e-10 -3.637978807091713e-12 -1.455191522836685e-11     0.9999999999854481
