5
1

 0.000110989377590334
0.0003280168178098935
0.0009668271248935739
  0.01318967224959654
   0.5176124497549474

  -0.3078089119607634    0.8038226825330576   -0.5087436375865466 -0.004151885539943242   0.01689502366265692
  -0.5068843402506762    0.2733831742303767    0.7289416662691561   -0.1635069070595346   -0.3320232584879122
   0.1001077288881605   0.08517508363155424   0.09868859397118068   -0.8252267360451275    0.5403564039423501
  -0.6629545799122346   -0.2689569649393046 -0.005417278933215912    0.3032947512513772    0.6293936152650068
    0.445860524061522    0.4466968672736337    0.4472752764248272    0.4475057331140663    0.4487245789798497

0.3484101683630813
0.3485634543270183
0.3485810501896322
 0.348555636242283
0.3485634921448281

-0.0002856688417276099

  9.871637402546936   -5.21727775092929   -4.02579744960461 0.08311664745131525 -0.7123864802598502

-6.401537749176534e-08 -9.836044301798759e-07 -2.869583176911093e-07 -0.0009642281539282193  -0.003289558471627453

cov:
0.05333727215531901 0.05339168957593288  0.0534303707959752 0.05342225602703116 0.05353038173297316
0.05339168957593288 0.05347338102175062 0.05353027566978467 0.05354331739815833 0.05367403501362962
 0.0534303707959752 0.05353027566978467 0.05359938626694591 0.05362655375711465  0.0537724196669718
0.05342225602703116 0.05354331739815833 0.05362655375711465 0.05367120187442927 0.05383349340473454
0.05353038173297316 0.05367403501362962  0.0537724196669718 0.05383349340473454 0.05401642894528896

cov.inverse():
 10092496.21622628  -21363084.6556434  9288619.638530258  784498.6470705286   1197486.09641436
-21363084.65583822  53154276.44999023 -31335679.51031871 -762031.1363100245  307085.9916721646
 9288619.638827259 -31335679.51078666  25959340.62445989 -1023403.256747448 -2890124.073602244
 784498.6470266797 -762031.1361659702 -1023403.256861957  978934.8079917937  22921.96560788574
 1197486.096355994   307085.991801356 -2890124.073658775  22921.96559358091  1362392.227655861

cov*(cov_.inverse()):
     1.000000000021828 -4.256435204297304e-10  5.820766091346741e-11  9.094947017729282e-13                      0
-6.548361852765083e-11     0.9999999995598046  1.455191522836685e-10  1.818989403545856e-12 -1.455191522836685e-11
-1.964508555829525e-10  2.546585164964199e-11      1.000000000116415  7.503331289626658e-12                      0
-2.110027708113194e-10  9.458744898438454e-11 -1.455191522836685e-10      1.000000000003865 -1.455191522836685e-11
 7.275957614183426e-12 -8.731149137020111e-11                      0  3.865352482534945e-12                      1
