5
1

0.0004446075747287564
0.0005307914989446393
0.0008642287182450898
  0.02119246104557078
   0.5232577984251979

 -0.4759144937417588   0.8146407727487187  -0.3251886079958181  0.03805512295914754 -0.05167187695644734
 -0.3834617483319573 -0.05389562271101714   0.5692692842783134   0.4426156719189536  -0.5745225829919837
  0.2999712924475306  -0.1141737551251752  -0.6035603554288567   0.6808116615195687  -0.2630436394242059
 -0.5818236952919211  -0.3487223480310684 -0.07862198140013159   0.3712649526339907    0.629169953642854
  0.4449279644132705   0.4458842348101992   0.4468985708215112    0.448665789951655   0.4496743621283461

0.4019818935418394
0.4020543356563036
0.4020593804473112
 0.402143007138514
0.4021143146596873

0.0001466312807472392

  4.490467016074009 0.07443198445140146  -3.636224427216339  0.8667989431045935  -1.795571326706343

-1.518580953857652e-07 -6.707289641302191e-07  3.432439224006575e-06  -0.001419506345384987  -0.003400706369942156

cov:
0.05435362908405529  0.0544089613623996 0.05446187912817867 0.05455987082680525 0.05461524979589277
 0.0544089613623996  0.0544894354705163 0.05457081423313717 0.05471605117928602 0.05479886906137285
0.05446187912817867 0.05457081423313717 0.05468578503640726 0.05488551393618097 0.05500008439042946
0.05455987082680525 0.05471605117928602 0.05488551393618097 0.05517826179471457 0.05534455526659631
0.05461524979589277 0.05479886906137285 0.05500008439042946 0.05534455526659631 0.05554195893904799

cov.inverse():
 1788929.217430341 -1933336.014017632 -234199.6194910944 -421089.9852558726  799897.0265495229
-1933336.014025009   3385245.19062316 -1356706.187443712 -32201.85671191772 -63318.37087681341
-234199.6194812281 -1356706.187451196  2172941.880534551  281498.7347918182 -863393.6318617137
-421089.9852548929 -32201.85672609018  281498.7348097348  1323565.554171627 -1151778.624532161
 799897.0265460557 -63318.37086253579 -863393.6318772481 -1151778.624527438  1278593.677829311

cov*(cov_.inverse()):
                     1  1.591615728102624e-11                      0                      0                      0
                     0      1.000000000001364 -7.275957614183426e-12                      0                      0
-7.275957614183426e-12  6.366462912410498e-12                      1 -1.455191522836685e-11   2.91038304567337e-11
-7.275957614183426e-12 -1.318767317570746e-11  2.182787284255028e-11     0.9999999999854481                      0
 7.275957614183426e-12  3.637978807091713e-12 -7.275957614183426e-12                      0                      1
