5
1

0.0001741954853972035
 0.000335977724083303
0.0004623714183140195
  0.01369344476682329
   0.5110576219192788

  0.05120530888514888    0.2327855297281378   -0.8131939724780455    0.5309439114901137 -0.001743407043851246
  -0.3750650659110892    0.7445482429538338   -0.1257365100435754   -0.4820612258114798    0.2382885118058863
   0.4759283621789083   -0.2989046931023049   -0.3448626166518692   -0.4410411172124963    0.6088519418373385
  -0.6567621485168483   -0.3204171399540734   0.06222977466710782    0.3011346278574029     0.609460193736432
   0.4459370886395546    0.4465956246187562    0.4473288767208578    0.4477903597151776    0.4484117871386393

0.3792882240850285
0.3792373994625497
0.3792237261477506
0.3791454722533871
 0.379073419263509

0.001577632597268909

 3.564224269921898   2.57309214387645 -3.068094146577936 -1.415099009128333 -1.653745774459371

 7.670939019755889e-08    1.4142214391593e-07  3.425958184540506e-07 -0.0008982246021860273  -0.002382590956955031

cov:
0.05201914847896388 0.05205430127183264 0.05209261067000093   0.052116945817541 0.05215142862707408
0.05205430127183264 0.05211105085515636 0.05217351108141748  0.0522129712052441 0.05226692062631548
0.05209261067000093 0.05217351108141748 0.05226368590514514 0.05232036918764111 0.05239649589215962
  0.052116945817541  0.0522129712052441 0.05232036918764111 0.05238788148228316 0.05247782290636348
0.05215142862707408 0.05226692062631548 0.05239649589215962 0.05247782290636348  0.0525859936422487

cov.inverse():
 2394423.113116183 -2745347.580863929 -1722419.552461247   1514797.71947274  558584.8725700354
 -2745347.58094864   7115222.03664969 -6585725.358861131  1509665.991730978  706043.5217674635
-1722419.552168393  -6585725.35934016  22489253.18516488 -12980314.23248244 -1200646.811743596
 1514797.719208549  1509665.992233512 -12980314.23272537  12259168.67154726 -2303198.066405443
 558584.8726260865  706043.5216592432  -1200646.81168684 -2303198.066410027  2239071.243241088

cov*(cov_.inverse()):
     1.000000000003638 -8.003553375601768e-11 -5.820766091346741e-11 -8.731149137020111e-11 -1.455191522836685e-11
 1.455191522836685e-11      0.999999999992724  1.455191522836685e-11  -1.01863406598568e-10                      0
 3.274180926382542e-11 -2.182787284255028e-11      1.000000000167347 -1.455191522836685e-11                      0
-1.091393642127514e-11 -5.820766091346741e-11  2.619344741106033e-10     0.9999999998835847 -1.455191522836685e-11
 1.818989403545856e-11 -3.637978807091713e-11  -2.91038304567337e-11  4.365574568510056e-11     0.9999999999854481
