5
1

0.0002073462528291943
0.0004564764465768057
0.0005811117529520488
  0.01450116172670947
    0.518810365937285

 -0.6230337466937916   0.7730080380905596  0.01360630786366094  -0.0627607258862581  -0.1008141021912554
  0.1584725234522509   0.1359288122442637  -0.0477926486050558  -0.8029140786998121   0.5562864929849411
  0.2386654673277277   0.2485189219705088  -0.8916278094725949   0.2495685912977263   0.1548951507976395
  -0.575697493111224  -0.3510611328743479 -0.05169531504051785   0.2970584948480234   0.6741011218295963
  0.4453387485073148   0.4460676601781877   0.4470550021010794   0.4481761287576094   0.4494185402599036

0.3976785473032132
0.3976655673473626
0.3976591950843309
 0.397639206064575
0.3976336200030631

0.000216237923768588

 2.873625361542032  2.962501247034025 -1.850046407401745 -1.937656630669058 -2.048387392505096

 3.450637748985175e-08    2.8396350764617e-07  7.668156183211168e-07 -0.0009578709876185656   -0.00399829907333768

cov:
0.05345215502021448 0.05351229733688154 0.05359433048878706 0.05368656811708005 0.05378988861576293
0.05351229733688154 0.05358327782119153  0.0536795974288958 0.05378853199001787 0.05390989776174339
0.05359433048878706  0.0536795974288958 0.05379549583428415 0.05392627502595369 0.05407169213039181
0.05368656811708005 0.05378853199001787 0.05392627502595369 0.05408352802833442 0.05425672109360621
0.05378988861576293 0.05390989776174339 0.05407169213039181 0.05425672109360621 0.05446061184546316

cov.inverse():
 9319593.843917577 -10922214.27787242 -863548.4261525716   474439.716909005  1991669.168055086
-10922214.27791094  14170899.46804742 -442628.7051023699 -1469045.421407885 -1336888.786727506
-863548.4261450578 -442628.7051179165  2369506.077916888 -494728.3297271652 -568642.6060544103
 474439.7169991735 -1469045.421505665 -494728.3297443436  3370346.548442081 -1880939.679409547
 1991669.167995927 -1336888.786652704 -568642.6060452648 -1880939.679434335  1794727.589288545

cov*(cov_.inverse()):
     1.000000000130967  -2.91038304567337e-11  1.091393642127514e-11  1.455191522836685e-11                      0
  1.01863406598568e-10     0.9999999999272404  2.546585164964199e-11                      0 -1.455191522836685e-11
 1.309672370553017e-10  -1.01863406598568e-10      1.000000000003638  4.365574568510056e-11 -1.455191522836685e-11
 4.365574568510056e-11 -4.365574568510056e-11  1.818989403545856e-11      1.000000000029104                      0
 4.365574568510056e-11                      0  7.275957614183426e-12                      0                      1
