5
1

0.0001685127712283319
0.0002849901948547386
0.0008026737632896694
  0.01132404785595169
   0.5190286650018713

  -0.4627509108947176    0.8165674260958041   -0.3450003995056106  -0.00167716365514443 -0.007151543080046088
  -0.4850578508605085   0.06754797576705845    0.8168820434960943   -0.1187304489428656   -0.2806473940656296
  0.09419093817545417     0.101855068301693    0.1078481213987767   -0.8312966847097365    0.5273217394800265
  -0.5855140336158944   -0.3448641220970055  -0.04616306390899202    0.3070577349839954    0.6647003630555203
   0.4459617241301847    0.4464853770960096    0.4471199006932074    0.4478410845299916    0.4486547738087319

0.4001541588359064
 0.400153208438234
0.4001504637705793
 0.400132055491868
0.4001496221432044

4.364606983751299e-05

  6.78872155825065  1.222124253685738  -4.61380225048889 -1.023392244294474 -2.374026939486743

-1.513769912806354e-08 -5.028724683712783e-07 -8.685462692617097e-08 -0.0007791024926889907  -0.003552681413304904

cov:
0.05362092723895968 0.05366573104542544 0.05371952020174095 0.05377961629468964 0.05385060734418774
0.05366573104542544 0.05371810637722585 0.05378119427762209 0.05385225817107853 0.05393439992622059
0.05371952020174095 0.05378119427762209 0.05385591592250318 0.05394056084456936 0.05403653627751751
0.05377961629468964 0.05385225817107853 0.05394056084456936 0.05404198769148332 0.05415351079034828
0.05385060734418774 0.05393439992622059 0.05403653627751751 0.05415351079034828 0.05428280582443205

cov.inverse():
 10454302.28592505 -13693745.30928834  759537.1847779383  613479.7699451782  1866678.868611475
-13693745.30915507  23554309.52703162 -9224231.129115237 -279217.9387948426 -357478.1425820718
 759537.1845334732 -9224231.128804615  12425580.01719108 -1313043.172571759 -2647755.095669269
 613479.7700537611 -279217.9389442133 -1313043.172550634  1246991.484759374 -268104.5646416312
 1866678.868614098 -357478.1426100673 -2647755.095624233 -268104.5646612958    1406594.4984116

cov*(cov_.inverse()):
     1.000000000101863  2.182787284255028e-11  -2.91038304567337e-11  3.637978807091713e-12                      0
 4.365574568510056e-11      1.000000000189175   2.91038304567337e-11 -1.818989403545856e-12                      0
 1.600710675120354e-10 -1.091393642127514e-11      1.000000000029104  1.637090463191271e-11 -1.455191522836685e-11
  1.01863406598568e-10 -2.546585164964199e-11  5.820766091346741e-11     0.9999999999890861 -1.455191522836685e-11
 7.275957614183426e-11  4.365574568510056e-11                      0                      0     0.9999999999854481
