4
1

0.0005822020109641542
0.0006823012010458792
  0.02221718980971685
   0.4460096559116831

  0.2059490175330317 -0.04951447299703246  -0.7648819861775684   0.6083492963438546
  0.3243249237399357  -0.8629890931074686   0.3185315620373216   0.2204559207748747
 -0.7804168622274167 -0.05585962273045564   0.2478715762257442   0.5713045644828071
  0.4933030175960588   0.4996777408388196   0.5020486758338147   0.5048974304097311

 0.419363034007399
 0.418546435720913
0.4180492274102163
0.4177202325208682

0.004666965153051942

  3.516298654008245 -0.9915578944390537   -1.47924322617361  -1.050866488891999

4.289282112806772e-07 6.020630772817806e-07 -0.001804524587225399  -0.00678145239454781

cov:
0.04870857314863606 0.04905481694150554 0.04917060323755074 0.04932564117023933
0.04905481694150554 0.04966895639920593 0.04989578577115231 0.05017004534833301
0.04917060323755074 0.04989578577115231 0.05017009293844681 0.05049379914345984
0.04932564117023933 0.05017004534833301 0.05049379914345984 0.05087139869732055

cov.inverse():
 352316.0996871013 -631214.9781845993 -243215.2594931692  522311.7451118203
-631214.9781858776  1607013.475534656 -478774.8007803852 -497601.7457813168
 -243215.259490675 -478774.8007857277  1944076.302325366 -1221647.091229433
 522311.7451106057 -497601.7457772539 -1221647.091232283  1196899.335201671

cov*(cov_.inverse()):
     1.000000000007276 -3.637978807091713e-12 -7.275957614183426e-12  7.275957614183426e-12
 7.275957614183426e-12                      1                      0                      0
 7.275957614183426e-12  3.637978807091713e-12      0.999999999992724  7.275957614183426e-12
                     0                      0                      0                      1
