5
1

0.0003816306068266243
0.0004004668262624362
0.0004413014151307477
  0.02526188189063396
   0.5182992080767949

  0.6366991151053101  -0.3169283556282101  -0.6604010107696731   0.1665843854928884   0.1740425284442416
 -0.1968106303029986    -0.25888976540016  0.03566566575329574   0.8443626955990606  -0.4242891275272661
  0.2978531221591179  -0.7265267895413541   0.5941885795390367  -0.1740908313811778 0.008640374597807997
 -0.5189349036298004   -0.325580876522036 -0.09980763600076105   0.1682398782658454   0.7657920329925783
  0.4448256917475061    0.445744796595232   0.4467402298899096   0.4479832659606257   0.4507503085820245

0.3998482509182295
0.3999352682771767
0.3999673223574466
0.3999978688159358
0.4000461723202287

-0.0001137658864135328

  1.446813492194621  0.8202854694632643  0.1901148235530067 -0.4937422523206439   -1.96348342359872

 1.626554513081425e-08 -1.189075995809245e-08  3.297722178848365e-09  -0.001674241028255412  -0.003244909794115339

cov:
0.05332653087306196 0.05337218166004454 0.05341639858798252 0.05347617427214513 0.05360898600084262
0.05337218166004454 0.05344225501007377  0.0535143574681159 0.05360754515705313 0.05381474796848694
0.05341639858798252  0.0535143574681159 0.05361962632463429 0.05375156593855565 0.05404559072156524
0.05347617427214513 0.05360754515705313 0.05375156593855565 0.05393009171755021  0.0543270655265637
0.05360898600084262 0.05381474796848694 0.05404559072156524  0.0543270655265637  0.0549542286069068

cov.inverse():
 3480937.785142643 -2178709.378384115 -2021971.647978221 -574346.3857679113  1294138.026780771
-2178709.378452458  3818146.675883937 -837129.8700893498  -1076166.19312989  273571.8344584137
-2021971.647970646 -837129.8701197286  4815397.958838331 -1098774.876109536 -857295.8077702296
-574346.3856539878 -1076166.193232865 -1098774.876148756  4791753.720191118 -2042322.203922379
 1294138.026727628  273571.8345234159 -857295.8077538157 -2042322.203950657  1331795.672957686

cov*(cov_.inverse()):
    0.9999999999854481   -1.2732925824821e-11 -2.182787284255028e-11  1.455191522836685e-11 -1.455191522836685e-11
 -2.91038304567337e-11      1.000000000003638 -2.182787284255028e-11  1.455191522836685e-11 -1.455191522836685e-11
 -2.91038304567337e-11 -1.818989403545856e-11      0.999999999992724                      0 -1.455191522836685e-11
-1.455191522836685e-11 -1.818989403545856e-12 -2.182787284255028e-11                      1  -2.91038304567337e-11
 -2.91038304567337e-11 -1.818989403545856e-12                      0  1.455191522836685e-11     0.9999999999854481
