4
1

  0.00042408884027408
0.0004505662522719705
  0.02024135186749076
   0.4650353690493182

  0.4746120739369403  -0.8028261172449502 -0.03131613702927848    0.359489783309953
 0.09183600813257338   0.2905057010573184  -0.8369584679020016   0.4546131413307407
  -0.720811529318363  -0.1475094055300512   0.2179958304161504   0.6412094294402313
  0.4967295703753436   0.4993171721488898   0.5009966471842608   0.5029358358897211

 0.401537467677511
 0.401590912880799
0.4015879177944159
0.4015690858238795

0.0002728503999218416

  2.743759920938601  0.2138116029951395 -0.7419874065166917   -2.21547346911538

6.427242271928642e-08 -1.46332132954389e-08 -0.001471525101661711 -0.003526671520763401

cov:
0.05357244657871022 0.05368099513855879 0.05375350905438277 0.05383689171110853
0.05368099513855879 0.05392595552732164 0.05408503967273808 0.05426887797938163
0.05375350905438277 0.05408503967273808 0.05429983405695436 0.05454751236324527
0.05383689171110853 0.05426887797938163 0.05454751236324527 0.05486975349056498

cov.inverse():
 1295273.340494393 -1986911.084677157 -461639.4803180451  1153189.614978572
-1986911.084685303  3999446.326882115 -1057968.609049473 -954383.5843877237
-461639.4803027967 -1057968.609075788  3456137.239344482 -1936507.419299822
 1153189.614971468 -954383.5843695552 -1936507.419310887  1737602.926808365

cov*(cov_.inverse()):
     0.999999999992724 -7.275957614183426e-12  1.455191522836685e-11   2.91038304567337e-11
                     0     0.9999999999854481  1.455191522836685e-11  1.455191522836685e-11
                     0  7.275957614183426e-12      1.000000000029104  1.455191522836685e-11
                     0  2.182787284255028e-11                      0     0.9999999999854481
