5
1

0.0001203451052499786
0.0002123524970375016
0.0004039392443982165
   0.0103293896691719
   0.5726538733220453

-0.04718210270852431 -0.05218433997856597   0.5958704232385824  -0.7565487417027991   0.2600443884847118
-0.08820838991576126   -0.375677293510965   0.6522021704794269   0.3574872161259988  -0.5458214636830928
  0.6594383806225187   -0.709865712034411  -0.1322485125582163 -0.02494732390756703   0.2076527269164056
 -0.5964767576361956  -0.3907029999139115  0.04501127115545685   0.3144400188732958   0.6250344818152139
  0.4464858663991871   0.4467495971318015   0.4472751769621319   0.4475957967800942   0.4479599171205237

0.4015309917566041
0.4017170672528844
0.4017145558999304
0.4017123102815588
0.4017090364462628

4.055886337270003e-05

-1.451320395310766  4.193042781135857  6.067553829914979  1.455623799162297 -10.26519269108937

-4.424757659404179e-09  3.893104365911965e-07 -1.126486063215408e-06  -0.000689027598782606  -0.002541945766802243

cov:
0.06541124615702093 0.06543661886209334   0.065485900747155 0.06551571170156215 0.06554928630232659
0.06543661886209334 0.06546684186381178 0.06552559301466067 0.06556132703084082 0.06560171198371167
  0.065485900747155 0.06552559301466067 0.06560479887925913 0.06565309741405885 0.06570797397529972
0.06551571170156215 0.06556132703084082 0.06565309741405885 0.06570920722567973 0.06577304691017426
0.06554928630232659 0.06560171198371167 0.06570797397529972 0.06577304691017426 0.06584728353934777

cov.inverse():
 2994707.053404692 -1961860.565493168 -3751726.353443964  1662792.765011451  1056260.623909385
-1961860.565673905  6407555.196628908 -7005360.600837934 -144898.4737708846  2704598.063323164
-3751726.353359431 -7005360.601994636  34056047.26789206 -25935814.62967392  2636560.064404025
 1662792.765444249 -144898.4723233922 -25935814.63311298   42358786.2265882 -17940996.62574553
 1056260.623572774   2704598.06285166  2636560.066770959 -17940996.62730438  11543811.05033286

cov*(cov_.inverse()):
    0.9999999999854481                      0 -6.693881005048752e-10 -2.328306436538696e-10                      0
-4.365574568510056e-11      1.000000000029104 -5.238689482212067e-10 -2.328306436538696e-10                      0
 -2.91038304567337e-11                      0     0.9999999993015081  2.328306436538696e-10 -1.164153218269348e-10
 -2.91038304567337e-11 -5.820766091346741e-11 -4.365574568510056e-10     0.9999999997671694                      0
-1.455191522836685e-11   2.91038304567337e-11 -1.164153218269348e-10                      0                      1
