6
1

0.0003584061064745947
0.0004542228266788037
0.0004769685324308912
0.0007716830020614891
  0.02720892843088268
   0.5803800393487361

  0.3076234966064407  -0.4326723339113984  -0.3839556660599953   0.7367284165918638 -0.08197593239821084  -0.1457795218719199
  0.6370390922827377  -0.1591560928626051  -0.3739181257296675  -0.4745469678192182 -0.07470495834300424   0.4452640933105486
   0.180688744590303  -0.6919429911963982   0.6800167343480757   -0.137305961187463  0.04266475874077812 -0.07396287516800847
 0.03900768665490167  -0.1092402449111456  -0.2530392593434298  -0.1867570046519581   0.8705145687265258  -0.3603363836095567
 -0.5487990268913503  -0.3628674406518443  -0.1425244894634963    0.105526390376062   0.2456564626340564   0.6894568164877174
  0.4052142461495317   0.4062913682483146   0.4074290439965162   0.4088636578245201   0.4095560060223732    0.412097925442266

0.4004181144506069
0.4004627621710967
0.4004054479184079
0.4003678602199094
0.4004602407829777
0.4002635201134447

0.000701361244935736

  2.205922700274846  0.7688639639173961 -0.5785279750920406  -1.144306964304904  0.3525421878340854  -1.604429682821419

-8.991056610509522e-09  2.685249200994558e-07 -5.369062504822409e-08  7.426903260546662e-07  -0.001885968705444062  -0.004755153391775616

cov:
 0.0555318898485051 0.05560319385365523 0.05566898196661461 0.05576401477032578 0.05580163399300282 0.05596830836732577
0.05560319385365523 0.05570086964586576 0.05579717170035721 0.05592693556466701 0.05598397798881814 0.05621271618105982
0.05566898196661461 0.05579717170035721 0.05593030364926363 0.05610083141488346 0.05618094075199086 0.05648309379219888
0.05576401477032578 0.05592693556466701 0.05610083141488346 0.05631792213009527 0.05642398141393927 0.05680881474051262
0.05580163399300282 0.05598397798881814 0.05618094075199086 0.05642398141393927 0.05654553163348138 0.05697626834522149
0.05596830836732577 0.05621271618105982 0.05648309379219888 0.05680881474051262 0.05697626834522149 0.05755595672053632

cov.inverse():
 2850122.749647056 -2084035.761566843 -1550397.218563263  177714.6339193483 -336251.3213472108  942849.0853767883
-2084035.761570479  3704913.867106208  -440081.499388642 -1663610.702394512  44169.31389742297  438269.1213922079
-1550397.218550979 -440081.4993734053   3965506.82800562 -1673148.510155742  137999.8281993142 -439327.9340030967
 177714.6339117075 -1663610.702431448 -1673148.510069784  5458311.020675839 -597052.7757100211 -1702483.165007502
-336251.3213515864  44169.31390734372  137999.8281566228 -597052.7756578097  1359995.510536957 -608585.5805579175
 942849.0853801589  438269.1214003535 -439327.9340188536 -1702483.165018333 -608585.5805428452   1369113.21389615

cov*(cov_.inverse()):
     1.000000000007276  2.546585164964199e-11  3.637978807091713e-12  1.455191522836685e-11  7.275957614183426e-12   2.91038304567337e-11
                     0      1.000000000047294 -1.455191522836685e-11   2.91038304567337e-11 -7.275957614183426e-12  1.455191522836685e-11
 7.275957614183426e-12  2.546585164964199e-11      1.000000000029104   2.91038304567337e-11                      0  1.455191522836685e-11
 7.275957614183426e-12  2.182787284255028e-11  3.274180926382542e-11      1.000000000101863 -7.275957614183426e-12  1.455191522836685e-11
  2.91038304567337e-11  4.001776687800884e-11                      0  7.275957614183426e-11      0.999999999992724   2.91038304567337e-11
 3.637978807091713e-11  2.546585164964199e-11 -3.637978807091713e-12                      0                      0      1.000000000014552
