6
1

0.0004424578479438888
0.0005438132564402975
0.0007465241154989951
0.0007986297295322646
  0.02201559350316827
   0.5675378658601538

  0.4864644879757684  -0.8186792906360852   0.3013740322581036  0.01008617843450062 -0.02098864369393075  0.04180860608818798
  0.3944374479715707  0.05865464019371422  -0.5845321024020154 -0.03166681093497734  -0.4109051022360828   0.5739818499956792
  0.1159690319459708  0.09723555709647562   0.1011180417811071  -0.8898672381094654   0.3562569699900944   0.2192916814767843
  0.2624448639024995  -0.1020023589909425  -0.6149178519496684   0.1322511335506274   0.6475208130588554  -0.3253009097055524
 -0.6005099711460227  -0.3753963537907201  -0.1133026604055196   0.1497126140402675   0.3417641174513271   0.5885671418621777
  0.4059963708841058   0.4068687687994678   0.4078107380476423   0.4088123671087161   0.4095259818424647   0.4104583686959153

0.3986785275606476
0.3987462702993692
 0.398759944170051
0.3988253763859133
0.3988370887510649
0.3988183443199223

0.000118243560189735

  4.290910530704966  0.2459038171018303  -3.471567872304917 0.04735395380034397  0.5342938703072903  -1.646920034166161

 1.488288217258481e-07  7.599790985279021e-07 -2.366482910707378e-08  2.630164989342659e-06   -0.00148088119794069  -0.003679654007683857

cov:
0.05326752696082752 0.05331586439064451 0.05336270807211025 0.05341723703586519 0.05345477850605405  0.0535048227115294
0.05331586439064451 0.05338946072453709 0.05346506288403426 0.05354842696263132 0.05360703641688247 0.05368438489015304
0.05336270807211025 0.05346506288403426 0.05357478119674905 0.05369144525172041 0.05377456759767979  0.0538836955391056
0.05341723703586519 0.05354842696263132 0.05369144525172041 0.05384297198577868 0.05395030438679403 0.05409096505844344
0.05345477850605405 0.05360703641688247 0.05377456759767979 0.05395030438679403  0.0540767553295287 0.05424007824150684
 0.0535048227115294 0.05368438489015304  0.0538836955391056 0.05409096505844344 0.05424007824150684 0.05443410595447833

cov.inverse():
 1867764.265283273 -1977369.668765712 -262588.2599033653 -148113.2462007138 -260052.3662150441  780495.1088359151
-1977369.668762843  3468808.996588835 -1260167.173826364 -224986.6583100354 -35386.94086266162  28833.69697558189
-262588.2599096235 -1260167.173813319  2230528.041821257  -210881.236698504  220146.0157828749 -716867.1708675055
-148113.2462018926 -224986.6583075377 -210881.2366976311  1452277.324014416 -391565.2236053405 -476731.4439408741
-260052.3662063058  -35386.9408904247  220146.0158021089 -391565.2235988027  1458542.458184117 -991654.2994758247
 780495.1088317445  28833.69699067252 -716867.1708808258 -476731.4439452196 -991654.2994690799  1375875.474035977

cov*(cov_.inverse()):
                     1 -6.821210263296962e-12 -2.182787284255028e-11 -1.091393642127514e-11 -7.275957614183426e-12 -1.455191522836685e-11
                     0     0.9999999999699867 -7.275957614183426e-12 -3.637978807091713e-12  7.275957614183426e-12 -1.455191522836685e-11
                     0 -1.432454155292362e-11     0.9999999999781721 -7.275957614183426e-12 -7.275957614183426e-12                      0
                     0  -1.13686837721616e-12 -1.455191522836685e-11      0.999999999992724 -7.275957614183426e-12                      0
-7.275957614183426e-12 -3.865352482534945e-12 -7.275957614183426e-12 -1.091393642127514e-11      1.000000000007276 -1.455191522836685e-11
                     0 -4.092726157978177e-12 -1.455191522836685e-11 -7.275957614183426e-12                      0     0.9999999999854481
