5
1

0.0004620743885245558
0.0006273022648291566
0.0007947117103185728
   0.0188357277892093
   0.5188255024510092

-0.3479905202486742  0.8798305061018135 -0.1782892776347335 -0.2492462427338228  -0.104355748826988
-0.2401983371419268   0.053760341495223  0.1753256987877119  0.6795899247335773 -0.6684556964091045
 0.1961369517764711 0.05000858304225486 -0.8560623879799494  0.4467222051835043  0.1631744374955658
-0.7651104748076304 -0.1448811843126193 0.06639863010538766  0.2748076900116766  0.5600779938565608
 0.4442337381815876  0.4466729119492505  0.4474620013266827  0.4482787632602244  0.4494036085420248

0.4011693856034997
0.4013664430965568
0.4013523558897664
0.4013811718479523
0.4013923889090523

-5.950265639287052e-05

  1.847849236189862   2.060548866536362 -0.2736503437663791 -0.6840574739973189  -2.950582444289794

3.623519708015148e-07 4.432485959771784e-07  -5.5138856121289e-08 -0.001266955156947069 -0.003722927755584439

cov:
0.05332869638255295 0.05345187182935941 0.05348883328723924 0.05353004716024975 0.05358719986461007
0.05345187182935941 0.05371349825752928 0.05379728976827473 0.05388481936398427 0.05400539194272526
0.05348883328723924 0.05379728976827473 0.05389784953731309 0.05400046936114074   0.054142729432236
0.05353004716024975 0.05388481936398427 0.05400046936114074 0.05411985165264522 0.05428294901663373
0.05358719986461007 0.05400539194272526   0.054142729432236 0.05428294901663373 0.05447602939242521

cov.inverse():
 776347.0375444815 -1450950.271551189 -82435.08093086359  129547.3098962086   627577.392935168
-1450950.271549495  3636917.135573286 -778542.0294196523 -898973.8950689186  -508653.602693848
-82435.08092563524 -778542.0294400817  1387362.334121316 -94545.30972781248 -431757.8376067529
 129547.3098830728 -898973.8950258527 -94545.30975407234  1780805.177417032 -916752.8567272184
  627577.392941382 -508653.6027147906  -431757.837595696 -916752.8567235452  1229559.479687648

cov*(cov_.inverse()):
                     1 -3.274180926382542e-11 -3.637978807091713e-12 -1.455191522836685e-11                      0
                     0      1.000000000007276  1.091393642127514e-11 -1.455191522836685e-11                      0
                     0 -1.455191522836685e-11      1.000000000003638                      0                      0
-7.275957614183426e-12 -7.275957614183426e-12 -3.637978807091713e-12     0.9999999999781721                      0
                     0  7.275957614183426e-12                      0                      0                      1
