7
1

0.0004321979931605751
0.0004504311080171814
 0.000479069417575453
0.0007555662169088851
0.0008447937236676388
  0.02778765101176371
   0.6141752458722912

   0.6359553318680505   -0.5425406937981306    -0.132267497947697 -0.008977362006569513  -0.06100244600965372   -0.3156971034564761    0.4245576142877784
  -0.1599077720884935    0.5783902923690922   -0.3428793666850437   0.01347080801686282   0.01092221692375355    -0.558461665702039    0.4584187217715929
   0.3095241137241009    0.2143814582257075   -0.7258332399482704  -0.09326003698533943   -0.1896483662816598    0.5332783971519984  -0.04849469020121756
 -0.09351245546428463 -0.002034254037431314    0.1090464530106973    0.6076568558300157   -0.7724969106579938   0.04475303043979833    0.1065785551714218
  0.05603308250354529    0.1837391223337389     0.390418181684142   -0.6918032630777167   -0.4411266961444382    0.1767828389781551    0.3259404592654411
  -0.5671054773434103   -0.3872917144592098   -0.1778203941738919   0.01672690204679408    0.1593190064859998    0.3557848831388975    0.5869677970248985
   0.3750896362509843    0.3760263026452315    0.3770511617626872    0.3780504084245772    0.3787692161064173    0.3797791055082015    0.3809514490706132

0.3969679286052273
0.3970452773163318
0.3970670350884326
0.3971418872614335
0.3971469993261811
0.3971528401435347
0.3971543079373225

1.326807895032619e-05

  2.355605192621676  0.3959698752924128  -1.450150630191463   0.406536334762336  0.7181603306397846 -0.4013494969018417  -2.024682769446671

 1.297644924559011e-07 -6.920954556866326e-08  3.618453358017227e-07 -5.256147106096858e-07 -1.206354960287365e-06  -0.001885110260250555  -0.004656496062389009

cov:
0.05331913266680936 0.05337275015897688 0.05342604369965482 0.05348221245826264 0.05352154588110511 0.05357842285536751 0.05364307844624579
0.05337275015897688 0.05345205314364355 0.05353460944326051 0.05361808277876089 0.05367743215273332 0.05376199800696575 0.05385918502338978
0.05342604369965482 0.05353460944326051 0.05365188673168955 0.05376689155656337 0.05384954897700758 0.05396635630134305 0.05410140710808316
0.05348221245826264 0.05361808277876089 0.05376689155656337 0.05391259622275676 0.05401634297806506 0.05416285744132714 0.05433298702387241
0.05352154588110511 0.05367743215273332 0.05384954897700758 0.05401634297806506 0.05413711936343037  0.0543049925417117 0.05450087705083494
0.05357842285536751 0.05376199800696575 0.05396635630134305 0.05416285744132714  0.0543049925417117 0.05450390627974709 0.05473515365890726
0.05364307844624579 0.05385918502338978 0.05410140710808316 0.05433298702387241 0.05450087705083494 0.05473515365890726 0.05500859553050337

cov.inverse():
 2728753.209719314  -1998806.88821229 -1146039.443698541 -320820.0140502283  -380276.149905185  90836.81264211785  1026426.142017483
 -1998806.88821876  3472417.078878425 -1171088.144461159  -202917.850670467 -79729.51786598377  -131812.874742084   111680.306119016
-1146039.443706366 -1171088.144464613  3203067.734974019  16147.89790280889  235598.9062356286 -414015.9987130567 -723450.8634627387
-320820.0140326234  -202917.850693272  16147.89790355057  1356625.718025464 -313930.8452516519 -362324.2499832957 -172754.9721798494
-380276.1499261514 -79729.51783462211  235598.9062251754 -313930.8452406559  1495235.189174256    -537383.0140659 -419461.1540361419
 90836.81269066803 -131812.8747647323 -414015.9987492079  -362324.250009423 -537383.0140458469  3357325.846463557 -2002674.760841012
 1026426.141986589  111680.3061300905 -723450.8634281534 -172754.9721691773 -419461.1540452545 -2002674.760857337  2180187.394587544

cov*(cov_.inverse()):
                     1  4.547473508864641e-12  1.455191522836685e-11 -1.455191522836685e-11  1.818989403545856e-11  -2.91038304567337e-11  1.455191522836685e-11
                     0      1.000000000003638  7.275957614183426e-12 -5.456968210637569e-12  1.455191522836685e-11                      0                      0
                     0 -2.000888343900442e-11      1.000000000021828  3.637978807091713e-12  3.637978807091713e-12                      0 -1.455191522836685e-11
 1.455191522836685e-11 -2.637534635141492e-11                      0      1.000000000003638  1.455191522836685e-11 -4.365574568510056e-11                      0
-7.275957614183426e-12  2.728484105318785e-12  1.455191522836685e-11  7.275957614183426e-12      1.000000000003638 -1.455191522836685e-11                      0
 1.455191522836685e-11  4.547473508864641e-12 -7.275957614183426e-12 -1.637090463191271e-11  1.091393642127514e-11     0.9999999999854481 -1.455191522836685e-11
-1.455191522836685e-11 -9.094947017729282e-13  7.275957614183426e-12 -1.818989403545856e-12  1.091393642127514e-11 -1.455191522836685e-11     0.9999999999854481
