5
1

0.0003642756834294164
0.0004538818250927754
0.0007500409869945595
  0.01755884277619327
   0.5244387530802489

   0.5064529219754179   -0.4882580609685815   -0.4639038943380818    0.5315420226578683  -0.08582399832509922
   0.2433276890065969   -0.6675911896256007    0.6468062779800671    -0.272488763118053   0.05005149385333308
   0.3196644705664867 -0.002267668783543797   -0.4077922764773997    -0.557886136121385    0.6482885177948685
   -0.619459593467324   -0.3417262264783967  -0.01413628495958961    0.3619682260694707    0.6068543210374261
   0.4454003950425013    0.4462556590661912    0.4471470007463488    0.4482800626425941    0.4489754113624488

0.4011939773364101
0.4012661137070296
0.4012695448177917
0.4012848306920206
0.4013986857628432

0.0001409986826863131

 3.315541400138413  1.322233462189162 -1.201764113791987 -3.155856948347278 -0.280250516626222

-8.272426944375024e-09 -1.513825619265807e-09  1.758487404922063e-06  -0.001171924838426409  -0.003053159864095977

cov:
0.05468047135416928  0.0547320281927058 0.05477864761016465 0.05484561158506378 0.05488421402200559
 0.0547320281927058 0.05480792872892203 0.05488263252003781  0.0549821367013878 0.05504167452162004
0.05477864761016465 0.05488263252003781 0.05499108998321045 0.05512864710993643 0.05521289911995651
0.05484561158506378  0.0549821367013878 0.05512864710993643 0.05531048788634335 0.05542310858714615
0.05488421402200559 0.05504167452162004 0.05521289911995651 0.05542310858714615 0.05555524200632698

cov.inverse():
 2403232.900167295 -2652622.800948823 -1238258.039605679  1389107.863563216  98719.61792592617
-2652622.800941306  3960329.137044663 -387442.8555540405  -1070935.41187988  150307.7438984906
-1238258.039613939 -387442.8555466892  3948177.699839727 -2309401.395020796 -12776.65120996491
 1389107.863554884 -1070935.411860659 -2309401.395033651  3043289.701142074  -1052175.13443807
 98719.61793499948   150307.743879435 -12776.65119801657 -1052175.134440033   815943.059372931

cov*(cov_.inverse()):
     1.000000000008185  7.275957614183426e-12  1.682565198279917e-11 -2.182787284255028e-11 -7.275957614183426e-12
 2.819433575496078e-11      1.000000000003638   1.13686837721616e-13 -7.275957614183426e-12                      0
-2.455635694786906e-11  1.091393642127514e-11     0.9999999999699867                      0 -7.275957614183426e-12
-1.000444171950221e-11 -3.637978807091713e-12  4.433786671143025e-12      1.000000000029104                      0
 1.091393642127514e-11                      0 -1.409716787748039e-11                      0                      1
