6
1

 0.000452917159104033
0.0004573134283121878
0.0006663282464065444
0.0007418977096020387
  0.02155312080525092
   0.5686516661479297

 -0.3821318562000017   0.6923148347568991  -0.5175535983820435   0.1193301953569546   0.2546078115369597  -0.1665798716378981
  0.5392385798521133  -0.2839291147975413  -0.7402778414720884   0.1600748751262607   0.1294440865865644   0.1954865519565691
-0.01663510378526212   0.3250036790407828  -0.1192560930513511  -0.1015672462706332  -0.7017065550841498   0.6141383160486508
  0.1412909938786941   0.1336512352830908 -0.01060979446635839  -0.8738902638040302   0.3841375931621798   0.2254234924881312
 -0.6149332099076061  -0.3886963885933016 -0.05735858560042283   0.1380319180963242   0.3328650138543323   0.5810596610018435
  0.4059732432067043   0.4068285889138044   0.4080470553951496   0.4087584001944863   0.4094706257784411   0.4103951784817128

0.3996036506541574
0.3996827456663575
0.3997847466758374
0.3997940993060574
0.3998001750250746
0.3997963566897031

-1.839020850062452e-05

  3.729188133014311  -1.934315351941938  0.6066637183450511 -0.1772082978664837  0.7763911057582336  -3.000537618231661

-4.926947646088977e-07  3.339055900609653e-07 -1.390848482036824e-06  2.127366961202552e-08  -0.001433401407145779  -0.003676346458602945

cov:
 0.0534708844322997 0.05351836520114723 0.05358370807386211  0.0536212608291778 0.05365919230338503 0.05370968450825328
0.05351836520114723 0.05359028937213382 0.05369053644982925 0.05374881228079694 0.05380735557310836 0.05388428366923322
0.05358370807386211 0.05369053644982925 0.05384270559874309 0.05393115701772686 0.05401995721996744 0.05413530267294486
 0.0536212608291778 0.05374881228079694 0.05393115701772686 0.05403816997579296 0.05414422767925058 0.05428235662461933
0.05365919230338503 0.05380735557310836 0.05401995721996744 0.05414422767925058 0.05426911817258469 0.05442945082200349
0.05370968450825328 0.05388428366923322 0.05413530267294486 0.05428235662461933 0.05442945082200349 0.05461949555277626

cov.inverse():
 2139939.555539934 -1999113.208938672 -942803.5696643335 -30258.15690607399  -16074.0418105085  848445.1624956869
-1999113.208918473  2992674.492713589  -831511.065500691 -101251.0649471277   262897.035417188 -323794.1509053532
-942803.5697031543 -831511.0654482883  3958397.296833531 -823578.4889694029 -919537.6259311828 -441056.1810779435
-30258.15689619268 -101251.0649725426 -823578.4889493781   1602692.53675909 -202086.9461477661 -445496.2125685157
-16074.04180714853  262897.0354249688 -919537.6259491722 -202086.9461479198  1773472.811068577   -898628.48413338
 848445.1625010648 -323794.1509199211 -441056.1810663951 -445496.2125638715 -898628.4841403826  1260536.045036841

cov*(cov_.inverse()):
     1.000000000007276 -1.091393642127514e-11  2.546585164964199e-11 -7.275957614183426e-12  7.275957614183426e-12                      0
                     0      1.000000000003638 -7.275957614183426e-12 -3.637978807091713e-12  7.275957614183426e-12  1.455191522836685e-11
 1.455191522836685e-11  3.274180926382542e-11      1.000000000010914                      0  2.182787284255028e-11                      0
 7.275957614183426e-12  3.637978807091713e-12 -3.274180926382542e-11     0.9999999999890861                      0  1.455191522836685e-11
 7.275957614183426e-12  2.182787284255028e-11  -2.91038304567337e-11 -3.637978807091713e-12      0.999999999992724                      0
                     0  1.455191522836685e-11 -1.818989403545856e-11                      0                      0      1.000000000014552
