5
1

0.001645669103517498
0.001698854568966075
0.001779659438519617
  0.1002572460113391
  0.5578867111783263

-0.6220813377148313  0.2020037504534208  0.2766676696292753  0.5641790767138162 -0.4211487433792609
-0.3241930799551489  0.2621902948615268  0.6099991639575828 -0.6637432604430058  0.1161938052443316
 0.2047972627093733 -0.7649026831512161   0.584926496233247  0.1116540147675025 -0.1355593651704445
-0.5479481366183662 -0.3568956555585106 -0.1307410558566015  0.1347972029609732  0.7328811779595112
 0.4070928357749976  0.4219005930722416  0.4383192796019286  0.4588136317449938   0.503628407737468

 0.399692342279814
  0.40003398774294
0.3999192692828845
0.3999376568948329
0.4000476185973793

-0.0005114753336376427

  1.584015535134742   0.730726286473793    0.21193227605446 -0.6761831999686991  -1.848370320392356

-1.035062127419644e-06  1.194381766486407e-07  2.042762928818975e-07   -0.02615648622675544   -0.06072389610401862

cov:
0.05459913985386788 0.05542049356607069 0.05625561424624181 0.05739019467824645 0.05977504022065264
0.05542049356607069 0.05668279285189676 0.05802449228444723  0.0597633961187024 0.06350320171108026
0.05625561424624181 0.05802449228444723  0.0599703218509795   0.062414330970151 0.06774223425553866
0.05739019467824645  0.0597633961187024   0.062414330970151  0.0657034194247077 0.07291023811760669
0.05977504022065264 0.06350320171108026 0.06774223425553866 0.07291023811760669 0.08434218542705754

cov.inverse():
 192581.7390233335  -125292.187251672 -94240.91663737246  -47821.7111808476  74881.34689297309
 -125292.187251686  223629.8224988084 -65207.34502168901 -45186.23700364248  11856.06398150736
-94240.91663727797 -65207.34502177627  265219.9727337072 -62031.79153794379 -43509.79341255659
-47821.71118095807 -45186.23700354705 -62031.79153790068  274115.5622444016 -119224.3629703328
 74881.34689300333  11856.06398148491 -43509.79341259265 -119224.3629703046  76025.93807667829

cov*(cov_.inverse()):
     1.000000000001819 -1.250555214937776e-12 -1.818989403545856e-12  5.456968210637569e-12  9.094947017729282e-13
 1.818989403545856e-12      0.999999999998181 -1.364242052659392e-12  5.456968210637569e-12  9.094947017729282e-13
 9.094947017729282e-13  5.684341886080801e-13     0.9999999999972715  2.728484105318785e-12                      0
 9.094947017729282e-13  7.958078640513122e-13 -3.637978807091713e-12      1.000000000005457  9.094947017729282e-13
 9.094947017729282e-13 -4.547473508864641e-13                      0                      0      1.000000000000909
