5
1

0.0001675411988245958
0.0001891337757441423
 0.000403085546302555
  0.01044705176074317
   0.5725818589393591

 0.07753349329813503   0.2666479353395804  -0.1608340567062879  -0.7550729710539852   0.5717382710499914
  -0.215698189200787  -0.3335382889300743   0.8607663108291317  -0.3182186991128249 0.006687201929649498
  0.6728394451848713  -0.7088099599784969  -0.1161075134393002 -0.02351222781912331   0.1756181713391883
 -0.5434452122863812  -0.3399893352569895  -0.1409932906987996   0.3573040327269837   0.6644766913364828
  0.4465615644441583    0.446818510072635   0.4470499990447061   0.4476412305168791   0.4479951063495217

0.4015665081559064
 0.401752587909164
 0.401751288757126
0.4017479942342661
0.4017447169563103

3.991278260829735e-05

-0.6591430233017672   5.630830872812029 -0.4511294023492658   6.152079291052069  -10.67287340173467

-2.589310344125264e-07 -1.485707346946757e-07 -1.040071209284523e-06 -0.0006970087577280987  -0.002470870292892152

cov:
0.06541124443907011 0.06543664549832644   0.065458788465644 0.06551581069731006 0.06554942305639871
0.06543664549832644 0.06546689767644431 0.06549333856424988 0.06556145649911686 0.06560188051811439
  0.065458788465644 0.06549333856424988 0.06552423216790471 0.06560318297524799 0.06565032234913411
0.06551581069731006 0.06556145649911686 0.06560318297524799 0.06570940911934314 0.06577328971476989
0.06554942305639871 0.06560188051811439 0.06565032234913411 0.06577328971476989 0.06584756899377744

cov.inverse():
 4303801.896505443 -185854.1572584565 -6114671.513624345 -265945.5967381608   2262846.23625985
-185854.1574199104  8736179.652800435 -9046746.141774045 -4104153.944807081  4600599.999620388
-6114671.513231534 -9046746.142229861  21717181.96139804 -3314537.606227644 -3241352.838460025
-265945.5972392732 -4104153.944248044 -3314537.606175055  23146553.58079814 -15462252.14842546
 2262846.236529615  4600599.999355698 -3241352.838575625 -15462252.14831492  11840433.65713562

cov*(cov_.inverse()):
     1.000000000145519  5.820766091346741e-11 -5.820766091346741e-11  1.164153218269348e-10  1.164153218269348e-10
 8.731149137020111e-11     0.9999999999417923   2.91038304567337e-11  3.492459654808044e-10 -1.164153218269348e-10
  2.91038304567337e-11  5.820766091346741e-11      1.000000000145519  1.164153218269348e-10                      0
 8.731149137020111e-11                      0  2.037268131971359e-10      1.000000000116415 -1.164153218269348e-10
  2.91038304567337e-11                      0   2.91038304567337e-11                      0                      1
