4
1

0.0004050941620619508
0.0008826746145396671
  0.02187559152603987
   0.4649292727869246

 -0.5654052456779494   0.7919543458221023  -0.2304568819272821 0.003853292838479874
 -0.3229671943800602  0.00701874566889942   0.8082591918699723  -0.4923007285401957
 -0.5731446573729168  -0.3525018773268112   0.2066790544518194   0.7103037354940899
  0.4975080916316963   0.4984992254996948    0.500889681248233   0.5030842356467115

0.4022592933190107
 0.402351873092923
0.4024444149359034
0.4025568286266747

-0.0002432623913882427

  2.764918978016297   1.157902993823718  -3.532074431887633 -0.3907273975148753

 2.727230143447661e-08 -2.763774080163914e-06  -0.001435817104428581  -0.002802530461080308

cov:
0.05365983256975617 0.05370569461898853 0.05380929127104587  0.0539074703799166
0.05370569461898853 0.05377545314328654 0.05393858227798091  0.0540901254578335
0.05380929127104587 0.05393858227798091 0.05425325027042702 0.05453984179636933
 0.0539074703799166  0.0540901254578335 0.05453984179636933 0.05495017743107833

cov.inverse():
 2082651.630010907  -2731137.27045502  458736.1895892296  189948.0188504331
-2731137.270466324  3822303.277010524  -1105056.90287858  13639.01653795355
 458736.1896131247 -1105056.902907434  1162228.439745859 -515819.9226560966
 189948.0188378439    13639.016555502  -515819.922661057  312217.0748772296

cov*(cov_.inverse()):
     1.000000000001819  4.024514055345207e-11 -7.275957614183426e-12  3.637978807091713e-12
  4.18367562815547e-11      1.000000000002615  3.637978807091713e-12                      0
 2.546585164964199e-11 -2.273736754432321e-12      1.000000000010914                      0
                     0  9.208633855450898e-12  3.637978807091713e-12                      1
