5
1

0.0002563172180710906
0.0005529391378500022
0.0007997669052431529
  0.01583317883091319
   0.5183160928978544

 -0.1449403617902401   0.6049990923975653  -0.7514743384895414  0.09185647302192686   0.1995422177833914
 -0.5652970892575939   0.5769967406249055   0.4694858929973929  -0.1655129804437356  -0.3157568871239377
-0.07418033326253037 -0.07277105871722397 -0.09595586524339675   0.8108648275378639  -0.5678841031034553
 -0.6750071536479887  -0.3106550037708227  0.07390003722078642   0.3253863615558274   0.5801045693393717
  0.4453022715887568   0.4463728275239007   0.4474377848285772   0.4480957362484654   0.4488505604651209

0.3999796037931755
0.4001668882171793
0.4001708337959708
0.4001571312088756
0.4001814688938721

-4.454623408424797e-05

  1.589873025920189   4.765820572665885  -3.268745005738073 -0.9925980214884709  -2.094481627176402

3.022226537317313e-07  3.49192944187783e-07 1.493299866321296e-07 -0.001086302574556917 -0.003261791031244467

cov:
0.05338635067999847 0.05345256322158486 0.05351492454986871 0.05355113890932207 0.05359842705062625
0.05345256322158486 0.05355279921730118  0.0536504874117003 0.05370968217826427 0.05378040477956839
0.05351492454986871  0.0536504874117003 0.05378567767495598 0.05386923722201427  0.0539647474050497
0.05355113890932207 0.05370968217826427 0.05386923722201427 0.05396946401021519 0.05408040174746575
0.05359842705062625 0.05378040477956839  0.0539647474050497 0.05408040174746575 0.05420898119362703

cov.inverse():
 1375379.173230077 -2392268.653666019  800740.6998979823  8459.574987355825  207894.5072069954
-2392268.653638166  6668841.002655468 -6023273.557622333  440868.2498453538  1305521.167251099
 800740.6998487391 -6023273.557559166  9330874.987180471 -1426378.674087598 -2681908.583690826
  8459.57498779004  440868.2498571267 -1426378.674109398  1246398.090996031 -269236.5207636609
 207894.5072279508  1305521.167204009 -2681908.583655096 -269236.5207732542  1437689.131439392

cov*(cov_.inverse()):
     0.999999999994543   2.91038304567337e-11  8.731149137020111e-11 -5.456968210637569e-12  1.455191522836685e-11
 7.275957614183426e-12                      1   2.91038304567337e-11 -9.094947017729282e-12  1.455191522836685e-11
-1.637090463191271e-11 -1.455191522836685e-11                      1 -1.818989403545856e-12   2.91038304567337e-11
 3.637978807091713e-12  -2.91038304567337e-11   2.91038304567337e-11      1.000000000009095                      0
 3.637978807091713e-12                      0   2.91038304567337e-11 -3.637978807091713e-12                      1
