4
1

0.0004235941473563151
0.0004725446427997909
  0.01414863976361596
   0.4636292253633496

-0.5254068472510394  0.4224892549179161  0.5711461887580249 -0.4682333877542385
 0.2676340725067018 -0.7113155616967282  0.6243337489447566 -0.1805811309360205
-0.6355313925577883 -0.2571801740906436  0.1832070945184238  0.7045518913794656
 0.4984169912520632  0.4993909883264608  0.5004343728341273  0.5017515142933553

0.4015132663867275
0.4015726665431597
0.4015664795847199
0.4015608801895373

0.000280754086969081

 3.409752144658714  1.211780041264926 -1.163764034991572 -3.457789173445227

-5.834592764281095e-08 -1.151278328489174e-08  -0.001026554010387331  -0.002731619695009162

cov:
0.05347920219316096 0.05353526918077071 0.05359109129136389 0.05366592696000035
0.05353526918077071 0.05362057157375001 0.05370970031535244 0.05382429749978965
0.05359109129136389 0.05370970031535244 0.05383828926109749 0.05399887503121534
0.05366592696000035 0.05382429749978965 0.05399887503121534  0.0542145823206128

cov.inverse():
 1861270.228310336 -2088847.812430058 -924697.3820908603  1152394.607975369
-2088847.812423773  3261012.188110176 -644228.2799499847  -528162.948508238
-924697.3821024525  -644228.279933884  3563784.994094907 -1994675.586169417
 1152394.607980674 -528162.9485180518 -1994675.586164908  1370386.145819299

cov*(cov_.inverse()):
                     1  7.275957614183426e-12  -2.91038304567337e-11                      0
                     0      1.000000000010914                      0 -1.455191522836685e-11
                     0                      0      1.000000000014552 -1.455191522836685e-11
                     0 -3.637978807091713e-12                      0                      1
