5
1

0.0003787410623111445
0.0003982958850742269
0.0004422329266346096
  0.01993885300474359
   0.5181429957460053

  -0.6127377939292075    0.3111133003542416    0.6603912018796452  -0.06257151695302821   -0.2961911139443818
  0.03113451316315047     0.230636284616574   0.06666251793532216   -0.8303583797599026    0.5018950250534353
   0.2903469611874845    -0.732539868363711    0.5974592452452426   -0.1486031585798512 -0.006598099570828781
  -0.5840013936541081   -0.3382373155711249  -0.05149869256593685    0.2891887572787362    0.6769458160686702
     0.44522359811685    0.4460899888742968    0.4470233820701822    0.4481927379514064    0.4495253441533337

0.3997936524773095
0.3998759139847542
0.3999016085430014
0.3999252973156123
0.3999424512913715

-4.41475606336818e-05

   1.99540293380693   1.107750540992232  0.1011601323190287 -0.9827797815733909  -2.221603640689466

-1.315450780444361e-08  4.030171016156326e-09 -2.145531404137057e-09  -0.001325189324760954  -0.003050933079993824

cov:
0.05335330092823167 0.05339966232732336 0.05344470160993134 0.05350539275018321 0.05357468729669643
0.05339966232732336 0.05347057110664718 0.05354361845810091 0.05363789365892456 0.05374536694351751
0.05344470160993134 0.05354361845810091 0.05364995424154315  0.0537831522583066 0.05393515249784874
0.05350539275018321 0.05363789365892456  0.0537831522583066 0.05396317258306289  0.0541679240735241
0.05357468729669643 0.05374536694351751 0.05393515249784874  0.0541679240735241 0.05443322069467049

cov.inverse():
 3055390.366948329 -2370730.218985721  -1920763.41262847 -116728.7643577688  1352920.212002469
 -2370730.21894552  3754211.114310323 -708618.5153682526 -786543.4840940709  111412.6917628285
 -1920763.41268906 -708618.5153221907  4893545.884049959 -1091008.694269994 -1172945.588138247
-116728.7643490445 -786543.4840500823 -1091008.694346394  4486718.855753231 -2492333.708431238
 1352920.212014129  111412.6917129827 -1172945.588076375  -2492333.70845492  2200831.540498245

cov*(cov_.inverse()):
    0.9999999999854481 -1.000444171950221e-11  4.365574568510056e-11   2.91038304567337e-11   2.91038304567337e-11
-1.455191522836685e-11      1.000000000001819  2.182787284255028e-11                      0  1.455191522836685e-11
                     0 -2.000888343900442e-11       1.00000000003638   2.91038304567337e-11  1.455191522836685e-11
-1.455191522836685e-11 -6.366462912410498e-12 -7.275957614183426e-12                      1   2.91038304567337e-11
-1.455191522836685e-11 -1.000444171950221e-11 -1.455191522836685e-11                      0      1.000000000014552
