5
1

0.0001181643423153161
 0.000206686502691998
 0.000286664952813736
 0.009668762239255359
    0.572674418002711

 0.01068526313906764   0.1371930263803053   -0.607668172283342   0.7329356199138951  -0.2731458733342294
 -0.1610908138428259   0.7190870661843293  -0.4564936246208341  -0.3996216647571791   0.2981268801686688
  0.5580333159542837  -0.4518273016390752    -0.47150041455528  -0.1299142641515732   0.4952378729689136
 -0.6806190421141355  -0.2453444671321213 0.005264224923861843   0.2931285106027454   0.6249894208441132
  0.4464214518185797   0.4469340518468408   0.4472276937808148   0.4475554293714987    0.447927860499371

0.4015533713453208
0.4017396825507616
0.4017395568762486
0.4017382467551607
0.4017360802413406

1.801917497624445e-05

-1.053585147616994  2.477222683844364  8.935755291006823  1.744703959541635 -12.10441512672327

 -7.20966329892502e-09 -2.748529100236073e-07 -9.977620092160747e-07 -0.0006447986856661012   -0.00259860826920671

cov:
 0.0654023747966062 0.06544967497370718 0.06547672752309305 0.06550640951892389 0.06553984407739467
0.06544967497370718 0.06551489047914007 0.06555214618268432 0.06559357309977129 0.06564054680736332
0.06547672752309305 0.06555214618268432 0.06559536827732741 0.06564355353082794 0.06569831240146916
0.06550640951892389 0.06559357309977129 0.06564355353082794  0.0656995555418164 0.06576328555652441
0.06553984407739467 0.06564054680736332 0.06569831240146916 0.06576328555652441 0.06583742376201032

cov.inverse():
 4409997.701478877  -5673037.07160381 -1945458.768440618  1183494.276344639  2025194.364641659
 -5673037.07233266  15937174.34745537 -11062380.14010823  1188298.645143797 -390075.8698656142
-1945458.765875119  -11062380.1430419  34029342.40624296 -26881976.08910299  5860230.023561504
 1183494.273463933  1188298.647761388 -26881976.08671343  42417840.84436425  -17907789.4154258
 2025194.365685698 -390075.8702783195  5860230.020803632 -17907789.41329921   10412660.1181685

cov*(cov_.inverse()):
    0.9999999999708962  7.275957614183426e-11 -1.746229827404022e-10                      0                      0
  2.91038304567337e-11      1.000000000076398  3.492459654808044e-10 -2.328306436538696e-10                      0
 -2.91038304567337e-11  7.275957614183426e-11      1.000000000058208  2.328306436538696e-10                      0
 -2.91038304567337e-11  9.822542779147625e-11 -3.492459654808044e-10      1.000000000232831 -1.164153218269348e-10
  2.91038304567337e-11  1.455191522836685e-11 -5.820766091346741e-11                      0      1.000000000116415
