5
1

0.0001437807506260127
0.0002180983425527323
0.0004136060131922919
  0.01608727444842722
    0.517761834783755

-0.05329824330092341   0.5614743290023455  -0.7853258678830155   0.2542544849841779  0.02288696641368016
 -0.1317441330484174   0.5408633771383983    0.148112981997557  -0.7850369812995728   0.2277932686310415
  0.6142759104997194  -0.3823685721641712  -0.3999583086087133  -0.3047741219641979    0.472869397145431
 -0.6354918812294409  -0.2155484160447572  -0.0378779930236427   0.1607260823806963   0.7227871978107504
  0.4456657439601607   0.4467063246737641   0.4471291030753179   0.4476063626457861   0.4489539101722638

0.3985449918859593
0.3987516465172491
0.3987601828615006
0.3987683526284361
0.3987918507003076

-0.0002170317127717154

 2.723478508415458  4.619834633111549 -4.321531304550979 -1.237235354058199 -1.784453182839607

1.134355104456875e-07 9.820712971977746e-08 1.998411663254175e-07 -0.001048527615617741 -0.002612049267839411

cov:
0.05334955064476784 0.05340469595860835 0.05342598794312942 0.05345035869281201 0.05351899000687944
0.05340469595860835 0.05350597090611121 0.05354666363850909 0.05359271924730503 0.05372270901236214
0.05342598794312942 0.05354666363850909   0.053595618670766  0.0536508486222302 0.05380682052618385
0.05345035869281201 0.05359271924730503  0.0536508486222302 0.05371641296082504 0.05390140928165578
0.05351899000687944 0.05372270901236214 0.05380682052618385 0.05390140928165578 0.05416880408507459

cov.inverse():
 2709594.355077085 -4318058.314296213  178408.3664682122  424001.6764510272  1006283.287448062
-4318058.314341778  22254363.73874101 -18751249.83033774 -1339714.553266032  2154211.285858665
 178408.3669158362 -18751249.83126418    31229388.209534 -11390565.10026738 -1265800.003806187
 424001.6759213567 -1339714.552122416 -11390565.10073279  16626271.65060106 -4319985.116263784
 1006283.287575681  2154211.285595915 -1265800.003819623 -4319985.116115207    2425337.4321602

cov*(cov_.inverse()):
    0.9999999999854481 -4.365574568510056e-11 -8.731149137020111e-11  1.746229827404022e-10 -1.455191522836685e-11
-4.365574568510056e-11                      1 -1.164153218269348e-10  -2.91038304567337e-11 -4.365574568510056e-11
-5.093170329928398e-11 -1.891748979687691e-10      1.000000000101863 -5.820766091346741e-11  1.455191522836685e-11
-4.365574568510056e-11  -2.91038304567337e-11 -5.820766091346741e-11     0.9999999997962732  -2.91038304567337e-11
-2.182787284255028e-11                      0 -5.820766091346741e-11   2.91038304567337e-11                      1
