4
1

0.0001594859200105709
0.0001975142396980968
 0.005471264622213416
   0.3572125364689276

   0.122507175936253   0.2900050413302953  -0.8449292443994758   0.4324160494311807
  0.5547921142055957  -0.7834745546465447 -0.04725443683796592   0.2759354098984233
  -0.654011066002635  -0.2285857867430301   0.1836083326715796   0.6973564682561781
  0.4994669432560141   0.4998132014297767   0.5001495479666264   0.5005696414484107

0.3999558792321004
0.3999471601457295
0.3999384623244521
0.3999258423133018

0.0003402919189809106

 11.22187940541667 -9.778233247919989  13.13209129120679 -14.57589139271748

-4.797060349404081e-07  3.606356412434566e-07 -0.0003848858433528258  -0.001348927331832739

cov:
0.03184503323383089 0.03185874382161884 0.03187212259285693 0.03188884914470548
0.03185874382161884 0.03187795807853511  0.0318965577279012 0.03191983398877216
0.03187212259285693  0.0318965577279012 0.03192031175226619   0.031949917549259
0.03188884914470548 0.03191983398877216   0.031949917549259 0.03198749233013261

cov.inverse():
 8494085.491607446 -9740118.844979659 -4745483.640353383   5991534.90249275
-9740118.846296083  19042732.10134795  -8685825.86722935  -616748.769107707
-4745483.637978701 -8685825.870690534   28125366.2404372  -14694024.6480002
   5991534.9014345 -616748.7669629544  -14694024.6490867  9319181.340184122

cov*(cov_.inverse()):
     1.000000000058208    1.2732925824821e-10 -1.746229827404022e-10  5.820766091346741e-11
  2.91038304567337e-11     0.9999999999308784  1.164153218269348e-10 -5.820766091346741e-11
 5.820766091346741e-11  1.818989403545856e-11      1.000000000116415 -5.820766091346741e-11
  2.91038304567337e-11  2.546585164964199e-11                      0                      1
