5
1

0.0002164487417624365
0.0003776051573054125
0.0005837822144341403
  0.01695017000729829
   0.5174265930856334

-0.05018882917612157   0.6439128028355209  -0.7479386050534715 0.001093348409446868   0.1531144390002349
 -0.4844044862903529   0.5988375497051581   0.4753158559838673  -0.2361520952960861  -0.3536282054114085
  0.1254678937079747  0.01543819152881865   0.1173640071417619  -0.8135539056415514   0.5553154079744322
 -0.7410163519263352  -0.1642148744228202  0.02840611086687863   0.2856136296573205   0.5844195313432581
  0.4449561202118468   0.4467270180638762   0.4473046644224024    0.448091385373422   0.4489784738246002

0.3976850297216027
0.3978520248009099
0.3978407249928789
0.3978371421187154
0.3978197333395774

0.0001772108128886834

  3.484025965035428  -0.241191275998367 -0.1463436903199972   -1.49218213032665  -1.604049740822898

-2.192319830369515e-08 -1.400266000810558e-07  2.520062831432788e-07  -0.001123345320965262  -0.003155458699196563

cov:
0.05316463479825215   0.053252716458417 0.05328053757602155 0.05331950630910744 0.05336163405912876
  0.053252716458417 0.05343741919429085 0.05349736714262714 0.05357928264044481 0.05367128451144049
0.05328053757602155 0.05349736714262714 0.05356816085596516  0.0536643636494246 0.05377307881431025
0.05331950630910744 0.05357928264044481  0.0536643636494246 0.05378013303227624 0.05391069912296444
0.05336163405912876 0.05367128451144049 0.05377307881431025 0.05391069912296444 0.05406776985208395

cov.inverse():
 1747530.521493356  -2718116.76675303 -770408.5687554511  500855.3676704651  1240286.254979494
-2718116.766830738  11365833.06281293 -8278204.076927001 -1013791.113487082  644062.0775626287
-770408.5686539998 -8278204.077046775  13565387.80535414 -1084818.348385256 -3431938.216599006
 500855.3676762296 -1013791.113608741 -1084818.348235239  2333525.309875417 -735797.8329661726
 1240286.254949986  644062.0777263668  -3431938.21676736 -735797.8329320503  2283484.594583389

cov*(cov_.inverse()):
    0.9999999999854481  -2.91038304567337e-11  -2.91038304567337e-11 -7.275957614183426e-12  -2.91038304567337e-11
                     0      1.000000000029104 -5.820766091346741e-11  7.275957614183426e-12                      0
 1.455191522836685e-11 -3.637978807091713e-11     0.9999999999126885                      0  1.455191522836685e-11
 1.455191522836685e-11 -7.275957614183426e-12                      0      1.000000000007276                      0
  2.91038304567337e-11                      0                      0 -7.275957614183426e-12      1.000000000014552
