5
1

0.0002880364122589422
0.0004368311019828221
0.0006665695804454961
  0.02117970987993219
   0.5487874008433226

  0.1319450904619171   0.4618023130551162  -0.8545717884131562  0.08034254762559695   0.1805027707524467
  -0.516267130433543   0.7453406625889294    0.250613555365907  -0.2462969410664783  -0.2333799678926324
   0.265592061205744  0.02799602277620546  0.07631515777794488  -0.8385183164430744   0.4687644498210141
 -0.6695741848761466  -0.1765399774389799 -0.03487446051576691   0.1702933312204568   0.7002056845376667
  0.4440608191552594   0.4463807561073834   0.4470566776285323   0.4480737731597736   0.4504713423318549

0.4171652761005353
0.4171853539403235
0.4172440530564419
0.4172453384100491
0.4171353241076478

0.0005187618101904153

  3.374761048641803 -0.8671081951730398 -0.4742027467671914 -0.7360590279596667  -1.297102176564737

1.301085579023034e-08 -3.86108823702481e-07 3.754501312418664e-07 -0.001401193945659264 -0.004388874975952609

cov:
0.05958844000526061 0.05975046548554788 0.05979835073008499  0.0598727012796583 0.06003433521189597
0.05975046548554788 0.06002349179124961 0.06010302057033172 0.06022346029349761 0.06050383547259573
0.05979835073008499 0.06010302057033172 0.06019188105823881 0.06032549106370774 0.06064004526013352
 0.0598727012796583 0.06022346029349761 0.06032549106370774 0.06047878656435645 0.06084232039709053
0.06003433521189597 0.06050383547259573 0.06064004526013352 0.06084232039709053 0.06133431011725446

cov.inverse():
 1766361.234267547 -1265082.408017709 -1991450.333344877   292647.502831355  1197638.002398683
-1265082.408070757  5483603.322703246 -3773035.692986172 -567721.4394956417  122409.3499624421
-1991450.333280728 -3773035.693144528  9144676.898880571 -1295067.343081955 -2085295.993270963
 292647.5028300949 -567721.4394131631 -1295067.343177987  1978233.671543173 -408367.8161624791
 1197638.002388839  122409.3499852646 -2085295.993269124 -408367.8161772951  1173794.118120322

cov*(cov_.inverse()):
    0.9999999999854481 -1.455191522836685e-11 -1.455191522836685e-10  7.275957614183426e-12  1.455191522836685e-11
-4.365574568510056e-11     0.9999999999918145 -8.731149137020111e-11  7.275957614183426e-12  1.455191522836685e-11
-4.365574568510056e-11 -5.366018740460277e-11     0.9999999999126885  1.455191522836685e-11  1.455191522836685e-11
-4.365574568510056e-11  3.456079866737127e-11 -1.455191522836685e-11       1.00000000001819  1.455191522836685e-11
                     0  2.728484105318785e-12 -4.365574568510056e-11  7.275957614183426e-12      1.000000000029104
