5
1

0.0004426321007581189
0.0007373498487225189
 0.001009357019514543
  0.02272989903329789
   0.5181683433878187

  -0.4441648712690026    0.8157507579887049   -0.3704745245463268  0.002256850365587947 -0.003435296209182767
  -0.3240425124380293  -0.09549542629999119    0.1877169215586947    0.7577007926106013   -0.5258601904750214
   0.4415947538570273   -0.1183499053723979   -0.7880629246465737    0.4083589251502336   0.05645518852976528
   -0.552039404032335   -0.3356140065470778   -0.0823477370892627    0.2413228620639742    0.7194427436888722
   0.4449276199844378    0.4458563254058408    0.4468631345462132    0.4482082997882699     0.450193524003873

0.3995757604980723
  0.39963906247213
0.3996454642236479
0.3997046907443218
0.3996783052022606

0.0001964670968834129

   5.446998763965178 -0.06366169004102618   -5.068500755203491   0.3142536927962371  -0.6292278173788488

-1.157271891514485e-07 -1.164261304145565e-06  6.622213498827932e-06  -0.001521565136652863    -0.0032791931419988

cov:
0.05330984892780637 0.05335866571757763 0.05340645942248352 0.05347524729684687 0.05357611051292618
0.05335866571757763  0.0534325727056881 0.05350906106737766 0.05361385616535088 0.05376871562768824
0.05340645942248352 0.05350906106737766 0.05361973763032047 0.05376643334231437 0.05398443504225332
0.05347524729684687 0.05361385616535088 0.05376643334231437 0.05396940253447063 0.05426724718162382
0.05357611051292618 0.05376871562768824 0.05398443504225332 0.05426724718162382 0.05468527701062369

cov.inverse():
 1392068.594339605 -1843358.711077544  386504.1193852031 -279970.7709252299  344909.0325187363
-1843358.711079013  3427221.001125719 -1483888.532182356 -171282.9111756117  71036.57480802291
 386504.1193826378 -1483888.532178384  1374945.248546906 -58569.05844010879 -218849.9070198381
-279970.7709176916 -171282.9111861686 -58569.05843818423  1219781.045707738 -709933.9529736696
  344909.032515233  71036.57481313817 -218849.9070203558 -709933.9529747644  512811.1549945933

cov*(cov_.inverse()):
      1.00000000001819  4.547473508864641e-12 -1.818989403545856e-11  7.275957614183426e-12                      0
 1.818989403545856e-11      0.999999999996362 -2.000888343900442e-11  7.275957614183426e-12                      0
 1.091393642127514e-11  1.637090463191271e-11     0.9999999999781721  7.275957614183426e-12                      0
 1.818989403545856e-11 -2.273736754432321e-12 -7.275957614183426e-12      1.000000000007276  7.275957614183426e-12
 2.546585164964199e-11                      0 -1.818989403545856e-12  7.275957614183426e-12                      1
