6
1

0.0004339627837725909
0.0004507424971369089
0.0004954182119994094
0.0008222931680024827
  0.02739147495771416
   0.5685373630729419

 -0.5991825055409008   0.5439090568600102  0.08419989220498421   0.0123829958571344   0.3898446815979833  -0.4311860697140174
  0.1649045082509665  -0.6032527213077086   0.3694589935204888 -0.01120386350991415   0.5243518504611607  -0.4442097701093323
  -0.376502514092574    -0.12435162853634    0.756066171967218   0.1592571025498223  -0.4899753022352271  0.07555032399733284
 0.08047063062336654   0.1599691737556204   0.3086163870871053  -0.8975355264991306   0.1176476378625877   0.2308230461925463
 -0.5488561171575488  -0.3661676252404051  -0.1534078114163197  0.04395862127971834   0.3883419113247102   0.6232194443411198
  0.4053567877315288   0.4063457865594336   0.4074264877055622    0.408480022070363   0.4103048349230681   0.4115417931503806

0.3970731566011024
0.3971488711224849
0.3971688841998098
0.3972422341558714
0.3972505201194795
0.3972500295389184

3.556763653308006e-05

  2.548847000392826  0.4185156244071723  -1.561273541688697  0.5606536527425515 -0.1434031113612988  -1.823269203158868

-1.306671253311629e-07   6.49038859795928e-08  -5.32679904978797e-07 -7.780695767916198e-07  -0.001860746110265082  -0.004209923301009286

cov:
0.05333816529290608 0.05339234391395562  0.0534463393021672 0.05350308786940108 0.05360045725349064 0.05366582104833955
0.05339234391395562 0.05347226562237452 0.05355558115810612 0.05363966168821405 0.05378483106764111 0.05388280042425764
 0.0534463393021672 0.05355558115810612 0.05367367473690407 0.05378931011590761 0.05399012649867067  0.0541260352093537
0.05350308786940108 0.05363966168821405 0.05378931011590761 0.05393563232555443 0.05418728794619732 0.05435831004494294
0.05360045725349064 0.05378483106764111 0.05399012649867067 0.05418728794619732 0.05452988995813995 0.05476215510518007
0.05366582104833955 0.05388280042425764  0.0541260352093537 0.05435831004494294 0.05476215510518007 0.05503671127216943

cov.inverse():
 2627775.319253267 -2010111.767099101 -1090980.144528582 -399639.3653357158 -49420.19409920275  922461.3270373166
-2010111.767126714  3463114.089718474 -1163793.790540044 -224019.0056771998 -155091.5648127115  89649.24506819154
-1090980.144498623 -1163793.790589839  3179424.890631646  66085.36174427444 -327907.1790085644 -662616.5292897156
-399639.3653078898 -224019.0057075501  66085.36173900512  1296150.625443955 -477351.0736962286 -261188.8732305784
 -49420.1941506563 -155091.5647110425 -327907.1790556729 -477351.0737026399  3159110.689334079 -2149373.582133122
 922461.3270586013  89649.24501905333 -662616.5292571769 -261188.8732319625 -2149373.582136418  2061037.466206836

cov*(cov_.inverse()):
                     1 -2.455635694786906e-11 -3.637978807091713e-11 -1.637090463191271e-11 -1.455191522836685e-11                      0
-3.637978807091713e-11      1.000000000002728                      0 -1.637090463191271e-11 -1.455191522836685e-11 -1.455191522836685e-11
-7.275957614183426e-12  9.094947017729282e-12     0.9999999999563443   -1.2732925824821e-11                      0 -1.455191522836685e-11
-7.275957614183426e-12 -8.185452315956354e-12 -2.182787284255028e-11      0.999999999998181  1.455191522836685e-11  -2.91038304567337e-11
                     0  1.637090463191271e-11 -2.182787284255028e-11 -9.094947017729282e-12     0.9999999999854481 -1.455191522836685e-11
 1.455191522836685e-11  1.637090463191271e-11  -2.91038304567337e-11  1.818989403545856e-12                      0     0.9999999999854481
