4
1

0.0004698097767077167
0.0006825520187595883
   0.0178774928975695
   0.4513932487306524

  0.5993275537759915  -0.7749597113311254 -0.02357721454158749   0.1992185836033492
 0.02227528638054418   0.1902923906037871  -0.7921503530876907   0.5794742753548321
 -0.6254062252488138  -0.3371275231611867   0.3486055773827655   0.6112988123371926
  0.4991766704500331    0.499571101064781   0.5004159114927661   0.5008345856509967

0.4054573788405708
0.4062956009018291
0.4081727019216853
0.4088425805858924

-0.009425893905592658

  3.852767266335181 -0.7401896518644022  -1.297337604817963  -1.814335795993583

 5.632419299293087e-07 -3.666707601846086e-08  -0.001189366505027363 -0.0009080013358312477

cov:
0.05089643360687894 0.05087874920575764 0.05082769796902509 0.05081781723732177
0.05087874920575764 0.05088808715253757 0.05089997917593776  0.0509143751799059
0.05082769796902509 0.05089997917593776 0.05106287860247365 0.05113432861924473
0.05081781723732177  0.0509143751799059 0.05113432861924473 0.05122875698850972

cov.inverse():
 1629652.904828734 -2094499.877192596 -102576.0725822712   567452.918957356
-2094499.877196804  2798993.562601201 -241148.1065246284 -463414.5210633305
-102576.0725671175 -241148.1065443696  1349825.939016876 -1005916.381630454
 567452.9189464116  -463414.521047799 -1005916.381635042  901751.3521752977

cov*(cov_.inverse()):
     1.000000000003638 -3.637978807091713e-12                      0                      0
                     0      1.000000000007276  7.275957614183426e-12 -1.455191522836685e-11
 7.275957614183426e-12 -3.637978807091713e-12      1.000000000007276                      0
-7.275957614183426e-12 -7.275957614183426e-12                      0      0.999999999992724
