7
1

0.0002054239266593243
0.0003503899082692168
0.0004408241363867211
0.0004721326678745705
0.0006214432936716725
  0.02387870055849754
   0.6124376290476697

-0.007596391170781436   0.05020914823441681   -0.6555972558569801    0.7455030178554222    0.0155938725079191  -0.05633592300660496  -0.09177101762109099
  -0.2089777059354446   -0.4353509852800465    0.6105002610833111    0.5388757035887638   -0.1695263046035939   -0.2643847074803429  -0.07114635503354044
   0.5711594030454713   -0.7149431444931517   -0.1145427169326346  -0.04588022908991157    0.1500693844690312    0.3147894088452652   -0.1606082655259926
  -0.3069483366244091    0.1371986824396338    0.1181241330037087   0.07920924820337985   -0.1744333662221516    0.7158908953632797   -0.5690387078801274
   0.2634823313751181   0.03331196813622042  -0.03915697567077511    0.0444477966065099    -0.866400650369161    0.1925526186656991     0.371795509050399
  -0.5702471460930396   -0.3674953209012231   -0.1627133932572159  -0.02644519166337764    0.1552772151604338    0.3665480706837287    0.5950814089778956
   0.3757998425295912    0.3765884817980211    0.3773584601421566    0.3778679283064378    0.3785614128157627    0.3793426487588183    0.3802136591548432

0.3979080233347449
0.3979828726702247
0.3980840544329934
 0.398075473494665
0.3980755706073869
 0.398063431357654
0.3980649306600075

0.0001169539004336259

  3.304343913349192 -0.2420275860533739  -0.512081615539258   0.561900184652234  -1.318879823520994  -1.028001903855597 -0.7649949146036777

   3.4810615475309e-08 -5.549277281756091e-09  3.292959740251146e-07 -2.527833490099423e-07  6.055150227647624e-07   -0.00157585428645002  -0.003897319793135204

cov:
0.05315638014667193 0.05320142711899153 0.05324340838250616 0.05327093293919083 0.05330956070051245 0.05335105251196338 0.05339956643997724
0.05320142711899153 0.05327053930375953 0.05333624637418152 0.05337965222785485 0.05343951839271346 0.05350562110866868 0.05358078306958026
0.05324340838250616 0.05333624637418152 0.05342631466823144 0.05348573393550857 0.05356699942532413   0.053657972582965 0.05376004165799964
0.05327093293919083 0.05337965222785485 0.05348573393550857 0.05355592589526103 0.05365138204783929 0.05375894529189905 0.05387894443648788
0.05330956070051245 0.05343951839271346 0.05356699942532413 0.05365138204783929  0.0537662743627264 0.05389552590955638 0.05403940727128806
0.05335105251196338 0.05350562110866868   0.053657972582965 0.05375894529189905 0.05389552590955638 0.05405107348656433 0.05422254128468022
0.05339956643997724 0.05358078306958026 0.05376004165799964 0.05387894443648788 0.05403940727128806 0.05422254128468022  0.0544245023496987

cov.inverse():
 2638824.458803756 -1535184.787740848  -1447016.27107644 -1265016.376432519   375765.804326614  530601.3896347557  702202.2140486299
-1535184.787761568  4321383.523233516 -2454018.621731134 -802427.7164138566 -114623.8908673521  169331.7631336773  415434.1934560196
-1447016.271145806 -2454018.621553039  13355158.59184965 -8837897.142506268 -1178338.380587232 -265261.0391726896  827215.7044415305
-1265016.376313707 -802427.7167127776 -8837897.142174456  15579662.58594476 -665735.8585034617 -1953478.830243188 -2055057.231191076
 375765.8043267842 -114623.8908234046 -1178338.380744945 -665735.8583708744  2436003.895460579 -404742.8604693344 -448354.0786387185
 530601.3896287463  169331.7631657154 -265261.0393748454  -1953478.83005177 -404742.8604458005  3549856.961577974 -1626201.220320943
 702202.2140257431  415434.1934801398  827215.7045783231 -2055057.231363384  -448354.078643262 -1626201.220282119  2184735.308352988

cov*(cov_.inverse()):
                     1  4.001776687800884e-11  1.164153218269348e-10 -5.820766091346741e-11 -5.093170329928398e-11  1.455191522836685e-11 -1.455191522836685e-11
 7.275957614183426e-12      1.000000000003638  8.003553375601768e-11 -5.820766091346741e-11 -3.637978807091713e-11  1.455191522836685e-11  -2.91038304567337e-11
 7.275957614183426e-12  1.455191522836685e-11      1.000000000087311 -7.275957614183426e-11 -2.546585164964199e-11                      0                      0
  2.91038304567337e-11   2.91038304567337e-11  5.093170329928398e-11     0.9999999999708962 -3.637978807091713e-11                      0                      0
 1.455191522836685e-11  3.637978807091713e-11  7.275957614183426e-12   2.91038304567337e-11     0.9999999999781721  -2.91038304567337e-11                      0
 1.455191522836685e-11  4.001776687800884e-11  8.003553375601768e-11                      0  -2.91038304567337e-11     0.9999999999708962  1.455191522836685e-11
 7.275957614183426e-12  1.455191522836685e-11  3.637978807091713e-11                      0 -7.275957614183426e-12                      0                      1
