5
1

0.0003831082235653719
0.0003978925565744851
0.0004043283394910417
  0.02499888449870346
   0.5192280285780558

 0.5221772177923433 -0.7081049217308785 -0.2795007741439426  0.3732342402467156 0.09216231442160705
 0.2121674951806285 -0.2914312796224025  0.3221340903096618 -0.7283955835062434  0.4855123737201693
 0.1466363095398969  0.3832914805554469 -0.7861319079809372 -0.1725381113773457  0.4287337834072829
-0.6812162901638616 -0.2607600382161083  0.0080946878977843  0.3144022763742242  0.6074818953050882
  0.443574194410958  0.4458105791491521  0.4472583642542552  0.4489074342992112  0.4504852190770239

0.3998647288040348
0.3999881430850085
0.4000214516404277
0.4000495111548779
0.4000758153398908

-0.0001406189012587504

    1.878976464475156    0.5218917279769186 -0.006408031323331887    -0.814780706302918    -1.579627506413564

 2.402795120309404e-08  1.124882583871838e-08 -9.164533437634114e-09  -0.001644786818391647  -0.003800163613096264

cov:
0.05333559057119623 0.05342392913672459 0.05348263284155547 0.05354946703769056  0.0536134121103332
0.05342392913672459   0.053624367335822 0.05375441711635867 0.05390272111360099 0.05404460480413975
0.05348263284155547 0.05375441711635867 0.05393051488651424 0.05413074981504083 0.05432247763711927
0.05354946703769056 0.05390272111360099 0.05413074981504083 0.05439065168176191 0.05463901526843223
 0.0536134121103332 0.05404460480413975 0.05432247763711927 0.05463901526843223  0.0549420339837433

cov.inverse():
 2274376.474542598 -2565731.536816027 -1267828.084051769  196625.5113885948  1362435.947745937
 -2565731.53679486  4851493.124714294 -1087656.543963443 -864510.0434210005 -333428.3300365381
-1267828.084026355 -1087656.544009919   4967980.28900939 -1363152.451431099 -1249264.505335104
 196625.5112738902 -864510.0432329007 -1363152.451456997  4482593.329200204 -2451571.555715248
 1362435.947814056 -333428.3301569903 -1249264.505330268 -2451571.555667756  2671738.750127454

cov*(cov_.inverse()):
    0.9999999999854481 -7.275957614183426e-12  4.365574568510056e-11   2.91038304567337e-11   2.91038304567337e-11
  2.91038304567337e-11     0.9999999999890861   2.91038304567337e-11   2.91038304567337e-11   2.91038304567337e-11
  2.91038304567337e-11 -1.818989403545856e-11      1.000000000029104   2.91038304567337e-11   2.91038304567337e-11
-1.455191522836685e-11  7.275957614183426e-12  7.275957614183426e-11                      1  5.820766091346741e-11
  2.91038304567337e-11 -3.637978807091713e-12                      0                      0      1.000000000029104
