5
1

0.0003788642341058391
0.0003996816918285785
0.0004388574427959834
  0.02732639784056771
   0.5186017383084882

 -0.6234734483195986   0.2954190576517211   0.6559865566687298  -0.3052469395765461 -0.02268001247120267
  0.2311047792543053  0.01979080878933172  -0.1157713208428558  -0.7471524222654302   0.6120123888178112
   0.272821268798692   -0.766045884243453   0.5787072089263097 -0.05251875148608637 -0.03289385358697645
 -0.5347558941364785  -0.3566069072242992  -0.1486357838986598   0.3795061841023628   0.6486525320840971
  0.4443828633325721    0.445355050737296   0.4464123753008595    0.449226447075925   0.4506598939165884

0.3997829824878714
0.3998703598406699
0.3999032609518997
0.3999600668385677
0.3999841488001304

-0.0001202383459361864

  1.349981844244345  0.8264207919603004   0.300712785476391 -0.9335544687641151  -1.543567819540284

-1.15262618415744e-08 7.404797636663106e-09 1.743989950328811e-09 -0.001804734545810063 -0.003442554761291359

cov:
0.05332438023432345 0.05336928900852499   0.053412642468196 0.05353810068268011 0.05360197077251109
0.05336928900852499 0.05343848724794345 0.05350956654257728 0.05370603986236433 0.05380607663273492
  0.053412642468196 0.05350956654257728 0.05361361402751773 0.05389270777076347 0.05403494051417026
0.05353810068268011 0.05370603986236433 0.05389270777076347 0.05438249325951153 0.05463177850821707
0.05360197077251109 0.05380607663273492 0.05403494051417026 0.05463177850821707 0.05493601610564804

cov.inverse():
 3429313.894480321 -2339438.085925203 -2196962.663706329  170296.8300821508  936855.8839737866
-2339438.085928206  3657562.702885826  -965965.751050549 -512088.4341658853  159669.3254450548
-2196962.663701436 -965965.7510834895  4820755.599201838 -1011418.264184851 -646157.2980543202
 170296.8300789725 -512088.4340816749 -1011418.264286313  4158189.619850643 -2804938.465986753
 936855.8839750724  159669.3253907858 -646157.2979809101 -2804938.466007174  2354490.836135071

cov*(cov_.inverse()):
     1.000000000014552 -1.091393642127514e-11  7.275957614183426e-12  -2.91038304567337e-11  1.455191522836685e-11
 2.182787284255028e-11       1.00000000001819  1.455191522836685e-11                      0  1.455191522836685e-11
                     0 -7.275957614183426e-12      1.000000000014552  -2.91038304567337e-11   2.91038304567337e-11
                     0  2.728484105318785e-11  2.182787284255028e-11     0.9999999999417923   2.91038304567337e-11
 1.455191522836685e-11  1.818989403545856e-12  7.275957614183426e-12  -2.91038304567337e-11      1.000000000014552
