4
1

0.0005111072255536123
0.0008517709850844382
  0.01583287835396227
   0.4612724740500311

-0.5547917352964055  0.6392182303402135  0.3320237361965348 -0.4163729374606657
 0.1697714101460592 -0.5038969446538697  0.7421765554425802 -0.4079699719549232
-0.6442698182579278 -0.2971238456349833  0.2969552597631785  0.6391020226348514
 0.4982973008412933  0.4992047110397695   0.500751208538196  0.5017396571903777

0.3998390479181329
0.3999360437609786
0.4001660826686935
0.4001912042004295

-0.00062746924619359

 5.912787600274967  -4.34569682314501  1.575521220031384 -3.142700778241561

-1.104108963819362e-06  4.095560361097129e-06  -0.001017477067827729  -0.002327661104107967

cov:
0.05293555797500134 0.05297544307204911 0.05304365961742602 0.05309316694615531
0.05297544307204911 0.05304641458263098 0.05316592315755227 0.05324572452360225
0.05304365961742602 0.05316592315755227 0.05337556426821739 0.05350566494689295
0.05309316694615531 0.05324572452360225 0.05350566494689295 0.05366642527176536

cov.inverse():
 1219629.647894412 -1474695.586234227 -532231.0585056025  787170.2076198772
-1474695.586233849  1914464.048877014  296624.8587825666  -736249.461577251
-532231.0585066049  296624.8587839533  1181576.663571978 -945790.9277086998
 787170.2076205002 -736249.4615782583 -945790.9277083158  894692.5197316053

cov*(cov_.inverse()):
    1.000000000021828 7.275957614183426e-12                     0                     0
                    0     0.999999999992724 7.275957614183426e-12 7.275957614183426e-12
                    0 7.275957614183426e-12                     1 7.275957614183426e-12
                    0                     0                     0                     1
