5
1

0.0001416274203680862
0.0003159742726068419
0.0005957779567610975
  0.01244323054252538
   0.5161888288651075

-0.05938403080541716   0.5536396183538626  -0.7834231144485985   0.2757249073533391  0.01344280800062414
 -0.2520819760708191   0.5751313569642301   0.1746566765751916  -0.7238932883488295   0.2261684150980013
  0.4744600775408934  -0.3493868062130115  -0.3940242023556343  -0.3457892515254778   0.6148099022881925
 -0.7134531992047616  -0.2023803545133936  0.02098170741710497   0.2826811339217814   0.6080114054276305
  0.4458703641081256   0.4468536079934652   0.4472672187711012   0.4477448521230107   0.4483280649740957

0.3997900905557294
0.4000003793131854
0.4000112500893307
0.4000232322080394
 0.400033775676378

-0.0002686731776186582

-0.03258316084762029    9.270963797650371    1.911413744398362   -9.901861525267517   -1.248194683379751

 1.785778693307534e-08  1.253953767509755e-06 -4.796103965378075e-07 -0.0008315971919365623  -0.002653788508846731

cov:
0.05304944120847833 0.05310963622526043 0.05313410430714439 0.05316196875072482 0.05319545591340579
0.05310963622526043 0.05321084754184366 0.05325306248454143 0.05330168542373887 0.05336086357049077
0.05313410430714439 0.05325306248454143  0.0533031003507065 0.05336083330865134 0.05343128079192129
0.05316196875072482 0.05330168542373887 0.05336083330865134 0.05342933504168645 0.05351296476276576
0.05319545591340579 0.05336086357049077 0.05343128079192129 0.05351296476276576 0.05361349173819178

cov.inverse():
 1449778.117284575 -3557305.863207195  1351608.091096256  547916.4229552279  208166.2822267331
-3557305.863215679    18938521.426925 -20229704.32706737   3780396.74159084  1067929.394020414
  1351608.09103049  -20229704.3265483   31341295.4554843 -11651522.20528538 -811791.4955318966
 547916.4230952029  3780396.740618758 -11651522.20425823  9376164.748129435 -2052888.448535495
 208166.2821610149  1067929.394464944 -811791.4961057517 -2052888.448340455  1588649.961104175

cov*(cov_.inverse()):
     1.000000000007276  1.164153218269348e-10 -3.637978807091713e-11   2.91038304567337e-11                      0
 1.455191522836685e-11     0.9999999998690328 -3.637978807091713e-11 -5.820766091346741e-11                      0
-1.818989403545856e-11 -3.637978807091713e-11      1.000000000014552 -5.820766091346741e-11                      0
 1.637090463191271e-11 -2.473825588822365e-10 -8.003553375601768e-11     0.9999999999854481 -1.455191522836685e-11
-1.818989403545856e-12 -1.455191522836685e-11  5.093170329928398e-11  1.455191522836685e-11      1.000000000014552
