5
1

0.0003242179955946482
 0.000456000558037683
0.0005984088403914885
  0.01849953578449441
   0.5180109399420619

   -0.4405048348151281     0.8574458332610301    -0.1345905178219462    -0.2210760589129599   -0.06126093547873022
   -0.2055004236351838    0.04816978915775821   -0.02647423077702541     0.7766986979239927    -0.5928638081770516
    0.2984958811511373    0.09392489117205155    -0.8838424021407988     0.2371348500777407     0.2542990263660375
   -0.6907300625628076    -0.2334305794922175 -0.0004877567825110322     0.3009123981112978     0.6146980038898266
    0.4444291349563433     0.4462674016910056     0.4472212851469495     0.4484231264778871     0.4497087634694515

0.4045807327475366
0.4046598268453624
0.4046685629149293
 0.404623205006571
0.4046399269463706

0.0001138110328332342

  2.303226977322081   1.263521517963706 -0.2995173676957326  -1.122880729594191  -2.144565496694317

 5.13761870051636e-08 -1.08663375196529e-09 9.284315426648311e-08 -0.001212139192278369 -0.003868453466504514

cov:
0.05316420194880989 0.05327523229990379  0.0533338678060913  0.0534060360157453 0.05348523301368816
0.05327523229990379 0.05345894356366777 0.05355443815856466 0.05367431764682816 0.05380320547529191
 0.0533338678060913 0.05355443815856466 0.05366919422601907 0.05381301322645354 0.05396724391127981
 0.0534060360157453 0.05367431764682816 0.05381301322645354 0.05398889384858697 0.05417568253433507
0.05348523301368816 0.05380320547529191 0.05396724391127981 0.05417568253433507 0.05439700428377434

cov.inverse():
 2299285.652264478 -3562055.036986129 -146563.8318422067  355904.6014963294  1053374.580195135
-3562055.036941425  7030172.372203665 -1335816.357731336 -1561404.590618779 -570766.3282457748
-146563.8318828491 -1335816.357686466  2357191.154979737 -401119.9918432043 -473738.5512279553
 355904.6014551567 -1561404.590520693 -401119.9918909673  3523431.071671521 -1916723.404695688
 1053374.580232244 -570766.3283440224  -473738.551175967 -1916723.404686541  1907756.450086831

cov*(cov_.inverse()):
                    1 6.912159733474255e-11 2.546585164964199e-11                     0                     0
 2.91038304567337e-11    0.9999999999890861 1.091393642127514e-11 1.455191522836685e-11 1.455191522836685e-11
                    0 2.546585164964199e-11     1.000000000003638 1.455191522836685e-11                     0
                    0 3.274180926382542e-11 3.637978807091713e-12    0.9999999999854481                     0
                    0 1.091393642127514e-11 7.275957614183426e-12                     0                     1
