5
1

0.001021248844194911
0.001366915970333625
0.002656984675303139
 0.08001478911773119
  0.5875763229999874

   0.141682150028711   0.1062821406194487  -0.8015788408478192   0.5707986682952911 -0.01704456294477599
 -0.1417275157864705   0.7754701108393364  -0.2917006589503495  -0.5137164963097564   0.1719462283709168
  0.5578467064411122   -0.396556249183752  -0.2668751837136626  -0.4235780799918606    0.530008905410396
 -0.6993112513596056  -0.2039237015164137 -0.06243696572560792    0.143786044486749   0.6669378504804939
  0.3995125848667402   0.4341756314826226   0.4441411364665255   0.4584663839943056   0.4943970481355761

0.4022231911750259
0.4016778065403047
0.4015696300349966
0.4014551759128586
0.4008755225427245

0.003672467136348365

   3.754845747669722  -0.4323753422057834   0.5227667413794718   -3.798559140568095 -0.04104225669256349

-2.190726133613259e-06  1.727156877003568e-06  2.621789002895596e-05   -0.02012793064574886   -0.07500099785972075

cov:
 0.0582380536986684 0.06079715196514765 0.06153888312557056 0.06259109902153309 0.06520822610811376
0.06079715196514765 0.06535027331264082 0.06665734211067313 0.06853568461730686 0.07323683148365638
0.06153888312557056 0.06665734211067313 0.06812996971217081 0.07024340584265182 0.07554213340277895
0.06259109902153309 0.06853568461730686 0.07024340584265182 0.07270219998549404 0.07886717562777174
0.06520822610811376 0.07323683148365638 0.07554213340277895 0.07886717562777174 0.08723777609480289

cov.inverse():
 74155.45007124374 -75696.33949089167 -107847.4390536916  83022.07406939384  26450.97042422455
  -75696.339490623  354958.2669251268 -187756.5703725253  -131251.652450578   39833.4805135687
-107847.4390540688 -187756.5703716113  671698.7263460656 -342485.9994913229 -33785.99222542508
 83022.07406947315 -131251.6524511521 -342485.9994907874  479054.6563608025 -88388.67778315344
 26450.97042425395  39833.48051349711 -33785.99222542394 -88388.67778311236  55963.51448461608

cov*(cov_.inverse()):
                     1 -5.002220859751105e-12 -3.183231456205249e-12  4.547473508864641e-12 -4.547473508864641e-13
-2.273736754432321e-13      1.000000000000909 -7.275957614183426e-12                      0  9.094947017729282e-13
                     0 -4.547473508864641e-13     0.9999999999940883  5.456968210637569e-12                      0
 4.547473508864641e-13 -4.547473508864641e-13 -7.275957614183426e-12      1.000000000000909  9.094947017729282e-13
                     0 -1.364242052659392e-12 -9.094947017729282e-13                      0      1.000000000000909
