6
1

 0.000213269532145057
0.0003524672131957671
0.0004430601716620521
0.0005833288659529395
  0.01829402017959381
   0.5664494689717693

 -0.02387685171407489  -0.07809652550241326    0.6815746399312421   -0.7143134372443406 -0.001458631442680266    0.1361654310967454
   0.1933278646367736    0.4161342321010368   -0.5852831051796241   -0.5452892945996807    0.1775659812852861    0.3435552821674257
  -0.6348211467948857    0.7297217152072374    0.1396108227611972   0.05224788008064753   -0.1674832007220476   -0.1193175787885108
   0.1251083610070911  0.002067192001220568   0.01385888068379268    0.1164469090769441   -0.8133595272587096    0.5559118211852098
  -0.6149335598766533   -0.3497909252891428  -0.08203622965427136   0.09612140673476029     0.333810427472279    0.6100035706657861
   0.4065230119350957    0.4072855107117539    0.4080275770240792    0.4085178700228341    0.4091875487947667    0.4099387145692393

0.3979661510146188
0.3980425005692921
0.3981455030003125
0.3981380784752749
0.3981399181441835
 0.398129117235383

9.200562761937361e-05

   3.551170493816007 -0.09205285380986726  -0.2354617603522659  -0.1521133187058283   -1.476863248074707   -1.594430251484452

-1.566383523093912e-08   7.32675016855326e-09 -3.778345231141715e-07  2.511118421789905e-07  -0.001208979573966962  -0.003211187795117606

cov:
0.05315310059393104 0.05319782380756414 0.05323956330309362 0.05326686942829404 0.05330530952065528 0.05334650626712999
0.05319782380756414 0.05326663812630354 0.05333213039277163 0.05337534224990978  0.0534350359839441 0.05350088450237478
0.05323956330309362 0.05333213039277163 0.05342201202663415 0.05348126261469462 0.05356237148601341 0.05365313248494669
0.05326686942829404 0.05337534224990978 0.05348126261469462 0.05355130674927323 0.05364662263956949 0.05375400867179178
0.05330530952065528  0.0534350359839441 0.05356237148601341 0.05364662263956949 0.05376138171888709 0.05389048374867739
0.05334650626712999 0.05350088450237478 0.05365313248494669 0.05375400867179178 0.05389048374867739 0.05404593914961323

cov.inverse():
  2413459.48157821 -1669867.917806921 -1714833.802899568 -599908.7712717439  519050.1275712078  1052283.005632173
-1669867.917860916  4240985.558894547 -2611601.066639905 -405196.5488045423 -30597.31737280554  476179.3808533514
-1714833.802799409 -2611601.066676273  13070616.91256567 -8093135.557625742 -1010723.620828105   359521.593809914
 -599908.771315577 -405196.5488772457 -8093135.557499475  13665309.23779567 -1079298.690222021 -3487731.745171607
 519050.1275893793 -30597.31738560502  -1010723.62074546 -1079298.690352779  2341257.345323897 -739720.6783594005
 1052283.005611669  476179.3809212341  359521.5936647825  -3487731.74503111 -739720.6784021419  2339553.534344488

cov*(cov_.inverse()):
    0.9999999999636202  7.275957614183426e-12 -2.182787284255028e-11                      0 -7.275957614183426e-12 -1.455191522836685e-11
-7.275957614183426e-12      0.999999999992724  5.093170329928398e-11 -8.731149137020111e-11                      0 -1.455191522836685e-11
 -2.91038304567337e-11  2.182787284255028e-11      1.000000000014552 -5.820766091346741e-11 -1.455191522836685e-11  -2.91038304567337e-11
                     0  7.275957614183426e-12  6.184563972055912e-11                      1  7.275957614183426e-12  -2.91038304567337e-11
                     0 -3.274180926382542e-11 -8.003553375601768e-11                      0      0.999999999992724                      0
-7.275957614183426e-12 -1.091393642127514e-11  2.546585164964199e-11  -2.91038304567337e-11                      0     0.9999999999708962
