5
1

0.0004639331134131086
0.0006852074126775651
0.0007488144714016859
  0.02194027210656545
   0.5181350799014867

 -0.6183976596369005   0.7388491776964319 -0.02216423274066111   0.1329862801397357  -0.2313214716677288
0.002274426294177405  -0.3040400617272372   0.3023601660154597    0.638518102967826  -0.6390832731650881
 -0.1600901527965573 -0.04795947055718276   0.8314032726912033  -0.5197075923106538  -0.1036515741051208
 -0.6279451280575711  -0.4010570698945225   0.1279548982462956   0.3214101512404866   0.5702290781174949
  0.4445618299707835   0.4455498281378851   0.4477535247960179   0.4485630553792801   0.4496199465780805

0.3988028519462088
0.3988746020592362
0.3989645679871668
 0.398979910740432
  0.39896679513594

5.686617627861104e-05

  3.840805524665874  -1.669310954079229 -0.2764242064190953  0.8892289736323357  -2.784071929289596

-6.112894623542092e-07  1.305111604328606e-06 -5.260712510806419e-07  -0.001482370722326405  -0.003477842055453801

cov:
0.05324784449662206 0.05329698674125393 0.05340010998447115 0.05343835034907066 0.05348928650964307
0.05329698674125393 0.05337161897638722 0.05353285031955221 0.05359234629929293 0.05367084186421276
0.05340010998447115 0.05353285031955221 0.05383083100121167 0.05393947404229091 0.05408185854318863
0.05343835034907066 0.05359234629929293 0.05393947404229091 0.05406739030369272  0.0542326466561731
0.05348928650964307 0.05367084186421276 0.05408185854318863  0.0542326466561731 0.05442889725296127

cov.inverse():
 1823281.995103535 -2110074.816160692  -172391.599048755 -231033.8997853113  690373.6540473556
-2110074.816159254  2737625.446411604 -343101.1441153816  87210.83637860748 -371831.7653446887
-172391.5990506859 -343101.1441121624  1429784.673701504 -372996.0148379914 -541279.0263598356
-231033.8997876583  87210.83637997819 -372996.0148346809  1432440.677175918 -915608.7015165561
 690373.6540501972 -371831.7653478429 -541279.0263618573 -915608.7015142213  1138350.981658719

cov*(cov_.inverse()):
     1.000000000007276 -3.637978807091713e-12 -7.275957614183426e-12                      0  2.182787284255028e-11
-1.455191522836685e-11      0.999999999992724 -1.091393642127514e-11  7.275957614183426e-12  7.275957614183426e-12
-7.275957614183426e-12 -3.637978807091713e-12      0.999999999996362 -7.275957614183426e-12  2.182787284255028e-11
 7.275957614183426e-12  3.637978807091713e-12 -7.275957614183426e-12                      1  1.455191522836685e-11
 1.455191522836685e-11 -3.274180926382542e-11                      0                      0      1.000000000014552
