5
1

0.0004373732978377061
0.0004605244486821724
0.0007913702506007137
  0.02716397588853308
   0.5191180943056019

   0.5797420147379628   -0.5933003439565357 -0.002833722606686765    -0.386595116723993    0.4030261578979388
  -0.2923552645053504     0.472908864488495   0.06593245286218058   -0.6960353750672611    0.4495256094137044
   0.1902683684909934     0.253914092613217    -0.891850324912873    0.1805892806061379    0.2670507277787179
  -0.5876712863155862   -0.4024946991851661   0.01336252772023643    0.3626490937421026    0.6007891094460563
   0.4436980987738561    0.4448343044882079    0.4472910936755768    0.4493908309237394    0.4508137057534248

0.3972512119770388
0.3973289748626521
0.3974297518083504
0.3974441689697346
0.3974471662182437

-8.993540499562637e-06

  1.988003094719349 -0.1333687120917357  0.6086932325711367 -0.3002475679423255  -2.162911896779928

 9.073062974039119e-08  -2.90011125746357e-07 -5.199906600647334e-07  -0.001855637065673055  -0.004039439056493416

cov:
0.05330763537813478 0.05336302234873777 0.05347640432086085  0.0535761392637072 0.05364303325097934
0.05336302234873777 0.05344444941087231 0.05361516146731116 0.05376327047641338 0.05386315138221748
0.05347640432086085 0.05361516146731116 0.05391603124698427 0.05417196307088601 0.05434578835589145
 0.0535761392637072 0.05376327047641338 0.05417196307088601 0.05451997698213992 0.05475579870571015
0.05364303325097934 0.05386315138221748 0.05434578835589145 0.05475579870571015 0.05503441404846417

cov.inverse():
 2218258.194401078 -2372501.934835906 -370441.6680475644 -157560.1222448691  682402.2435068928
-2372501.934849417  2997788.288407799 -205791.9642180924 -280000.5055105815 -139667.9967277333
-370441.6680370891 -205791.9642348121  1290600.885623578  -467822.419093272 -246509.6461516465
-157560.1222137253 -280000.5055368267 -467822.4191114476  3117857.669417877 -2212486.466441432
 682402.2434787872  -139667.996698281 -246509.6461397162 -2212486.466454711  1916274.728975241

cov*(cov_.inverse()):
     0.999999999992724  3.637978807091713e-12 -1.091393642127514e-11  -2.91038304567337e-11                      0
-1.455191522836685e-11      1.000000000007276 -1.091393642127514e-11  1.455191522836685e-11                      0
-1.455191522836685e-11 -1.000444171950221e-11     0.9999999999909051                      0                      0
-7.275957614183426e-12 -5.456968210637569e-12                      0     0.9999999999854481                      0
-1.455191522836685e-11 -1.091393642127514e-11                      0                      0      1.000000000014552
