6
1

0.0001764796371661131
0.0003155887484590383
 0.000420313178484878
0.0005090051423080498
  0.03286041891529733
   0.6650724866824342

 -0.2263059245906772 0.007916357870456026   0.7984010640911737  -0.5508160540495842  0.04644868142311769  -0.0756498197394178
 -0.4693133341110826   -0.102898578101387    0.353174812329151     0.66472282206019  -0.4500551086697278 0.004289286553470546
  0.2849515354915175 -0.01134944908101263 0.003710023509882431  -0.2560476197872295  -0.6636940808137253   0.6423471270631316
  0.4592438333648473  -0.8410372451961302    0.222036587661005   0.1384240358384551   0.0914162867085094 -0.07023571937228901
 -0.5234435076479187  -0.3435768798074806  -0.1518109013268902 -0.06189366113556371   0.4199120099795003   0.6362062171871071
  0.4030325559546379   0.4047612676170942   0.4067711057807331   0.4076675383793849   0.4124561220864121   0.4146775471191143

0.4168941331978492
0.4164564802137676
0.4158774917794472
0.4156776481972111
0.4142885443053497
0.4136428170812425

0.006976648110219223

 1.465213479591851  1.021219941532075 -1.770981061846035  1.779370124781396 -0.927266418047463 -1.567528925918951

-8.228674857732256e-08  1.744858032878055e-08 -7.909665621247118e-08 -7.968960944086539e-08  -0.002532950557643792   -0.01043402393444529

cov:
0.07214453754443621 0.07235086258303798 0.07260086705896093 0.07270982311202374 0.07329118012103808 0.07356496615510018
0.07235086258303798 0.07259391203434772  0.0728823618451081 0.07300951048436398 0.07368810682315792 0.07400560217918058
0.07260086705896093  0.0728823618451081 0.07321264044196023 0.07335916240602895 0.07414173343605052 0.07450596830969157
0.07270982311202374 0.07300951048436398 0.07335916240602895 0.07351485026986124 0.07434606015583312 0.07473213935983086
0.07329118012103808 0.07368810682315792 0.07414173343605052 0.07434606015583312 0.07543824038824121 0.07594140859249753
0.07356496615510018 0.07400560217918058 0.07450596830969157 0.07473213935983086 0.07594140859249753 0.07649760548512249

cov.inverse():
 5129765.051438971 -1081568.994573696 -7065919.534771987  702452.9529059463  874547.5078903855  1440753.171110354
-1081568.994629178  2839308.910696545 -882907.4468638781  -1259645.96641095  222536.0053677393  162868.3035058285
-7065919.534412706 -882907.4469426951  21909709.97999801 -11649711.85889246 -340869.5927800202 -1970858.050291337
 702452.9524615281 -1259645.966457744 -11649711.85813653  14622999.17412158 -2814468.392670859  397982.0671840435
 874547.5082672413  222536.0055084604 -340869.5936505622 -2814468.392511694  4628786.072386736 -2569929.330849939
 1440753.170874157  162868.3034352418 -1970858.049896353  397982.0672896403 -2569929.331043779  2538923.448899983

cov*(cov_.inverse()):
     1.000000000029104 -2.000888343900442e-11   2.91038304567337e-11 -4.001776687800884e-11                      0                      0
  2.91038304567337e-11     0.9999999999872671  1.164153218269348e-10 -7.275957614183426e-11                      0                      0
  2.91038304567337e-11                      0      1.000000000261934 -1.564330887049437e-10  5.820766091346741e-11                      0
 4.365574568510056e-11 -1.637090463191271e-11  2.328306436538696e-10     0.9999999999636202                      0                      0
 -2.91038304567337e-11  -2.91038304567337e-11  -2.91038304567337e-11 -1.855369191616774e-10                      1   2.91038304567337e-11
  2.91038304567337e-11 -2.182787284255028e-11   2.91038304567337e-11  1.091393642127514e-11   2.91038304567337e-11      1.000000000029104
