5
1

0.0003011637355683268
  0.00044106718100113
0.0005832576113302381
  0.01824546835349273
   0.5171715974941559

   0.166230702968882   0.2188692393086472  -0.8825191876845865   0.1440544982977117   0.3533720339297632
 -0.5961884003553033    0.786052005303171  0.02857417794833437  -0.1408537210695643  -0.0776233331935874
  0.1302076517803232 0.004442915301346279   0.1170904011467809  -0.8105570150832616   0.5588500614476827
  -0.633825573168175   -0.367699375353333   0.0800500246687063   0.3186089642061382   0.5959384478625575
  0.4452390985618227   0.4460895996453084   0.4474653408175207   0.4482122086778281    0.449050998172086

0.3980150920973828
0.3980909729163503
0.3981849939893814
0.3981860995030911
0.3981746662117904

0.0001022844416503455

  3.511762930631986 -0.1400871212009417 -0.2703200966271962  -1.507405124477838  -1.593699743877851

 1.029197530352207e-09 -3.648564322244947e-07    2.5724537676006e-07  -0.001207082967450093  -0.002986520174442733

cov:
0.05315579133014033 0.05320075717346843 0.05327019110525368 0.05330879141490384 0.05335022026051726
0.05320075717346843 0.05326987063101268 0.05337907105542858 0.05343897486014997  0.0535051232797302
0.05327019110525368 0.05337907105542858 0.05355574272200759 0.05365136649522661 0.05375918301288056
0.05330879141490384 0.05343897486014997 0.05365136649522661 0.05376647867321726 0.05389607228540564
0.05335022026051726  0.0535051232797302 0.05375918301288056 0.05389607228540564 0.05405210044301263

cov.inverse():
 2182785.715455612 -2005399.873572623 -1660350.698267945  384831.1355092488  1098297.358098953
  -2005399.8735581  3704715.192050806 -2012729.666343416 -232444.1999456643  545729.2787331139
-1660350.698310289 -2012729.666305801  8631548.186729304 -1701267.870481565 -3257262.838974568
 384831.1355374747 -232444.1999512357 -1701267.870538428    2262369.2056187  -713532.191903157
  1098297.35809855  545729.2787155894 -3257262.838922428 -713532.1919373675  2326859.684292379

cov*(cov_.inverse()):
     1.000000000007276  1.455191522836685e-11  5.820766091346741e-11 -1.455191522836685e-11 -1.455191522836685e-11
 2.182787284255028e-11     0.9999999999890861  8.731149137020111e-11 -1.455191522836685e-11 -4.365574568510056e-11
 7.275957614183426e-12  3.637978807091713e-11     0.9999999999708962                      0 -1.455191522836685e-11
  2.91038304567337e-11  7.275957614183426e-12   2.91038304567337e-11      0.999999999992724                      0
 2.182787284255028e-11  3.637978807091713e-12   2.91038304567337e-11 -7.275957614183426e-12     0.9999999999854481
