5
1

0.0004574895198312731
0.0006362428810626973
0.0007382108542193212
  0.01957289706656298
   0.5194895914597156

-0.3525825216381777  0.8812018067547933  -0.195576021102255 -0.2187392044664247  -0.114333379231783
 -0.230621627774781 0.03165815673448912  0.2002076321404852   0.672334583084691   -0.67356851049891
 0.2014091098464178 0.02824953861523452 -0.8467444979155574  0.4686351101715424  0.1484628667483463
-0.7646198472451207 -0.1489939514598954 0.06670329507035459  0.2819598400286784  0.5560634951738639
 0.4441734907752782  0.4466362086538169  0.4474833512869483  0.4483292885182042  0.4494279770882208

0.3995885859975519
0.3997708742387319
0.3997804411485762
0.3997878775289007
0.3997846264182447

-2.967388424555338e-05

  2.430476429189512 0.08040676217860976 -0.2457022000695954  0.9540966601456082   -3.21917977742588

-1.211145583715889e-07  8.916412930462676e-07  3.645930937010275e-07  -0.001305526676215798  -0.003649134332422206

cov:
0.05346661080970233 0.05358134748350417 0.05361967816081269 0.05365812776160287  0.0537096174055848
0.05358134748350417 0.05384327612644987 0.05393286340305749 0.05402256247492057  0.0541393426372196
0.05361967816081269 0.05393286340305749 0.05404113951066278 0.05414822954383803 0.05428794826994678
0.05365812776160287 0.05402256247492057 0.05414822954383803 0.05427429694287601 0.05443638304827231
 0.0537096174055848  0.0541393426372196 0.05428794826994678 0.05443638304827231 0.05462836960179935

cov.inverse():
 801315.6442022258 -1491775.490906898 -97671.01705222286  158093.5257026592  630106.8001537481
 -1491775.49091189  3714123.236098014 -851695.3383158166 -844192.8761989444 -526574.3892800232
 -97671.0170502948 -851695.3383154314  1597446.223649557 -191187.9681304305 -456876.1243855692
 158093.5257120676 -844192.8762236304 -191187.9681202554  1748489.962399915 -871147.4015338164
 630106.8001474037 -526574.3892607143 -456876.1243934311   -871147.40153892  1224484.231539594

cov*(cov_.inverse()):
     0.999999999992724 -7.275957614183426e-12 -1.091393642127514e-11 -1.455191522836685e-11  1.455191522836685e-11
                     0                      1 -3.637978807091713e-12 -7.275957614183426e-12  1.455191522836685e-11
-7.275957614183426e-12                      0      1.000000000010914 -1.455191522836685e-11  1.455191522836685e-11
                     0 -2.182787284255028e-11  3.637978807091713e-12                      1  1.455191522836685e-11
                     0 -3.637978807091713e-12  3.637978807091713e-12                      0                      1
