5
1

0.0003645881939163644
0.0003855048633005966
0.0007265762250862407
  0.02446828282936281
   0.5199259150050306

   0.3565339945247228   -0.3469088549129542   -0.5781382899093844    0.6425037918862824  -0.07404560948246597
   0.2752719033512178   -0.7751789200477452    0.5651043322554876   -0.0630515539984237 -0.002148567772446651
   0.3480522400693207   -0.1142682844936139   -0.3819121946602624   -0.5213385800722696    0.6694412280698183
  -0.6924133738361098    -0.258852458608732   0.02139386487207532    0.3312490052540407    0.5859825282968386
   0.4433195776065696    0.4457466232375699    0.4473238083562622    0.4491030621099922    0.4505391770580182

  0.39782940229006
0.3978074545045908
 0.397746995208118
0.3976706825937816
0.3976478963973469

0.000780710214025363

  2.633941606229637  0.2852868516457939 -0.6312522143990669  -2.091966548110208 -0.1959537337955971

-1.655105570183367e-08  4.153778621659333e-08  1.100527751321123e-06  -0.001627806379008615  -0.004142437115739981

cov:
0.05341430752114672 0.05352527127871876 0.05359810007182562 0.05368288229140823 0.05374957416752037
0.05352527127871876  0.0537507100699167 0.05389719531755773 0.05406359241888927 0.05419711495369647
0.05359810007182562 0.05389719531755773 0.05409168533982712 0.05431068638746999 0.05448742696688964
0.05368288229140823 0.05406359241888927 0.05431068638746999 0.05458829117465556 0.05481276832927618
0.05374957416752037 0.05419711495369647 0.05448742696688964 0.05481276832927618 0.05507746930445124

cov.inverse():
 1696452.799089095 -2441359.173336089 -755796.3552587667  1262453.840374616  238097.6687922246
-2441359.173336585    4973591.7729828  -1356122.69369205 -1235234.632195984  59297.51135068078
-755796.3552493023 -1356122.693698581  4939637.252063338 -2657072.633160302 -170395.4027673898
 1262453.840355228 -1235234.632183889 -2657072.633134481  3647385.332218797 -1017774.415868623
 238097.6688026444  59297.51134462204 -170395.4027902791 -1017774.415850096  890764.2018564161

cov*(cov_.inverse()):
     1.000000000020009 -8.640199666842818e-12 -3.274180926382542e-11  2.182787284255028e-11  1.455191522836685e-11
-1.637090463191271e-11     0.9999999999795364  1.091393642127514e-11  4.365574568510056e-11  7.275957614183426e-12
-1.455191522836685e-11 -2.182787284255028e-11       1.00000000003638 -5.093170329928398e-11  1.455191522836685e-11
 1.637090463191271e-11 -5.502442945726216e-11  1.091393642127514e-11     0.9999999999854481  1.455191522836685e-11
 1.091393642127514e-11 -9.094947017729282e-12  1.455191522836685e-11  7.275957614183426e-12                      1
