6
1

0.0004371492533599933
0.0004700050894723823
0.0004947893920839834
0.0008775879475285213
  0.02682645814006222
   0.5682690574509196

  0.5592824552121707  -0.7968366159716314   0.2015352505118045 -0.07015961978221752  0.02995410141599408  0.07627886404662861
  0.2229644700468435   0.1259136914138716  -0.2729886464295425 -0.03523398805510387  -0.6752681890955395   0.6345716864257275
 -0.3793623923642632  -0.1294968018057647   0.7231123783763755   0.2913807124619836  -0.4805116064574813 -0.02508223047098182
  0.0920588156001958  -0.1434953795012455  -0.4096898589687167   0.8476270877666665  -0.1227789031808876  -0.2637084204347166
 -0.5663204922322517  -0.3830099819896459  -0.1677715776339123   0.1522501822156244   0.3591966948212937    0.593493696644798
  0.4054385652553893   0.4063744059873534   0.4074017024473421   0.4090008268236177    0.410033286486351   0.4112107640078065

0.4004295129638173
0.4004903834958553
0.4004919124664911
0.4005477566077756
0.4005177838587161
0.4005061104345319

0.0002467629002176419

  3.068925099109781  0.3434563104886216   -2.26672384860777   1.026691603007298 -0.5251056414281673  -1.647278912075096

 1.476202732062076e-07  1.368269043788033e-07 -5.520643438139885e-07   1.94928867540951e-06  -0.001798573148167991  -0.004006462802971619

cov:
0.05331424728289096 0.05336187597985948 0.05340864497830421 0.05348770002104438 0.05353851751565801 0.05359721014701685
0.05336187597985948 0.05343438155111221 0.05350970574915908 0.05363127247374352 0.05370981919136986 0.05379978971042739
0.05340864497830421 0.05350970574915908 0.05361916896325037 0.05379041632157999 0.05390147452540406 0.05402814522692662
0.05348770002104438 0.05363127247374352 0.05379041632157999 0.05403748229570193 0.05419583788519901 0.05437695854804171
0.05353851751565801 0.05370981919136986 0.05390147452540406 0.05419583788519901 0.05438632196196433 0.05460256422629601
0.05359721014701685 0.05379978971042739 0.05402814522692662 0.05437695854804171 0.05460256422629601 0.05485920543897908

cov.inverse():
 2461172.697936058 -2021164.104150905 -855067.2799983142 -591213.5714190592   135733.248482735  870609.1297301555
 -2021164.10418964  3489815.610980904 -1302023.006485162 -39671.60101143082  -232943.578061053  105722.2203202693
-855067.2799579105 -1302023.006531428  2903719.618980011  379265.4246250791 -487983.7177506146 -637685.8420205798
-591213.5713822463 -39671.60105979626  379265.4246300728  1311097.588455799 -610250.0937588258 -449178.3047891238
 135733.2484436454 -232943.5780114278 -487983.7177528864  -610250.093761962  3031747.998509202 -1836253.782865915
 870609.1297307668  105722.2203265389 -637685.8420291664 -449178.3047925496 -1836253.782860785   1946675.01833462

cov*(cov_.inverse()):
    0.9999999999781721  3.274180926382542e-11 -3.637978807091713e-11  1.455191522836685e-11   2.91038304567337e-11 -1.455191522836685e-11
-2.182787284255028e-11      0.999999999998181 -1.455191522836685e-11  2.182787284255028e-11                      0                      0
-1.455191522836685e-11  5.456968210637569e-12      1.000000000007276  7.275957614183426e-12  1.455191522836685e-11  1.455191522836685e-11
-7.275957614183426e-12  7.275957614183426e-12 -1.455191522836685e-11      1.000000000010914   2.91038304567337e-11                      0
-1.455191522836685e-11  2.819433575496078e-11 -7.275957614183426e-12  1.455191522836685e-11      1.000000000029104  1.455191522836685e-11
-1.455191522836685e-11  1.364242052659392e-11                      0  7.275957614183426e-12                      0                      1
