4
1

0.0004003302143198075
 0.000618576801156919
  0.03027244241294641
   0.4537331441722409

-0.3180114401123237  0.7822847851452719 -0.5314011717910192 0.06717167190887506
-0.3084237737888638  0.3437888795784687  0.6091829675767807 -0.6446550194129909
-0.7477804301299869 -0.1444999544094553  0.3069244708829432  0.5707377336951733
 0.4945380956348396  0.4989583994523614  0.5023009812917989  0.5041490967710843

0.4073963785335535
0.4069769044865424
0.4065196840857057
 0.406129847276511

0.003598182290063082

 1.337690402022511  1.786260140807837 0.6464949952106676 -3.769615596719101

 6.01317508916589e-08 1.157652269629064e-06 -0.002943039426933663 -0.004715510395380059

cov:
0.05086261313061373 0.05089910495263977 0.05093010411726714 0.05093759633825152
0.05089910495263977 0.05127350504529809 0.05155695456763079 0.05171177273430173
0.05093010411726714 0.05155695456763079 0.05202975971834709 0.05229473447069821
0.05093759633825152 0.05171177273430173 0.05229473447069821 0.05262485189735312

cov.inverse():
 880243.7197780972 -1829273.986751048  563176.5291081859  385869.6720718348
-1829273.986743343  4127410.749944962  -2046597.92792084 -251413.7535318215
 563176.5290872839 -2046597.927882315  2731971.860943512 -1248866.124285441
 385869.6720850347 -251413.7535626478 -1248866.124267816  1114604.555336602

cov*(cov_.inverse()):
     1.000000000010914 -7.275957614183426e-12  -2.91038304567337e-11                      0
-3.637978807091713e-12      1.000000000020009  -2.91038304567337e-11  1.455191522836685e-11
-3.637978807091713e-12 -1.455191522836685e-11     0.9999999999854481  7.275957614183426e-12
                     0 -5.456968210637569e-12                      0                      1
