5
1

0.0001457032584786101
0.0002265141526368994
0.0005655176655473071
  0.01199545386934632
   0.5185145079024971

  -0.499181550923542   0.8240686215603999   -0.264355828711299 -0.03280503092150312  -0.0277220480793108
 -0.4602424981114661 -0.02222437624223126   0.8385905441969447 -0.07549825368050189  -0.2806222245429397
   0.104163073397806  0.09418553561107684   0.1496253371486605  -0.8438135266427195    0.495852931583453
 -0.5737882441002565  -0.3349382918675778 -0.06800010735731844   0.2840006750705887   0.6879701981423443
   0.445995209864806   0.4465001787039625   0.4470683827921381   0.4478238408701135   0.4486753078239754

0.3988602599878844
0.3988701735196696
 0.398879581743628
 0.398904912796955
0.3989073013278481

-0.0002497950666633215

  8.203906831340889   -3.55851154033783 -0.8205310794024656  -1.594454923898616  -2.230535793401551

-1.421659839677998e-07 -1.866852303193765e-07  2.034045879330436e-07 -0.0007837731935527172  -0.003126179669439569

cov:
0.05352626216403296 0.05356706765865601 0.05361315433903575 0.05367466443878444 0.05374345956197617
0.05356706765865601 0.05361619763446569  0.0536715242718147  0.0537452237491293  0.0538280094904358
0.05361315433903575  0.0536715242718147 0.05373725495407561 0.05382452684525377 0.05392297369795224
0.05367466443878444  0.0537452237491293 0.05382452684525377 0.05393014055381813 0.05404880530663832
0.05374345956197617  0.0538280094904358 0.05392297369795224 0.05404880530663832  0.0541917228608387

cov.inverse():
 15902203.23145722 -19145491.66932366  -1257244.41393786  1172626.712302759  3327806.647085569
-19145491.66955592  32026228.85634227 -10580579.90038483 -1489866.391883827  -810111.968067518
-1257244.413466487 -10580579.90101055  17067833.13052645 -1220364.478986501 -4009631.799084078
 1172626.712007435 -1489866.391436793 -1220364.479098445  2388732.494611415 -851180.3538951353
 3327806.647141791 -810111.9681211094 -4009631.799126471 -851180.3538553731    2343096.2756582

cov*(cov_.inverse()):
    0.9999999999708962 -2.546585164964199e-10  -2.91038304567337e-11 -1.455191522836685e-11                      0
-1.164153218269348e-10     0.9999999998472049  5.820766091346741e-11  -2.91038304567337e-11                      0
 -2.91038304567337e-11 -1.236912794411182e-10                      1                      0  1.455191522836685e-11
-1.164153218269348e-10 -1.309672370553017e-10   2.91038304567337e-11     0.9999999999781721 -1.455191522836685e-11
 5.820766091346741e-11 -1.746229827404022e-10   2.91038304567337e-11                      0      1.000000000014552
