5
1

0.0003953173910144645
0.0003966206218853671
0.0004304994317494105
  0.02189204669216685
   0.5194812594481311

 -0.2131143643446569 -0.05574752653340976   0.7628256110212734  -0.5988102982889978   0.1048703715471724
 -0.2203528923885227   -0.236503311989383   0.4597471531933202   0.5834338390534555   -0.586300517492565
  0.5902216575392745  -0.7910979236586285  0.07546136801025814 -0.01559489022870585   0.1409427241519511
 -0.6001977362380017  -0.3414902049557341 -0.03449500337550743   0.3152979286305213   0.6500341746996813
  0.4443286429123771   0.4455411449078041   0.4470406234122387   0.4487484793405383   0.4503827578744996

0.3999272781608225
0.3999619417828165
0.3999950728798736
0.4000232024364245
0.4000493795832631

-0.0001404823244583408

  1.733937022349814   1.164529579092677 0.03267159875178242  -1.014152858333529  -1.917015291964629

-5.120734164801276e-10 -1.733792870121237e-08 -2.775462544892235e-08  -0.001440369915732995   -0.00394021813239599

cov:
0.05345078570672732 0.05352159956748925 0.05361313301965389 0.05371732922197216 0.05381703720446034
0.05352159956748925 0.05362524448354529 0.05375512900766837 0.05390324388248226  0.0540449702985235
0.05361313301965389 0.05375512900766837 0.05393110896174973 0.05413120505923021 0.05432282992132066
0.05371732922197216 0.05390324388248226 0.05413120505923021 0.05439102207779296 0.05463934098746599
0.05381703720446034  0.0540449702985235 0.05432282992132066 0.05463934098746599 0.05494237830989128

cov.inverse():
 2479727.663520824 -2111678.539278562 -1443905.628676903 -50717.03330592976  1126310.783770666
-2111678.539228526  3752577.229355587 -1285411.023194469  -597203.789592209  241968.8390920981
-1443905.628758922 -1285411.023121604  5097946.159123309 -1224190.367401487  -1144274.88684296
-50717.03328638414 -597203.7895544666 -1224190.367491891  4459890.512935838  -2587778.25453141
 1126310.783783104  241968.8390315307 -1144274.886761718 -2587778.254564522  2363637.039921312

cov*(cov_.inverse()):
     1.000000000014552 -1.818989403545856e-11  7.275957614183426e-11 -5.820766091346741e-11  1.455191522836685e-11
 7.275957614183426e-12      1.000000000010914  5.093170329928398e-11  -2.91038304567337e-11  1.455191522836685e-11
 1.455191522836685e-11  1.818989403545856e-11      0.999999999992724                      0   2.91038304567337e-11
 7.275957614183426e-12  3.456079866737127e-11 -7.275957614183426e-12     0.9999999999708962  4.365574568510056e-11
                     0  1.818989403545856e-12  7.275957614183426e-12  -2.91038304567337e-11      1.000000000014552
