7
1

0.0002307841315243112
0.0002853074163809707
0.0003671032504844036
0.0004377785656851387
0.0005066305724350493
  0.03368830739821241
   0.7183547450769997

  0.4362600474110279  0.04582466779125328   -0.867014506790539   0.2035254157038731  0.01249561870034825  0.08253697544197004  0.08644089443232518
 0.01377414819364617 -0.03976664914794161  -0.1027810433605566  -0.3401125085794151   0.8858277498440632  -0.2237716933501927   -0.192934838616587
 -0.1379429342539299  -0.1113524027243342  0.02959719517530125   0.6603323212590221   0.1097336982207685  -0.7042267503637804   0.1538857380728444
 -0.2753487619116277 -0.06373869727628868 -0.04884256758840094   0.5094937904153323   0.1472547535753664   0.4135651030187887  -0.6822249350598105
  0.5021078491604111  -0.8276972449885805   0.2247435777162915  0.05343371964363824  0.01217534656087881  0.08341139070484332 -0.04831605496056564
 -0.5690684460380314  -0.3935025618822031  -0.2063402020108552  0.03593911799132368    0.192456673024049   0.3516833628803588   0.5627860869191813
  0.3724124885298327   0.3740718363427834   0.3759978152582839   0.3783271165305537   0.3797891521468038   0.3814496280651667   0.3835750469222262

0.4169986513384205
0.4165597828302784
0.4159796231739514
0.4153792032427054
0.4148559949541539
0.4143870560156652
0.4137391837632589

0.006992351102254558

  1.433374683718268   1.136008291067565 -0.6709447140896961    1.07017620074541 -0.9406025054724541 -0.5625637259498536  -1.465558724137546

  6.88156562090412e-08 -6.064488973711564e-08   5.79516572302109e-08  1.417461086289557e-07 -7.744785620769535e-08  -0.002598326491464715   -0.01166949908525555

cov:
 0.0719368568459932 0.07214216677483799 0.07239153085134221 0.07268265816632936 0.07286256442373459 0.07307884642268102 0.07335099083635084
0.07214216677483799 0.07238435001369105 0.07267231652127094 0.07301377469153626 0.07322611504377594 0.07347553175275075 0.07379156173519281
0.07239153085134221 0.07267231652127094 0.07300228426034307  0.0733974366992088 0.07364445652769522 0.07392935185398686 0.07429231199480785
0.07268265816632936 0.07301377469153626  0.0733974366992088 0.07386219338948839  0.0741538888397725 0.07448454315666743 0.07490806465120574
0.07286256442373459 0.07322611504377594 0.07364445652769522  0.0741538888397725 0.07447468060019566   0.074834801162001 0.07529744165056661
0.07307884642268102 0.07347553175275075 0.07392935185398686 0.07448454315666743   0.074834801162001 0.07522532251335484 0.07572777663139743
0.07335099083635084 0.07379156173519281 0.07429231199480785 0.07490806465120574 0.07529744165056661 0.07572777663139743  0.0762834719579744

cov.inverse():
 5095017.197179492 -1044776.057319621 -6639426.439494177  306113.0257922812 -47919.03743205416  927837.6980884423  1403242.348585997
-1044776.057252474  2841267.513900827 -1428614.357090508 -546116.7546314454 -600976.0643503477  355574.3917964419   423977.904184053
-6639426.439721285 -1428614.356915309  14459246.84451723 -2821685.104467159 -1324712.935718668 -1248120.735609034 -998260.9586128049
 306113.0256123344 -546116.7548138624 -2821685.103962828  6799952.910756235  -2721783.90099105 -1083436.395924113  66762.90480742991
-47919.03649322986 -600976.0641877287 -1324712.937377307 -2721783.900885692  9845935.446153676 -2667444.633602874 -2480388.884976425
 927837.6974143975  355574.3916880402 -1248120.734382829 -1083436.396062268 -2667444.633613056  5342720.108641915 -1627519.836968331
 1403242.348661377  423977.9042042111   -998260.95873702  66762.90498226203 -2480388.885418163  -1627519.83667284  3211222.771898757

cov*(cov_.inverse()):
     1.000000000058208 -3.637978807091713e-11                      0    1.2732925824821e-11 -8.731149137020111e-11  5.820766091346741e-11  -2.91038304567337e-11
-4.365574568510056e-11     0.9999999999345164   1.01863406598568e-10  -2.91038304567337e-11                      0  -2.91038304567337e-11  -2.91038304567337e-11
  1.01863406598568e-10  1.091393642127514e-11     0.9999999999126885 -7.457856554538012e-11 -5.820766091346741e-11 -1.455191522836685e-11   2.91038304567337e-11
 1.455191522836685e-11 -4.365574568510056e-11 -2.182787284255028e-10      1.000000000078217 -5.820766091346741e-11 -1.455191522836685e-10   2.91038304567337e-11
 5.820766091346741e-11  2.182787284255028e-11  -1.01863406598568e-10   2.91038304567337e-11     0.9999999999708962 -1.455191522836685e-11  5.820766091346741e-11
-1.455191522836685e-11                      0  1.455191522836685e-10 -6.093614501878619e-11                      0     0.9999999999708962                      0
 -2.91038304567337e-11  7.275957614183426e-12  -1.01863406598568e-10  3.637978807091713e-11  -2.91038304567337e-11 -1.455191522836685e-11                      1
