5
1

0.0002000404432998777
0.0005747319668322892
0.0006042111617056083
  0.01832870564869776
   0.5180955482702456

-0.08829875185493782   0.6911620076768348  -0.7126004156060503  0.03641706630890049  0.07329975801136776
 -0.4609065763291873   0.4686900285805866   0.4899123832025091  -0.5682520639302048  0.07049988389732752
 -0.3899585622368053   0.2092144505684625   0.2166407753949011   0.5970917188338782  -0.6330164983219956
 -0.6554341798925724  -0.2439965463063355  -0.0738635558465181   0.3438877237335279   0.6222195189820163
  0.4450919162196967   0.4464523886341894   0.4469870848435407   0.4483147352986444   0.4492103014133637

0.3997159969725472
0.3999186358693271
0.3999233923730617
0.3999486942722943
0.3999527626730869

-0.0001478102614223748

0.5388276675125802  1.589228045603463   2.88084207258835 -1.638031665883121 -3.370864584424167

-5.237273036502404e-08  8.591658573219281e-07  6.944509393803953e-07  -0.001214239607657049  -0.003097368579308877

cov:
0.05332086915401303 0.05339258573876807 0.05341900696118621 0.05348574589757515 0.05353153434338702
0.05339258573876807 0.05352210844264933 0.05357220488697879 0.05369695146436076 0.05378146589656571
0.05341900696118621 0.05357220488697879 0.05363218100024778 0.05378094612617456 0.05388149614203199
0.05348574589757515 0.05369695146436076 0.05378094612617456 0.05398925674320969 0.05412879398077252
0.05353153434338702 0.05378146589656571 0.05388149614203199 0.05412879398077252 0.05429525865222374

cov.inverse():
 1255784.628075174 -2402087.009919013  657544.8070613812  74085.20025947072   414843.628913381
 -2402087.00989176  12722897.99197994 -11488731.63885595  164630.5379710524  1002851.762002231
 657544.8070281302 -11488731.63880066  13545045.16661892 -1137064.530359293 -1576526.623129871
 74085.20025767863  164630.5379590286 -1137064.530341074  1987645.012251951 -1089267.402772878
 414843.6289211694  1002851.761986228 -1576526.623126059 -1089267.402768474  1248088.541670956

cov*(cov_.inverse()):
    0.9999999999818101  9.458744898438454e-11                      0  1.455191522836685e-11                      0
-2.182787284255028e-11      0.999999999992724  7.275957614183426e-11  7.275957614183426e-12                      0
 7.275957614183426e-12 -5.093170329928398e-11      1.000000000145519                      0                      0
                     0  -1.01863406598568e-10  1.164153218269348e-10      1.000000000007276                      0
 3.637978807091713e-12  4.365574568510056e-11  5.820766091346741e-11                      0                      1
