5
1

0.0004513401119608183
 0.000515842924587965
0.0007876696215901324
  0.01589646526934949
   0.5190412724583149

  0.6423263203155666  -0.6823689871332709  -0.2663529934566879   0.1091445012186575    0.197314531545373
 -0.0983961096386025  -0.4834043116262099   0.8490382724752763    -0.13866865840085  -0.1286215073721537
 0.06836335836754316    0.100217710660886  0.02610879660232959  -0.7922147207919018   0.5974922833001191
 -0.6120028128381789  -0.3022681142108974 -0.08771050591296473    0.374654972144977   0.6213107621867527
  0.4455492252812481   0.4464115080295118   0.4470070386932738   0.4482052755587496   0.4488868361514652

  0.40062147309769
0.4006959369890942
0.4008057064940985
0.4007859822588284
 0.400801373505872

4.886788989592972e-05

 3.385311421817728 -1.075596396407904  1.954966526307349 -1.385468067803396 -2.879192821629594

 3.398650858883769e-07  6.410561782866928e-07 -2.779670831928339e-07  -0.001067930088886835  -0.003059830607545071

cov:
0.05357520137156088 0.05363064059300288  0.0536689584474624 0.05374132072391168 0.05378505475680047
0.05363064059300288 0.05371092036039482 0.05376591958064274 0.05387473288233319 0.05393793344194144
 0.0536689584474624 0.05376591958064274 0.05383315835995017  0.0539669517771706 0.05404358205383557
0.05374132072391168 0.05387473288233319  0.0539669517771706 0.05415585793824215 0.05426082569840202
0.05378505475680047 0.05393793344194144 0.05404358205383557 0.05426082569840202 0.05438249231831057

cov.inverse():
 2070766.911291152  -1961099.06730771 -1150724.177107322  307229.0179919508  734061.1627645073
-1961099.067307834  3180496.080097179 -645883.6832111606 -242105.8167788277 -331519.1164977866
-1150724.177104978 -645883.6832113576  3058458.830338289 -618633.0708032858 -643463.2552856214
 307229.0179858398 -242105.8167790397 -618633.0707923935  1142872.533398242 -589265.0550837311
 734061.1627683984 -331519.1164975023 -643463.2552943664 -589265.0550791606    830230.50178911

cov*(cov_.inverse()):
                     1 -1.455191522836685e-11  2.182787284255028e-11  7.275957614183426e-12 -7.275957614183426e-12
 7.275957614183426e-12      1.000000000010914 -7.275957614183426e-12                      0 -1.455191522836685e-11
                     0  3.637978807091713e-12     0.9999999999854481  7.275957614183426e-12                      0
-7.275957614183426e-12 -1.091393642127514e-11  7.275957614183426e-12      1.000000000003638 -7.275957614183426e-12
                     0                      0  1.455191522836685e-11                      0                      1
