5
1

 0.000393467262403484
0.0004526252002262238
 0.001133685835655736
  0.02363473136755367
   0.5203301150101708

  0.5182333104729835  -0.4527382420978817  -0.5347285795355351   0.4899969212435805 -0.02075291444720826
  0.2592895454078462  -0.6921102315171271   0.6373551920024396  -0.2176180169097397  0.01315739394054021
  0.4173376638335786  0.08858783431480244  -0.3178514694013377  -0.6853432403353364   0.4972489882175893
 -0.5404015477041568  -0.3306983188573838 -0.08451664287598182    0.205150007268495   0.7411984894335409
  0.4449703463639884   0.4458725480310958   0.4468457070755253   0.4480664385250055   0.4502937291420585

0.4000315081476196
0.4001118137634911
0.4001323905695832
0.4001550236557315
0.4002178604802175

-1.317158596486503e-06

  3.282457158434255   1.259018014944096  -1.127719225716691  -3.298936267405938 -0.1149440391165167

 1.858007552335881e-08 -4.637125361805507e-09  5.197038880559663e-06   -0.00159584471542633  -0.003211025190320236

cov:
0.05377023175144838 0.05381531491610795 0.05385808563069053 0.05391754898274269 0.05402466631485414
0.05381531491610795 0.05388565346690222 0.05395742461939302 0.05405128568182629  0.0542212720846784
0.05385808563069053 0.05395742461939302 0.05406388185092326 0.05419784479214785 0.05444158551127435
0.05391754898274269 0.05405128568182629 0.05419784479214785 0.05437956745092666 0.05471010119571707
0.05402466631485414  0.0542212720846784 0.05444158551127435 0.05471010119571707  0.0552043395227458

cov.inverse():
 2198940.684700593 -2362368.371915118 -1086423.811649858  1142054.362815826    107931.85200673
-2362368.371915122  3668423.396035411 -611297.0196651287 -745105.5765860348  50075.05599276617
-1086423.811647757 -611297.0196584082  3908377.756796186 -2199980.590032326 -10472.64081890794
 1142054.362812598 -745105.5765963743 -2199980.590013916  2147537.183602091  -344539.560665212
 107931.8520078602  50075.05599638032 -10472.64082849474 -344539.5606603702  196992.2286827697

cov*(cov_.inverse()):
      1.00000000001728 -4.547473508864641e-12 -1.978150976356119e-11  1.818989403545856e-11                      0
-3.637978807091713e-12     0.9999999999990905  2.387423592153937e-11 -7.275957614183426e-12                      0
 3.637978807091713e-12   1.77351466845721e-11     0.9999999999962483 -3.637978807091713e-12 -1.818989403545856e-12
                     0  3.637978807091713e-12  2.069100446533412e-11     0.9999999999818101 -3.637978807091713e-12
 3.637978807091713e-12  4.092726157978177e-12  1.477928890381008e-12 -1.091393642127514e-11                      1
