5
1

0.0004555573985116623
0.0004909801533485676
0.0007346760981634145
  0.01661987292901172
   0.5185543345712029

0.02496855590674208   0.384297519261042 -0.8631391999624273  0.1840630105558258  0.2698212696195172
-0.6083597234424134  0.7257497645158719  0.2171928834792003 -0.1637535097970724 -0.1708735368433545
 0.1128612032893074 0.04402186379416238 0.04007339538974222 -0.7928520175963684  0.5959062220479688
-0.6466457983460354 -0.3528856780599545 0.07752635589475726  0.3314597067955393  0.5843329843627511
 0.4454060825611952  0.4462470949185214  0.4474391131515311  0.4481358467458825  0.4488312096744079

0.3995737898266535
0.3996552698354125
0.3997595028238797
0.3997717025895381
0.3997775866752765

-4.327455650447037e-05

  5.736414005140934  -2.685009755308017 -0.4544577944088196  -1.230193522077743  -1.366542616917617

-2.265233616683045e-07 -1.229943789899834e-06  3.627317931952007e-07   -0.00110582938078488  -0.002992060822508833

cov:
 0.0534614706759763 0.05350952952461612 0.05357548557643881 0.05361358654981366 0.05365178823977882
0.05350952952461612 0.05358207339481477  0.0536829672836814 0.05374181712845041 0.05380064734031254
0.05357548557643881  0.0536829672836814 0.05383579958367212  0.0539248398790429 0.05401393241034027
0.05361358654981366 0.05374181712845041  0.0539248398790429 0.05403245900646709  0.0541388136758976
0.05365178823977882 0.05380064734031254 0.05401393241034027  0.0541388136758976 0.05426400376085267

cov.inverse():
 1563417.021677097 -1775285.739984458  -643770.200133029  268844.6052228016  586927.4828284977
-1775285.740006531  2900635.598773824 -941254.4372587904 -217252.8184034557  33057.73555865497
-643770.2000876783 -941254.4373312861  3788528.480729084 -971838.7683678054 -1231748.455073308
 268844.6052140563 -217252.8183659793 -971838.7684158512  1439526.157240491 -519258.7068472772
 586927.4828139665  33057.73557160167  -1231748.45505241 -519258.7068665919  1131070.089399851

cov*(cov_.inverse()):
     0.999999999992724 -3.637978807091713e-12 -1.455191522836685e-11                      0  7.275957614183426e-12
 1.091393642127514e-11     0.9999999999722604                      0 -7.275957614183426e-12 -7.275957614183426e-12
 7.275957614183426e-12 -2.023625711444765e-11                      1  7.275957614183426e-12 -7.275957614183426e-12
-3.637978807091713e-12  1.159605744760484e-11 -4.365574568510056e-11      0.999999999996362 -7.275957614183426e-12
-7.275957614183426e-12 -9.094947017729282e-12 -1.455191522836685e-11 -7.275957614183426e-12                      1
