4
1

0.0001425900518096598
0.0002131595608050603
 0.005524534940361814
   0.4197839111721212

0.08391520677738255  0.3363604568229219 -0.8392240845705486  0.4189544331238295
 0.5812473796286658 -0.7566006374700089 -0.1051150788870442  0.2804599423186074
-0.6368043377395706 -0.2541373538629683  0.1858256765839849  0.7038204733663974
 0.4995897889092463    0.49983129537613  0.5001225589686985  0.5004559371121845

0.4054439719306198
0.4054539560258421
0.4054623977143268
0.4054734231109009

-0.0002825240262090608

 11.51675434699238 -5.938685437058562  4.715534135267862 -10.29344317547885

-1.891068404014839e-07  3.546232430383085e-07 -0.0003721407470507399  -0.001367052896475215

cov:
0.04399476803074789 0.04400855727448294 0.04402566350559987 0.04404495791172479
0.04400855727448294 0.04402690865430912 0.04404912005320516 0.04407446142253724
0.04402566350559987 0.04404912005320516 0.04407730155844887 0.04410959695442619
0.04404495791172479 0.04407446142253724 0.04410959695442619 0.04415014009068606

cov.inverse():
 7795166.150522626 -8285171.126594302 -4812246.987409709   5302202.09409272
-8285171.126880336   18165328.1163579 -12134881.59909754  2254980.312726416
-4812246.986880705 -12134881.59983832  34884272.05774328 -17937374.42173053
 5302202.093849757  2254980.313181158  -17937374.4219423  10380239.88930068

cov*(cov_.inverse()):
    1.000000000029104 1.455191522836685e-11 1.164153218269348e-10                     0
5.820766091346741e-11     1.000000000058208                     0                     0
1.164153218269348e-10 7.275957614183426e-11    0.9999999998835847 5.820766091346741e-11
                    0 -2.91038304567337e-11                     0                     1
