6
1

0.0001994573212407375
 0.000366557640398382
0.0004257737260765709
0.0005722767395042213
  0.02412451707847744
   0.6227705767123481

  0.05525590649063781   0.05695037072078149   -0.7320322729471388    0.6748605562143289 -0.006516439235925621  -0.04850728937262801
 0.008099100079212327    0.6514935391438178   -0.4642428993604377   -0.5459028215020582    0.1910872446180525    0.1595145066931433
  -0.6895215458599135    0.5338724268018054    0.2562660158312365    0.2804608632361392   -0.2968489902415995  -0.08420439425037574
   0.2026497151658214 -0.007216105980029253  -0.05292681109855817  -0.03490715101050405   -0.7425469268645708    0.6352049477428107
  -0.5618196812061964   -0.3489736043525062    -0.117710146043434 -0.003368987454866763     0.394785846963795    0.6267800058661972
    0.405873090908155    0.4067657887643508    0.4077720994288541    0.4082464746533361    0.4099903345172535    0.4108202570839394

0.4213109422693813
0.4212869877220998
0.4211958483083205
0.4212063164713797
0.4210739895586981
0.4209289798443273

0.001348823958572428

  2.578288938192105   1.077578824639131  -1.163150161337254 -0.3103825027121175 -0.9090106530834227  -1.272944010780472

 3.634210669156645e-08   1.41833419725489e-07 -2.194607566969885e-07  1.485257203244375e-07  -0.001654802160468248  -0.004603393100862641

cov:
0.06407435981700786  0.0641451225142981 0.06422794243160258   0.064265230766638  0.0644095785956177 0.06446442945301625
 0.0641451225142981 0.06424290191992671 0.06435456302570761 0.06440617675119018 0.06460043396192401 0.06468426012052314
0.06422794243160258 0.06435456302570761  0.0644979501426247 0.06456510519044874 0.06481358263721015 0.06492893235059045
  0.064265230766638 0.06440617675119018 0.06456510519044874  0.0646400362783844 0.06491527711711265 0.06504622479016882
 0.0644095785956177 0.06460043396192401 0.06481358263721015 0.06491527711711265 0.06528427492847962 0.06546919877031172
0.06446442945301625 0.06468426012052314 0.06492893235059045 0.06504622479016882 0.06546919877031172 0.06568634338813625

cov.inverse():
  2825807.82868937 -1916373.062380774 -2052079.659644256 -183920.2477627657  671698.6422146236  654963.7150307967
-1916373.062441067  4813026.929531656 -2542961.657586964 -854127.6477285567  59112.58655082255  441649.1990062523
-2052079.659045524 -2542961.658070077  15444626.60439899 -10129532.65643711 -840029.7393116959  119607.1140996734
-183920.2483654296 -854127.6473006401 -10129532.65596602  14103500.14174182 -1267007.462641198  -1668913.23410792
 671698.6421837608  59112.58662997351 -840029.7395552683  -1267007.46241773  2442765.014955619 -1067100.130974128
 654963.7151258864  441649.1989219956  119607.1139877878 -1668913.234035052 -1067100.130945947   1520317.84264646

cov*(cov_.inverse()):
    0.9999999999854481  5.093170329928398e-11 -3.183231456205249e-11 -8.731149137020111e-11  -2.91038304567337e-11                      0
-1.455191522836685e-11      1.000000000014552  1.973603502847254e-10  -1.01863406598568e-10 -1.455191522836685e-11                      0
 1.455191522836685e-11 -2.182787284255028e-11      1.000000000191903 -5.820766091346741e-11 -1.455191522836685e-11 -1.455191522836685e-11
-1.455191522836685e-11 -2.546585164964199e-11  3.183231456205249e-11      1.000000000130967                      0 -1.455191522836685e-11
-2.182787284255028e-11  2.546585164964199e-11    1.2732925824821e-11  1.164153218269348e-10     0.9999999999708962  -2.91038304567337e-11
 7.275957614183426e-12 -7.275957614183426e-12 -2.546585164964199e-11 -5.820766091346741e-11                      0                      1
