5
1

0.0003791657249828948
0.0004328281349547557
0.0004877172725717108
   0.0232933907171734
    0.531150278324904

 -0.2590076452995539  -0.2545361770609131   0.8907779795021802  -0.1469494004777862  -0.2303189943900179
  0.2812111748751107  -0.1785027790323774   0.0584397187665751  -0.7411610442197831   0.5799328743954792
  0.5450562531838788  -0.7671568572295218 -0.02702460677018714   0.3277901432954428  -0.0787866096373258
 -0.5998831572380859  -0.3415465912079807 -0.05117643439907297   0.3461416157598673   0.6332875161390918
  0.4437219775140262   0.4451565734490118   0.4469340372981361   0.4492502465528113   0.4509663114499836

0.4004196444159063
0.4003575059483898
0.4003126289550341
0.4002568490280475
0.4001929066801607

0.0007693275465860282

   2.492597711188151   0.6271427441947821   -1.005276099903027 -0.04740761425143147   -2.067103341600251

-1.750575310594475e-07 -1.186599584048666e-07  2.502317195833679e-07    -0.0016187934918509  -0.004961614980493157

cov:
 0.0557418495283218 0.05583715731312031 0.05596522020254717 0.05612589162256357 0.05624727204445359
0.05583715731312031 0.05596970562361186 0.05613893804599866  0.0563561959383842   0.056518532869578
0.05596522020254717 0.05613893804599866 0.05635513891215241 0.05663601170592489 0.05684442224048129
0.05612589162256357  0.0563561959383842 0.05663601170592489 0.05700435545943957 0.05727556982040363
0.05624727204445359   0.056518532869578 0.05684442224048129 0.05727556982040363  0.0575927196671794

cov.inverse():
 2138360.001951899 -1566879.035202987 -1578956.320577799 -97071.15267572949  1104227.291771294
-1566879.035192509  3095133.955741547 -1545597.872507281 -91015.27303773195   108899.369235062
-1578956.320613298 -1545597.872483506  5540565.125038985 -1178972.067130568 -1237257.365378624
-97071.15262659309 -91015.27304951617 -1178972.067202257  3534333.925053224 -2167096.240384965
 1104227.291747184  108899.3692335488  -1237257.36531867 -2167096.240419297  2191062.470949515

cov*(cov_.inverse()):
      1.00000000003638 -9.094947017729282e-12 -5.820766091346741e-11 -1.455191522836685e-11 -1.455191522836685e-11
 1.455191522836685e-11      1.000000000021828                      0  1.455191522836685e-11 -1.455191522836685e-11
                     0                      0                      1  1.455191522836685e-11 -4.365574568510056e-11
  2.91038304567337e-11 -1.182343112304807e-11  1.455191522836685e-11      1.000000000014552 -1.455191522836685e-11
 7.275957614183426e-12  3.637978807091713e-12  1.455191522836685e-11                      0     0.9999999999854481
