5
1

0.0003947128957573106
0.0003996603491660161
0.0004138462504621627
  0.02692591126548394
   0.5189406225813727

  0.1048219297229601   0.1065425331004181  -0.7368033987328956   0.6479040439299081  -0.1224832770815119
-0.09555943093491051  -0.2992750273439152   0.4998817394688773   0.5157860350881374  -0.6207945438881715
   0.658269242013969  -0.7295381837698869 -0.06754741301330983 -0.03119930382215582   0.1700576192833208
 -0.5911566978674014  -0.4109165817907285  0.04938556051795882    0.334005794393701   0.6063683015294364
  0.4439550898383927   0.4449772442271661   0.4474789509784337   0.4490566207281392   0.4505661662154033

0.3998040604536406
0.3998925047922015
0.3999592478445032
0.3999867921179663
0.4000124940793415

-0.0001350910459341266

  1.52353932441659 0.9268647225235652 -0.175358027063279 -0.822342015792029 -1.452733118283766

 5.108942050428777e-09 -5.261137998143686e-09  2.006738692280177e-08  -0.001773167932529765  -0.003630908650189428

cov:
0.05333130343308721 0.05337610628160682 0.05347796953112768 0.05354463140800431 0.05360840310832535
0.05337610628160682 0.05344507985306793 0.05360759810960749 0.05371187820813503 0.05381164532659144
0.05347796953112768 0.05360759810960749 0.05392570225147716 0.05412585326118757 0.05431750947801894
0.05354463140800431 0.05371187820813503 0.05412585326118757 0.05438570523661724 0.05463403725072005
0.05360840310832535 0.05381164532659144 0.05431750947801894 0.05463403725072005 0.05493707048375367

cov.inverse():
 2658226.936155213 -2552908.082932237 -1054442.811099599  7152.451003640189  942111.0885406814
-2552908.082952924  3741378.319868978  -1152767.16125626 -390625.1969590552  354668.9880930822
-1054442.811076594 -1152767.161302993  5075562.164667533 -1437558.440585557 -1430600.157625052
 7152.451033959234 -390625.1969544517 -1437558.440659152  4365765.008956916 -2544693.766788545
  942111.088508047  354668.9881145218 -1430600.157575189 -2544693.766827214   2678412.54673474

cov*(cov_.inverse()):
     1.000000000029104  3.637978807091713e-12  -2.91038304567337e-11   2.91038304567337e-11   2.91038304567337e-11
                     0      1.000000000014552                      0   2.91038304567337e-11   2.91038304567337e-11
                     0  1.818989403545856e-11     0.9999999999854481   2.91038304567337e-11                      0
-2.182787284255028e-11  2.182787284255028e-11                      0                      1   2.91038304567337e-11
-1.455191522836685e-11  1.455191522836685e-11  1.455191522836685e-11                      0                      1
