5
1

0.0004520319625800551
0.0006604838968208301
0.0007313975116872071
  0.02160058388421688
    0.519407941958968

   0.6216792149669698   -0.7300578399666121 -0.003167848122495888   -0.1369491714276434    0.2485264435928121
 -0.04445958977455484     0.303826736354501    -0.143437932020623   -0.7207050429467706    0.6047499151566631
  -0.1418824885502652   -0.1229067819334325    0.8734230641610959    -0.395630140719715     -0.21300757062389
   -0.627468592075707   -0.4013213347078207    0.1267955305640651    0.3226744834252229    0.5701126410123762
   0.4446243627562983    0.4455782465993578    0.4477393983293619    0.4485388890795748    0.4495681242792017

0.3993464540129166
0.3994288210212631
0.3995473601197709
0.3995603458607548
0.3995593911244819

-6.794327535037245e-05

   3.845350076995657   -1.764936204684994 -0.07646667010775511   0.9176823072684077   -2.921438807732054

 5.777699242194953e-07 -1.362962121217164e-06 -7.287367278869152e-08  -0.001438791128847593  -0.003422907109065169

cov:
0.05351773493517798 0.05356576749334236 0.05367041361454483 0.05370905829286673 0.05376008547728338
0.05356576749334236 0.05363833436562727 0.05379900332311041 0.05385845865951937 0.05393595640310544
0.05367041361454483 0.05379900332311041 0.05409179266677768 0.05419939735846933  0.0543383627795197
0.05370905829286673 0.05385845865951937 0.05419939735846933 0.05432608724830549 0.05448742078514934
0.05376008547728338 0.05393595640310544  0.0543383627795197 0.05448742078514934 0.05467842169249447

cov.inverse():
 1934455.112628053 -2219013.815229334  -226846.896064869 -238714.6970626706  750233.7485193176
  -2219013.8152234  2848602.758423182 -289365.1031670247  77977.19043539438 -418316.6070576215
-226846.8960876455 -289365.1031380265  1473322.507208141  -406778.501025064 -550329.1516728633
-238714.6970451606  77977.19041215946 -406778.5010214436  1575276.975709225 -1007738.551850929
 750233.7485186488 -418316.6070574499 -550329.1516702605 -1007738.551853035  1226146.135261993

cov*(cov_.inverse()):
    0.9999999999708962 -7.275957614183426e-12 -3.637978807091713e-12 -1.455191522836685e-11                      0
                     0     0.9999999999781721 -3.637978807091713e-12 -1.455191522836685e-11                      0
-3.637978807091713e-11 -3.637978807091713e-12      0.999999999992724                      0  1.455191522836685e-11
-1.455191522836685e-11 -1.091393642127514e-11  3.637978807091713e-12     0.9999999999854481                      0
-2.182787284255028e-11 -2.182787284255028e-11                      0                      0                      1
