5
1

0.0004457792537139399
0.0005067510974037137
0.0007160760523575231
   0.0208037800993894
   0.5183301665062173

    0.36395975783088  0.01644928039904171  -0.8656000061014927   0.2307144836849951   0.2544998473655785
 -0.5307450430686048   0.8159596555345251  -0.2243726392599343 -0.04314963142735716 -0.01773606092960013
  0.2162344373512667   0.1113614866552254  0.01520648233704828  -0.8354204026241191   0.4926284615890623
 -0.5839812128405513   -0.350263909580502   0.0109150106432144   0.2150867349581613   0.6999283503919222
  0.4450298923560664   0.4459294503053741   0.4472618624768033   0.4480171689232914    0.449814142711893

0.4008651459169193
0.4009458271466486
0.4010401396405039
0.4010472769905704
 0.401042081488695

2.196053292898836e-05

 5.161455100134675 -3.651651669137034  1.361639439662772 -1.122789293364255  -1.74842616065489

-1.274945145993873e-08  -1.52667514305229e-06  4.137055620314647e-07  -0.001378701154491084  -0.003187325619107909

cov:
0.05335748576454558 0.05340574963718523  0.0534738397936053 0.05351250440877665 0.05360496261671902
0.05340574963718523 0.05347836730493909 0.05358301983078591 0.05364255211679277 0.05378442314980823
 0.0534738397936053 0.05358301983078591 0.05374504509635419 0.05383656468838736 0.05405479166134626
0.05351250440877665 0.05364255211679277 0.05383656468838736 0.05394689747288746 0.05420775921654141
0.05360496261671902 0.05378442314980823 0.05405479166134626 0.05420775921654141 0.05457213141879099

cov.inverse():
 1855517.088227514 -1608855.891125222 -1115241.040099763  159152.7381336092  709579.5902936592
-1608855.891107986  2618505.518401545 -781290.7028311435 -299616.8621331305  71133.66958562654
 -1115241.04012158 -781290.7028041611   3966958.53369806 -992035.9231926043 -1078450.613025183
 159152.7381272538 -299616.8621257893 -992035.9231919699  1636325.117702983 -503808.0536563122
 709579.5903045947  71133.66956853906 -1078450.613020651 -503808.0536546914  801578.6984004499

cov*(cov_.inverse()):
     1.000000000014552 -9.549694368615746e-12  7.275957614183426e-12                      0                      0
 1.455191522836685e-11     0.9999999999831743  1.455191522836685e-11 -1.818989403545856e-11                      0
                     0 -2.364686224609613e-11      1.000000000050932 -7.275957614183426e-12 -1.455191522836685e-11
 1.455191522836685e-11 -2.000888343900442e-11  2.182787284255028e-11      0.999999999996362 -7.275957614183426e-12
 7.275957614183426e-12 -2.000888343900442e-11  7.275957614183426e-12 -7.275957614183426e-12      1.000000000007276
