5
1

0.0004387592655112457
0.0004701792150460879
0.0005482009874888084
  0.02641393939740537
   0.5187074868230291

   0.4985330476230593   -0.8154184532817531    0.2910079217561328  -0.01473909457655072   0.04067794293591387
   0.2035588991752112   0.09367954396376396   -0.2102209288617313   -0.7150191228026919    0.6279671430133086
    0.465907663666539  -0.01038068930181676   -0.8077268420027659    0.3610008974465505 -0.008831250049130827
  -0.5435663471880225   -0.3575383797927263    -0.139127947942287     0.395442231935289    0.6332225426208928
   0.4444032517159361     0.445393575790161     0.446477673969589    0.4492596202223775    0.4505039320511054

0.4005725783575107
0.4006331057198338
0.4006340097125863
0.4006583836652171
0.4006465687778445

0.0002531408439755327

   3.526527112407185   0.3760126752560595   -2.556674416144267 -0.04934275771672558   -1.296597762448052

1.261813377130516e-07 1.131002701059096e-07 1.111298401085018e-06 -0.001769485018672403 -0.003528526921240344

cov:
0.05334356730085357 0.05339123260059337 0.05343800821511984 0.05356802450952172 0.05362664405961267
0.05339123260059337 0.05346370973816759 0.05353896356685825 0.05373902583594238 0.05382884497990107
0.05343800821511984 0.05353896356685825 0.05364826303830236 0.05393028550634518 0.05405671174010914
0.05356802450952172 0.05373902583594238 0.05393028550634518 0.05441425243953299 0.05463001136312075
0.05362664405961267 0.05382884497990107 0.05405671174010914 0.05463001136312075 0.05488607466640603

cov.inverse():
 2201191.400963944  -2041204.10384029 -692084.0693853205 -137197.4680042342  669387.2718978948
-2041204.103856404  3494129.727092393 -1293740.357250885 -253235.8692829962    93786.748595727
-692084.0693563244 -1293740.357283481  2810785.137295308 -312695.7833849241 -512052.1501728897
-137197.4680313398 -253235.8692568248 -312695.7833772037  2747643.213485679 -2044446.441079952
  669387.271912124   93786.7485860335 -512052.1501842121 -2044446.441073164  1793233.767655431

cov*(cov_.inverse()):
                     1  2.728484105318785e-11 -3.637978807091713e-12  1.455191522836685e-11  -2.91038304567337e-11
-2.182787284255028e-11     0.9999999999909051  1.818989403545856e-11  1.455191522836685e-11  -2.91038304567337e-11
-7.275957614183426e-12 -9.094947017729282e-13      1.000000000007276 -1.455191522836685e-11 -1.455191522836685e-11
-2.182787284255028e-11  5.456968210637569e-12 -3.637978807091713e-12                      1                      0
 7.275957614183426e-12 -1.818989403545856e-12                      0                      0     0.9999999999854481
