5
1

0.0002131944459421168
0.0003644812162569914
0.0004499570455367173
  0.01702257645309705
   0.5167727849073793

-0.02343648278973107 -0.07784987906514626   0.6805976309785141  -0.7153185291442308   0.1360014491590325
 -0.1319144685146279  -0.4977616488388053   0.5508742586666573   0.5021396483068294  -0.4233500191077477
  0.6607454417482344  -0.6741590010657155  -0.1819107224869324 -0.07075998125993554   0.2661327048436227
 -0.5889534346372266  -0.3039542354971271 -0.01618494128640807   0.1753568939230286    0.727828057979077
  0.4456440477655842   0.4464237911225717   0.4471811183007757   0.4476808687748322   0.4491303469808463

0.3979115781045695
0.3979881855781127
 0.398091516581361
0.3980844378811473
   0.3980762314515

8.745758801136766e-05

  3.877669498910649 -0.1044479032768989 -0.8845088328484169  -0.828727012233322  -2.059767491532011

-1.691127204188539e-08 -6.521673706013421e-08  4.664583397605552e-07  -0.001124932894229654   -0.00272733379274676

cov:
0.05313717871117584  0.0531811667568014 0.05322223305895318 0.05324903759553731 0.05332731724852892
 0.0531811667568014  0.0532492321489564 0.05331403531980751 0.05335673793132332 0.05348089633968821
0.05322223305895318 0.05331403531980751 0.05340320898020408  0.0534619408092559 0.05363239492721572
0.05324903759553731 0.05335673793132332  0.0534619408092559 0.05353146181070333 0.05373273258588743
0.05332731724852892 0.05348089633968821 0.05363239492721572 0.05373273258588743 0.05402317843876202

cov.inverse():
 2300656.017471553 -1665130.977057915 -1491591.282204777 -361060.0475833501  1217315.260866854
-1665130.977081432  4243545.016191039  -2624045.51107082 -420832.1045720419  466367.9845361949
-1491591.281973849 -2624045.510956687  12639044.12814908 -8565411.274154164   41826.7644598525
-361060.0478504815 -420832.1047817778 -8565411.273390573  13180483.73459216 -3833151.840185898
 1217315.260926571  466367.9846082797  41826.76404130954  -3833151.83989915  2107716.013488414

cov*(cov_.inverse()):
     1.000000000007276 -2.546585164964199e-11  4.547473508864641e-12                      0                      0
                     0     0.9999999999672582 -1.546140993013978e-11  5.820766091346741e-11 -1.455191522836685e-11
  2.91038304567337e-11 -7.275957614183426e-12      1.000000000028649  8.731149137020111e-11                      0
-1.455191522836685e-11 -3.274180926382542e-11  2.637534635141492e-11      1.000000000116415                      0
                     0 -7.275957614183426e-12  -4.18367562815547e-11   2.91038304567337e-11      1.000000000014552
