5
1

0.0004686866046248408
0.0004930114515718537
0.0008673078546875877
  0.02435297550947106
   0.5191236990228801

  0.3291244254793718  -0.2696038741583494 -0.06148494096257565  -0.6374730928341833   0.6394048182012173
 -0.4412577395249101    0.662742065909123   0.2965006869389387  -0.5273179925756567 0.009361556205654273
  0.0138870597673186  -0.4660654297816356    0.837214822911305  -0.1311372939286963   -0.253898631686209
 -0.7072006425053576  -0.2686244751056334  0.08352714432168341   0.3112399421555642   0.5690879169185541
  0.4434446083484036   0.4457696845345132   0.4476622623570399   0.4488836142770867   0.4502757681373147

0.4004402153515726
0.4005022747316666
0.4005582877723458
0.4005287691605134
0.4005168471177302

0.0002452780705687382

  3.269570354629921  -2.139584847215185   1.031054226321529 -0.5080112322054333  -1.653033313992589

 1.881289839496335e-07 -5.596704617655385e-07  1.799412930041281e-06  -0.001631060564653523  -0.003957024284661001

cov:
 0.0532899232348017 0.05338366497876838 0.05346220422854037 0.05351269004392998 0.05357094496040392
0.05338366497876838 0.05359348780256803 0.05376421321616325 0.05387489789867345 0.05400111311989267
0.05346220422854037 0.05376421321616325 0.05401077044063262 0.05416873345912013 0.05434940043007078
0.05351269004392998 0.05387489789867345 0.05416873345912013 0.05435879407056813 0.05457456177877677
0.05357094496040392 0.05400111311989267 0.05434940043007078 0.05457456177877677 0.05483072170513148

cov.inverse():
 1295293.622977981   -1615385.6900654 -615039.6026258224 -602.7748272024721  935651.5876038321
-1615385.690061568  2426852.224671343  365155.7937723079 -574315.6734840927 -602179.8517846605
-615039.6026288238  365155.7937703351  1310722.684240396 -610737.2135727473 -450055.0436563708
-602.7748339830399 -574315.6734614538 -610737.2135940007  3016983.411787048 -1831297.605134013
 935651.5876097829 -602179.8518014952 -450055.0436400919 -1831297.605139408  1947779.006765735

cov*(cov_.inverse()):
    0.9999999999781721 -3.637978807091713e-12 -3.637978807091713e-12                      0 -1.455191522836685e-11
-7.275957614183426e-12     0.9999999999818101                      0                      0  1.455191522836685e-11
-7.275957614183426e-12                      0      0.999999999992724                      0 -1.455191522836685e-11
-7.275957614183426e-12 -1.455191522836685e-11                      0      1.000000000014552  1.455191522836685e-11
-7.275957614183426e-12                      0 -3.637978807091713e-12                      0     0.9999999999854481
