5
1

0.0002032047089798138
0.0004036881657040233
0.0005717537909828106
  0.02227704988729509
   0.5690556444998079

-0.08104682581996531   0.7139360559466712  -0.6934208871287202 0.007207470387740528  0.05331271619461928
 -0.5394312678523177   0.4972829458953606   0.5585355485351312  -0.3488350109451205  -0.1675582142013634
  0.1974885151620278 -0.05270291376242379 -0.03622121843623099  -0.7437363170188325   0.6354250572194214
 -0.6827411578516229  -0.2025063160244866 -0.07872174120318833   0.3516467844889873   0.6024974105887178
  0.4441937832098416   0.4463390802877162   0.4468740595661282   0.4488463180369709    0.449793136938734

0.4210215316094652
0.4209051485512639
0.4209143665693732
0.4207816873402773
0.4206376764116339

0.001351051737525183

   2.986431301238113  -0.6506368622163541 -0.01166692691465539  -0.9264016025431742   -1.397441252523504

-3.219310571582521e-08 -2.254979321952904e-07  1.391062084560868e-07  -0.001525526559989309  -0.004350748431955306

cov:
0.06412455620080719 0.06427031333043733 0.06430532462032615 0.06444322923681725 0.06449449964924907
0.06427031333043733 0.06453223432137632 0.06459708098212084 0.06483885073480795 0.06495048213779436
0.06430532462032615 0.06459708098212084 0.06466970691837641 0.06493820238075486 0.06506541417350571
0.06444322923681725 0.06483885073480795 0.06493820238075486 0.06530019264718105 0.06548124077876438
0.06449449964924907 0.06495048213779436 0.06506541417350571 0.06548124077876438 0.06569443455971832

cov.inverse():
 2064906.368638739 -3078916.481322845 -509571.4426244972  690750.3888006539  833043.0372232194
-3078916.481648805  13869895.49672022  -10278922.1463027 -820087.6391374815  307780.4266515126
-509571.4422525655 -10278922.14688104  13562971.04184979 -1234264.122584506 -1540064.668237658
 690750.3888366488  -820087.639236949 -1234264.122534854  2440287.214177643 -1077254.746613341
 833043.0371412396  307780.4270034601 -1540064.668493807 -1077254.746627168  1476970.501544154

cov*(cov_.inverse()):
    0.9999999999636202                      0   2.91038304567337e-11  -2.91038304567337e-11                      0
 2.182787284255028e-11      0.999999999829015  2.473825588822365e-10                      0 -1.455191522836685e-11
 7.275957614183426e-12 -1.418811734765768e-10     0.9999999999708962 -1.455191522836685e-11 -1.455191522836685e-11
-7.275957614183426e-12 -1.855369191616774e-10  8.731149137020111e-11     0.9999999999563443                      0
                     0 -2.546585164964199e-11  1.455191522836685e-11                      0                      1
