4
1

0.0004519670385755726
0.0004700528915608816
  0.01667574424382354
   0.4654260682057865

0.08574581828892525  0.3309586805594908 -0.8393427629186541  0.4226319116493254
  0.583583955333184 -0.7575219645077993 -0.1007843714628966  0.2746502336331593
-0.6360319356529688  -0.260128310552091  0.1860635122308514  0.7022656251698306
 0.4975347209523946  0.4989590034260125  0.5007260790304702   0.502764863654686

0.4014973861300388
 0.401493697181265
0.4014914381801165
0.4014782610218232

0.0002376945004977755

  2.744212672716626   1.173817399461166 -0.8140758586143598  -3.103951475437721

-9.703936592332939e-10 -1.285239134181179e-08  -0.001218553595821368  -0.003716986855554558

cov:
0.05373521099510783 0.05382206146199281 0.05393365811215022  0.0540621624062849
0.05382206146199281 0.05394905478836672 0.05410758448807274 0.05429062912832743
0.05393365811215022 0.05410758448807274 0.05432252791343164 0.05457015468361476
 0.0540621624062849 0.05429062912832743 0.05457015468361476 0.05489313693860134

cov.inverse():
 1578840.875222914  -1861287.80816196 -618942.5671217063  901218.7801811164
-1861287.808160919  3133603.209302297 -1014512.485698007 -257553.9205337927
-618942.5671236567  -1014512.48569523  3494875.079116051 -1861361.632340653
 901218.7801820268 -257553.9205355296 -1861361.632339826  1217578.813107987

cov*(cov_.inverse()):
    0.9999999999854481  3.637978807091713e-12                      0                      0
 7.275957614183426e-12      1.000000000027285   2.91038304567337e-11                      0
-7.275957614183426e-12 -1.818989403545856e-12      1.000000000029104 -1.455191522836685e-11
                     0 -1.818989403545856e-12                      0                      1
