6
1

0.0002448512555504906
0.0004546295319096949
 0.000599138909205746
0.0007887507029111116
  0.01595210750265262
   0.5686946666420841

 0.09489419571058733 -0.01004714074749398  -0.6523793354794487   0.7403049638358485 -0.05229594840003943  -0.1204534911224108
  0.6108244355935962  -0.7562284187057781 -0.04535205327816217 -0.09106455964369553  0.09125355237379733   0.1906182416324324
 -0.2333511617188661  -0.3907401256898279   0.6266418068858367   0.5117751040664585  -0.2025252963427008  -0.3118640449976139
 0.05356004367324463  0.07961905229013551  0.03957015501756615  0.06501717958495093  -0.8105375081368921   0.5727373266411776
  -0.628641189294027  -0.3209029484508183  -0.1078444254837981    0.103102578746944   0.3515426663092509   0.5966479235785088
  0.4066662177651016   0.4074578408479191   0.4080051745868631   0.4085152065336329   0.4091065007657846   0.4097312165706696

0.4006104411630794
0.4006846881592268
0.4007938760691518
0.4007887336320084
0.4007734555518901
0.4007884902463662

5.52840646965057e-05

 3.277836039411443 -1.014776134059962  3.389136365444951 -2.000622447499401 -1.166592900710705 -2.485009966764173

-1.804855400028061e-07  4.584179767476629e-07  6.256021645092968e-07 -2.357187699620595e-07  -0.001068643129243581  -0.003376348350366517

cov:
0.05358597115484957 0.05364069845728345 0.05367860108706342 0.05371194859683392 0.05375002260732158  0.0537930439835493
0.05364069845728345 0.05372012367530049 0.05377459611368171 0.05382460453342803 0.05388226492195241   0.053944641404431
0.05367860108706342 0.05377459611368171 0.05384121855811067 0.05390265123170419 0.05397370420876826 0.05404942296184852
0.05371194859683392 0.05382460453342803 0.05390265123170419 0.05397561344488413 0.05406004781972115 0.05414904655735808
0.05375002260732158 0.05388226492195241 0.05397370420876826 0.05406004781972115 0.05416100637957909 0.05426490179546548
 0.0537930439835493   0.053944641404431 0.05404942296184852 0.05414904655735808 0.05426490179546548 0.05438540812345579

cov.inverse():
   2113226.5269103 -1989129.230251898 -1570318.604894984  575313.5964819175  247911.1430413337   623241.317882325
 -1989129.23024919  3204485.956450709 -401642.6854059127 -339760.2038934845 -208836.8917888241 -265232.3523172414
-1570318.604773055 -401642.6854787201  8205405.818526782 -7138285.081680221  143797.6662842675  760671.0176890282
 575313.5962875326 -339760.2037780864 -7138285.081457362  9918073.066716136 -1059271.806120969 -1955898.852808941
 247911.1430718981 -208836.8917983146  143797.6661733485 -1059271.806020861  1256661.695141732  -380184.878856943
 623241.3179215029 -265232.3523476251  760671.0176261897 -1955898.852765148  -380184.878846686  1217417.362148583

cov*(cov_.inverse()):
     1.000000000007276 -2.182787284255028e-11  7.275957614183426e-12  8.731149137020111e-11                      0 -1.455191522836685e-11
 1.455191522836685e-11     0.9999999999745341  2.182787284255028e-11  1.455191522836685e-11 -3.637978807091713e-12 -1.455191522836685e-11
 1.455191522836685e-11 -7.275957614183426e-12     0.9999999999636202  -2.91038304567337e-11                      0                      0
                     0  3.637978807091713e-12  9.458744898438454e-11     0.9999999999854481 -3.637978807091713e-12                      0
 2.182787284255028e-11 -1.637090463191271e-11  -2.91038304567337e-11 -5.820766091346741e-11     0.9999999999818101 -1.455191522836685e-11
 7.275957614183426e-12 -3.637978807091713e-12 -7.275957614183426e-12                      0                      0     0.9999999999854481
