5
1

0.0002862452752404299
0.0005120936572025075
0.0006038759711224388
  0.01293105922134768
    0.517671489952816

   0.239086904082092  -0.1661715899876506  -0.6551615223432768   0.6889218968154228  -0.1066510886324915
  0.5466769782015757  -0.6293907520375845  -0.0482831907983413  -0.3179433713134989   0.4489903215862176
-0.01555974521121904    0.541270108928347  -0.6056847727357598  -0.3703336119789808   0.4503149291599044
 -0.6670221356313014  -0.2894374828094001  0.03873463675933075   0.2943373351854806   0.6190093498113329
  0.4458935957239735   0.4466619489683371   0.4473004550839672   0.4477914488694013    0.448416241718864

0.3991572757890081
0.3992310371023863
0.3993347114169298
0.3993271163067086
0.3993186552845079

0.0001017429682224115

 4.578679819771379 -2.912240562605414  6.921088880462052 -6.508556401057598 -2.078894948572593

-5.914139835379763e-07  1.347329023525434e-06 -1.591902924735959e-06 -0.0008604159179030741  -0.002696718492321223

cov:
0.05335530687859229 0.05340482579431326 0.05344460011387058 0.05347474793305837 0.05351328347517053
0.05340482579431326 0.05347883164198609 0.05353906128927562 0.05358553446769351 0.05364465393339431
0.05344460011387058 0.05353906128927562 0.05361799631015808  0.0536783861675898 0.05375523423447828
0.05347474793305837 0.05358553446769351  0.0536783861675898 0.05374995235741061 0.05384068766896525
0.05351328347517053 0.05364465393339431 0.05375523423447828 0.05384068766896525 0.05394960545686737

cov.inverse():
 1840598.277497602 -1818877.593639639 -1986697.655270001  1362074.909133038  603098.9372876583
-1818877.593654271  2651482.296652345  545509.5059371692 -1184281.476771848 -193981.0312926132
-1986697.655231547  545509.5058760596  6253557.948533967 -4834899.977174387  22315.51821325641
 1362074.909105201  -1184281.47672067 -4834899.977192795  6554550.736641102 -1897308.944666841
 603098.9372916732 -193981.0312973109  22315.51820900546 -1897308.944661906  1465925.146656353

cov*(cov_.inverse()):
    0.9999999999854481   -1.2732925824821e-11  -6.59383658785373e-11  1.455191522836685e-11                      0
-1.455191522836685e-11      1.000000000005457  1.045918907038867e-11 -4.365574568510056e-11                      0
-1.455191522836685e-11 -3.092281986027956e-11     0.9999999999404281                      0                      0
-3.274180926382542e-11  9.094947017729282e-12  -5.32054400537163e-11     0.9999999999417923                      0
-3.637978807091713e-12 -3.637978807091713e-12 -1.386979420203716e-11 -1.455191522836685e-11                      1
