6
1

0.0001671654612733194
0.0002566562987761898
0.0006111763404442044
0.0008021947569289786
  0.01596523136435348
   0.5677301744069725

-0.01795402132624148   0.4941795772518693  -0.8077207641601722   0.3209128763480575 0.003038817722202138 0.007553613092806935
  0.1416478855526021  -0.5736976129065393 -0.04873746469825768   0.7743047464757513 -0.09284008966880955  -0.2006600666151889
 -0.6287938928359712   0.4167242264154715   0.3977942834337271   0.3345015425904386  -0.1473348470381312  -0.3729879734936863
-0.02674976366995646 -0.07434463576070979 -0.08543362681103361  -0.0970975880181022    0.826246117973336   -0.542538322722166
  -0.646687540315111  -0.2852658203150331  -0.1149988302738187  0.09629558859641335   0.3458665441079359   0.5985794845135775
  0.4065851021787103   0.4075472983403622   0.4079802681408839   0.4085033921544514   0.4090936474527743   0.4097721578164918

0.4000137232979371
0.4002008479095759
0.4002031729564773
 0.400204610536306
0.4001907997572963
0.4002150682839445

-4.290793894190354e-05

 1.579343598725498  4.216797388047749 0.9726289929818898 -3.652037669791071 -1.004881380877692 -2.111998027134785

 2.204641624583486e-09 -2.999543470444575e-07  3.232054419573814e-07  1.488620941206018e-07  -0.001095901197297654  -0.003514213966355357

cov:
0.05338952530992691 0.05345579463755285  0.0534844796400635 0.05351822861395028 0.05355453302909801  0.0536018715320954
0.05345579463755285 0.05355610817783871 0.05360056241994154 0.05365389156349683 0.05371318993756385 0.05378397830337239
 0.0534844796400635 0.05360056241994154 0.05365253225195381 0.05371509232206552 0.05378528262393487 0.05386714066731232
0.05351822861395028 0.05365389156349683 0.05371509232206552  0.0537892019854314 0.05387288026264674 0.05396847286174727
0.05355453302909801 0.05371318993756385 0.05378528262393487 0.05387288026264674 0.05397323445866836 0.05408426533929445
 0.0536018715320954 0.05378397830337239 0.05386714066731232 0.05396847286174727 0.05408426533929445 0.05421294823056373

cov.inverse():
 1377361.222028547 -2248828.901081416 -251631.3690098497  899538.7854985467  11204.32968408168  212565.0015601001
-2248828.901071025  14209568.55615772 -13405850.74202226 -684133.4020427641  602093.2621077729  1527071.013676358
-251631.3691987192 -13405850.74161255  23817990.79325168 -9479701.095089447 -285897.2223989261 -395323.0897444772
 899538.7857596005 -684133.4026428688   -9479701.0948079  13101251.09397702 -1312876.739931386 -2523856.359334379
 11204.32966233272  602093.2621938103 -285897.2224548906 -1312876.739949306  1250624.768910448 -265033.4964443679
 212565.0014992747  1527071.013791105 -395323.0897491952 -2523856.359373998 -265033.4964539619  1444542.424796836

cov*(cov_.inverse()):
     1.000000000014552  -1.01863406598568e-10  7.639755494892597e-11                      0  5.456968210637569e-12  4.365574568510056e-11
 1.091393642127514e-11     0.9999999998835847  3.637978807091713e-11  5.820766091346741e-11 -3.637978807091713e-12  1.455191522836685e-11
 1.091393642127514e-11  -1.01863406598568e-10     0.9999999999345164                      0  5.456968210637569e-12  1.455191522836685e-11
 1.091393642127514e-11 -1.746229827404022e-10  1.418811734765768e-10     0.9999999999417923 -3.637978807091713e-12  1.455191522836685e-11
 9.094947017729282e-12 -7.275957614183426e-11  2.182787284255028e-10                      0      0.999999999996362  4.365574568510056e-11
 1.091393642127514e-11 -7.275957614183426e-11  -2.91038304567337e-11                      0 -1.818989403545856e-12      1.000000000014552
