4
1

0.0001758478569731351
0.0006630903262678604
  0.01490536317416975
   0.4652459585400179

-0.07276771968652936   0.6519291046767077   -0.737901730645811   0.1587272420127244
  0.4904149903770417  -0.5608460719200811  -0.4351074733692621   0.5055950033806883
  -0.711188718134417  -0.1031897288776988   0.1260695284304614   0.6838632619565057
  0.4984060627474681   0.4997919626618543   0.5002889130586994   0.5015081197206317

0.3866581119349276
0.3870249818775976
0.3870897062554604
0.3873437212413156

-0.00111555509819131

-0.4042309448177844   11.53065355274035  -6.615425097848518  -4.511723054559212

  3.62163456217924e-07 -2.667963985669101e-06  -0.001071250967499907  -0.002344792339740622

cov:
0.05388146370253136 0.05393468219377241 0.05395210034248106 0.05399569745718569
0.05393468219377241 0.05407094651673049 0.05411939259865325 0.05423828697406468
0.05395210034248106 0.05411939259865325 0.05417963602278954 0.05432708595967357
0.05399569745718569 0.05423828697406468 0.05432708595967357 0.05454439615837223

cov.inverse():
 720510.4114094801 -2159358.473742783  1250745.851297224  188214.8439700959
-2159358.473677977  14459862.75683755  -15002015.1597511  2701169.296286928
 1250745.851205772 -15002015.15958882  18039168.32661542  -4287640.08688452
 188214.8439967447  2701169.296189445 -4287640.086813682   1398244.54401092

cov*(cov_.inverse()):
     1.000000000027285  -2.91038304567337e-11 -1.164153218269348e-10 -1.455191522836685e-11
 1.818989403545856e-11     0.9999999998835847                      0  -2.91038304567337e-11
                     0  -2.91038304567337e-11     0.9999999998835847                      0
 1.818989403545856e-12 -5.820766091346741e-11 -5.820766091346741e-11                      1
