5
1

0.0005053870647835923
0.0007326096048463971
0.0007694714191389661
  0.01659886443844655
   0.5186211943209181

  -0.5739894167089218    0.6690399320733756   0.04898257802676297    0.2521753013685985    -0.396143967803264
  -0.2064583551113871    0.0804432929859281    0.7016300633917041   -0.6705293056844168   0.09491853655428691
0.0003762228606270682   -0.5016812551925961    0.5509828212216893    0.4460595726767009   -0.4957464724905336
  -0.6556694845161963     -0.30853487085048   0.04010926279613872     0.294828198434654    0.6215877580754547
   0.4449814407831822    0.4461351785753867    0.4473534832225446    0.4482245627241838    0.4493601253064204

0.3988015164995611
0.3988156033702916
0.3988813032781876
  0.39889374331174
0.3988758808922608

0.0001122574360288422

 4.773870289306172 -2.854926440589945 0.3960259698623954  1.137049548754244 -3.452357576320768

-7.602321854158116e-07 -1.088203651081938e-06  2.291935469399418e-06  -0.001114229083620489  -0.003747836220820829

cov:
0.05337648905843204 0.05345165047298658 0.05353450336662507 0.05359286602543948 0.05366975706967627
0.05345165047298658 0.05356095909301792 0.05367712140938333 0.05376000095615577 0.05386868875327233
0.05353450336662507 0.05367712140938333 0.05382813483054656 0.05393521286739732 0.05407543192404556
0.05359286602543948 0.05376000095615577 0.05393521286739732 0.05406139896238064 0.05422427744178854
0.05366975706967627 0.05386868875327233 0.05407543192404556 0.05422427744178854 0.05441786777430756

cov.inverse():
   1370889.7774967 -1534042.560455864  -379717.151349701 -309192.0579201601  851937.5472015719
-1534042.560449461  2189974.354906878 -233431.9358342904   181771.203684381 -604081.6393064369
-379717.1513647971 -233431.9358181083   1439348.11181715 -413059.9162491764 -413127.0976186811
-309192.0579115119  181771.2036805705 -413059.9162620993  1423042.890469275 -882515.1525700488
 851937.5472016163 -604081.6393124046 -413127.0976046739 -882515.1525781333    1047681.2059556

cov*(cov_.inverse()):
     1.000000000014552  7.275957614183426e-12                      0 -7.275957614183426e-12  7.275957614183426e-12
                     0     0.9999999999890861  1.091393642127514e-11                      0  7.275957614183426e-12
-1.455191522836685e-11  3.637978807091713e-12      1.000000000003638  7.275957614183426e-12                      0
                     0  7.275957614183426e-12  3.637978807091713e-12      1.000000000007276  1.455191522836685e-11
 7.275957614183426e-12                      0                      0                      0      1.000000000007276
