6
1

0.0003613023743770079
0.0004310114714263301
0.0004633450467202477
0.0004863733479203884
  0.02895865238200999
   0.5804942224552277

  0.285222166636351 -0.4229006359925979 -0.3706118522763548  0.7541904668363985 -0.1642377324260127 -0.0816880019909199
 0.1480141601958091  0.2034659986486574 -0.1938893577017522 -0.1166465389506546 -0.6855829689485728  0.6445695388272161
-0.6515782219504993  0.4948942167607985 0.07318065577732172  0.4889414103204794 -0.2468494922082115 -0.1586560808381178
 0.0926833400666835  0.4807113552122749 -0.7915238190840337 -0.0832440502522846   0.352506035818066 -0.0512480055818239
 -0.547349979988743 -0.3726467749728242 -0.1654063431762312 0.06769007695141029  0.3863294535435663  0.6167258134315319
  0.404973755447223  0.4060632066070597   0.407221253131495  0.4086748139262523  0.4105561303504454  0.4119567221577908

0.4004541538764653
0.4004890243870003
0.4004230266441092
0.4003741392855815
0.4003119964873025
0.4002440380558339

0.0008192336481273944

   2.279156992608385   0.7782104199154352  -0.6221573027866885  -0.9664221741582205 -0.04982667978417751   -1.418961783184686

-6.948812606486135e-09 -2.812810321796778e-08 -2.963871716564707e-07  2.870384709211655e-07   -0.00200792083557282  -0.004823502472487792

cov:
0.05551626887850066 0.05558457414799455 0.05564750424160566 0.05573887292679968  0.0558494116996933 0.05593480838812568
0.05558457414799455 0.05567925840038814 0.05577274624366027 0.05589886291680544 0.05605671309515921 0.05617636929815135
0.05564750424160566 0.05577274624366027 0.05590315359760135 0.05607009909020863 0.05628403177187616 0.05644429160681919
0.05573887292679968 0.05589886291680544 0.05607009909020863 0.05628364323636985 0.05656064791134729 0.05676660204339919
 0.0558494116996933 0.05605671309515921 0.05628403177187616 0.05656064791134729 0.05692432094537764 0.05719252165186398
0.05593480838812568 0.05617636929815135 0.05644429160681919 0.05676660204339919 0.05719252165186398 0.05750626835140394

cov.inverse():
 2755333.004920708 -2075318.613981505 -1496362.861921536  38338.43677370121 -18048.38567900797  796119.6951298859
-2075318.613990363  3710727.660688596 -451395.6214626065 -1613158.439565028 -71689.84675819335  500461.8589201749
-1496362.861895081   -451395.62144107   3927967.17608157 -1574277.458377181 -81872.06461427243  -323546.220952645
 38338.43675145962 -1613158.439621426 -1574277.458271547  5573408.933272292 -1204600.645881871 -1219926.685875842
-18048.38567784132 -71689.84674160981 -81872.06463989853 -1204600.645877745  3546052.411911588 -2169651.734444562
  796119.695133368  500461.8589295992  -323546.220984664 -1219926.685852989 -2169651.734448308   2416386.15960311

cov*(cov_.inverse()):
     1.000000000007276  7.275957614183426e-12  1.091393642127514e-11   2.91038304567337e-11                      0   2.91038304567337e-11
 -2.91038304567337e-11      1.000000000032742  1.455191522836685e-11                      0 -1.455191522836685e-11                      0
 7.275957614183426e-12  1.455191522836685e-11      1.000000000032742 -4.365574568510056e-11 -1.455191522836685e-11   2.91038304567337e-11
 1.455191522836685e-11  2.182787284255028e-11  5.093170329928398e-11                      1 -1.455191522836685e-11                      0
 7.275957614183426e-12 -3.637978807091713e-12  2.182787284255028e-11 -1.455191522836685e-11     0.9999999999854481   2.91038304567337e-11
 7.275957614183426e-12  1.818989403545856e-11                      0 -1.455191522836685e-11                      0                      1
