6
1

0.0003766487482120984
  0.00039489426881362
0.0003997201444272589
0.0004396668595103785
  0.02736183359840831
   0.5682533264274653

 -0.6201540883332944   0.3027536072075372     0.66251873903125 -0.03839920571212999  -0.2880915775591654 -0.01862322257066082
0.002544605557906711  -0.2330355965865968   -0.079466430257677   0.8009426281596785  -0.5432575961904373  0.05229830538593035
 -0.2456257331677874  -0.1502042765088595  0.09012035082310724   0.3941691386444829   0.5680383853344703  -0.6564663584820102
  0.2989267904222409  -0.7268282083715141   0.5946603141944062  -0.1673804350406121 -0.01871246963737176  0.01939777438803162
  -0.548859426175636   -0.371478562107589  -0.1643632392151706  0.08148360072239967   0.3615637115363374   0.6295822734962503
  0.4055447388117021    0.406445288784034   0.4074262701139572   0.4086457026771956   0.4100345666984747    0.411363428447761

0.3998316832232787
0.3999202364665456
0.3999545119580604
0.3999873182350787
0.4000149331406385
0.4000407615166811

-0.0001366233528238964

  1.378251900890399  0.8723911526589124  0.3444355146597531 -0.2356187627457348 -0.8769258734298486  -1.482547312312152

-1.037335156980444e-08 -2.653707249875812e-09 -8.993663381274366e-09  1.900081936129182e-09  -0.001801900933804323  -0.003831705015302024

cov:
0.05333380778465311 0.05337870680064836 0.05342210004549804 0.05348077508313685 0.05354758825523886 0.05361150366981333
0.05337870680064836 0.05344775815995006  0.0535187246229181 0.05361043428539672 0.05371483575915154 0.05381471757098598
0.05342210004549804  0.0535187246229181 0.05362248618958888  0.0537525057130009 0.05390077636393854 0.05404262908244693
0.05348077508313685 0.05361043428539672  0.0537525057130009 0.05392857311755366 0.05412876851064429 0.05432046536208034
0.05354758825523886 0.05371483575915154 0.05390077636393854 0.05412876851064429  0.0543886158111459  0.0546369414840924
0.05361150366981333 0.05381471757098598 0.05404262908244693 0.05432046536208034  0.0546369414840924 0.05493992275975884

cov.inverse():
 3551282.311346441 -2220050.050477929 -2116319.939327428 -683924.1542012157  348063.2356105029   1120992.52950463
-2220050.050553807  3868594.548939617 -787904.8579071539 -1020109.196995905 -266814.6599087134  425994.2580653955
-2116319.939214318 -787904.8580503413  5014707.958860016 -880074.7767267526 -805819.8357325057 -424362.2264646619
-683924.1542567464 -1020109.196915998 -880074.7767305145  5241533.602167412  -1294688.47592107 -1362580.740347251
 348063.2356725101  -266814.659981624 -805819.8357623762 -1294688.475877927  4499088.600970557 -2479824.663835253
 1120992.529460932  425994.2581257056 -424362.2264611186 -1362580.740369776 -2479824.663832887  2719658.893927277

cov*(cov_.inverse()):
      1.00000000003638 -2.546585164964199e-11 -1.818989403545856e-11  -2.91038304567337e-11                      0   2.91038304567337e-11
 2.182787284255028e-11     0.9999999999527063 -7.275957614183426e-12 -5.820766091346741e-11                      0                      0
                     0 -3.637978807091713e-11      1.000000000014552  1.455191522836685e-11  -2.91038304567337e-11   2.91038304567337e-11
-7.275957614183426e-12 -2.182787284255028e-11 -1.455191522836685e-11     0.9999999999563443                      0                      0
-7.275957614183426e-12 -1.455191522836685e-11 -4.001776687800884e-11 -5.820766091346741e-11                      1  -2.91038304567337e-11
 7.275957614183426e-12 -2.182787284255028e-11 -7.275957614183426e-12 -1.455191522836685e-11                      0                      1
