5
1

0.0001374897832142892
 0.000218841044973953
0.0003585184604181922
  0.01001191673009135
   0.5105174502210255

-0.04978964160597031    -0.02541869057079   0.5543502995774093  -0.7756608756564048   0.2965144736649307
 -0.1239171734197322  -0.4328900779013927   0.6856262878951223    0.334883122685433  -0.4637031400301246
  0.5530508536890667   -0.747745399902597  -0.1502346090387704 0.009764185890705235   0.3351802396907652
 -0.6907026762384605  -0.2304086717269474 0.005747691031090126   0.2928883655317869   0.6196975281651377
  0.4463519821746461   0.4469325805328149   0.4472235067618535   0.4475763243586531   0.4479818582713715

 0.379295924571709
0.3792471906293712
0.3793035414470483
0.3792357229093672
0.3791586583824841

0.001549850461567955

 3.641506625627067  2.593008123616435  2.203685861954133 -5.445577076070707 -2.992371986278449

 8.149335983365912e-08 -2.389241316553163e-08 -1.686638821307191e-07   -0.00065649140543162  -0.002086615228645888

cov:
0.05197281464552539 0.05200839762249783 0.05202592661963899 0.05204710507197632 0.05207168181974177
0.05200839762249783 0.05206552811328057 0.05209388100531797 0.05212833910414645 0.05216801382251825
0.05202592661963899 0.05209388100531797 0.05212795839858292 0.05216921935346467 0.05221665499724126
0.05204710507197632 0.05212833910414645 0.05216921935346467 0.05221882001138516 0.05227569249499358
0.05207168181974177 0.05216801382251825 0.05221665499724126 0.05227569249499358 0.05234337961834358

cov.inverse():
 2836148.797155826  -2028706.15460603 -3880585.942358523  1216505.609542844  1856740.581930212
-2028706.154648495  8297552.343042165 -6068817.967411357 -2041481.475344451  1841389.468032133
-3880585.942406169 -6068817.968849841  26247734.64960254 -17963656.17306819  1665167.177198702
 1216505.609743265 -2041481.472811902 -17963656.17700355  34170814.60396529 -15382010.57474179
 1856740.581819892  1841389.466895622  1665167.179647916 -15382010.57594418  10018679.77486566

cov*(cov_.inverse()):
     1.000000000029104 -1.455191522836685e-11  4.365574568510056e-11  1.164153218269348e-10 -1.164153218269348e-10
  2.91038304567337e-11      1.000000000058208  1.309672370553017e-10  1.164153218269348e-10                      0
  2.91038304567337e-11   2.91038304567337e-11     0.9999999998835847  3.492459654808044e-10 -5.820766091346741e-11
 4.365574568510056e-11  4.365574568510056e-11 -1.600710675120354e-10      1.000000000232831                      0
                     0   2.91038304567337e-11  4.365574568510056e-11                      0                      1
