5
1

0.0001374374943301565
0.0002492382128185132
0.0004510911637892807
 0.009891724233297447
   0.5167212205000107

 -0.1710620060210731   0.6286607592208922  -0.7155057533183753   0.2520731988489855  0.00583603480125605
 -0.5354018605275426   0.5405597385471909   0.4339254095351967  -0.4807434508175776  0.04164721192537962
   0.388495131868941  0.00863989616135139  -0.3112797590719617  -0.6546387610156426   0.5688144590958119
 -0.5778762918385364  -0.3360912743125598 -0.05413962086004899   0.2764298805250348   0.6883001302251419
  0.4463330165748094   0.4467088832818131   0.4471398762951562   0.4476376331887952   0.4482460175977389

0.4000141858111425
0.4000248165125563
0.4000357421427649
0.4000472868488035
0.4000581732305331

-0.0002648666683971742

 1.335822250479784  7.202936187950638  2.329971732128715 -9.748475532196872 -1.120465841893802

 3.18692959362409e-09 5.484734128729634e-07 1.139569781622586e-06 -0.000663878158358725 -0.002768381526721445

cov:
0.05322280140042513 0.05325385426839679 0.05328925646400423 0.05332988354936827 0.05337917725589301
0.05325385426839679  0.0532907783027067 0.05333289138795401 0.05338136897717106 0.05344040429168873
0.05328925646400423 0.05333289138795401 0.05338288818504391 0.05344054661635352 0.05351093772325555
0.05332988354936827 0.05338136897717106 0.05344054661635352  0.0535090571060329 0.05359273133788394
0.05337917725589301 0.05344040429168873 0.05351093772325555 0.05359273133788394 0.05369342542110947

cov.inverse():
 6908861.475565148 -10333775.53922613  2145788.345969466  609173.9824497539  670125.9404683406
-10333775.53985574   25628340.3505625 -20050321.04319389  4177302.653326634  578431.8698014299
 2145788.347424399 -20050321.04552309  30610219.84657176 -11905229.89846435 -800674.0826020271
 609173.9813926322  4177302.655590481 -11905229.89978511  9191227.231641311  -2072449.35046632
 670125.9407001307  578431.8692371872 -800674.0821555411 -2072449.350580352  1624624.191883705

cov*(cov_.inverse()):
     1.000000000014552 -2.110027708113194e-10  4.365574568510056e-11 -1.455191522836685e-11 -1.455191522836685e-11
 1.455191522836685e-11     0.9999999999672582  2.546585164964199e-10 -8.731149137020111e-11                      0
 1.455191522836685e-11 -1.891748979687691e-10     0.9999999999272404  8.731149137020111e-11 -1.455191522836685e-11
 6.548361852765083e-11 -6.548361852765083e-11 -1.455191522836685e-11      1.000000000058208                      0
 5.093170329928398e-11 -1.818989403545856e-11  2.182787284255028e-11 -1.455191522836685e-11                      1
