6
1

0.0001180766570862151
0.0001878411450930341
0.0002146009019843398
0.0004057163767778053
  0.01048363393160941
   0.6272409238921963

  0.01052951518760343 -0.002362121812201773    0.1396855782718325   -0.6066768279188223    0.7329270676448748   -0.2741033179171013
   0.2331594861257457    0.4197628212212645   -0.8428113140404578   -0.1122109091905502    0.1300831363962267    0.1720232727257884
 -0.02164478553777166   -0.2601874078318101   -0.2660139105137123    0.6588388587124059    0.4032111004747348   -0.5142205579150618
   0.6848493607707985   -0.6815331937498673  -0.09299840769762463    -0.113351079581222 -0.008875226035760336    0.2119384772881674
  -0.5566655715698589   -0.3539118364642259    -0.155614544853358   0.07546826430251913    0.3409756300401297    0.6470657831096509
   0.4076298334017612    0.4078664302615473    0.4080796946152211    0.4083373242999676    0.4086244604454197    0.4089505309185155

0.4015406361171857
0.4017269925087871
0.4017259235810887
0.4017251625961763
0.4017232844648403
0.4017203981909553

3.185149972872028e-05

-1.015939884605461  4.811421074237359 -1.759047522116876  6.612338336829277  1.316170738577019 -9.965229367348975

-8.130597918714062e-09  3.458949748473072e-08  4.259739252725693e-07 -1.100312736691598e-06 -0.0006994346885068776  -0.002731821747364169

cov:
0.06540747968350145 0.06543286675551764 0.06545499279087837 0.06548217472633514 0.06551199414098546 0.06554558649828678
0.06543286675551764 0.06546310517985153 0.06548952927316341 0.06552188399425446 0.06555762735960026 0.06559803184433398
0.06545499279087837 0.06548952927316341 0.06552040653107945 0.06555778288271505 0.06559933890361976 0.06564645950530423
0.06548217472633514 0.06552188399425446 0.06555778288271505 0.06560112033885039 0.06564942976113751 0.06570432908885149
0.06551199414098546 0.06555762735960026 0.06559933890361976 0.06564942976113751 0.06570555129005866 0.06576941562048355
0.06554558649828678 0.06559803184433398 0.06564645950530423 0.06570432908885149 0.06576941562048355 0.06584368004792462

cov.inverse():
 4411013.506359241  60549.95820736451 -5724933.614533981  -1981306.68541584  1184964.158060899  2049904.006938863
 60549.95848545506  9287077.718106493 -8161804.218251156 -4485289.036024922 -818990.2318613098   4118514.68966705
-5724933.614129419 -8161804.217387223  23120460.55953192 -7139621.230185413  1911485.155995648 -4005656.915155403
-1981306.687810018 -4485289.038205488 -7139621.223188027   36259217.6484822   -26531643.847792  3878368.277866556
 1184964.160561034 -818990.2289634944  1911485.147351087 -26531643.84599536  42540841.50689512 -18286792.02915885
 2049904.006150231  4118514.688363974 -4005656.912239731  3878368.278492594 -18286792.03060886  12245907.50997311

cov*(cov_.inverse()):
    0.9999999999417923  5.820766091346741e-11  1.746229827404022e-10   2.91038304567337e-11                      0 -2.328306436538696e-10
 -2.91038304567337e-11      1.000000000058208                      0   2.91038304567337e-11 -2.328306436538696e-10 -3.492459654808044e-10
                     0                      0     0.9999999998835847 -1.164153218269348e-10                      0 -3.492459654808044e-10
-5.820766091346741e-11  1.746229827404022e-10  5.820766091346741e-11     0.9999999996216502                      0 -3.492459654808044e-10
-8.731149137020111e-11  5.820766091346741e-11 -1.164153218269348e-10 -5.820766091346741e-11      1.000000000232831 -3.492459654808044e-10
                     0                      0  5.820766091346741e-11 -1.164153218269348e-10                      0     0.9999999998835847
