5
1

0.001590753469441198
0.001676046252042484
0.001736204823251826
  0.1049038057641431
  0.5684196581466141

-0.3693807365316997  0.2028702592750088  0.7015462348918635 -0.5734094801709021 0.03789429693471004
 0.2952053206277692 0.01470201682817713 -0.3687066550457633 -0.5929780322866077  0.6519740218173631
-0.4809408158055605  0.7688427286357337 -0.4113770570738677 0.08127878366183798  0.0417069125677894
-0.6241755477691663 -0.4463140157003726 0.01174738730101075   0.296132119781873  0.5686619835029978
 0.3943507416142366   0.410258658185591  0.4500213313153705   0.474634752452436  0.4983753395761232

0.3997076183263256
0.4000488092826295
0.3999609966546429
0.4000262008165474
0.4000764637329697

-0.0005394388466351457

  1.630385338238012  0.8637411145765075 -0.3591626357482043 -0.7197613213080728  -1.413361875035172

-8.092911182487991e-07  3.701036971244755e-07 -2.704972142529705e-07   -0.02667824473620286   -0.06796051199767167

cov:
0.05453493924272061 0.05533754953377521 0.05725844798007634  0.0584414410903748 0.05959487913750698
0.05533754953377521 0.05657581648342549 0.05959424580694257 0.06146057036860072   0.063269218362208
0.05725844798007634 0.05959424580694257 0.06543779304113533 0.06905076370708434 0.07253777658230737
 0.0584414410903748 0.06146057036860072 0.06905076370708434   0.073754472117823 0.07828037883079653
0.05959487913750698   0.063269218362208 0.07253777658230737 0.07828037883079653 0.08381104938103807

cov.inverse():
 161710.3189515722 -150709.3420145081 -75518.39353477476  8402.746669301789  56297.12975040678
 -150709.342014767  212457.6771550296  -50610.7286612328 -28354.52131976718  17065.36623691699
-75518.39353428564 -50610.72866182001  299029.4979086753 -92231.14978405389 -80758.26322662775
 8402.746669266206  -28354.5213196996  -92231.1497841013  257306.0009860809 -145071.0981033979
 56297.12975021212  17065.36623717798 -80758.26322667896 -145071.0981034133  152491.9737945064

cov*(cov_.inverse()):
    0.9999999999972715  2.955857780762017e-12 -2.728484105318785e-12  3.637978807091713e-12                      0
-1.818989403545856e-12      1.000000000001592 -9.094947017729282e-13  3.637978807091713e-12                      0
-1.364242052659392e-12  2.955857780762017e-12      0.999999999998181  3.637978807091713e-12 -1.818989403545856e-12
-4.547473508864641e-12  2.046363078989089e-12                      0                      1                      0
-1.818989403545856e-12  6.821210263296962e-13 -9.094947017729282e-13                      0                      1
