4
1

 0.000407586711687261
0.0007062710381930379
  0.02421984098789236
   0.4376093330823352

 -0.3827568325307851   0.8598462610782377  -0.2246489037569598  -0.2523776624457336
 -0.2871173543848798 -0.05422212628600218    0.825033197466453  -0.4836773810199659
 -0.7239553489977578 -0.09016491139454319   0.1351778107776265   0.6704370968883785
  0.4969401217647481    0.499594492647802   0.5005797165212004   0.5028675826735872

0.3908332121461649
0.3904378474386107
0.3901960149551274
0.3897416148555209

0.002947703295207688

 3.327031194178395 -0.965990304126069 -1.148971568139559 -1.212359899087532

-2.558287090869738e-07 -6.307159282424759e-07   -0.00192971104985729   -0.00269567743080145

cov:
0.04759881206300017 0.04758214937386356  0.0475801543228245 0.04757075826910515
0.04758214937386356 0.04780275133450152 0.04788491371106498 0.04807552257990035
 0.0475801543228245 0.04788491371106498 0.04799763018834143 0.04825885561362294
0.04757075826910515 0.04807552257990035 0.04825885561362294 0.04869000045810885

cov.inverse():
 1048030.580819287 -1949765.279713885  42541.48769694381  859054.6602117559
-1949765.279716181  4456335.135516397 -1252448.047539849 -1253791.693655505
 42541.48770023572  -1252448.04754588  1668402.333665269 -458550.4940145758
   859054.66021076 -1253791.693651771 -458550.4940173143  853171.7188191498

cov*(cov_.inverse()):
     1.000000000007276 -7.275957614183426e-12  3.637978807091713e-12                      0
 7.275957614183426e-12     0.9999999999854481 -3.637978807091713e-12 -1.455191522836685e-11
 7.275957614183426e-12 -1.455191522836685e-11      1.000000000007276  7.275957614183426e-12
                     0 -7.275957614183426e-12 -3.637978807091713e-12                      1
