5
1

0.0001843793396874572
  0.00019880880792599
0.0004056094779875738
 0.009721950373235711
    0.572513905963544

  0.1993518900690811   0.3010265812228693  -0.8814451694639447    0.290758441072129  0.09030926584320775
 -0.1185703772207746  -0.3861192224154716  0.07283423155118274   0.8234990096769711  -0.3916600151948005
   0.685136668887823  -0.6824474855517193 -0.09474660763597528  -0.1146363247112162   0.2067238926868697
 -0.5265914775923689  -0.3079744818418928 -0.09412894457201976   0.1549602203505431   0.7713496004821498
  0.4466419709834618   0.4468915880578825   0.4471156562660923   0.4473865813499205   0.4480309085642247

0.4015950612064345
0.4017817536825197
0.4017810051660386
0.4017806227412375
0.4017768105902192

2.032954577291677e-05

-1.051180551046454   4.83089175306426 -1.816628573823792   7.43811238940095 -9.401480138926262

  1.41408128841633e-07  3.136101789279383e-07 -1.092587670178319e-06  -0.000648615191282844  -0.002393247461024136

cov:
0.06541324776818203 0.06543875780971638 0.06546097334967914 0.06548824056331347  0.0655519299542961
0.06543875780971638 0.06546911640815128 0.06549562777460582 0.06552806464124178 0.06560448297867884
0.06546097334967914 0.06549562777460582 0.06552659050376593 0.06556404640422396 0.06565298754582262
0.06548824056331347 0.06552806464124178 0.06556404640422396 0.06560745971678178 0.06571092463215611
 0.0655519299542961 0.06560448297867884 0.06565298754582262 0.06571092463215611 0.06585051248354394

cov.inverse():
 4380876.364370606  83217.72276466101 -5781356.939508064 -1243653.120495824  2561112.875268496
 83217.72202577304   9269428.67800699 -8123237.607991033 -4995123.117354494   3765768.99155353
-5781356.939390693 -8123237.611266761  23043077.28821819 -5955454.841084583 -3183096.157811127
-1243653.119365409 -4995123.114311037 -5955454.846574987  19724464.88069012 -7530588.177872706
 2561112.874759583   3765768.99104689 -3183096.155479006 -7530588.179189269  4386988.865993488

cov*(cov_.inverse()):
     1.000000000087311  1.746229827404022e-10 -1.455191522836685e-10 -1.164153218269348e-10                      0
 5.820766091346741e-11      1.000000000116415  1.455191522836685e-10 -1.164153218269348e-10 -5.820766091346741e-11
                     0  1.164153218269348e-10     0.9999999999417923 -1.164153218269348e-10 -5.820766091346741e-11
 5.820766091346741e-11  1.746229827404022e-10 -3.783497959375381e-10      1.000000000116415 -5.820766091346741e-11
                     0  -2.91038304567337e-11 -1.164153218269348e-10                      0                      1
