4
1

0.0004311169949151769
0.0004787168212042218
  0.02101279690605146
   0.4636299756384054

-0.6460358811083606   0.389916423123874   0.574046051121752 -0.3179213023538239
 0.2055574603809723 -0.7213116654740517  0.6480530135810986 -0.1322229303911837
-0.5408946250575983 -0.2806730432873481 0.02088175377915523  0.7926030530566516
 0.4978119879895115  0.4988960883802885  0.5000623712489137  0.5032132177056674

 0.400329245441315
 0.400377524715297
0.4003567014605131
0.4002947817557392

0.0004460691646336685

   1.99893703823923  0.9940221991393791 -0.2803808493730691  -2.712542186990909

-3.761398881189669e-08 -2.959607920494332e-08  -0.001552461155431475  -0.003049402891181077

cov:
0.05339816502751918  0.0534518547779703 0.05350467758375251 0.05365760099077248
 0.0534518547779703 0.05353609234061055 0.05362357944039518 0.05386590002779545
0.05350467758375251 0.05362357944039518 0.05375194630891682 0.05409753439733945
0.05365760099077248 0.05386590002779545 0.05409753439733945 0.05470850329889494

cov.inverse():
 2430593.125647504 -2001954.504833748 -1414065.494582212  985491.0771247899
-2001954.504829856  3088506.203119759 -835476.8378644296  -251292.807280317
-1414065.494587618 -835476.8378576941  3605562.640179921 -1355785.126064864
 985491.0771263045 -251292.8072831603 -1355785.126063535  621524.1997256227

cov*(cov_.inverse()):
    0.9999999999781721 -7.275957614183426e-12                      0 -7.275957614183426e-12
-1.455191522836685e-11     0.9999999999708962 -1.455191522836685e-11  7.275957614183426e-12
-2.182787284255028e-11 -3.092281986027956e-11      1.000000000029104  7.275957614183426e-12
-7.275957614183426e-12 -3.637978807091713e-12                      0                      1
