6
1

0.0001367598973023325
0.0002174594428516875
0.0003358458261280845
0.0004755280258136172
  0.01380916804586301
   0.5597259854492612

-0.04699941414855485  -0.0208594080839483   0.5593455277622069  -0.7818094965859201   0.2698991202660386  0.02041804751162236
  0.1184442884929011   0.4051446545328615  -0.6720090576900291  -0.3223255750952814   0.5142441157961742 -0.04349481368996878
 -0.3768935827416293   0.7268554875764648  0.03853817088652799  -0.1351360046023966  -0.4993765589596476   0.2459846529249377
  0.5324142021566158  -0.2342610220158754  -0.2294854873594944  -0.3040181641411676  -0.3767454392089216   0.6120695482581185
 -0.6264856996191014  -0.2932195326652713  -0.1220515169217752  0.08605108401723695   0.3229044710133729   0.6284658420252056
  0.4071412757213159   0.4077350529516103    0.408033153859055   0.4083951049649837   0.4088105713470501   0.4093707470569166

0.3792561493765576
 0.379207071831177
0.3792632732291284
0.3791954028028743
0.3791182649328911
0.3790479119131915

0.00155296854146737

 3.318513770095453  2.201556424174226  1.696767669396517 -4.244629757786101 -1.364741444681917 -1.607107722540416

6.853856835750312e-08 4.166163825804921e-08 1.437737334424006e-07 3.804911701665684e-07 -0.000905331281567718 -0.002574178301930879

cov:
0.05200766114018245 0.05204344836006772 0.05206104694388911 0.05208235572184703 0.05210706480455939 0.05214209788875587
0.05204344836006772 0.05210079985075124 0.05212923104495083 0.05216382778664055 0.05220364567926219 0.05225811555749224
0.05206104694388911 0.05212923104495083  0.0521633917074863 0.05220479587633102 0.05225238059899517 0.05231684539149772
0.05208235572184703 0.05216382778664055 0.05220479587633102 0.05225454345986342 0.05231157033546434 0.05238819023535884
0.05210706480455939 0.05220364567926219 0.05225238059899517 0.05231157033546434 0.05237941902600975 0.05246983906469219
0.05214209788875587 0.05225811555749224 0.05231684539149772 0.05238819023535884 0.05246983906469219 0.05257846163617329

cov.inverse():
 2929779.921946298 -1912187.220744024 -3757461.718153049  892738.8397081164  1390355.590405709  456846.1315863084
-1912187.220676568  8421468.735563757 -5894982.246281664 -2445602.730485654  1276492.907780055  554705.5657078765
-3757461.718222455 -5894982.245051916  26523880.97657735 -18538215.18192356  975373.2020301655  691208.6692376891
 892738.8396271422 -2445602.732356078 -18538215.17897097  35447872.93847756 -13682160.86123967 -1674352.542295718
 1390355.590516714  1276492.908358185  975373.2002097644 -13682160.85996004  12326167.15493147 -2286106.845455387
 456846.1315582353  554705.5658378637  691208.6692658409 -1674352.542574137 -2286106.845307037  2257546.412174355

cov*(cov_.inverse()):
     1.000000000014552 -5.093170329928398e-11 -1.309672370553017e-10 -1.455191522836685e-11  4.365574568510056e-11  4.365574568510056e-11
-3.637978807091713e-12     0.9999999999708962 -1.964508555829525e-10  8.731149137020111e-11 -5.820766091346741e-11   2.91038304567337e-11
 1.455191522836685e-11 -1.055013854056597e-10     0.9999999999490683 -4.365574568510056e-11   1.01863406598568e-10                      0
                     0 -1.382431946694851e-10 -8.003553375601768e-11     0.9999999998835847  7.275957614183426e-11   2.91038304567337e-11
 -2.91038304567337e-11 -9.094947017729282e-11 -1.382431946694851e-10   1.01863406598568e-10     0.9999999998690328   2.91038304567337e-11
                     0 -6.184563972055912e-11  5.820766091346741e-11 -5.820766091346741e-11  8.731149137020111e-11      1.000000000014552
