4
1

0.0004305396804093316
0.0008263006306197361
  0.01736134994827555
   0.4653140603663931

 -0.4322829009651222   0.8136723196790716  -0.3886077454582911 0.007271168481162499
  0.4581138447262005  -0.1261515602382941  -0.7656250138602517   0.4336309805250453
 -0.5962762590782509  -0.2703498327427954   0.1112181138769184   0.7476604322426389
  0.4977125894158229   0.4989329694192051   0.5004327022357496   0.5029067318067602

0.4023831649409327
0.4024255692686867
0.4024665296474688
0.4025729983617113

-0.0001973668144461761

  4.359452118988822  0.7719655532073127  -4.479901924400655 -0.6517042465526274

8.893716654051902e-08 3.445999406592848e-06 -0.001143465066620244 -0.003187697963655353

cov:
0.05374250805215003 0.05381515973093387 0.05390809399514778 0.05406066085730999
0.05381515973093387 0.05392067359030178 0.05405146663930892 0.05426682407971282
0.05390809399514778 0.05405146663930892 0.05422717828155053 0.05451592502603708
0.05406066085730999 0.05426682407971282 0.05451592502603708 0.05492909945983204

cov.inverse():
 1316671.461732557  -1981648.07914109  392337.3305590163  272514.6779204619
-1981648.079139079  3595233.283029689 -1564464.547954336 -48871.27906792802
 392337.3305558501  -1564464.54795017  1673271.135628386 -501217.3331653601
 272514.6779216165 -48871.27907008258 -501217.3331643603  277541.2709937823

cov*(cov_.inverse()):
     1.000000000014552 -2.091837814077735e-11   2.91038304567337e-11                      0
 1.818989403545856e-12      1.000000000015461  1.455191522836685e-11 -1.818989403545856e-12
 3.637978807091713e-12  1.818989403545856e-11      1.000000000025466 -1.818989403545856e-12
-1.818989403545856e-12 -3.637978807091713e-12  3.637978807091713e-12                      1
