4
1

    3162.277660168379
    3162.277660168379
2.066664180080546e-09
   0.2970071398529048

                  0 -0.5765549356108051  0.7891349780248149 -0.2117791129469462
                  0 -0.5790542769260665 -0.2117791129469462  0.7873028335355049
-0.8663813417459989  0.2878632378705021  0.2879217276290312  0.2891698561680096
 0.4993829899730293  0.4994149646127571  0.4995164387047673  0.5016818213869647

0.1627706922590733
0.1634825309738517
0.1659403201192617
0.1672366019338369

-0.01536254992268591

-0.01614833054681161 0.001793193996301273 0.001793558348083791 0.001801333347834594

                     0                      0  6.639042973448506e-20 -0.0004736209142771633

cov:
0.02199891540951794 0.02200032396248979 0.02200479411868497 0.02210018397258742
0.02200032396248979 0.02200173260564889 0.02200620304806052 0.02210159900961236
0.02200479411868497 0.02200620304806052 0.02201067439880314 0.02210608974347176
0.02210018397258742 0.02210159900961236 0.02210608974347176 0.02220191870963298

cov.inverse():
 nan  nan  nan  nan
 nan  nan  nan  nan
-inf  nan  inf -inf
 inf  nan -inf  inf

cov*(cov_.inverse()):
nan nan nan nan
nan nan nan nan
nan nan nan nan
nan nan nan nan
