5
1

0.0003691105719156052
0.0004381523665445135
0.0006737002006649908
  0.02666473093937208
   0.5192922339733329

 -0.5759008644900235   0.2568282797149614   0.6638008030315924  -0.3985558272704394  0.05384399188104239
 -0.3293296529447723    0.778097859937844  -0.5249798707825527  0.09972638794385348 -0.02358988919495265
  0.2633736909211494  0.04785443814505426  -0.2528051891691647  -0.6859974987719051   0.6275677012786949
  -0.541495099799744  -0.3578737322779003  -0.1434809805126696   0.3982528383754849   0.6320738355566888
  0.4441818656748106   0.4452407209522827   0.4463937429310732    0.449455235258205   0.4507613430436498

 0.397951156990507
0.3979766866931874
0.3979309511670818
0.3977968711417109
0.3977767079901715

0.000767697687723884

  1.972666891157412  0.8669587372171534 -0.1109766344950548  -2.528831300236453  -0.199801716803339

 1.369906254237204e-09 -3.154120696541276e-08  9.978260196912494e-07  -0.001774627209432203  -0.003767330435845704

cov:
0.05341270182796786 0.05346867488315585 0.05352425565309957 0.05368238195924534 0.05374893414605163
0.05346867488315585 0.05354927419212695 0.05363297304859056 0.05386275490904561 0.05396010344450933
0.05352425565309957 0.05363297304859056 0.05375010093195244 0.05406325779053003 0.05419653160413995
0.05368238195924534 0.05386275490904561 0.05406325779053003   0.054587919411981 0.05481199545537098
0.05374893414605163 0.05396010344450933 0.05419653160413995 0.05481199545537098 0.05507621786912625

cov.inverse():
 3152542.903149269 -2392372.572270712 -2051908.711414682   1115254.13033456  176553.1832665523
-2392372.572303275  3643051.986504016 -903043.0862270375  -419640.468773176  71739.64696240435
-2051908.711378238 -903043.0862715556  4810614.430117925 -1832534.471944242 -22832.74607829458
 1115254.130351623 -419640.4687889226 -1832534.471949983  2254779.413748987 -1117938.497590702
 176553.1832456119  71739.64699010657 -22832.74608063326 -1117938.497595127  892477.2470530866

cov*(cov_.inverse()):
     1.000000000045475    1.2732925824821e-11 -4.411049303598702e-11                      0                      0
  2.91038304567337e-11      1.000000000010914  9.549694368615746e-12  7.275957614183426e-12 -7.275957614183426e-12
  4.18367562815547e-11                      0     0.9999999999688498  1.455191522836685e-11                      0
 4.547473508864641e-11   -1.2732925824821e-11 -1.250555214937776e-11      1.000000000007276                      0
 3.819877747446299e-11  5.002220859751105e-12  1.068656274583191e-11  7.275957614183426e-12      0.999999999992724
