6
1

0.0002029882939124236
0.0003628552370396483
0.0004155368704751857
0.0008344396673093402
  0.01891247504637298
   0.6220411089846336

-0.07366051311746274 -0.07935376157664946   0.7525572271308322  -0.6483036527413181 0.009370173383125733  0.03936118541274146
 0.08622717526186773   0.5025810478899695  -0.4803461611898553  -0.6057438631541113   0.1519327025332375   0.3453050189765982
 -0.6551260598458961   0.6685634349656289   0.1647238613227885   0.1677568968163053  -0.1067806844178894  -0.2390697338737622
 0.04514767867525936    0.062405831717389  0.07782927728343979  0.09858788092450001  -0.8267788807520211   0.5428875711900998
 -0.6251905362400365  -0.3528587467947625 -0.05674205549257669  0.08962696434355055   0.3380542152675257   0.5992446847050217
  0.4062601743594292   0.4071049265613305   0.4080614874871781   0.4085116970924304   0.4093685003383342   0.4101703258380563

0.4211561020381953
0.4211294406710492
0.4210340260195959
0.4210423882985485
 0.420958780435385
 0.420903492770258

0.001396245533069842

  2.931317245138794    1.39293149393768  -0.803224894319192  -1.165021569331081 -0.5966646495239726   -1.75841376574482

-1.031942857086075e-08  1.772866395667749e-07 -1.437958613916747e-07 -2.920332062994304e-07   -0.00130139117371637  -0.004352329650815088

cov:
0.06400249301846855 0.06407424189765404 0.06415843618387948 0.06419647969647305 0.06427562149271999 0.06434331844116664
0.06407424189765404 0.06417311979728539 0.06428630186205464 0.06433874445749797 0.06444233265060741 0.06453573057066278
0.06415843618387948 0.06428630186205464 0.06443140105267914 0.06449948120293447 0.06462963725991078 0.06475099830361029
0.06419647969647305 0.06433874445749797 0.06449948120293447 0.06457538594588628 0.06471863331068733 0.06485382307893023
0.06427562149271999 0.06444233265060741 0.06462963725991078 0.06471863331068733 0.06488494210583716 0.06504275040019575
0.06434331844116664 0.06453573057066278 0.06475099830361029 0.06485382307893023 0.06504275040019575 0.06522652288767548

cov.inverse():
 2677769.858490799 -2060913.008545502 -2279749.490309982  132017.8163957573  433684.9465649723  1096978.012999803
-2060913.008535492  4665800.842304406 -2638050.991497188 -405386.1955117321  74026.67032858501  364690.5662880093
-2279749.490459691 -2638050.991311759  15663043.58370075 -9459700.640269969 -577489.1383385765  -708351.103920627
 132017.8165753274 -405386.1957383142 -9459700.640213152  13164146.82060973 -1067144.089738368 -2363191.618904933
 433684.9465542078  74026.67035180356 -577489.1384761705 -1067144.089578759  1225529.086124724  -88805.9620780293
 1096978.012970709  364690.5663159387 -708351.1038041301 -2363191.619054734  -88805.9620435695  1698494.012284532

cov*(cov_.inverse()):
     1.000000000029104 -7.275957614183426e-12 -9.458744898438454e-11  1.164153218269348e-10  2.728484105318785e-12  -2.91038304567337e-11
 4.365574568510056e-11      0.999999999996362 -5.093170329928398e-11  5.820766091346741e-11 -9.094947017729282e-12 -1.455191522836685e-11
 1.455191522836685e-11 -6.184563972055912e-11      1.000000000014552 -8.731149137020111e-11 -1.364242052659392e-11                      0
 4.365574568510056e-11 -2.182787284255028e-11  9.458744898438454e-11      1.000000000087311 -1.091393642127514e-11  1.455191522836685e-11
 4.365574568510056e-11  2.182787284255028e-11 -8.003553375601768e-11  5.820766091346741e-11     0.9999999999890861  -2.91038304567337e-11
 1.455191522836685e-11 -3.637978807091713e-11  7.275957614183426e-12                      0 -1.818989403545856e-12                      1
