5
1

0.0003207945843535275
0.0004356493339003793
0.0005790627593464818
  0.01880006543092479
   0.5166810322144673

  0.1224794053004089   0.2744766483154282  -0.8807472817216133   0.1499335984690105   0.3338645033496506
 -0.6244771808714471   0.7558594216325971   0.0759649979095121 -0.02812953555743691  -0.1792842258036542
 0.05059367577338617   0.1274460467483546   0.1099039835786175  -0.8250133593703596   0.5370957609160009
   -0.62791064790929   -0.371667249690983   0.0787675391571117   0.3085288679348494   0.6051423685177311
  0.4451915813017819   0.4460493974148161   0.4474710426399459   0.4482092589301676   0.4491352994498294

0.4043216901355466
 0.404408519910437
0.4044874625284509
0.4044951798599016
0.4044499248201655

0.0001143485574374074

  2.562344276482507   1.002789180885401  -0.869041441257897 -0.6490937266988993  -2.047043466614851

 5.904170445747693e-08 -9.924389468357502e-08 -1.348023212239734e-07  -0.001233194777334547  -0.002982620876072703

cov:
0.05304957033918258 0.05309449154490697 0.05316355187835976  0.0532003058993047 0.05324457981143812
0.05309449154490697 0.05316318243524464 0.05327316635260362  0.0533308630482648 0.05340221088795984
0.05316355187835976 0.05327316635260362 0.05345562545693671 0.05355007736452878 0.05366898797654777
 0.0532003058993047  0.0533308630482648 0.05355007736452878 0.05366373754240525 0.05380651335337063
0.05324457981143812 0.05340221088795984 0.05366898797654777 0.05380651335337063 0.05398124374983193

cov.inverse():
 2209271.619162343 -2140479.591114896 -1281747.036906838  145973.3767285744  1067229.047370421
-2140479.591131682  3791195.601205674 -2004877.639414659 -26024.58002067253  379960.7756968523
-1281747.036859479 -2004877.639466151  7604315.183537974 -1564805.315553649 -2752959.932298962
  145973.376699737 -26024.57999913083 -1564805.315526035  2252766.672672202 -807956.9931610965
 1067229.047368682  379960.7757100208 -2752959.932330714 -807956.9931407754  2113845.600039221

cov*(cov_.inverse()):
     1.000000000043656  -2.91038304567337e-11                      0  2.182787284255028e-11   2.91038304567337e-11
 5.093170329928398e-11     0.9999999999599822   2.91038304567337e-11 -7.275957614183426e-12   2.91038304567337e-11
 5.820766091346741e-11 -4.365574568510056e-11     0.9999999999708962                      0   2.91038304567337e-11
 4.365574568510056e-11 -3.637978807091713e-11   2.91038304567337e-11      1.000000000021828   2.91038304567337e-11
 4.365574568510056e-11 -2.182787284255028e-11                      0                      0      1.000000000029104
