5
1

0.0005429617683204509
0.0007428099925313082
0.0007953212114271949
  0.02008055934722653
   0.5184053103814824

 -0.4282464214448464   0.5590150593366718  0.03485632689976658    0.411760880792195  -0.5773605281613844
 -0.1560787233527853  -0.1770121313388819   0.8870188321080679  -0.3221328679373576  -0.2318062647029273
 -0.2161423418184982   0.6437615034323277 -0.07045462948713586  -0.6634013498475848   0.3062489330201775
 -0.7403897409885466  -0.2061263440784159  0.08195292689403179   0.2924490165282723   0.5631094495929962
   0.444240874018112    0.446376439531814   0.4475516628480203   0.4483922548346894    0.449488614948988

0.3986965135713205
0.3987759071983089
 0.398840412060936
0.3988513342040939
 0.398831789104536

0.0001306628098164207

  4.431093496144632  -3.380291715872778 0.06137244932379641  0.5358969876120988  -1.648073541782262

-7.703026646894235e-07  9.412890341395713e-08 -2.529136398760539e-06  -0.001350922572720225  -0.003612088579146184

cov:
0.05325776690374361 0.05335298299642836  0.0534073566242616 0.05344500720201924 0.05349507825598534
0.05335298299642836 0.05356527662854263 0.05368183245638797 0.05376511387809238 0.05387436113013896
 0.0534073566242616 0.05368183245638797 0.05383325163373576 0.05394074990738196 0.05408155167057831
0.05344500720201924 0.05376511387809238 0.05394074990738196 0.05406737556154343 0.05423086429427562
0.05349507825598534 0.05387436113013896 0.05408155167057831 0.05423086429427562 0.05442510307784929

cov.inverse():
 741451.7545648972 -981569.9274740202  -277620.015078717 -280861.4359788478  798582.0929341089
-981569.9274759281  1772086.193525938 -290215.7343437786  208802.3505189483 -709030.6490976502
-277620.0150741405 -290215.7343484855  1437955.558354147 -395223.0746294232 -474911.1298181883
-280861.4359816107  208802.3505182048 -395223.0746207635  1459164.710719742 -991856.1833687343
  798582.092934203 -709030.6490941081 -474911.1298269773 -991856.1833635811  1377168.003984787

cov*(cov_.inverse()):
                     1 -7.275957614183426e-12                      0                      0                      0
-7.275957614183426e-12      0.999999999992724 -7.275957614183426e-12                      0                      0
-7.275957614183426e-12 -1.455191522836685e-11      0.999999999996362  7.275957614183426e-12                      0
-7.275957614183426e-12                      0  1.091393642127514e-11                      1                      0
-7.275957614183426e-12 -1.455191522836685e-11  3.637978807091713e-12  7.275957614183426e-12      1.000000000014552
