5
1

0.0002056682344389663
0.0003337659901409703
0.0005532333907331898
  0.01316720014671392
   0.5160073300602702

-0.1619575124131484  0.7210113505430604 -0.6666283009967214 0.09699028456874888 0.01058251248591159
-0.3819356781650615  0.3874161902804363  0.4168643207998909 -0.6807902244632031  0.2584233765985101
 0.5235270243245217 -0.2096794590573015  -0.411419094388571 -0.4551264232729246   0.552764187391543
-0.5956614583744477 -0.2942122937296974 -0.1128562649588544  0.3455432599582605  0.6530619206342468
 0.4460961597309235  0.4466821896655523   0.447021966559022  0.4478586264780749  0.4484052294652533

0.3998294961797544
0.4000292499819897
0.4000399174520945
0.4000630213782486
0.4000737856605455

-0.0002722077449834403

 -1.00931130210448  2.768805655643828  8.572571865259039 -9.274943919725606 -1.057403722695748

-1.888957958788702e-07  1.233507532995011e-06 -3.057935683279658e-07 -0.0008801080900318662    -0.0024908404261091

cov:
0.05304854124541282 0.05308686158758841 0.05310846676406205 0.05316053874040755 0.05319382756611524
0.05308686158758841 0.05314129170593553 0.05317242422463824 0.05324852870551047 0.05329782600258985
0.05310846676406205 0.05317242422463824 0.05320938379620749  0.0532999315329848  0.0533588933967838
0.05316053874040755 0.05324852870551047  0.0532999315329848 0.05342725646761183 0.05351064905325122
0.05319382756611524 0.05329782600258985  0.0533588933967838 0.05351064905325122 0.05361092638680816

cov.inverse():
 2827119.535877607 -4446540.328860505  419841.5169879578  1183060.924137473   16731.4212353837
-4446540.328768793  13781408.42851366 -9631178.333532326 -403141.4846619986  699312.1372158095
 419841.5168803306 -9631178.333318079  12618934.18736998  -3464537.27777984  56801.18361280957
 1183060.924122919 -403141.4848226599 -3464537.277557465  5060333.236944328 -2375687.632010361
 16731.42126585606  699312.1372539303  56801.18349705345 -2375687.631963194  1602899.253567748

cov*(cov_.inverse()):
     1.000000000011482                      0  3.637978807091713e-12   2.91038304567337e-11 -1.455191522836685e-11
 1.932676241267473e-11      1.000000000043656  4.501998773775995e-11 -1.455191522836685e-11 -1.455191522836685e-11
 1.091393642127514e-11  9.458744898438454e-11     0.9999999999554348                      0                      0
   1.4210854715202e-11   2.91038304567337e-11  -4.68389771413058e-11     0.9999999999563443  1.455191522836685e-11
 2.421529643470421e-11 -1.455191522836685e-11  1.637090463191271e-11  1.455191522836685e-11      1.000000000014552
