5
1

0.000887038476164692
0.001118288261660418
0.002680399322984185
 0.07648522401202912
  0.5857799950388322

-0.02543914550501893  -0.2861473470726476 0.003977925451455811   0.8133970076053498  -0.5058082934937156
   -0.14828840100263   0.6810992950910008  -0.6849467980100791   0.2052785112040938 -0.05313113106451646
  0.4974774486543792  -0.4722096454393477  -0.5747601013744028   0.1196254370692026    0.429970719361753
 -0.7576608250431367  -0.2078056771219312 -0.01023699781079317   0.2539989697949905   0.5640448581183545
  0.3947526596228843   0.4336568889107703   0.4476361130971784   0.4662835178360676   0.4881737719978024

0.3998454567011231
0.3993829652910678
0.3992641547277134
0.3990510935209801
0.3988265208947419

0.002450408153132211

    1.630181591547347 8.669220686736978e-05     3.513266864311135    -2.725248987165971    -2.418666082698673

-8.032410266228919e-07 -3.850510153652617e-06  -1.84952537425062e-05   -0.01946615975221401   -0.08072216154003146

cov:
 0.0568311023243128 0.05966012204687979 0.06067786969544899  0.0620348740365169 0.06362697695972599
0.05966012204687979 0.06478485396355861 0.06662396437236373 0.06907577623418501 0.07195525232040072
0.06067786969544899 0.06662396437236373 0.06876095073697078 0.07160576018963961 0.07494849441277801
 0.0620348740365169 0.06907577623418501 0.07160576018963961 0.07498330842381569 0.07894579283769376
0.06362697695972599 0.07195525232040072 0.07494849441277801 0.07894579283769376 0.08363719857763206

cov.inverse():
 52951.32745174158 -104180.8520139147  41294.03777311255 -42388.27467276594  52353.21923816812
-104180.8520134384  506055.1029540245 -336712.8728303243 -191876.0021524794  126729.6874401009
 41294.03777319108 -336712.8728317822  421152.3027835393 -117890.3587444049 -7854.617922487265
-42388.27467409694 -191876.0021477515  -117890.358747697  876552.8410861939 -524418.9299839612
 52353.21923894414  126729.6874373073 -7854.617920574336 -524418.9299838564  353197.1035144734

cov*(cov_.inverse()):
    0.9999999999990905 -2.728484105318785e-12  4.547473508864641e-12  7.275957614183426e-12 -7.275957614183426e-12
-1.364242052659392e-12      1.000000000001819  3.524291969370097e-12                      0                      0
 9.094947017729282e-13 -1.818989403545856e-12      1.000000000005684                      0                      0
                     0  1.818989403545856e-12 -1.364242052659392e-12      1.000000000007276 -7.275957614183426e-12
-9.094947017729282e-13  1.818989403545856e-12  1.250555214937776e-12                      0      0.999999999996362
