5
1

0.0004003358779849442
0.0006249660124191277
0.0007514567488596809
  0.02077565017067352
   0.5255241320540727

 -0.2583023382324237   0.7527772388116418  -0.5985203552778822  0.09052952523798773  0.01356908873155262
 -0.3280582427113214   0.1530977203166843   0.3910201352522952   0.4804873540822432  -0.6965443516512898
  0.2957561073860414  -0.4005610935016967  -0.5289501552232837   0.6852984893392847 -0.05154463226311157
 -0.7354593308786107  -0.2242402213934984   0.0934107801418443   0.3003054297764053    0.556692887266473
  0.4441684241594232   0.4462674649165841    0.447619031753421   0.4484628602050927   0.4495308956739878

0.4011007718856205
0.4011650093880691
0.4011745600035952
0.4012841154567212
0.4012005970866143

0.0002073735081791776

  3.917591361519202 -0.9765122941700005  -2.430925729225401  0.1430572849615126 -0.6531785192663018

-4.615306515215678e-08 -7.270833480812938e-07  1.675623417762257e-06  -0.001385520155037805  -0.003676436295200735

cov:
0.05471903825456285 0.05481402087469888 0.05487898295898408 0.05491697933660744 0.05496663576766699
0.05481402087469888  0.0550235520899348 0.05515926560213071 0.05524305478390263 0.05534995992230561
0.05487898295898408 0.05515926560213071 0.05533935984366092 0.05545160174922681 0.05559401876455031
0.05491697933660744 0.05524305478390263 0.05545160174922681  0.0555834280918413 0.05574843491754043
0.05496663576766699 0.05534995992230561 0.05559401876455031 0.05574843491754043 0.05594297826977812

cov.inverse():
 848000.7619982715 -1551239.199853034  359001.3995626182  -191060.426153227  535228.3457426165
 -1551239.19984343  3880034.902428227 -2282797.568383949  127280.0961300251 -173018.1671155906
 359001.3995546517 -2282797.568382955  3122114.990977829 -498917.4266022958 -699594.4829264359
-191060.4261680278  127280.0961764734 -498917.4266392777   1474103.85835471 -911377.2483161297
 535228.3457557809 -173018.1671534283 -699594.4828964279 -911377.2483214671  1248753.163807155

cov*(cov_.inverse()):
     0.999999999996362 -4.001776687800884e-11  1.455191522836685e-11  7.275957614183426e-12 -1.455191522836685e-11
-3.637978807091713e-12      1.000000000010914 -7.275957614183426e-12  7.275957614183426e-12 -1.455191522836685e-11
-7.275957614183426e-12 -2.728484105318785e-11      1.000000000007276  7.275957614183426e-12 -1.455191522836685e-11
-3.637978807091713e-12  9.094947017729282e-12 -1.455191522836685e-11      1.000000000007276                      0
-3.637978807091713e-12                      0  7.275957614183426e-12                      0                      1
