5
1

0.001622897926804852
0.001687156317855756
0.001775572109192047
  0.1073935957960238
  0.5630757112793264

  0.436379952634644 -0.3036361970785162 -0.4794547875673209  0.6356285678623114  -0.288923912403187
 0.5370876442709251 -0.2092676010081543  -0.363283925143132 -0.4995306530430982  0.5350120091574909
-0.1963636770530791  0.7332388836280714 -0.6457870896364554 0.03232346963474368 0.07560604499444573
 -0.567627140280739  -0.391750821004361 -0.1835170118258669  0.3419970026304339  0.6113021187771424
 0.4004374298951068   0.415817465686877  0.4329300609114088  0.4779526063222308  0.5008777979086068

0.3997172809676021
 0.400055081349538
 0.399943248709525
0.4000224349061857
0.4000733836967669

-0.000516168596184825

  1.437426495956868  0.7269288732214867  0.2675275107989539 -0.8896503468015371  -1.540327216329524

 4.156792023066308e-07  4.071257464410666e-07 -2.119413692636235e-07    -0.0276300235012579   -0.06437362180019131

cov:
 0.0545572001930759 0.05535588568685619 0.05616568728222712 0.05844205815805441 0.05959009209728137
0.05535588568685619 0.05659207748061539 0.05790434537890984 0.06146634188695133 0.06327216878595092
0.05616568728222712 0.05790434537890984 0.05981570688469701 0.06488066966412485 0.06745744046761581
0.05844205815805441 0.06146634188695133 0.06488066966412485 0.07377820510620822 0.07831144582955736
0.05959009209728137 0.06327216878595092 0.06745744046761581 0.07831144582955736 0.08385308433655922

cov.inverse():
  185900.175598604 -135443.3560785047 -107751.5683093656  9031.101401038361  48339.22008183791
-135443.3560788404  220938.5911204611 -68207.65039990036 -29047.11800784629  11539.86840577668
-107751.5683090293 -68207.65040032165  265929.6379853153 -58582.73418170017 -31181.46793829554
 9031.101401297161 -29047.11800807301 -58582.73418179778  241404.3872463029 -162822.5772524844
 48339.22008157864  11539.86840608905 -31181.46793828327 -162822.5772525501  134098.8523716033

cov*(cov_.inverse()):
     1.000000000000909 -4.547473508864641e-13  2.273736754432321e-13  1.818989403545856e-12  9.094947017729282e-13
 9.094947017729282e-13      1.000000000000796  2.046363078989089e-12  1.818989403545856e-12  1.818989403545856e-12
 1.364242052659392e-12 -3.410605131648481e-13      1.000000000001364  1.818989403545856e-12                      0
 1.818989403545856e-12 -1.364242052659392e-12  1.364242052659392e-12      1.000000000001819                      0
 4.547473508864641e-13   1.70530256582424e-12  9.094947017729282e-13  1.818989403545856e-12                      1
