6
1

0.0001429074631933424
0.0002164964111288956
0.0004018168389296302
 0.000568130517627011
  0.01723909177416739
    0.567449172394128

-0.04907095572161409   0.5636101855418006  -0.7902454832398905   0.2334920491156346  0.02548884060111373  0.01671700576207403
  0.1174227387846564  -0.5195196936405839   -0.145904130124678   0.8049837777704911 -0.04479829231852935  -0.2121730512580632
 -0.6144030283443326   0.4167297186758072   0.4193384893258976   0.3315371822867085  -0.2057535920241373  -0.3474896370168821
 0.08500427570759346   0.0376510129312659  0.04101415865261913   0.1168541262859736  -0.8246055548663132   0.5441004550450741
 -0.6586166664079537  -0.2668921819494753  -0.1011575912740229  0.08407919722254027   0.3281632282134637   0.6082757400344778
  0.4065848254956062   0.4075906680543743   0.4080003344594739   0.4084623349243785   0.4090763570673056   0.4097675061657787

0.3985600907628176
0.3987671919025275
0.3987760231865865
0.3987844483480588
0.3988077605913092
0.3988086250282736

-0.0002216461772051742

  2.522254638457365   4.339315515814417  -3.579453749264036 -0.6265438595976581  -1.233380104153033  -1.422086099650329

  1.01072322936527e-07 -7.421078117210159e-08 -1.133671789794248e-07  1.294490918845449e-07  -0.001123271787984986  -0.003037810816201683

cov:
0.05335895166179695 0.05341385563671675 0.05343505276177796 0.05345929599832486 0.05349193159432081 0.05352764041094745
0.05341385563671675 0.05351488711781593 0.05355548323076326  0.0536014091125863 0.05366260636198329 0.05373110873698438
0.05343505276177796 0.05355548323076326 0.05360434046335372 0.05365943934156203 0.05373272933602297 0.05381511829439771
0.05345929599832486  0.0536014091125863 0.05365943934156203 0.05372487108754775 0.05381163155936895  0.0539095713532965
0.05349193159432081 0.05366260636198329 0.05373272933602297 0.05381163155936895 0.05391658633154245 0.05403458477719848
0.05352764041094745 0.05373110873698438 0.05381511829439771  0.0539095713532965 0.05403458477719848 0.05417666439621811

cov.inverse():
 2773958.495230255   -4231063.1610583 -51449.80674004564  224619.7571830139  391601.6371393226  892558.6914409016
-4231063.160969286  22392853.37497525 -19104332.78123578 -1609464.849386889  572430.0788782591  1979126.180605839
-51449.80670327837 -19104332.78190653  32126908.64223865 -10664864.76184152 -1486111.238240748 -819960.5709036919
 224619.7569885777 -1609464.848291294 -10664864.76289389  17217884.46783957 -1198913.445330308 -3969237.668406501
 391601.6371318283  572430.0789278029 -1486111.238198794 -1198913.445451566  2443864.782327877 -722891.8874352247
 892558.6915170552  1979126.180220441 -819960.5705272518 -3969237.668436433 -722891.8874724791  2640456.667058499

cov*(cov_.inverse()):
     0.999999999992724  2.182787284255028e-10 -8.731149137020111e-11   2.91038304567337e-11 -1.455191522836685e-11  -2.91038304567337e-11
  2.91038304567337e-11                      1 -2.037268131971359e-10   2.91038304567337e-11  1.455191522836685e-11                      0
 -2.91038304567337e-11  3.055902197957039e-10     0.9999999997889972  5.820766091346741e-11  1.455191522836685e-11                      0
 7.275957614183426e-12  5.820766091346741e-11 -1.818989403545856e-10     0.9999999997962732                      0                      0
 7.275957614183426e-12   1.01863406598568e-10  7.275957614183426e-11 -8.731149137020111e-11                      1                      0
 7.275957614183426e-12  8.731149137020111e-11 -1.309672370553017e-10  5.820766091346741e-11                      0                      1
