12
2

0.03929379311541954
 0.2162473653608314
 0.5570708567394547
 0.6703106427652545
 0.8692020675562921
 0.9267642554239757
  1.244317007328844
  1.436892927688362
  1.750854545124757
   2.50551298971055
  2.967063737917933
  5.658111949409881

  -0.3873012739355721    0.2240146941601725    0.7051945853117628   -0.4098021202391169   -0.3176236323609292    0.1835359776656941 -0.002338796017652829 0.0007241480227097651 -0.001086152031538568 -0.000149557779249736 0.0006215674195531052 0.0003864891407602302
  -0.4660701249344967    0.2453256863697131   0.07011303577097766   -0.0330683426169301    0.7142327694688102   -0.3923470044530418   -0.1319744415253294   0.07462738175407549  -0.09191004295736298     0.049713206200126   -0.1196415972711336    0.0655782151926755
  0.09332383812970449  -0.05356285620714164    0.0588358314619728  -0.01985884372334893  0.008095759315036219 -0.002419914992650224   -0.7336367033600452    0.2900010447885132    0.4510839169034938   -0.3874494005236994    0.0832887202607723   -0.0404980018407408
   0.1539169648528427  -0.05676022920987853   0.06665776070677208  -0.02904045787193226  -0.06940704026504639  -0.05616465521763052   -0.4722287303260639    0.1779615777944472   -0.4915735773853788    0.5822953433085816     0.189277007109793   -0.2976926303444474
  -0.4508378632645147   0.02800586183980194   -0.3148759124170495   0.02483670812778015   -0.1384305592247556   0.04315427037471691    0.0435352907013624  -0.08432649654117486   0.08342813496221588   -0.1301602617321227 -0.003682513891415729   -0.8014050734668335
   0.4874579307582819  -0.04207380832714511    0.4604158306814749  -0.01997848101252459    0.3629067548957747   -0.1014074354449427    0.3171838281246722    0.1125067734485903   0.03469966320817356   -0.1935550554481933     0.136244183771733   -0.4855455119882668
  -0.2491327754077853    -0.191153830245663  -0.03451739853079747   0.02763324013588372    0.1755079690189698    0.2032543477175206   0.07930629296732015  -0.03718872315709996  -0.02909719150073743  -0.07302425092271976    0.8907608368457474    0.1414782814236192
  0.09081632873901894  -0.05510499515688128    0.1766763494234136    0.1131880418544453     0.103709593514251   0.01121670562188797   -0.3224700705092898   -0.8968865163386386  -0.09425478037638842   -0.1167814885512206  -0.01950793525644669  -0.05013447528859966
  -0.2133741282198108   -0.5548130122152605    0.2219480768765287    0.3086078635816339    0.2620038694055956    0.5178901123471056  -0.01385757076252383    0.1088012642257293   0.09830713304248534    0.2017460087003307   -0.3195923035188366  -0.02762810656692325
   0.1876447041846794    0.1331309779154421   -0.3079843917114641   -0.6714649312620301    0.3436241634526193    0.5124287081620287  -0.04992652106053282  -0.07689846511828606   0.01852902353958311   0.06297725670271301  -0.08212037775360359  -0.03501534150513334
 -0.06855544448149115   -0.3378005440016019  -0.04266068142826543   -0.1680234142946667  -0.03726328474082704  -0.01330222299399637  -0.04435897135075443    0.1436832048538863   -0.6702156173339585   -0.5943592644994384   -0.1469662584010811   0.05394505229678084
   0.0612611613373533    0.6338458779051032   0.02022419885163665    0.4907178613142482   0.05973855950316721    0.4739871797807131  -0.06264779009831944    0.1212690873638828    -0.263322161731813   -0.1924511295298746  0.005400090523332097 -0.002190252480751835

22.79581583581639
37.00670255582298
35.52686788049262
58.97770054612007
50.55264779640585
84.90835787993943
67.54578033403612
113.8871065686636
76.30331379530783
130.5081042958338
107.1264539850653
183.4047574129966

 1.725543162950879
0.5801611616418305

   0.06359867357457537   -0.03686982333970035    -0.0033299117354243   0.001969620706501252   -0.05991534265919238    0.03471236012447085 -0.0005206904892506508  0.0001530453658468277  1.029283887524083e-05 -3.360771960878332e-05 -8.863387577759247e-06   6.51087211864282e-05
  -0.02116338752152458    0.01228129876634804  0.0005788364257834496 -0.0003372539609051682    0.02052684575786996    -0.0118960511227217  0.0001473488923852288 -3.164213727552224e-05 -4.777209885595669e-05  2.596894023422752e-05 -0.0003290379065919844 -6.929929559131577e-06

 -1.64340227727989e-05  -0.004457212582051169   0.002341952448817205   0.006307890350384401   -0.01427783591187545   0.004760639790702945   -0.01878278375890518   0.003402972534762097    0.02775063322027861    0.02472410951919696     0.0857422033078812    -0.1807449659689161
  4.30854830723866e-06   0.001509478596520932 -0.0007985236088348695  -0.002138525899842676   0.004796098605683424  -0.001639652176324719   0.005881403628170538  -0.001135877568181742  -0.009061713440031921  -0.008206463678694525   -0.02833801820587666    0.06129403287921261

cov:
    1.016639570168441     1.992003259016748  -0.09173551884577025   0.06312220699528233    0.5039437185196599     1.073526402286184   -0.1699576279649854  -0.06954972681804297   -0.1936852735027225   -0.0789717344508344  -0.05925451086617842  -0.07750776378670317
    1.992003259016748     14.99167597264822   -0.1324380799888916     9.352057486345906     1.094538006085499     9.145371748582233    -1.132097653032212     1.882897631440649     -3.47814055969934    -2.396912023907507    0.7475500111747937   -0.2137040948214175
 -0.09173551884577025   -0.1324380799888916     1.102920107113278     1.913221925655501   -0.2284700156361301   -0.3864351764771111   0.02842807746067992  -0.00249726593410969   0.06653726579793259   0.04037296568402412  0.006848252771149028 -0.009425213599530143
  0.06312220699528233     9.352057486345906     1.913221925655501     11.10925094413011   -0.1840921775780635     5.811059699864059   -0.7869425451353166      1.90074133366037    -3.149029878816633    -2.253654877005213     0.374380256697658 -0.001081614289233913
   0.5039437185196599     1.094538006085499   -0.2284700156361301   -0.1840921775780635     1.301840883893446     2.442252119153676   -0.1687980902896638  -0.05429720208759859   -0.1774155979534153    0.0157646862949704   -0.1042489339070826   -0.1480529826756719
    1.073526402286184     9.145371748582233   -0.3864351764771111     5.811059699864059     2.442252119153676     9.747718721714463    -1.121876621429776     1.697614279602645    -3.699466475870071     -2.35622580358872   -0.4071504325612597   -0.1301890926696342
  -0.1699576279649854    -1.132097653032212   0.02842807746067992   -0.7869425451353166   -0.1687980902896638    -1.121876621429776    0.7395218850958665     0.236354288041494    0.8534190115805302    0.5659065508578296     0.186853312964289  -0.04042889372024559
 -0.06954972681804297     1.882897631440649  -0.00249726593410969      1.90074133366037  -0.05429720208759859     1.697614279602645     0.236354288041494     2.445763317920399    -1.671005094056552    -1.240172898112382   -0.2114381597338553    0.1290306535361327
  -0.1936852735027225     -3.47814055969934   0.06653726579793259    -3.149029878816633   -0.1774155979534153    -3.699466475870071    0.8534190115805302    -1.671005094056552     6.404082539693879      5.02632874252935    0.6536076379723899   -0.3140233071587569
  -0.0789717344508344    -2.396912023907507   0.04037296568402412    -2.253654877005213    0.0157646862949704     -2.35622580358872    0.5659065508578296    -1.240172898112382      5.02632874252935     4.725772300194399    0.4265316268038244   -0.2169448768544816
 -0.05925451086617842    0.7475500111747937  0.006848252771149028     0.374380256697658   -0.1042489339070826   -0.4071504325612597     0.186853312964289   -0.2114381597338553    0.6536076379723899    0.4265316268038244     1.810706157962717   0.09076998363796115
 -0.07750776378670317   -0.2137040948214175 -0.009425213599530143 -0.001081614289233913   -0.1480529826756719   -0.1301890926696342  -0.04042889372024559    0.1290306535361327   -0.3140233071587569   -0.2169448768544816   0.09076998363796115    0.8002341783594986

cov.inverse():
     102.488424878349    -58.63883772374268    -177.1127522452633     103.0444934215636      72.7909626379228    -42.28342687597559      1.64641313385427   -0.7073121324459414     1.124621295475836   -0.4084722377241047     1.082678643912748   -0.6865613530425352
   -58.63883772374283     33.96197766884934     102.5844943201709    -59.68182319564702    -42.41358572369307     24.48609396012352   -0.8586040781298278    0.4194929384089967   -0.6449153101726055    0.2330268588206338   -0.6301789415030127    0.4247982398203418
   -177.1127522452644     102.5844943201714     322.6361455773541    -187.1828123272473    -143.7471171412393     83.16643517139113    -1.351080254786223    0.5545821594971916   -0.6355843314920764  -0.02444218211041185    0.1830256280507767    0.2887361044144663
    103.0444934215645    -59.68182319564742    -187.1828123272474     108.9159669691698     83.78821044449688    -48.41919642107596    0.7731691717854675   -0.3119596597159719    0.3691004001116606  0.006185066608250399   -0.1068969778892829   -0.1424954551898995
    72.79096263792458    -42.41358572369408    -143.7471171412416      83.7882104444982     76.50482010553806    -43.69380248427559    -1.365790074128731    0.9893571296014821    -1.089542494134274    0.6407734153970159    -1.855220128798608    0.9177209050208396
    -42.2834268759766     24.48609396012408     83.16643517139241    -48.41919642107668    -43.69380248427556     25.29339616360075    0.8604383583520253   -0.5787325556153726    0.7115267703809843   -0.4621738145939523     1.093522556070377   -0.4445283094280493
    1.646413133854031   -0.8586040781296892    -1.351080254785783    0.7731691717852115    -1.365790074128935    0.8604383583521429     2.781554598711757   -0.9103063906365771   -0.2545654656549927    0.1013729146113394   0.04248407606457173   0.01267655014905377
  -0.7073121324457925    0.4194929384089109    0.5545821594969208   -0.3119596597158144    0.9893571296016064   -0.5787325556154445   -0.9103063906365773    0.8831833061966828    0.1078558009777231  -0.01455768439186954  -0.04521826451738357 -0.006370008059917615
    1.124621295475709   -0.6449153101725315   -0.6355843314918399    0.3691004001115228    -1.089542494134385    0.7115267703810486   -0.2545654656549922    0.1078558009777228     1.446757659402089    -1.259849418748918    0.1386013217137503   0.02410039207621741
  -0.4084722377240054    0.2330268588205759  -0.02444218211059503  0.006185066608357151    0.6407734153971003    -0.462173814594001    0.1013729146113401  -0.01455768439186979    -1.259849418748918     1.422517243178632  -0.06888584848520671   -0.0277055600869678
    1.082678643912588   -0.6301789415029206    0.1830256280510631   -0.1068969778894495    -1.855220128798734      1.09352255607045   0.04248407606457073  -0.04521826451738309    0.1386013217137493  -0.06888584848520626    0.9795599050985749   -0.2927086251873802
  -0.6865613530424458    0.4247982398202898    0.2887361044143009   -0.1424954551898032    0.9177209050209164   -0.4445283094280937   0.01267655014905351 -0.006370008059917375   0.02410039207621795  -0.02770556008696829   -0.2927086251873807     1.434073001781445

cov*(cov_.inverse()):
     1.000000000000055   1.07858166842334e-13  8.849171395652888e-14 -2.067963855711952e-13 -1.838806884535416e-14  4.585914981092287e-14 -7.274996577377735e-16 -8.118505867571457e-16 -5.425347671117464e-16  5.516420653606247e-16  7.181755190543981e-16  4.579669976578771e-16
 4.538036613155327e-14      1.000000000000016  6.367129046225273e-14 -9.621817231852958e-14  6.131206653492427e-14 -4.024558464266192e-15 -2.294171796979327e-16 -3.434752482434078e-16 -6.461844948013606e-16  5.360295540768334e-16  4.996003610813204e-16  4.440892098500626e-16
 3.672409598642901e-15 -4.276960730020818e-15     0.9999999999999684  1.427547316468214e-14 -1.126702897646936e-14 -5.233660727022027e-15 -2.616315367479083e-16  1.158741071843883e-17  4.436284239267563e-16 -3.540462194251415e-16 -6.938893903907228e-17  1.040834085586084e-17
-3.234110028393911e-14  2.831930653521275e-14  4.621617216531149e-13     0.9999999999999609 -6.187953795200318e-14 -9.927876663123891e-15  -7.67791320972766e-16  1.015336699807835e-15  2.270759806317219e-16 -8.363467795917401e-16 -5.345116710353537e-16 -5.486062992776652e-16
  5.77871084317394e-14  2.518818487118324e-14 -2.011585342742706e-14 -5.729444696456198e-14      1.000000000000024  1.955380302121057e-14  -5.80265002714242e-16 -1.915785238781886e-16  4.423544863740858e-17  1.387778780781446e-16 -1.249000902703301e-16  1.665334536937735e-16
 4.370115380680772e-14  5.466460617498115e-14  1.104324964806835e-13 -1.246260039611258e-13  5.585809592645319e-14      1.000000000000087 -3.805549625424121e-16  1.051567687093691e-15 -1.516581998872724e-15  1.317088799135391e-15  6.314393452555578e-16  8.326672684688674e-16
-3.989863994746656e-15 -9.436895709313831e-15  2.008115895790752e-14  8.655402783386279e-15 -1.777744618181032e-14 -6.245004513516506e-17     0.9999999999999994  2.831393973445895e-16 -1.196959198423997e-16 -4.885414989219683e-16 -3.677613769070831e-16  3.469446951953614e-17
  8.31279489688086e-15 -3.308464613382966e-14 -1.030356355791184e-13  7.149836278586008e-14  4.544975507059235e-14  -1.93942084614207e-14 -2.864462139706703e-16                      1 -1.682681771697503e-16  3.664603343001005e-16 -4.996003610813204e-16 -2.775557561562891e-17
 2.961519918187605e-14  1.523781101298027e-14  5.968836536140998e-14 -6.404599073306372e-15  1.493249968120836e-14 -2.681188604469753e-14                      0 -2.827599265842196e-16     0.9999999999999993 -1.465841337200402e-15  7.494005416219807e-16  5.551115123125783e-17
 4.293787547737793e-14  -1.46826995006677e-14 -1.047772979489991e-14 -5.953570969552402e-15 -1.285083151003619e-14  -3.83026943495679e-15 -9.931291899967221e-17  1.886511780124778e-17  3.321995456495586e-16                      1  2.081668171172169e-16 -5.551115123125783e-17
-2.057382042508493e-14 -7.847889005319075e-15  1.187591691653722e-14  2.479787208908846e-14  2.539635168830046e-15  5.828670879282072e-15  1.192622389734055e-16  9.649399335120989e-17  1.496198998029996e-16 -3.087807787238717e-16                      1 -8.326672684688674e-17
-3.774758283725532e-15 -8.326672684688674e-15 -5.051514762044462e-15  1.222633105868454e-14  1.665334536937735e-15 -2.775557561562891e-15 -8.673617379884035e-18  1.136243876764809e-16  2.844946500601964e-16  -2.42861286636753e-16 -8.326672684688674e-17                      1
