8
2

0.1464337714257891
0.8221537842103592
0.9654201295825587
 1.797444369526916
 2.015891311494628
 2.642491262833954
 4.240815519755719
 7.282551216674573

  -0.543253934751356   0.3085786632871477   0.6673683686743301  -0.3832012114680883 -0.06292241155693641  0.03771584718349572 -0.08978984075689261   0.0631405769325995
 -0.5552984255844017    0.060406588634953  -0.4432077572416939  0.06747121740617666   0.4420342396412175  -0.3518921639642739  -0.2379010690261953   0.3334515536281592
 -0.5604454143687555 -0.02099093405813816  -0.4164154946309246  0.04009094709118208  -0.4223405708112876   0.3830223189568387   0.2786007505667712  -0.3282607762197128
   0.105812532280025   0.1141368363009069  -0.1324852449300063 -0.09415204792646818   0.2015353755559386   0.7896494017984269  -0.4882804885120242   0.2162845846013285
 -0.2538108614299388  -0.4721069823972034   0.3894712245405753   0.6176339387118627   0.2800761267075518   0.1559217056552571  -0.1306179080842922  -0.2443773185871985
  0.0579155181285055   0.2056614349095058  -0.1161655938762042  -0.2206192116162993   0.2478188001651282  -0.1570958996588919  -0.3778457155826165  -0.8144453456352987
-0.05375878005996654  -0.6543599533524143 -0.04189630117428749  -0.3450566566598258  -0.4144106345314168  -0.1646397285423407  -0.4949247015665735  0.06565648642562151
 0.02364951146937375   0.4407877479143307  0.01716275394673901   0.5375164733247888  -0.5196782343676447  -0.1685236037874445  -0.4631692663140741  0.05419318324678504

22.60833095257742
 40.6625923683591
35.57827314461559
62.90132616219694
74.97170088118278
130.7912773336495
89.75205669780209
155.9329180827478

 1.715434440938791
0.5859239140130155

   0.1085648086017943  -0.06267505723728357   -0.1022061196671877   0.05901257137717888 -0.002997628836008698  0.001292683754999306 -0.004071369292521436  0.003543358757692992
 -0.03532814290623751   0.02047468269315112    0.0327037404773361  -0.01890637454873861  0.001089994053565936  -0.00059904108519054  0.001689868977680764 -0.001013337076878004

-0.003609144515009522 -0.009748007567902393  -0.01411032141126073   0.05004394732839912  -0.00933012219561042   -0.0701222323734845    0.4023532225987034     0.441516298522456
  0.00116378269627661  0.003404675224513659  0.004759942483845274  -0.01696688036083044  0.002434878057296429    0.0215620003364549   -0.1366999329233131    -0.143981475445296

cov:
  0.9105331186140997    1.779354211418262 -0.05585420569042992   0.2075342597565571  -0.3154873351703868 -0.07503272407921195  -0.3426217491890856  0.04669737857357857
   1.779354211418262     19.2533347584096 -0.07416346558595772    15.08941824945912   -7.353050017846054   -2.257283217093162   -5.491091857745256  -0.1063210201284495
-0.05585420569042992 -0.07416346558595772    1.118502177537124    1.904816176949139  0.02581717098751198 -0.03582346245901979   0.2219399924516628   0.2095477529716534
  0.2075342597565571    15.08941824945912    1.904816176949139    19.39101776853767   -11.97822398204163   -3.391363126226389   -9.729381864875041    1.715403172567419
 -0.3154873351703868   -7.353050017846054  0.02581717098751198   -11.97822398204163    18.58891198788238    6.035619109137248    15.15319376010959   -3.300897834141263
-0.07503272407921195   -2.257283217093162 -0.03582346245901979   -3.391363126226389    6.035619109137248    4.499862122211906    4.847129497323243   0.4151359084604244
 -0.3426217491890856   -5.491091857745256   0.2219399924516628   -9.729381864875041    15.15319376010959    4.847129497323243     17.7301053001437  -0.1172557522490536
 0.04669737857357857  -0.1063210201284495   0.2095477529716534    1.715403172567419   -3.300897834141263   0.4151359084604244  -0.1172557522490536    5.434601099118789

cov.inverse():
   14.57648517873176   -7.817751888355724   -16.32274985290455    9.586637140653929     1.47712491297949   -0.881520606312913    2.293043247087024   -1.660796304024717
  -7.817751888355721    4.538956999828172    9.522019859451204   -5.573980052324441  -0.8638450828817827   0.5124307529339822   -1.318724067053923   0.9559375953907333
  -16.32274985290451    9.522019859451197    21.29203553794437   -11.92086733362562   -2.044235127691851    1.218946281406686   -2.748229484630466    1.874273816302637
   9.586637140653909   -5.573980052324439   -11.92086733362562    6.972230223151779    1.181979573098732  -0.6855630743386952    1.603971728944266   -1.127631313619459
   1.477124912979476  -0.8638450828817748   -2.044235127691834    1.181979573098722   0.7204019217788279  -0.4544852664344798 -0.05526796423807591   0.1472300196835299
  -0.881520606312903   0.5124307529339774    1.218946281406677  -0.6855630743386897  -0.4544852664344802   0.6114967084651021 -0.02943895496745779  -0.1363999061160105
   2.293043247087032   -1.318724067053928   -2.748229484630478    1.603971728944273 -0.05526796423807243 -0.02943895496746003   0.6590997212680597   -0.462920742973468
  -1.660796304024722    0.955937595390737    1.874273816302646   -1.127631313619464   0.1472300196835275  -0.1363999061160089   -0.462920742973468   0.5904976526939059

cov*(cov_.inverse()):
     1.000000000000006 -6.467049118441537e-15 -2.350897254643769e-14  1.393329895904571e-14   5.43835809718729e-16 -1.714774156003074e-15  1.287164819174791e-15 -7.598088824778415e-16
-4.413136522884997e-15     0.9999999999999912 -6.661338147750939e-16  3.941291737419306e-15  8.083811398051921e-16 -4.440892098500626e-16  6.800116025829084e-16  5.551115123125783e-16
 3.885780586188048e-15 -2.942091015256665e-15     0.9999999999999936  1.193489751472043e-15  8.673617379884035e-17 -4.163336342344337e-17  -9.71445146547012e-17 -5.828670879282072e-16
-8.881784197001252e-15  6.217248937900877e-15  3.863576125695545e-14     0.9999999999999807  1.110223024625157e-16  1.859623566247137e-15  7.771561172376096e-16  3.108624468950438e-15
 1.154631945610163e-14  4.884981308350689e-15 -4.174438572590589e-14  7.549516567451064e-15                      1 -9.436895709313831e-16 -1.998401444325282e-15 -1.110223024625157e-15
 7.216449660063518e-15 -1.887379141862766e-15 -5.440092820663267e-15  1.998401444325282e-15 -1.845745778439323e-15                      1  4.163336342344337e-16 -3.885780586188048e-16
 1.615374500829603e-14 -3.191891195797325e-16  8.132383655379272e-15 -6.772360450213455e-15 -1.110223024625157e-16 -1.800642968063926e-15                      1   4.85722573273506e-16
 5.329070518200751e-15 -2.664535259100376e-15 -3.552713678800501e-15  2.664535259100376e-15 -1.110223024625157e-16  1.110223024625157e-16  8.881784197001252e-16     0.9999999999999987
