8
2

0.1227382472511106
 0.769374350827315
0.9541788518867417
 1.754275311710652
 2.300868655771828
  2.64686889184773
  3.66776721359648
 10.27839582616919

  0.5654619703044569  -0.2704714345269901  -0.6896348326015658   0.3388766955058116  0.07524618516700646 -0.02413241352183033  0.08421149621524615 -0.05769235903133074
 -0.5479910171755276  0.07544882137330876  -0.4413047986120897  0.07805618861723085   0.5007707528338047   -0.221187798074885  -0.2909958120085249   0.3298434099256067
  0.5572307313315032 0.005375002501677198   0.4186526148137221 -0.01353229768533822   0.4251535491767476  -0.1557436820781461  -0.4055745704059684   0.3801440771497366
0.001805033607509826 -0.00643615216407907   0.1224649282115506   0.0916861742165202 -0.06540061494534172  -0.9115821964006302    0.374234592043474 -0.03521978851304297
 -0.1567380404190776  -0.2436232642192298   0.2883738193143052   0.4856448161868158   0.4117870107451748  0.03485432915228803  -0.1203133228435027  -0.6417257066137847
  0.2010800192328657   0.5715765165096596  -0.2248114008044328  -0.4318699201768166   0.1819673814510737  -0.1508005242573268  -0.1988762046541449  -0.5480972969726533
 -0.0665757650154175  -0.5432862168505236 -0.07511707910179408  -0.2853046555214072  -0.3746368346137349   -0.255035201991799  -0.6168425518228771  -0.1657588194158267
0.004115727308326962   0.4897657003484575 0.006633300985965585   0.6055733457919541  -0.4642202666097824 -0.07910001685588697  -0.4112977328968845  0.04925898954811424

22.70049928450047
48.40999189363861
35.49083863184065
74.34903929184901
75.58821713578787
156.7186356369331
91.09269047461993
186.3106697497724

 2.028912081460636
0.4949823093993551

    0.1290300241997431   -0.06306883525968478    -0.1199126793544208    0.05921957300507829  -0.004336247245489733  4.846772247928566e-05   -0.00453331073627034   0.003284175064939123
  -0.03100095172957923     0.0151623413033852    0.02826907417133474   -0.01403852423856589   0.001318829595741691 -0.0003351126401150836   0.001043637230252078 -0.0004466741797926557

  0.002890690121848674   -0.01048025263873343    0.01984187026836444   -0.03135780501700219   -0.07424787405915077   -0.07297055963846248     0.2912488838974813     0.9237565673163901
-0.0006878912277893759   0.002867744578398145  -0.004687458883803369   0.008145522212032246    0.01689806286932539    0.01729170401529023   -0.07089676845097075    -0.2168270765829414

cov:
  0.9400282123143374    1.682800276679355  -0.1354757542176714  -0.5213291553611452   0.1018750046213724 -0.05987761093767605  0.08470780883976176  0.01540695858504767
   1.682800276679355    31.91952395396549  -0.3972268224492026     31.0629236021481   -21.05838727440231   -2.870119612684155   -17.43687485111544    2.410567620383443
 -0.1354757542176714  -0.3972268224492026    1.203056557886544    2.139771730240541   0.4011246491756175   0.1481135999325283    0.526247400598976   0.1316492356234873
 -0.5213291553611452     31.0629236021481    2.139771730240541    42.42386121177447   -27.75313178942003   -3.801424174639862   -23.55574324114158    3.796382394084414
  0.1018750046213724   -21.05838727440231   0.4011246491756175   -27.75313178942003    26.11066957588653    5.105939767943854    22.44564198148527    -3.42616085482648
-0.05987761093767605   -2.870119612684155   0.1481135999325283   -3.801424174639862    5.105939767943854    4.310131589154681    4.786956907592841   0.6194487338044721
 0.08470780883976176   -17.43687485111544    0.526247400598976   -23.55574324114158    22.44564198148527    4.786956907592841    23.97493374070394   0.1696786821114363
 0.01540695858504767    2.410567620383443   0.1316492356234873    3.796382394084414    -3.42616085482648   0.6194487338044721   0.1696786821114363     5.11058447231851

cov.inverse():
   22.08405869558736   -10.19254816285639   -25.23564429335569    12.61411831360436     2.61585597542765  -0.8010145434158747    3.183207434076345   -2.234143026635196
   -10.1925481628564    4.947764634373787    12.29913265464558   -6.117772872064984   -1.275622033998328   0.4020939250938887   -1.539885925113109    1.071907087938429
  -25.23564429335573     12.2991326546456     32.1200156220134   -15.53201175160437   -3.606429117654007    1.169907716862489   -3.806466494321066     2.55210851331559
    12.6141183136044   -6.117772872064988   -15.53201175160436    7.716879141825403    1.782256340971988   -0.579415427954859    1.885071835740031   -1.282265877624142
   2.615855975427707   -1.275622033998352   -3.606429117654062    1.782256340972018    1.048642972324135  -0.3547708539657765 -0.01843388872366887    0.109388178221634
 -0.8010145434158956   0.4020939250938969    1.169907716862508  -0.5794154279548686  -0.3547708539657767   0.4263404269526468 -0.05214773305691844 -0.07475035757640007
   3.183207434076322   -1.539885925113095   -3.806466494321026    1.885071835740012  -0.0184338887236801 -0.05214773305691481   0.8782373917298953  -0.6207220173060897
  -2.234143026635172    1.071907087938415     2.55210851331555   -1.282265877624123   0.1093881782216431 -0.07475035757640304  -0.6207220173060883   0.6865974174965357

cov*(cov_.inverse()):
     1.000000000000005    8.3995310706797e-15 -9.235667786100521e-15 -2.524022657546254e-14 -4.207788631416243e-15  3.075664722906879e-15  -4.93875773610597e-15  4.291705879566621e-15
 8.881784197001252e-15      1.000000000000008  2.486899575160351e-14  4.884981308350689e-15  1.720845688168993e-15  4.163336342344337e-16 -2.886579864025407e-15   1.77635683940025e-15
-2.331468351712829e-15  3.524958103184872e-15      1.000000000000007  6.855627177060342e-15 -2.289834988289385e-16 -8.014422459012849e-16  4.440892098500626e-16  1.110223024625157e-16
 2.131628207280301e-14  7.105427357601002e-15  4.618527782440651e-14      1.000000000000038 -6.161737786669619e-15 -3.663735981263017e-15  7.993605777301127e-15 -9.325873406851315e-15
 8.881784197001252e-16  2.353672812205332e-14 -1.953992523340276e-14 -3.730349362740526e-14      1.000000000000004  3.275157922644212e-15 -8.881784197001252e-15  7.549516567451064e-15
 2.886579864025407e-15  1.221245327087672e-15  1.998401444325282e-15   3.33066907387547e-16  4.996003610813204e-16     0.9999999999999997 -6.106226635438361e-16  8.881784197001252e-16
-2.225997164373439e-14 -4.163336342344337e-15 -2.597921877622866e-14 -2.911559882079473e-14 -3.479855292809475e-15  1.471045507628332e-15     0.9999999999999927  1.901256929670581e-15
  1.77635683940025e-15                      0 -3.552713678800501e-15  7.105427357601002e-15  5.551115123125783e-16  -3.33066907387547e-16  8.881784197001252e-16     0.9999999999999991
