10
2

0.1329079114967396
0.6771671979483848
0.7506042219541924
0.9188374957033104
 1.343822265916888
 1.562914155745384
  1.84034066033837
 1.897563988427404
 3.273929580096902
 6.741020182544685

   0.4612564733083604   -0.3643968798214221   -0.6265715714800609    0.4951697078440637   0.03901183439052737  -0.03193472971108405   0.07219323888681131  -0.05363840348888489    0.0547806349196046  -0.05514341155517599
   0.2939660946749325   -0.1261223129237747    0.1828057827567494  -0.09858747066391794   -0.8229546760834959    0.3619176777925899    0.1383124809391344  -0.08245222095484618   0.09245297824347039   -0.1087409080641867
   0.2166309124740117  -0.06037095150183804    0.0903205442831409  -0.03412160064204585  -0.01247708960242547  -0.03136373775407933   -0.8427758796046096    0.3080048654488591    0.2671943187928628   -0.2498678959689161
  -0.6715935370025167   0.06965527999121898   -0.5775382231537518 -0.002678524250664584   -0.4053358702244224 -0.007460049392309511    -0.204594822284292  0.000946522771332762   0.05501473610605056    -0.036239631659259
  -0.2002166307532288   -0.1152607856594767   0.02528029249294658  0.008291346148906871    0.1700007920886785    0.1615906510405111    0.4203715926502071    0.4551684773638245    0.4175935460673511   -0.5767439780569387
  0.01353298314094284   0.04455821366844293 -0.004354322959977429  0.003514102532571451  -0.00575484570463042  -0.04878569341057294  -0.06645656130408022   -0.1541878173417438   -0.6911424773511663   -0.6996561092638441
  -0.3922630857232998   -0.4519405699920457    0.4220027545916141    0.5586155944206995   0.04518348929743936    0.1789515067829529   -0.1506246950927504    -0.305635563269555   0.03921922873289965 -0.006119793046484928
 -0.01870551023136323   0.04933176011121501    0.2293427665578164    0.3536768675381176   -0.3546305838003753    -0.738250517585655     0.134361444576483    0.3542930803349845  -0.06499212481909755   0.03088384035108812
 -0.09043195178814553   -0.6504604248443887  -0.02945242207959446   -0.2994357564853518    0.0035873389193798   0.08250572986074625 -0.002915263647861504     0.481571857541344   -0.4170988238280764    0.2558957489714049
  0.01384075606919805    0.4447003683132793   0.00848432330108552    0.4658695486701052  -0.00449190407132999    0.5045990337051577  -0.04061432698438489    0.4622297002560166   -0.2867686470342176    0.1810004350219623

35.54824307325849
44.27527537668407
 50.5121195283171
63.01101037126406
68.48363303352488
85.56122045504149
88.30777726440307
110.2310644895305
104.2771396822374
130.5540622224751

 1.251868800055126
0.8011305268383381

   0.07328140101311999   -0.05858337828733921   -0.06956482343920102    0.05566343395186037  -0.001118103156418524  0.0007323422670068501  -0.001592343258571983   0.001146312846831458  -0.001137350031076001   0.001337202493847739
  -0.04612134983077579    0.03686502208553335    0.04353958692738289     -0.034783055153015  0.0007554622296737561 -0.0004277216562288105   0.001115906668718631 -0.0008613836042715512   0.000960056056444783 -0.0006888967795697189

 0.002224312219593673  0.005202874327781722  0.006917121811795712  -0.01064203219458718  -0.01929091127896376 -0.003346182617523105 -0.002080311172951525 -0.001313725516153564    0.1960442854864096   0.08366627684032189
-0.001394630553843956 -0.003304637521293314 -0.004434371138881037  0.006784212674109162   0.01215709112290067  0.001466337137535213   0.00158850351620916 0.0006258230854189906   -0.1254380718372195      -0.0519000508512

cov:
   1.142214848945755     1.48359685091773   -0.193467986500393  -0.1974960000992983  0.01358601450466684  0.03826101601232428  0.04653121701135939   0.0619463491833459  0.01670183830761256  0.03219234561850307
    1.48359685091773    14.26660163511244  -0.2777208598415253    10.71181841594114  -0.2600161396166212    9.157505293197591  -0.6325401080953701    6.397030095655659   -3.132205792525247    1.945262829138691
  -0.193467986500393  -0.2777208598415253    1.114773319105803    1.350781778360922 -0.09573198827644759  -0.1447573261407311 -0.03149793663627205 -0.08676169661194311  0.04382778782804869 -0.01668152311417634
 -0.1974960000992983    10.71181841594114    1.350781778360922    12.34027341057593  -0.4315461910083132      9.8018101584154  -0.9475360677569638    8.115433837746245     -4.7493328721914    3.032855888875806
 0.01358601450466684  -0.2600161396166212 -0.09573198827644759  -0.4315461910083132   0.9624635775895588   0.7867260919983888 -0.03266229639882478  -0.4045213398979967   0.2138488052906661  -0.1795470545030535
 0.03826101601232428    9.157505293197591  -0.1447573261407311      9.8018101584154   0.7867260919983888    13.82781715866783   -1.212626380573715    10.02970117406261   -6.533367713556984    4.192479153530116
 0.04653121701135939  -0.6325401080953701 -0.03149793663627205  -0.9475360677569638 -0.03266229639882478   -1.212626380573715   0.9911736427303166  -0.3219468200346879   0.7895982776239476  -0.5302920759881333
  0.0619463491833459    6.397030095655659 -0.08676169661194311    8.115433837746245  -0.4045213398979967    10.02970117406261  -0.3219468200346879    13.45178109985175   -7.653449286893777    4.918630865108057
 0.01670183830761256   -3.132205792525247  0.04382778782804869     -4.7493328721914   0.2138488052906661   -6.533367713556984   0.7895982776239476   -7.653449286893777    7.150567118369934   -2.808419097450924
 0.03219234561850307    1.945262829138691 -0.01668152311417634    3.032855888875806  -0.1795470545030535    4.192479153530116  -0.5302920759881333    4.918630865108057   -2.808419097450924    4.032352931274925

cov.inverse():
    12.9189035469361   -9.603884935830367   -15.80236585773903    12.79093340384997   0.7864436011760596  -0.6436107441915738     1.78226732283351   -1.357473535792366    1.497775630616679   -1.518352025624921
  -9.603884935830367    7.676935491751692    12.76479101835567   -10.23161337256104  -0.6326278018489154   0.5167101830600348    -1.46019534166344    1.085318507002153   -1.202455797720356     1.20276309056305
    -15.802365857739    12.76479101835566    22.77496282874432   -17.51377650074139   -1.451148954460143    1.254593678042744   -2.504956116320971     1.90834121181183   -1.892129437619188    1.891064337649768
   12.79093340384994   -10.23161337256103   -17.51377650074139    14.04387399183959    1.245794362685197   -1.010536092460706    2.035520004078998   -1.526972749624607     1.50909127409019   -1.514071088153025
  0.7864436011760453  -0.6326278018489043   -1.451148954460124    1.245794362685182    1.809516613006168  -0.6253724993668032  0.05259437061994793  0.02659579361684964  -0.0295174447214521  0.04060170774780445
 -0.6436107441915603   0.5167101830600239    1.254593678042727   -1.010536092460692  -0.6253724993668034    0.527679282943381  0.03033614791888911 -0.02140063379096248  0.01874653787404328 -0.01221374058022818
   1.782267322833514   -1.460195341663443    -2.50495611632098    2.035520004079004  0.05259437061995043   0.0303361479188869    1.758431277774191  -0.5686267354845076 -0.04903480403222393  0.01035609803731991
  -1.357473535792369    1.085318507002155    1.908341211811835   -1.526972749624611  0.02659579361684748  -0.0214006337909607  -0.5686267354845074   0.5593189911768949  0.08045705870622115 -0.03391940598552943
   1.497775630616684   -1.202455797720359   -1.892129437619194    1.509091274090195 -0.02951744472145027  0.01874653787404144  -0.0490348040322239  0.08045705870622098   0.6306122339855372  -0.2609286585042398
  -1.518352025624924    1.202763090563052    1.891064337649774   -1.514071088153029  0.04060170774780256  -0.0122137405802263  0.01035609803732043 -0.03391940598552973  -0.2609286585042399   0.7020024820630189

cov*(cov_.inverse()):
     1.000000000000004  6.938893903907228e-18 -1.416922135177856e-14  1.650068970349139e-14 -1.125401855039954e-16  1.830133267155531e-16  8.168921268592033e-16   1.39645239816133e-16 -5.620504062164855e-16  1.110223024625157e-15
-6.217248937900877e-15      1.000000000000004 -8.881784197001252e-16  2.220446049250313e-15 -1.068589661201713e-15 -1.158795281952507e-15 -3.816391647148976e-16 -8.326672684688674e-17  1.665334536937735e-15 -3.552713678800501e-15
 1.436351038108796e-15 -3.382710778154774e-15     0.9999999999999988 -1.360023205165817e-15 -3.606056425686788e-16 -4.039195193594747e-16  6.288372600415926e-17  3.593045999616962e-16  2.896988204881268e-16 -6.956241138666996e-16
 -1.06581410364015e-14  1.332267629550188e-14  2.664535259100376e-15     0.9999999999999813 -2.636779683484747e-16 -1.935951399190117e-15 -3.823330541052883e-15  3.594347042223944e-15  1.443289932012704e-15  -1.77635683940025e-15
 4.440892098500626e-16 -8.326672684688674e-17  4.996003610813204e-16 -5.551115123125783e-17                      1  1.895185397504662e-16  2.584737979205443e-16 -5.637851296924623e-17 -8.326672684688674e-17                      0
  -1.4210854715202e-14 -1.243449787580175e-14 -4.440892098500626e-15 -5.329070518200751e-15  1.443289932012704e-15     0.9999999999999978  5.204170427930421e-16  -3.33066907387547e-16  1.998401444325282e-15 -4.440892098500626e-15
 1.887379141862766e-15 -1.221245327087672e-15 -2.664535259100376e-15  3.663735981263017e-15  2.844946500601964e-16   4.77048955893622e-17                      1 -1.318389841742373e-16  2.220446049250313e-16 -5.551115123125783e-17
-3.819167204710538e-14                      0   1.77635683940025e-14  -1.06581410364015e-14 -1.693090112553364e-15  -9.71445146547012e-17  3.608224830031759e-16     0.9999999999999996  8.881784197001252e-16 -4.440892098500626e-16
 4.440892098500626e-15   1.77635683940025e-15 -7.993605777301127e-15 -4.440892098500626e-15  6.938893903907228e-16  1.131039706336878e-15  2.556982403589814e-15 -6.661338147750939e-16                      1  1.110223024625157e-15
-4.440892098500626e-15 -3.552713678800501e-15  8.881784197001252e-16  6.217248937900877e-15 -6.938893903907228e-16 -3.608224830031759e-16 -4.579669976578771e-16 -5.551115123125783e-16  1.110223024625157e-15     0.9999999999999996
