10
2

0.04144735474715836
0.04223256677324708
0.04386554051055011
 0.4883926495683023
 0.9482713197409816
  1.222504960682836
  1.308440472772381
  1.775921641588193
  3.240533824159889
  5.478559967350318

  0.09105525246193523  -0.02017397740848357   -0.2764155755029269   0.05951205471209534    0.5903520844275282   -0.1218185361628496   -0.6725779613614996    0.1400557580494422    0.2701177484481989  -0.05530849625907022
    0.544250275762228   -0.1184875013566247   -0.7489392856513345    0.1582072363718491  -0.07786350814390269   0.01594000051852683    0.3053472576275416     -0.06062603869391  -0.02290544806337741  0.007670250731711225
   -0.354877287778634   0.07751582107212622   -0.1549488718223687   0.03626826107223897    0.6422772103911834   -0.1364621179451893    0.3784255225446957  -0.08064362327532355   -0.5001835645964073    0.1081391485986091
   0.6358181960287334   -0.3007514071374752    0.4532127665059961   0.01003237207374752    0.1631935594889834  -0.07891689282560374   -0.1310362662093052   0.02973178309813875   -0.4900499039851717   0.09336995380780935
  -0.1058830187894432   -0.3257701225198407    0.1385407580505218    0.5481669385328045   -0.0337294016793977   -0.5528114373798615    0.2287797066245516     0.354232888431448    0.2033181102175024   -0.1925735554951522
   0.1226094416200872    0.5340760508034299   -0.1007442532453962   -0.2954919604357071   -0.1619067554350946   -0.3522995546422202  -0.01970443832784228    0.6344627788532282   -0.2057879635693062   0.08158462657332008
  -0.1530162910185628   -0.5652121811315972   -0.1370081174164128   -0.5709457429158581  -0.07453029815633455   -0.3370882094107843   0.00903237159563023 -0.004597654231154157    0.1173993716246467    0.4234411157477287
   0.1282409989664398    0.3605181014977991    0.1223118469883488    0.3157927272899695 -0.002085081956995937   -0.2730484917833907 -0.005576904006816384   -0.3325004980663659    0.2244862989697541    0.7094745254227268
  -0.1200424837164399    -0.196231538270077  -0.02716843319025921    0.2554650570005643   0.02559409599880308    0.5681886270185839   0.01287627145017058    0.5573364397729843  -0.01320108926351438    0.4966136511763918
   0.2911763806996123   0.09892058763874237    0.2635544143199292   -0.3020658470583066    0.4155765838107668    0.1389915747876979    0.4909365090929929     0.141760048793836    0.5367879620491556  -0.05871872723574258

27.20687641350835
129.8089682128113
32.78071639336284
156.5975271908268
38.83311868317891
185.4374585069603
46.07586852830779
220.0998581825109
54.60676900281308
260.9803742290226

 4.803389348252033
0.2090012891986467

    0.1495720882447056   -0.03184724361364001    0.01338797846895867  -0.004532692265045588    0.05464292986166444   -0.01336560452378125   -0.06413187639424907    0.01316906902641743    -0.1580190378764092    0.02965700397675944
 -0.005694950354605424   0.001225250885075456  -0.003033910414738664  0.0006217074199686854 -0.0003539893051800683  6.295187569076686e-05   0.002591919575842216 -0.0005510217231396964   0.006592165140746674  -0.001330780551210093

 7.701651784002871e-05  9.530186573046053e-05  6.936117478583391e-05    0.05001310032652354   -0.04351589036524004    0.06238013263542657   -0.01769056297260975   -0.02211474683904353    0.04100689667629611      -1.50169777195959
 2.568602187274603e-07  -3.24395229612076e-07 -8.318818062544122e-08  -0.002178164913201936   0.001884613797617003  -0.002619348595779329  0.0008236830197130816  0.0007085282952136077  -0.003260316832201978    0.06448047486882033

cov:
  2.917787359520735   1.488866202781623   2.459374470182615   -2.78933662393743   3.616240904666772  0.4525482810085906   4.224376581725303  0.4901372916579662   4.636939275033068 -0.9157965515165161
  1.488866202781623   2.198250750724091  0.9567793696646172 -0.9089155290754867   1.119915371704004 -0.8560580264855665   1.342676340499976 -0.7006769129940295   1.573866774042519 -0.6858758201376869
  2.459374470182615  0.9567793696646172   2.254513481622824  -2.093015563910793   3.334237478856536  0.8868460031997532   3.892703511122359  0.7870526154958571   4.312468598189979 -0.4580091975187615
  -2.78933662393743 -0.9089155290754867  -2.093015563910793    4.69735091958239  -3.572996814271034  0.2045268887775732  -4.309660706982864 -0.2222989237533177  -4.603401303885735   2.026604588066595
  3.616240904666772   1.119915371704004   3.334237478856536  -3.572996814271034   5.247999885015122   2.029857458284319    6.11845050465535    1.75773336773286   6.699763999243178 -0.6678330638824658
 0.4525482810085906 -0.8560580264855665  0.8868460031997532  0.2045268887775732   2.029857458284319   4.861501681258364   2.023661534651153   3.695063017554019   1.916104829991666   1.913778635772617
  4.224376581725303   1.342676340499976   3.892703511122359  -4.309660706982864    6.11845050465535   2.023661534651153   7.289022123494927   2.223017065407092   7.968314268164124 -0.8488089835693227
 0.4901372916579662 -0.7006769129940295  0.7870526154958571 -0.2222989237533177    1.75773336773286   3.695063017554019   2.223017065407092   4.928477924996394   1.836669095060267    1.92596240386286
  4.636939275033068   1.573866774042519   4.312468598189979  -4.603401303885735   6.699763999243178   1.916104829991666   7.968314268164124   1.836669095060267   8.991168591402973 -0.4988126567883998
-0.9157965515165161 -0.6858758201376869 -0.4580091975187615   2.026604588066595 -0.6678330638824658   1.913778635772617 -0.8488089835693227    1.92596240386286 -0.4988126567883998   4.633210125055958

cov.inverse():
   238.091014596388  -52.17232441910351  -213.4041668518076   44.73728277462772  -110.4873851018595   23.41447119321216  -12.64213481773659   3.868518449527673   98.23364715856847  -20.27214236090488
 -52.17232441910359   12.15089316583654   46.16049411767785  -9.845856106107343   23.88781911659756  -4.881929484016045     2.9315101659963 -0.8514909617902925  -21.34076241510827   4.409373550137416
 -213.4041668518074   46.16049411767759   372.3452920026584  -78.75038885228237  -113.6905236601452   23.70153898179817  -50.67855708605538   9.471138415808422    5.55130942836843  -2.895435892755409
  44.73728277462742  -9.845856106107231  -78.75038885228214    17.4027874778173   25.69019910682485   -5.55149809950292   11.04734612755385  -1.973621975616902  -1.980302941551519  0.6155029151591479
 -110.4873851018385    23.8878191165932  -113.6905236601719   25.69019910683024   420.8005120977428  -88.08576605773337  -118.2364568155662   23.80083450749642  -73.44944378055304   16.79804916888326
  23.41447119320791  -4.881929484015167   23.70153898180359  -5.551498099504014  -88.08576605773347    19.0290708986245   23.49405759609894  -5.070916948053565   16.15829916556601  -3.728512257391978
 -12.64213481777942   2.931510166005586  -50.67855708600202   11.04734612754272  -118.2364568155652   23.49405759609864   390.1623066272174  -81.00408967733607  -207.7140692804945   44.13403020149826
  3.868518449536582 -0.8514909617922238   9.471138415797345  -1.973621975614589   23.80083450749611  -5.070916948053479  -81.00408967733588   17.33695032054323   43.67322180292455   -9.38152623485127
  98.23364715858959  -21.34076241511291   5.551309428342219  -1.980302941545936  -73.44944378055915   16.15829916556729  -207.7140692804831   43.67322180292229   173.9023874882476  -37.07417650597985
 -20.27214236090921   4.409373550138363   -2.89543589275004  0.6155029151580035   16.79804916888443  -3.728512257392222    44.1340302014961  -9.381526234850844  -37.07417650597993   8.261271493979622

cov*(cov_.inverse()):
    0.9999999999999005  3.463895836830488e-14 -2.398081733190338e-14 -4.585221091701897e-14 -5.329070518200751e-15 -1.110223024625157e-14  3.552713678800501e-14   1.77635683940025e-15  9.947598300641403e-14  1.243449787580175e-14
-3.552713678800501e-14       1.00000000000002  4.107825191113079e-14 -1.998401444325282e-14  5.329070518200751e-14 -2.220446049250313e-15  -1.56319401867222e-13   1.77635683940025e-14  6.394884621840902e-14 -3.552713678800501e-15
 4.085620730620576e-14  1.953992523340276e-14      1.000000000000067 -2.786659791809143e-14  2.726707748479384e-13  3.996802888650564e-15 -3.055333763768431e-13  1.154631945610163e-14  2.131628207280301e-13 -4.440892098500626e-15
 -1.70530256582424e-13  2.664535259100376e-14  1.740829702612245e-13       1.00000000000001  7.815970093361102e-14 -3.197442310920451e-14 -2.842170943040401e-14  2.131628207280301e-14  -1.70530256582424e-13  2.131628207280301e-14
 6.394884621840902e-14  -8.43769498715119e-15 -1.334488075599438e-13 -1.432187701766452e-14       1.00000000000033 -8.038014698286133e-14 -4.298783551348606e-13  7.460698725481052e-14  2.664535259100376e-13 -9.681144774731365e-14
-7.105427357601002e-15 -8.881784197001252e-15 -1.332267629550188e-14 -1.354472090042691e-14 -2.842170943040401e-14     0.9999999999999911  -1.27897692436818e-13   1.06581410364015e-14  4.263256414560601e-14                      0
 2.131628207280301e-14 -1.465494392505207e-14 -1.376676550535194e-13 -8.881784197001252e-15  2.273736754432321e-13 -1.172395514004165e-13     0.9999999999996518  2.664535259100376e-14  2.060573933704291e-13 -5.595524044110789e-14
-7.105427357601002e-15   1.77635683940025e-15  3.463895836830488e-14 -1.665334536937735e-14    1.4210854715202e-14  3.552713678800501e-15 -7.105427357601002e-14     0.9999999999999929   -1.4210854715202e-14                      0
-9.769962616701378e-14 -7.105427357601002e-15 -3.241851231905457e-13 -1.781907954523376e-14  2.042810365310288e-13  2.309263891220326e-14 -3.197442310920451e-14 -2.842170943040401e-14      1.000000000000156  9.769962616701378e-15
                     0  3.552713678800501e-15  8.881784197001252e-14   1.77635683940025e-15 -9.947598300641403e-14  2.131628207280301e-14  5.684341886080801e-14                      0 -2.842170943040401e-14      1.000000000000014
