8
2

0.04387602015743449
0.04716770451451039
 0.3741657358881853
 0.9256748447522511
  1.164621873168732
  1.453608443222628
  2.453904331308798
  5.754357670271871

  0.2440385609737999 -0.05471223404699686  -0.7046353893573635   0.1461050205121872   0.6145212075232465  -0.1233196402003551  -0.1601293433732342  0.03329547244952365
    0.50109929468665  -0.1121352352328911  -0.4169075108592214  0.08890254761065097  -0.5572128126328902   0.1148657231955986   0.4709406359645666 -0.09562591056348849
 -0.7120616497061009   0.1800113512359867  -0.3202743526853694  0.04025801104155593  0.07585950414999487 -0.01774125229885114   0.5749951460214393  -0.1402815656162121
 0.08644178962055094   0.5426919316633201  -0.1846742418845851  -0.5945500241890868  0.00664994919349474   0.4692579907104951  -0.1707503488564096  -0.2470141941899872
 -0.1064856489521953  -0.7782890864169125 0.002491659216220916  -0.3754684668726833   0.1432456333823838   0.2419024284744702  0.02982600206860339  -0.4025151422814073
 0.02775967606959948   0.1156757480216151   0.1441787796476201   0.6643920133551002  0.09340679671362116   0.4170619902388452  -0.1075272305938465   -0.573948268661873
 -0.2093161887191953  -0.1794228758751692  -0.1529534554222758   0.1696248189685649 -0.07542964926395215   0.6847964074646223  -0.1179941019117954   0.6190868002683595
  0.3448443732166923  0.07878002345284191   0.3857568799888677 -0.06688292052025312   0.5207157646972608   0.2228827265997514   0.6053297509628903   0.1853338766332394

26.25802115609838
129.3771508668709
 32.0466153898294
 157.881096630592
37.58953907301048
184.9983123051225
44.60521258309952
219.4746426325939

4.940259090513312
0.203615244328815

    0.2505627169561017   -0.05159265017786315  0.0007430582783808579   0.003693683504451462    0.07846577215746657   -0.02458305394520074     -0.308414660257761    0.06341811061179611
 -0.009998770697279188   0.002130172249711318  -0.002546774126641041  0.0004785670271940179   0.002493639101211116 -0.0005200243099311228    0.01019707717572682  -0.002090541313695027

 0.0003209805235507922 -0.0001479365631719823   -0.05146924393294146    0.01483215126979307   -0.02352537419187661  -0.005515828383279138    0.06155537244757254     -1.893365419839283
-1.536421376747065e-06 -1.317125837214762e-06   0.002057027715620731 -0.0008351923458799495  0.0008108545163090213  8.251499071834696e-05  -0.005179873925596524    0.08851239768674125

cov:
   4.296572708593752    1.267010946998243    4.623180940102107  -0.9322002350108634    6.018360720677426     1.70801673837598    6.980671883119022    1.356026167250859
   1.267010946998243    1.506148169086187    1.110384721922164 -0.07449193409900169    1.316537043970407  -0.0941231524720517    1.583776043781839 -0.01916947866449852
   4.623180940102107    1.110384721922164    5.157170238781321  -0.7174206884153674    6.744966889609294    2.270730447705886    7.809172395122764    1.666359998733875
 -0.9322002350108634 -0.07449193409900169  -0.7174206884153674    1.748479973625647    -1.17497761781516   0.4289743650000638   -1.536989542475244  -0.2538109228677322
   6.018360720677426    1.316537043970407    6.744966889609294    -1.17497761781516    9.061110468405984    3.663472785489474    10.47978599933061    2.720158444510315
    1.70801673837598  -0.0941231524720517    2.270730447705886   0.4289743650000638    3.663472785489474    5.104445012907226    3.826015136798927    3.183813681359421
   6.980671883119022    1.583776043781839    7.809172395122764   -1.536989542475244    10.47978599933061    3.826015136798927    12.31455302872629    3.413827882361887
   1.356026167250859 -0.01916947866449852    1.666359998733875  -0.2538109228677322    2.720158444510315    3.183813681359421    3.413827882361887    4.416144491791401

cov.inverse():
 147.4505387291355 -32.98349757745033 -181.6045158809332  38.31197042041251 -47.98989778060228  10.34148504871243  82.83782960748516 -16.62443255009959
-32.98349757745037  8.240471345889663  40.52238745000486 -8.711457733868182  10.64817788704342 -2.146195816807021 -18.57253885339212  3.718245708696105
-181.6045158809277  40.52238745000356  336.8294142126639 -70.06199462640632 -120.6730624120752  23.56667175020644 -30.91493621688969   6.05322946365305
 38.31197042041139 -8.711457733867917 -70.06199462640642  15.38298681280591  24.37637513152974 -5.016950956093098  6.903015464561504 -1.215183379743753
-47.98989778061209  10.64817788704566 -120.6730624120612  24.37637513152681  335.7908888637544 -68.10128102971618 -168.7459085635957  34.42783357047011
  10.3414850487144 -2.146195816807463  23.56667175020362 -5.016950956092506 -68.10128102971611  14.29426399994747  34.38064678985246 -7.300936630809427
 82.83782960748952 -18.57253885339309 -30.91493621689815  6.903015464563245 -168.7459085635916  34.38064678985167  115.4225748709993 -23.52676337512922
-16.62443255010046  3.718245708696295  6.053229463654743 -1.215183379744101  34.42783357046928 -7.300936630809269 -23.52676337512922  5.237857747340571

cov*(cov_.inverse()):
     1.000000000000071 -2.664535259100376e-14  1.101341240428155e-13  5.839773109528323e-14  -1.49213974509621e-13 -6.394884621840902e-14  -1.06581410364015e-13 -7.993605777301127e-15
-9.992007221626409e-16      1.000000000000008  5.190292640122607e-15  1.006139616066548e-16  3.363975764614224e-14 -7.632783294297951e-15 -1.176836406102666e-14   3.05311331771918e-16
  -1.4210854715202e-14 -1.598721155460225e-14      1.000000000000117  5.639932965095795e-14 -4.476419235288631e-13 -6.750155989720952e-14  2.842170943040401e-14 -2.486899575160351e-14
 9.769962616701378e-15 -1.887379141862766e-15 -2.398081733190338e-14     0.9999999999999845 -2.842170943040401e-14 -1.998401444325282e-15  2.664535259100376e-14 -4.218847493575595e-15
 2.131628207280301e-14  3.907985046680551e-14  3.197442310920451e-14  1.083577672034153e-13     0.9999999999996305  2.486899575160351e-14   1.70530256582424e-13 -6.750155989720952e-14
 7.105427357601002e-15                      0  6.750155989720952e-14  8.881784197001252e-15 -4.263256414560601e-14                      1  7.105427357601002e-14  -1.06581410364015e-14
 3.552713678800501e-14  5.329070518200751e-15  1.101341240428155e-13  3.108624468950438e-14  2.415845301584341e-13 -5.329070518200751e-14      1.000000000000085   -1.4210854715202e-14
  -1.4210854715202e-14  7.105427357601002e-15    1.4210854715202e-14  2.664535259100376e-14  8.526512829121202e-14 -7.105427357601002e-15 -2.842170943040401e-14     0.9999999999999929
