10
2

0.04255722856613878
 0.3773271687064346
 0.5938713939618391
 0.6950430895578429
 0.9223076388898414
  1.344131774814225
  1.577238059655988
  1.908259972247462
  3.170723759969563
  5.702728349676184

     0.407086026658601    -0.1159890805313581    -0.7849033220828155     0.2253153991844168     0.3769066401823392    -0.1090954632202812   0.004476516508277583  -0.001658171048427454  -0.002001784888416664 -0.0001207796656334921
    0.4964267954123318    -0.1194059504424057    -0.1071399571153585    0.05541133387389791    -0.7372966399430549     0.3233285865800571     0.1993780446076897   -0.04421617426694607     0.1641803376496727   -0.08912744405005289
   -0.2650926158014004    0.02363597931114935    -0.1483262650915879     0.1333058845069031    -0.0707973203646847    0.07391513790308868  -0.002468198208015292     0.6486617214207893    0.02393124813206413    -0.6764462817631567
    0.6717106361406296   -0.08379083831701721     0.3974435402052927     -0.356282826810621     0.2422723896199492    -0.1741171378656283    -0.1851027788886084     0.3257304348695998   -0.05408118768136531    -0.1567937437982443
  -0.03922564091032974    -0.0104269376648876    -0.0755187582976775    0.02187761614980531   -0.08523363112021184     0.1501058122531376    0.02074892077535659     0.6756040928627587   -0.08400083050299384     0.7060076776107522
   0.03630395048886777    0.03570509561970201   -0.03789320494574182    -0.1284702532624617     0.1541023799812436     0.6511848894457003   -0.02026546832732062    -0.1052232345835783      -0.71413091112305    -0.1010533922677615
  -0.08499062288378224   0.005196214031613943    -0.1321439895810837    -0.5761078321281697     0.1533991396169884     -0.002547058758179     0.7775543721379726    0.03915549694954551     0.1135934263834141   -0.02867264421749081
    0.1196374857088087    0.03877004065619145     0.2077995518065128     0.4675084965577594     -0.100078582788823    -0.4409572707022507     0.4872292053202819    0.03999878264753306    -0.5278592414616691   -0.01876940678621365
   -0.1835240700165879    -0.4586752150561381    -0.2697479128898584    -0.4224280019813012    -0.3683339661767144    -0.4042837808341079    -0.2483237888262468   -0.02227822523254657     -0.378670385361725   -0.00768369701918603
   0.09109272239208192     0.8668405525878167    -0.2279038260934456    -0.2357150014988413    -0.2244941718054636    -0.2081054709553439    -0.1465271790791275   0.006135234449016108    -0.1325674404885103  0.0005955101553911448

22.68735997834749
 79.4908706022687
37.35399495784988
  130.97248563343
53.06010079462394
186.0913757345637
63.51385410811825
222.3114850996703
73.63929780403392
259.2822171335735

3.513327808920579
0.284922822036048

    0.1192451044867346   -0.03391395935874365  -0.008835338044927111   0.002286300399061628    -0.1084488395449196    0.03044472035027585  0.0006621854598711149 -0.0002709671841735746  -0.002428770514636368  0.0003706377588791518
 -0.008852175583711751   0.002517310937265274 -0.0008991214877959806  0.0002657165566926321   0.009614146867868352  -0.002690864913702833 -1.341150130482641e-05  1.404791081745905e-05  0.0001077691765995858 -2.324228092690385e-05

 2.850418851046513e-05    0.02190225581263253  -0.007531664655306422    0.02265719461775558   0.008934551759870757    0.01442508616408186   -0.06705866052985911    0.04078321576014375     0.2360981782931824    0.03814672671638142
 1.425198589458566e-06  -0.001783402768024574  0.0006076116896523254  -0.001838817261958827 -0.0007187275063967472     -0.001044376830451   0.005512326325518447   -0.00313931792897279   -0.01900820832669583  -0.003010386112884185

cov:
     0.960386238217345      3.394799250622028    0.07573621848052306     0.2734430913680444   -0.01513243593884696   -0.06507478888702348    0.02419969064624363    0.08090731649036198 -0.0002561248456775592   -0.01029398476258401
     3.394799250622028      26.56543269789059     -5.170348353474276      -4.63239736531288     -4.629526879027744     -4.021774955462835     -2.904171536896799     0.2620346811590606     -2.109779197241396    0.03864129290988753
   0.07573621848052306     -5.170348353474276      2.715627030079152      3.366621469153743      2.592467994030392      2.209662899422023      1.834116873509295    0.02542584759198456      1.612847699400074   -0.02014722426333761
    0.2734430913680444      -4.63239736531288      3.366621469153743      5.320820095418948      2.806909801999786      2.452778490366527      1.931338743565371    0.07063993017971192      1.738875815798634    0.06828070067013385
  -0.01513243593884696     -4.629526879027744      2.592467994030392      2.806909801999786      3.254813885946835      3.290320159424168      2.058802690831403   -0.01364271809209273      2.388899797243124   -0.05142418557743788
  -0.06507478888702348     -4.021774955462835      2.209662899422023      2.452778490366527      3.290320159424168      4.576446766686531      1.217178681567896   -0.06549972209002447      2.444999978522024    0.02023180852872221
   0.02419969064624363     -2.904171536896799      1.834116873509295      1.931338743565371      2.058802690831403      1.217178681567896      3.709984683795783     0.1579180968066894     0.8943961441255439   -0.04417765753505781
   0.08090731649036198     0.2620346811590606    0.02542584759198456    0.07063993017971192   -0.01364271809209273   -0.06549972209002447     0.1579180968066894     0.6240589922685074     0.0759579371462297     0.2424056799960211
-0.0002561248456775592     -2.109779197241396      1.612847699400074      1.738875815798634      2.388899797243124      2.444999978522024     0.8943961441255439     0.0759579371462297       3.99268700351921     0.1308958361726765
  -0.01029398476258401    0.03864129290988753   -0.02014722426333761    0.06828070067013385   -0.05142418557743788    0.02023180852872221   -0.04417765753505781     0.2424056799960211     0.1308958361726765     0.6207750645976219

cov.inverse():
    94.37810354639772     -26.6084513107302    -176.1142984937197     50.28039074906076     82.54145364914314      -23.693193015436     1.438046367480639   -0.5943940946209942  0.004167009691625159  -0.08156110788981337
   -26.60845131073019     7.589815723423642     50.28674348098998    -14.39161698550675    -23.55241714074112      6.76999676950502   -0.4083795214372159    0.1215773894255548 -0.003232164397880559   0.05380102266683794
   -176.1142984937197     50.28674348098999     340.6670936674543      -97.967191895098    -162.5581797344024     46.82250862314724    -2.248547029089234    0.6900587766869587     0.686796652080028    0.2150015326058244
    50.28039074906069    -14.39161698550675      -97.967191895098     28.58808394126008     46.35294950857168    -13.37000200783567    0.6660428905055151   -0.1967320734414255   -0.1647908211516946   -0.1598638743791236
    82.54145364914332    -23.55241714074117    -162.5581797344027     46.35294950857175     82.43974874398472    -24.41136326613844   -0.1523664844874085   -0.1575373959387112    -1.314919081006268      0.41323422998461
   -23.69319301543611     6.769996769505049     46.82250862314741    -13.37000200783571    -24.41136326613847     7.716227647481617    0.1968111142713215   0.09527790625848363     0.325597309395084   -0.1896184540008239
    1.438046367480578   -0.4083795214371983    -2.248547029089115    0.6660428905054812   -0.1523664844874679     0.196811114271339    0.6769621773325366   -0.1595938587745239     0.226308332303646   -0.0532290079539046
  -0.5943940946209927    0.1215773894255543    0.6900587766869559   -0.1967320734414247   -0.1575373959387091   0.09527790625848288   -0.1595938587745241      1.97172424709067  -0.06992526048165733   -0.7560941735701259
 0.004167009691615826  -0.00323216439787787     0.686796652080046   -0.1647908211516997    -1.314919081006276     0.325597309395086    0.2263083323036455  -0.06992526048165706    0.5862923861593751   -0.1590662732012771
 -0.08156110788980772   0.05380102266683636    0.2150015326058146   -0.1598638743791209    0.4132342299846142   -0.1896184540008251  -0.05322900795390442   -0.7560941735701261   -0.1590662732012769     1.996160127014023

cov*(cov_.inverse()):
                     1  3.002481076264107e-15  3.352830166281073e-14   4.02098059709699e-14 -1.583976005914423e-14  6.584793474373463e-15 -3.165870343657673e-16 -1.691355389077387e-16 -1.695692197767329e-16 -1.387778780781446e-16
 6.753712172846704e-15      1.000000000000029  4.782632623268057e-15 -2.174475877136928e-15 -1.536618055020256e-14 -2.107689023311821e-16 -1.137544919371791e-15 -5.551115123125783e-17  5.152128723651117e-16 -6.938893903907228e-17
 1.393559746765138e-13 -2.890439623759455e-14     0.9999999999998915  4.549312315749177e-14  6.566448773615008e-14 -4.144471224543089e-14   6.03900610074426e-16 -5.672545766444159e-16 -8.799384831892354e-16 -4.163336342344337e-17
-3.880142734891123e-14  1.567799709500939e-14  1.689690054540449e-13      1.000000000000065  1.120631365481017e-15 -9.568734693488068e-15 -1.057313958607864e-15 -1.110223024625157e-16  -4.40619762898109e-16  2.220446049250313e-16
 -3.06360839474884e-14  2.599049447882251e-15  1.266816512801583e-13 -3.263014858312374e-15      1.000000000000058 -9.476794349261297e-15  3.898791012257874e-16  2.636779683484747e-16 -5.013350845572973e-16  4.440892098500626e-16
 2.836923404525571e-14 -1.373597416365335e-14 -7.305614446728725e-14  5.744970471566191e-15  2.684484579074109e-14     0.9999999999999868    3.9118014383277e-16  4.336808689942018e-17  4.891920202254596e-16 -1.804112415015879e-16
 1.463803037116129e-14  -1.57296051184197e-15  5.856252982550103e-14  1.881307609696847e-14 -3.035419138264217e-14 -2.044024671743472e-14                      1 -2.081668171172169e-17 -3.877106968808164e-16   9.71445146547012e-17
 2.175343238874916e-15 -6.453171330633722e-16 -1.915134717478395e-15  4.163336342344337e-15  -1.52655665885959e-16 -2.359223927328458e-16  1.214306433183765e-17     0.9999999999999999 -1.179611963664229e-16                      0
-8.925152283900673e-15 -1.208234901017846e-15  7.775030619328049e-15 -1.858929676856746e-14 -2.646494134950217e-14  1.301042606982605e-15  3.903127820947816e-17  1.387778780781446e-16                      1 -1.665334536937735e-16
 -1.35308431126191e-15  3.885780586188048e-16  2.609024107869118e-15 -1.623701173514291e-15   3.33066907387547e-16 -2.775557561562891e-17  2.081668171172169e-17 -1.110223024625157e-16 -1.387778780781446e-17                      1
