12
2

0.04143595708583185
0.04418949723158406
 0.0481508852118521
 0.5569262502027509
 0.9524378743792913
  1.054396085605243
  1.162967631150156
  1.319248875371762
  1.854188536248031
  3.246121761778312
  3.404270738188916
  8.049169194370458

  -0.02436523851385746   0.006044117643580112    -0.1558097131780825    0.04013318352524957     0.6359124743892058    -0.1578732012814854     -0.679000794039669     0.1691324695666832     0.2268651046160067   -0.05527181419211399   -0.00123169878810889   0.001305794872660164
   0.07179733192547222   -0.01738592456713748    -0.6087670636247027     0.1530401630571173     0.4683816041534293    -0.1194662258572092     0.4511271780435471    -0.1112285557200963    -0.3760069680120989    0.09796314414468743   0.001770818777888064  -0.001435786199723946
   -0.5730010717468749     0.1430539875138418     0.5430626943590463    -0.1331474059131264         0.362780292411   -0.08738553552995373     0.0940847013541606   -0.02199083168688098    -0.4217666461300877     0.1099397780589613 -0.0005232363890949977   0.002138755426844561
    0.6903105364224459    -0.1131593751363546     0.2935652280056696   -0.09534941136441777     0.0567486422416614   -0.03742131188796143    -0.2038521796146743    0.08369738871794867    -0.5280538715167648     0.1313720671593261     0.2263769331204845    -0.1219283055209187
   -0.2590686406066403   -0.01897227513968049    -0.2802196986330301    -0.1692423970030327    -0.1261641173899779     0.3952436909629209     -0.308887972502316    -0.3811573568014233    -0.1518973253191444     0.1914031773353587       0.59214440019374    0.04676312016668998
    0.1550837565416979   -0.01609480161646511     0.2086667684834151     0.2582830350167307    0.08592520701845993    -0.1945672240235539     0.0534494453206406    -0.2986372248163306     0.1264452568741828    0.03754596324512811     0.1789693388086337      0.823850309024045
   -0.2215228826607432   0.006544426800531029    -0.1071281838792902      0.287928340544891    -0.2798317158137733    -0.5006949601161103  -0.002025311729826139     0.5025540766278017   -0.09429322704064497   -0.01633800858505454     0.5149473016047332   -0.02471447270889133
   0.01951521389839757    0.03515912236126747    -0.1829690396179403    -0.7315054387795006   -0.09192118984834716    -0.3304391468433713    0.02258904332014419     0.1642897760364207    0.08497908470638585     0.4486089973582478    -0.1106626102721971     0.2528764424775336
  -0.03939652108347322   -0.02842325293940068    -0.1428697287929321    -0.3266398652351313   -0.02460934731835475     0.1964282372424792   -0.02582777351486904     0.2841241460765472    -0.3036333011567685    -0.7143519480635387   -0.02330782495905107      0.383296560439481
    0.1286734614606504     0.3339087232107499    0.05484808723102425    -0.2965280408737147    0.07184595904061132    -0.4201973167405436     0.1202830359697946    -0.4393746211763974     0.1861612700415998    -0.4346608202688481     0.2946790699452826    -0.2852076760461714
   -0.1680325119227531    -0.4529108587374511    -0.1069239804158985    0.06206618606894308    -0.2703783756167201    -0.4265935984316908    -0.3162518464065486    -0.4017884022668218    -0.3060155568232179     -0.114659239208626    -0.3558039181245965   -0.03778193816175421
   0.04927453232791889     0.8044019920210288    -0.1488507163202878     0.1905716419369928    -0.2290770634641652   -0.02599804657632026    -0.2666481694135823    -0.0480229645616559    -0.2734125277327392    0.07788170462694144    -0.2732968509075561    0.09982274027493498

22.69240099724505
90.68049904240684
32.97467397541053
131.5161617824001
 39.1899560274737
156.1737291518025
46.53489450822466
185.4078302694879
55.17544651551416
219.8580860898403
65.87155397980139
262.7965379821514

  3.99195203490274
0.2512439625692342

   0.09244124638885805   -0.02311007356860726    0.03303037417399218  -0.007939916645015173    0.03136457076567602  -0.008321508715513161   -0.02978251173449356   0.005829133882316306    -0.1294441610111666     0.0291634102372637  -2.47247919787346e-05  -0.003840433191603702
 -0.004912932484951033    0.00122897040873455  -0.004465794420801722   0.001126351663518842  -0.001097458680699995  0.0003135435514387945   0.002899549166130797 -0.0006929453998856854   0.007674304965810911  -0.001831539138988694 -2.336285628946953e-05  3.826670638110734e-05

 6.226834024616016e-06  7.586455005700074e-05  6.883285722159512e-05    0.04906211251882965  -0.006024006379346636   0.002323703833756146   -0.02199530356767814   0.003519354667588795    0.04093849471800802     -0.292251315025215      0.341615270030948      1.134768387770225
-2.109933213050861e-07  5.573917922300368e-07 -7.325967802442651e-06  -0.003093920912240435  0.0003744713844025589 -0.0003191505423052758   0.001336807851528451  -0.000466080698143676  -0.002616457548466205    0.01948194132583485   -0.02075434484072303   -0.07136065590985266

cov:
   0.9675549878689624     3.883069933614015   0.01650554225279472   0.08269111729332895    0.0328376623647277     0.155835557246627  -0.02932473428735369  -0.09408747862085329 -0.007332662695733797  -0.01105247303387975   0.00521339908982615   0.07457087523545583
    3.883069933614015     45.48433915796691    -7.010570576795595      8.55411454290298     -10.2736839367459   -0.6401625620339112    -11.79819616390541    -1.944115502392206    -11.93528135077144     3.219961421379898     -11.3601754562276     4.363752897699015
  0.01650554225279472    -7.010570576795595     1.891478024988475    -1.640580388040018     2.724565850556657    0.4688303850977483     3.110837820857268    0.4776671373971743     3.279017443176013   -0.6777699508348843     3.130537473671284    -1.177780251134067
  0.08269111729332895      8.55411454290298    -1.640580388040018     4.837454514770712    -3.169251116684894    0.5747694684343655    -3.827295497787929    0.1286823962753987    -3.906262552377654     2.439490654959372    -4.229690268961481     1.567478444474885
   0.0328376623647277     -10.2736839367459     2.724565850556657    -3.169251116684894     4.449267566139436      1.56534896598414     5.075485727246447     1.415192727695209     5.225221412501794    -1.146717039487083     5.172262692755193    -1.571399795849942
    0.155835557246627   -0.6401625620339112    0.4688303850977483    0.5747694684343655      1.56534896598414     4.859393289483266     1.331102171683106     3.696718744624826    0.8835035096002347     1.689838470546885    0.7847578550368669     1.251603758882234
 -0.02932473428735369    -11.79819616390541     3.110837820857268    -3.827295497787929     5.075485727246447     1.331102171683106     6.025137272853646     1.808646985379272     6.194302315246621    -1.454577605897846     6.225697903621487    -1.928010733797084
 -0.09408747862085329    -1.944115502392206    0.4776671373971743    0.1286823962753987     1.415192727695209     3.696718744624826     1.808646985379272     4.953801054401705     1.074318699249844     1.648072018193836     1.180077205069304     1.322862268014785
-0.007332662695733797    -11.93528135077144     3.279017443176013    -3.906262552377654     5.225221412501794    0.8835035096002347     6.194302315246621     1.074318699249844      6.76124199683715    -1.054296875813089     6.529892020966541    -2.423989503807402
 -0.01105247303387975     3.219961421379898   -0.6777699508348843     2.439490654959372    -1.146717039487083     1.689838470546885    -1.454577605897846     1.648072018193836    -1.054296875813089     4.681394538988001    -2.176940175370658     1.154359578797065
  0.00521339908982615     -11.3601754562276     3.130537473671284    -4.229690268961481     5.172262692755193    0.7847578550368669     6.225697903621487     1.180077205069304     6.529892020966541    -2.176940175370658     7.972725574443234    -2.413493672606668
  0.07457087523545583     4.363752897699015    -1.177780251134067     1.567478444474885    -1.571399795849942     1.251603758882234    -1.928010733797084     1.322862268014785    -2.423989503807402     1.154359578797065    -2.413493672606668      2.89767294227575

cov.inverse():
   146.2713330753264   -36.31746514098445   -153.6040110265369    37.77994779565911   -81.23712154200511    19.29829257463551    2.619224992545562  -0.8847946819925169    86.10399176162294    -22.5292152406563   0.4948178784085559  -0.7700630628788456
  -36.31746514098445    9.083789775079355    38.27587193624726   -9.422175232359464      20.439918547533   -4.883344894225183  -0.5081902102193463   0.2152061820694895   -21.66474385858455    5.670684631943018  -0.1296531187997725   0.1764203125612033
  -153.6040110265106    38.27587193624088    331.5656124212961   -82.46443078627814   -118.6094483110341    30.97667722085323   -57.06974674741975    14.25015017188673   -2.569452485744947   0.2811912867168412   -0.520649764669506   0.8129354348661029
    37.7799477956525   -9.422175232357862   -82.46443078627806    21.10865779662333    30.74244397225719   -8.119168046874968    14.20099114864868   -3.503980183807917    0.240749541981911  -0.1076055896792134   0.1489046067915409  -0.1245189495294491
  -81.23712154201544    20.43991854753522   -118.6094483110217    30.74244397225408    404.7434715539717   -100.7512141892423    -128.537209999725    32.45921720824765   -72.19808187485462    20.21329908505646  -0.2296698780953137   0.4963580221624067
   19.29829257463815   -4.883344894225755    30.97667722085033    -8.11916804687424   -100.7512141892425    25.62156908087667    31.17109732966291   -8.210612072192651     18.0209738947911   -5.092204719721859  0.05450499283086661  -0.2261734455234234
   2.619224992495553  -0.5081902102066699   -57.06974674734165    14.20099114862926   -128.5372099997313    31.17109732966481    376.8190455057082   -93.41038501794011   -193.2813876112279    48.81116717067516   0.5453317784400281  -0.6596941620140391
 -0.8847946819798781   0.2152061820662964    14.25015017186719   -3.503980183803059    32.45921720824879   -8.210612072193021   -93.41038501793975    23.72617891967392    47.60455069491871   -12.12335548021574  -0.2738090137118743 -0.02423082362705909
   86.10399176165699   -21.66474385859304   -2.569452485809866   0.2407495419981099   -72.19808187484477    18.02097389478835   -193.2813876112067    47.60455069491343    180.0927055828793   -46.33643925005212  -0.8962394136453928   0.3291494299460921
  -22.52921524066537    5.670684631945267    0.281191286733847  -0.1076055896834533    20.21329908505417   -5.092204719721211    48.81116717066936   -12.12335548021429   -46.33643925005208    12.28777883150418    0.291679578390117 -0.02850652625388955
  0.4948178784084017   -0.129653118799734  -0.5206497646691087   0.1489046067914415  -0.2296698780955667  0.05450499283093121   0.5453317784400533  -0.2738090137118806  -0.8962394136454094   0.2916795783901202   0.8067416540043443  0.03611260239864393
  -0.770063062878716   0.1764203125611707   0.8129354348660041   -0.124518949529425   0.4963580221624119  -0.2261734455234249    -0.65969416201429 -0.02423082362699714    0.329149429946305 -0.02850652625394398  0.03611260239864331   0.7527909009827447

cov*(cov_.inverse()):
    0.9999999999999535  8.890457814381136e-15 -1.529956716872505e-13   3.98812927127068e-14  3.618355615131463e-13 -7.835398996292042e-14 -2.923147834898998e-13  3.420310909496571e-14 -2.219058270469532e-14  4.914645079789892e-14  -2.55871712706579e-16  1.595945597898663e-16
 7.061018436615996e-14     0.9999999999999358 -1.647570968543732e-13 -2.675637489346627e-14 -1.922906278650771e-13 -2.620126338115369e-14 -4.107825191113079e-13 -1.383615444439101e-13 -8.171241461241152e-14  8.230915948814754e-14 -1.082467449009528e-15  4.440892098500626e-16
-7.172040739078511e-14 -8.298917109073045e-15      1.000000000000036 -2.403632848313464e-14  1.959543638463401e-13  -6.52811138479592e-14 -3.840261442178416e-13  6.721359580019737e-14  2.653433028854124e-13 -2.609717997259509e-14 -8.951173136040325e-16  6.661338147750939e-16
 7.704947790898586e-14 -2.958744360626042e-14 -1.685318551380988e-13      1.000000000000032   -1.0635936575909e-13  3.397282455352979e-14  2.002842336423782e-13 -4.900940764329675e-14  -8.22675261247241e-14 -2.442490654175344e-14  1.422473250300982e-15 -4.440892098500626e-16
-1.665334536937735e-14  -3.33066907387547e-14  -9.85878045867139e-14   2.80331313717852e-15       1.00000000000041 -1.268429805634241e-13 -3.763656053479281e-13  1.535022109422357e-13  1.658673198789984e-13  1.581373920700457e-14 -2.012279232133096e-16  2.220446049250313e-16
 -3.97459842815806e-14  8.465450562766819e-15  -5.46229728115577e-14 -5.551115123125783e-17   1.91402449445377e-13     0.9999999999999749 -9.880984919163893e-14  2.032055079759232e-14 -5.301314942585122e-14  1.636191182541324e-14  -9.71445146547012e-17  1.110223024625157e-16
-1.576516694967722e-13 -3.613775945154885e-14 -7.238654120556021e-14 -2.134403764841863e-14  1.831867990631508e-13  -1.73527858748912e-13     0.9999999999994862   5.17433318414362e-14  8.337774914934926e-14 -2.350897254643769e-14 -3.608224830031759e-16   1.77635683940025e-15
 5.551115123125783e-15  -1.27675647831893e-15 -3.996802888650564e-15  7.105427357601002e-15  6.106226635438361e-15 -3.558264793923627e-14  4.163336342344337e-14      1.000000000000028  5.351274978693255e-14  6.404599073306372e-15 -2.081668171172169e-16                      0
-4.973799150320701e-14 -3.608224830031759e-15 -4.662936703425657e-15  3.858025010572419e-14  3.002043058586423e-13 -2.107203300738547e-13 -3.235189893757706e-13  1.398117732698267e-13      1.000000000000002  3.351485755587191e-14 -1.387778780781446e-17  2.220446049250313e-16
-1.876276911616515e-14 -1.831867990631508e-15    6.0285110237146e-14 -1.643130076445232e-14  -4.39648317751562e-14  2.164934898019055e-14  5.606626274357041e-14 -9.846290449644357e-15  2.597921877622866e-14     0.9999999999999835  1.110223024625157e-16 -2.220446049250313e-16
-6.061817714453355e-14  -1.77635683940025e-15  9.547918011776346e-15 -4.662936703425657e-15  2.351452366156082e-13 -1.009192729384267e-13 -6.656897255652439e-13  2.072647609097089e-14  3.443911822387236e-13  4.860001290296623e-14     0.9999999999999984  8.881784197001252e-16
 6.261657858885883e-14 -2.009503674571533e-14  1.953992523340276e-14  -1.84297022087776e-14 -2.575717417130363e-14  4.996003610813204e-14  6.550315845288424e-14 -1.217081990745328e-14 -8.881784197001252e-16 -6.314393452555578e-15 -1.110223024625157e-16                      1
