8
2

0.06161389183927758
 0.3394365474566702
 0.9540968718345464
  1.401357636268966
  2.022281263953348
  2.207333449433698
  4.305761950715954
  7.825329094657327

   0.3584284596849555   -0.2628165198340426   -0.6585244656988304    0.4826937191578893    0.2969787653515921   -0.2181831334656861  0.002182955399943138 -0.001945676963913806
   0.4770391526260371   -0.2984178175895001  -0.04084043922138616   0.01850762021598843   -0.6514230752590264    0.4243848808598207    0.2055830398732806   -0.1861479066743097
  -0.6665146765709333   0.04715750984554466   -0.6018258612796926  -0.01523433214153089   -0.4336844422385984   0.04106431025592892   0.03656898494470542 -0.001462642602763319
   0.3944723545230217    0.4182996428950442   -0.1764106221509549   -0.2448556386598607   -0.3707714398780262   -0.3768861732085224   -0.3108248876280559    0.4496834663691172
  -0.1968108331493681   -0.2927312023763949    0.4092937191792607    0.6059203034163227   -0.3636687252437214   -0.3639414493674073   -0.1155144383374128    0.2507215002869748
   0.0615470054814422    0.3435892746741285   0.05215994013948513    0.1102105814052744   -0.1711585560406716    -0.451985233539572   0.02901703147151724   -0.7930091134892224
 -0.03866107775068774   -0.5148040104712762  -0.03325667737404998    -0.322041231525005 -0.007923725920893243  -0.07143446928690664   -0.7463233125201851   -0.2578787211692149
 0.009757905553183087    0.4426144432272353  0.003807516596923144    0.4727383331952046   0.01688062269282089    0.5354598161658433   -0.5372126083799367   -0.0700118012753065

22.68019970447582
31.45851785121459
  35.564613604338
48.97959748100601
50.51009868781532
 69.3050523604773
96.31877392162002
131.8717711975273

 1.359830506410396
0.7381075892413866

   0.05036528185307568   -0.03703139521070965  -0.003955871709180528   0.002882034179288806    -0.0462384330487545    0.03393817954907928 -0.0003010825730968005  0.0002914572593392902
   -0.0246113318328036    0.01811334688039351   0.001871131344649364    -0.0013777401757887    0.02124833487420227   -0.01554743473928642   0.001446240199810134  -0.001361015577119711

   4.0404461385772e-05   0.009182741552037804   -0.01050811919887975    0.01757088318446689    0.02301147036604084   -0.08369567050686104      0.267187491582406      0.182577711449387
-2.190753740011377e-05  -0.004278809672167191   0.005784278391492926   -0.01022088815302053   -0.01269753842413297    0.04466064133580162    -0.1442007240534626   -0.09277863439722325

cov:
  0.9470926881284737    1.250787417067803 -0.06233429959190488  -0.1201057502832579   0.1976546881346841   0.2346990376914524  0.06393926181738468  0.04240475215269755
   1.250787417067803    18.19177399491035  -0.1507493691216415    15.14287356698808   0.3809039170263869    14.55163569896891   -7.511389732947329  -0.6883053384077719
-0.06233429959190488  -0.1507493691216415    1.112406715366598    1.442892710159026  -0.2750439939261338  -0.4485448902058113   0.2355961667860593   0.2067074454067186
 -0.1201057502832579    15.14287356698808    1.442892710159026    17.28733155915377  -0.2736429378797646    14.96386970504152   -11.21683325865835  -0.5082255422959214
  0.1976546881346841   0.3809039170263869  -0.2750439939261338  -0.2736429378797646    1.192627738457599    1.708313656997044  -0.1016222986098619 -0.05893427540311665
  0.2346990376914524    14.55163569896891  -0.4485448902058113    14.96386970504152    1.708313656997044    19.49042163969285   -16.27692270733765  -0.9228827664775197
 0.06393926181738468   -7.511389732947329   0.2355961667860593   -11.21683325865835  -0.1016222986098619   -16.27692270733765    28.25349285636135     5.36179427517939
 0.04240475215269755  -0.6883053384077719   0.2067074454067186  -0.5082255422959214 -0.05893427540311665  -0.9228827664775197     5.36179427517939    5.255274198368951

cov.inverse():
  36.39404449545964  -25.98054750857823  -61.95803522808286   45.58554609069325   25.60082468932767  -18.93659236296914  0.9754759393177124   -0.88457685378595
 -25.98054750857819     19.121967340454   45.60211595686837  -33.54108675943868  -18.95981299667996   13.92755796582415 -0.7207533263717089  0.6453266363032862
 -61.95803522808336   45.60211595686872   114.7014639058085  -83.64306485215722  -51.00302900416404   37.66255558660376 -0.4577405995123403  0.3811245971931473
  45.58554609069372  -33.54108675943896  -83.64306485215725   61.50949115978641   37.65203877617805  -27.68615398269282  0.3410862318588842 -0.3101887732918248
  25.60082468932833  -18.95981299668042  -51.00302900416475   37.65203877617857   27.23041001235763  -19.36766654010335 -0.9408834572978219  0.8216962066216021
 -18.93659236296959   13.92755796582447   37.66255558660426  -27.68615398269319  -19.36766654010334   14.25625396127622  0.6988409911938112 -0.6085576268021984
 0.9754759393175687 -0.7207533263716036 -0.4577405995120731  0.3410862318586879 -0.9408834572979455  0.6988409911939018  0.4569366636184557 -0.4053068092618414
-0.8845768537858238  0.6453266363031929  0.3811245971929101 -0.3101887732916508  0.8216962066217112 -0.6085576268022784 -0.4053068092618414   0.552822788293113

cov*(cov_.inverse()):
      1.00000000000005 -3.376118828946062e-14   3.69565489322099e-14 -9.231851394453372e-14 -5.685035775471192e-14  1.636885071931715e-14  4.198030811863873e-16  7.945033519973776e-16
 2.731148640577885e-14       1.00000000000001  8.515410598874951e-14  1.465494392505207e-14  2.453592884421596e-14 -6.439293542825908e-15 -1.665334536937735e-16  -3.33066907387547e-16
 2.017830347256222e-14 -8.354428260304303e-15     0.9999999999999721  9.409140133698202e-15 -3.191891195797325e-15   1.02695629777827e-15 -7.077671781985373e-16  9.159339953157541e-16
-2.542410726391608e-14  5.662137425588298e-15  2.389755060505649e-14      1.000000000000002 -1.051936315832336e-13  9.320322291728189e-14  4.635181127810029e-15 -3.441691376337985e-15
 1.941502514313243e-14  -1.39194211712379e-14   -9.3119956190435e-15 -4.916206330918271e-15      1.000000000000009 -2.324529457808922e-15 -8.673617379884035e-17  3.747002708109903e-16
 5.628830734849544e-14  1.078026556911027e-13  4.557465516086268e-14 -1.915134717478395e-14  2.420286193682841e-14       1.00000000000001    4.6074255521944e-15 -1.443289932012704e-15
 7.993605777301127e-15  3.907985046680551e-14   6.17284001691587e-14 -4.063416270128073e-14 -1.243449787580175e-14 -3.996802888650564e-15                      1 -8.881784197001252e-16
 4.440892098500626e-15 -4.440892098500626e-15 -5.773159728050814e-15 -2.220446049250313e-15 -4.440892098500626e-15  2.220446049250313e-15 -8.881784197001252e-16      1.000000000000001
