8
2

0.0886879053926888
0.3936602536487789
0.9573598312112437
 1.605133062200293
 2.198351893697664
 2.352737482604906
 4.213646000021505
 12.82839365482734

  0.3783982445465341  -0.2319304409911618   -0.695481963271271   0.4287319298423566   0.3118500266358965  -0.1956018423487517 0.001935563501724078 -0.00159496540092493
  0.5172403308262966  -0.2561122448528329  -0.0341880059339409  0.01004686705836951  -0.6830691640188439     0.36218323418381   0.2133822577444958  -0.1493553917283629
 -0.6679340108977475  0.03624328518758563  -0.5852565623937065 0.006685851132654268    -0.45304717719744  0.03869287316966459  0.05655869687262836 0.005733022062615758
   0.327751415521511   0.4375613148078589  -0.1359983510956442  -0.2148575505542214   -0.349553232939304  -0.4365423011892145  -0.3393118771925416   0.4566952961073156
 -0.1744357328058118  -0.3049312665854203   0.3902779458006551   0.6569157500343868  -0.3039868953027435  -0.4104010113909268 -0.07444781954101033   0.1623404436872832
 0.04474220902557892   0.2140486910125774 0.003858150546076746  0.01233312398104159  -0.1276009251267614  -0.3529559955525993  -0.2636661850029692  -0.8611820442454624
-0.05725317165361496  -0.6456174194195002 -0.04195417212949814  -0.3462943209750172 0.001220919752030725  0.03999847850661185    -0.67539000204403  0.02161686818593606
0.003572056566072916   0.3636200447129338 0.004828128610605447   0.4671930648356333 0.005945702216954165    0.586421436983817  -0.5521945668588841  0.02511453843836615

22.64423319710538
37.25780923567926
35.56144462083941
58.02636684444973
50.52384809744523
82.08352525355444
 96.6808167451338
155.9015305841439

 1.607698917359046
0.6267869298961626

   0.05808277099902525   -0.03612671813673741  -0.002974774802889208   0.001709349830376822   -0.05476172258483537    0.03415494536737221 -0.0005535011630845186  0.0004437710806478242
  -0.01849021283380553    0.01161648950765629  0.0005354215978330087 -0.0002679975051993497    0.01606515577158304   -0.01006593320343052   0.002086532404686918  -0.001522743096011755

 7.392876699190495e-05    0.01379313675210665   -0.01122753230888692    0.02032534830783078    0.01734588345793012   -0.05772451048359638     0.3766539686366197      1.296084153171512
-2.511354399475577e-05    -0.0041076964895653    0.00448887173167239  -0.009319899555488367  -0.006954492155479608     0.0217101540094165    -0.1455182597768171    -0.4875245834519241

cov:
   0.9466814688172631     1.506191188774402  -0.04393098488588663   -0.1075214693869873    0.1552644713364421    0.1987505452500188   0.05535914971722321   0.01281498686334599
    1.506191188774402     30.36771346544465   0.02913006641825863      30.7297565547845     0.256003364796661     34.31475015261704    -25.89332179558058    0.5164491593880305
 -0.04393098488588663   0.02913006641825863       1.1368552292444     1.937743270851731   -0.2048518986625244   -0.2140953749883266  0.005706531499523273    0.1293557899246393
  -0.1075214693869873      30.7297565547845     1.937743270851731     40.25603606420439   -0.3334393507813928      43.7558139908756    -38.36868371576227     2.001595956052856
   0.1552644713364421     0.256003364796661   -0.2048518986625244   -0.3334393507813928     1.118557872314795     1.765147922002781 0.0001754479851937929 -0.003059351619225281
   0.1987505452500188     34.31475015261704   -0.2140953749883266      43.7558139908756     1.765147922002781     58.63815758906001    -52.71133028764678     3.277767650309269
  0.05535914971722321    -25.89332179558058  0.005706531499523273    -38.36868371576227 0.0001754479851937929    -52.71133028764678     58.99689959167291    -1.746874992762478
  0.01281498686334599    0.5164491593880305    0.1293557899246393     2.001595956052856 -0.003059351619225281     3.277767650309269    -1.746874992762478       4.8855437401823

cov.inverse():
  20.46580785222603  -11.96854074214718  -33.17729884942968    20.6044234260016   13.01832693659632  -8.273100752568842  0.7236661837060318 -0.5342081219005853
 -11.96854074214725   7.389719208954394   20.49492142409919  -12.72214800397942  -8.129661495696407   5.108598411520542 -0.4472734591350412  0.3273790646906196
 -33.17729884943019   20.49492142409945   61.91550178978217  -37.85030365943346  -27.14039794064818    17.1803436161808 -0.2410411990926302  0.1586706530159032
  20.60442342600187  -12.72214800397958  -37.85030365943346   23.48516732175736   16.93814411489469  -10.65730616351405  0.1489437876145373 -0.1148661262833756
  13.01832693659697  -8.129661495696739  -27.14039794064881   16.93814411489509   15.66836761814298  -9.277499406540736 -0.8350325273609127  0.5399397046501844
 -8.273100752569203   5.108598411520745   17.18034361618119  -10.65730616351429  -9.277499406540731   5.845873617332026  0.5300952342159604 -0.3452750037562455
 0.7236661837059071 -0.4472734591349658 -0.2410411990924048  0.1489437876143974 -0.8350325273610153   0.530095234216025  0.3837182526777956 -0.2282245102581216
-0.5342081219004999  0.3273790646905677  0.1586706530157469 -0.1148661262832786  0.5399397046502562 -0.3452750037562907 -0.2282245102581218  0.3647219924207951

cov*(cov_.inverse()):
    0.9999999999999101  6.170671612570899e-14  7.707289667591155e-14 -7.307088961683306e-15 -1.025672602406047e-13   2.75023059881363e-14  2.168404344971009e-15 -1.050375064703957e-15
 1.715294573045867e-14      1.000000000000006 -2.775557561562891e-17 -1.387778780781446e-16 -6.328271240363392e-15 -2.861599845971341e-14  4.024558464266192e-16 -7.771561172376096e-16
-3.358424649491099e-15 -6.432354648922001e-15      1.000000000000002 -1.543903893619358e-16 -3.622102617839573e-15 -1.366962099069724e-15  1.734723475976807e-16  1.387778780781446e-17
 5.551115123125783e-15 -2.020605904817785e-14  1.694755447090301e-13     0.9999999999998656  1.554312234475219e-15  2.420286193682841e-14 -3.774758283725532e-15 -1.221245327087672e-15
-1.345061215185517e-14  9.907656292607037e-15  7.903291736333085e-15 -4.291109568371754e-15     0.9999999999999838  3.906380427465272e-15   7.37257477290143e-17  8.868773770931426e-17
-2.220446049250313e-16 -2.531308496145357e-14   2.83995049699115e-13 -2.901012763345534e-13  2.930988785010413e-14     0.9999999999999845 -3.108624468950438e-15  3.108624468950438e-15
-9.980904991380157e-14  6.539213615042172e-14 -1.114108805211345e-13 -2.148281552649678e-14 -1.243449787580175e-14 -1.931788062847772e-14     0.9999999999999943  1.221245327087672e-15
 8.881784197001252e-16  -1.77635683940025e-15  4.884981308350689e-15  1.554312234475219e-15  4.440892098500626e-15  2.220446049250313e-16  4.440892098500626e-16                      1
