10
2

0.03796726891027814
 0.3629662222672108
 0.5868762283027001
 0.7956731872976125
 0.9201218101989138
  1.394158162387667
   1.81217989057543
  2.636121598174972
  3.423337741013695
  5.980508618143586

    0.4470176941608703    -0.1512765753360724    -0.7703478856469997     0.2602094196172207     0.3224483739694028     -0.109963424796502  -0.002899825337529785   0.001446396862344111   0.008157296142434926  -0.001954656911364776
    0.4315315419424841     -0.121984765641966    -0.0861613195123868     0.0192536649658335    -0.7546223960326116     0.3670192247214647     0.2101721483041663   -0.04150182558296431     0.1725425686975099    -0.1062168785735022
    -0.176151558909006    0.01695672347544045    -0.1167219744319277   0.001458213744199483   -0.01828724368501759    0.05067381012491169   -0.03505430145843689     0.7066918781084476   0.005371578370329822    -0.6719253123054306
    0.7232755034325427   -0.08669410200467458     0.5310412482374747   -0.07562426968125668     0.2044497984374028    -0.2313848678107181    -0.2096178012240745      0.135357300817328   -0.01719320312647919    -0.1540692587000195
  -0.07145256776073455    0.01471673834569974   0.008695773330323111    0.01855681611756088    0.07052754854195661      -0.11038907753027    0.02660784415813063    -0.6806281336301753     0.1020468154843583    -0.7090288474548615
   0.09700914510077371    0.06113634572514101   0.004635201376550747   -0.01995017231923366     0.1352234287649374      0.572303036671307     -0.104123648362714    -0.1067556502726626    -0.7801963820357056   -0.09834144347920655
  -0.05790337626900536   -0.03177117871532163   -0.09680618886601412   -0.04259826632709044    -0.0454749530364227     0.2983316734490344    -0.8842604305969342   -0.06862089563295216     0.3252241470001563    0.03139904070769269
   0.02292899736157267    0.06913314601124974      0.233065680491165     0.3748877831569931     0.4397464831856006     0.5680131567372867     0.2844409667902906     0.0331728977218395     0.4491098546802305    0.01057004332478153
   -0.1956827702165515    -0.7224930311761506     0.1901758796448426     0.5851720827064122    -0.1145259849019654   -0.09500319862725651   -0.09908973562175723  -0.001779925717456415    -0.1707466725847183 -0.0008140992263152479
   0.05578847289902224     0.6501480615858303    0.05963655811920471     0.6638335667487147    -0.2293845882616814    -0.1916123331817871    -0.1626627570057232    0.00875415273310759    -0.1187151202047981   0.001399239004803347

22.68831004960912
66.69694924460718
35.55895572503638
104.7703607775739
53.14548829195878
156.6938983420959
63.68899127753916
187.5592934189254
73.70396105113804
218.1381754121631

2.957780374376095
0.338500309820648

    0.1115888734555433   -0.03773534139922968   -0.02675046059790034   0.009121582063879285   -0.08370755202003922    0.02808120180702983  0.0004672299855277478 -0.0001088915979271095  -0.002022519482799582  0.0001803507949473161
  -0.01178826726359451   0.003984055105432362   0.001269013656646283 -0.0004397909787539797    0.01035562075094007  -0.003450276245481598 -2.073036305391378e-05  1.696154316471814e-05  0.0001310338292575822 -2.163952073274867e-05

 6.987552809423161e-05    0.01692208548493728  -0.004970850276286162     0.0287224621216823   -0.01510654019722439    0.02815825413616975    0.02648506335515073    -0.1702673123834376     0.1511299026724727   0.004851377249079063
-4.677026490826539e-06  -0.001943476787384411  0.0005714188922852615  -0.003318139303195813   0.001720049101039164  -0.003030931836980947  -0.003248715065025251    0.01934194905607279   -0.01718323504222131 -0.0003598782925766867

cov:
   0.9640445934842905     2.934072905155322  -0.01638126247900139   0.01213193465439258  -0.04308788746227814   -0.1043355998941766    0.0129819543976849   0.07767442592018942   0.01273645801911589  -0.01110104639897228
    2.934072905155322     21.28644988723362   -0.1290208354661934      10.6679673890838    -4.130615246616287    -3.335752616732798    -2.718687932181057    0.2179307218254648    -1.226230836569499   0.02695155104277078
 -0.01638126247900139   -0.1290208354661934     1.144470356837312     3.314811911071682   0.06156828262155267    0.1251423474198469    0.1018083860356831    0.1018416222320255  -0.02401753830309227  -0.02137613662916323
  0.01213193465439258      10.6679673890838     3.314811911071682      20.7618022292931    -5.095430412092536    -3.774870341795807    -3.661917643222368     0.278879432730684    -2.831970242738713   0.05022609467789566
 -0.04308788746227814    -4.130615246616287   0.06156828262155267    -5.095430412092536     3.527744530690557     3.467785135867397     2.395205705987356 -0.009316585041235633     2.308612947660276  -0.05611025515156729
  -0.1043355998941766    -3.335752616732798    0.1251423474198469    -3.774870341795807     3.467785135867397     4.652768016712464     1.403464495673023  -0.05894532525776647     2.228597378600528   0.02638007358142217
   0.0129819543976849    -2.718687932181057    0.1018083860356831    -3.661917643222368     2.395205705987356     1.403464495673023     4.247195217646641    0.1946039821890678     0.999440084944096  -0.04793402861713947
  0.07767442592018942    0.2179307218254648    0.1018416222320255     0.278879432730684 -0.009316585041235633  -0.05894532525776647    0.1946039821890678    0.6240792664675269   0.09860921371432051    0.2486200631411749
  0.01273645801911589    -1.226230836569499  -0.02401753830309227    -2.831970242738713     2.308612947660276     2.228597378600528     0.999440084944096   0.09860921371432051      3.79078842021488    0.1481039306145238
 -0.01110104639897228   0.02695155104277078  -0.02137613662916323   0.05022609467789566  -0.05611025515156729   0.02638007358142217  -0.04793402861713947    0.2486200631411749    0.1481039306145238    0.6205217860309092

cov.inverse():
   140.9667417402266   -47.40292626991234   -238.5041587522392    80.65834146236834    97.76796388013054   -33.15229056241079  -0.4218816906652567   0.1592780360353536    3.023240415100109  -0.7319984425421515
  -47.40292626991236    16.06058744138374    80.83674839805242    -27.3346973498619   -33.15565276537053    11.25544873226098   0.1484162056601255  -0.1110315144757625   -1.026268049466704    0.275951838969029
   -238.504158752239    80.83674839805235    412.2308488355318   -139.1084123786414   -171.6309865031783     58.3220237156148    1.282023516041289  -0.8758929821944577    -4.48666748413798    1.204415800110875
   80.65834146236813   -27.33469734986184   -139.1084123786414    47.04551193596048    58.08527440102673   -19.75796574840038  -0.4473448792353731    0.230779663317869    1.519301594729076  -0.3671847893014111
   97.76796388012994   -33.15565276537032   -171.6309865031775    58.08527440102648    76.56337624721122   -26.71251121336017    -1.89110798578278   0.5063341587175779   0.8111043026464185  0.09141767690971501
  -33.15229056241047    11.25544873226088    58.32202371561439   -19.75796574840025   -26.71251121336011    9.761085201050228   0.7886354278513441   -0.117694012007611  -0.3092700895643187  -0.1221362355708468
 -0.4218816906651254   0.1484162056600811    1.282023516041066  -0.4473448792352979   -1.891107985782691   0.7886354278513141   0.6718270472977353  -0.1817208508710847   0.2417918259971166 -0.07115396392136249
  0.1592780360353233  -0.1110315144757523  -0.8758929821944071    0.230779663317852   0.5063341587175584  -0.1176940120076046  -0.1817208508710849    2.048098791903688 -0.08266518230377881   -0.805297196005752
   3.023240415100204   -1.026268049466737   -4.486667484138154    1.519301594729136   0.8111043026465016  -0.3092700895643484   0.2417918259971132 -0.08266518230377787   0.6622739384862497  -0.1986534800422757
 -0.7319984425421987   0.2759518389690452     1.20441580011096  -0.3671847893014398   0.0914176769096771  -0.1221362355708335 -0.07115396392136149  -0.8052971960057523  -0.1986534800422763    2.035705919180219

cov*(cov_.inverse()):
    0.9999999999999984  8.207410445715269e-15  4.550179677487165e-15   5.43462844171394e-14 -1.886078099255784e-14  -1.75473784808089e-14 -2.424276057677588e-16  1.231653667943533e-16  8.092485015431805e-16 -4.996003610813204e-16
 -1.45404521756376e-14      1.000000000000042 -6.781381012288534e-14 -1.513719705137362e-14 -3.349013774633924e-14 -1.179828804098726e-14  3.061786935099065e-16 -3.573530360512223e-16  8.179221189230645e-16  2.775557561562891e-17
 2.872008186827202e-14  1.057053750086467e-14     0.9999999999999584  4.154662724964453e-15  1.936385080059111e-14 -7.858297346174936e-15  2.541369892306022e-16  2.151057110211241e-16 -1.726049858596923e-16 -2.359223927328458e-16
 3.095440570533015e-14 -6.138145547396334e-14 -1.955588468938174e-13     0.9999999999999248  -8.15640957552155e-14  3.545427840201398e-14 -3.256943326146455e-16  4.926614671774132e-16 -5.096617572419859e-15 -4.163336342344337e-17
-1.059569099126634e-13  4.377574691627473e-14  2.180755576119964e-13  1.926583892419842e-14      0.999999999999975  5.169475958410885e-16  1.316655118266397e-15   3.05311331771918e-16 -6.331740687315346e-16 -5.967448757360216e-16
 4.486688798266414e-14 -5.573666528313481e-15 -7.494005416219807e-15  8.075137780672037e-14  3.825889258179949e-14     0.9999999999999792 -9.974659986866641e-18  5.065392549852277e-16   1.36349265211777e-15 -3.261280134836397e-16
-1.375288771754413e-14  7.429820647608665e-15  4.123784647092066e-14   2.86992651865603e-14  3.633378320433422e-14  2.816323563248346e-15                      1  1.318389841742373e-16   1.02695629777827e-15  -3.05311331771918e-16
-5.051514762044462e-15  4.066191827689636e-15  5.551115123125783e-15  9.159339953157541e-16 -4.996003610813204e-15  -1.06512021424976e-15  8.673617379884035e-17                      1  2.081668171172169e-17                      0
 -1.43079992298567e-14  5.051514762044462e-15 -4.954370247389761e-14  3.200217868482014e-14   2.85570178615302e-14 -1.450228825916611e-14 -3.382710778154774e-16  2.220446049250313e-16     0.9999999999999999 -2.220446049250313e-16
 2.775557561562891e-15 -1.249000902703301e-15  2.220446049250313e-16  -6.38378239159465e-16  1.554312234475219e-15  1.249000902703301e-16  1.387778780781446e-17  5.551115123125783e-17  2.775557561562891e-17     0.9999999999999996
