10
2

0.1514318205958804
0.3557671257328446
0.5540029478620034
0.7824406104451233
 0.909746296118545
0.9723717663462101
  1.15212311080687
 1.398552060394195
 2.580546965161182
 4.045680781603584

-0.05101564558169869  0.02168569994027509  0.08411015413413328  -0.0415925927228967  0.04157706212374652  0.02578953422969409  -0.9878709202775866 -0.08789776936771176  -0.0167523440989713 -0.04281712662897129
 -0.4090525460871882   0.1654069585501023   0.7577899648990313    -0.38197684769255  -0.1347955267338266 0.007154191662275152  0.08791034167038524  0.09440475605342948  -0.1684512691804142   0.1480786170099752
 -0.1612304373004971  0.03933110390156637  0.02608984031595588  0.04858187894477285   0.9102382818741503   0.2987921637964096   0.0350935282108845   0.1864839813361762 -0.05853539452986683   0.1103277900570188
 -0.5749708845321378  0.08036688479388408  0.06886874541708533   0.7924026257785589  -0.1027249101672502 -0.09962540856547404 0.003570652839492405 -0.02332896549087007  -0.0265089709226543 -0.09256065794990694
  0.6015570828115557 -0.06363045463104494   0.5591790237565135   0.4098142033622666 -0.03379131515862391   0.2832526950184063 -0.00485536204605775   0.1847625370901251  0.03460418113735024  -0.1916225932813148
  0.1926704993957716 0.009145871874179069   0.1203914207972297   0.1907436602648072   0.0628446482279835 -0.01061900769675281  0.02539841800199682  -0.6472690988892207  -0.1501614354777764   0.6824252030101734
 -0.1655825846360304  -0.0575954287514054  0.03921192649850514  -0.1287359838131666 0.004508461929416741   0.5131522858346532   0.1073178221782978  -0.6404559453699143  0.08131237596968005  -0.5094079067458908
  0.1665223233759366  0.08418631206721357   0.1483852580328948  -0.0142609057778605   0.3135262954664212  -0.6520432898124898  0.05092011919938249  -0.2522879120291245  -0.4009345724147905  -0.4387614981419761
-0.02906336039699968 -0.07170159796988509    0.231050760547781 -0.02771534477776089   0.1926899408345928  -0.3547054839480681  0.01718919858838323  -0.1425519054533776   0.8696144555474288 0.008390376029793837
  0.1360214902899307   0.9718468640392137 -0.09560741846236707    0.015044309493155 -0.02180817855483759  0.07372370811744737 0.008025907502437812 -0.02815444007415798   0.1409928002747133 -0.03158920885986082

22.69136484067895
51.22555366882732
58.09799504682328
129.1550017728603
69.37961518397971
 154.688294829275
85.19597134422476
187.6232194023222
100.3537856219699
222.2346968120517

2.200881295793303
 0.45491948611619

   0.06125519734174752   -0.02782183824711533   -0.06010853869124357    0.02735973383121204  -0.000271493318826217  0.0001867089268580508   0.001587372709374184   8.59275489719268e-05 -0.0004226590293860643 -1.214956647875955e-05
  -0.01278874436267091   0.005802056725836552    0.01267916806350674  -0.005733044699735014  0.0001191350522311292 -3.053363623767839e-05  0.0008722715026702847 -3.699791884165963e-05 -1.606564538495316e-05 -8.409977820836962e-05

-0.0002636343440408123   -0.01080960085024248  -0.003469939147445293    -0.0121771087219619    0.01347206388099296   0.009030146161171303   -0.01889909161579177  -0.002785618465557192   -0.09924223634567668    -0.2058596030521244
 2.826876370684794e-05   0.002282842524800825  0.0007541322603271523   0.002542374518909326  -0.002756111423807064  -0.001871246912224188   0.004197670266356989  0.0009317253636010532    0.02053351111705865    0.04262562409314519

cov:
   0.9652922342121176     2.148775597313948    0.0176062122924247   0.03978235225415033  0.007953743942782079   0.06659140337484817  0.003359348371735106 -0.008223881479566821  0.007975115693323039  -0.05447615546504234
    2.148775597313948      15.5227453920751    -1.618484371366855    0.2716568872283469   -0.3821647692696861     1.179326847949209    0.1220624940834562    -0.384650322515098     1.746611690321211   -0.5239414806130037
   0.0176062122924247    -1.618484371366855    0.8986667552135821    0.1314301033948096    0.4034577488266168   -0.6948511832061096   0.04185483657068691     -0.26060982562455    0.9863849261014863  -0.09141603723328123
  0.03978235225415033    0.2716568872283469    0.1314301033948096     0.608258044680547  -0.08036069237252204   0.06403046841801685    -0.019074042935183   0.06877271399665574   -0.1494091961854286   0.09766517008464574
 0.007953743942782079   -0.3821647692696861    0.4034577488266168  -0.08036069237252204     0.715103523787864   -0.7971612283562778   0.05984307968165174   -0.3231714855885976    0.7984309939902723   -0.1700882632058401
  0.06659140337484817     1.179326847949209   -0.6948511832061096   0.06403046841801685   -0.7971612283562778     2.207932197639416   -0.0216565722893324     0.256624757974469    -1.311521988198722     0.118757131590096
 0.003359348371735106    0.1220624940834562   0.04185483657068691    -0.019074042935183   0.05984307968165174   -0.0216565722893324   0.04775316837565431   -0.1476645516477096   0.08378619092787584  -0.09869336199688448
-0.008223881479566821    -0.384650322515098     -0.26060982562455   0.06877271399665574   -0.3231714855885976     0.256624757974469   -0.1476645516477096     1.253956031602598   -0.6695251252999441    0.2187164285569681
 0.007975115693323039     1.746611690321211    0.9863849261014863   -0.1494091961854286    0.7984309939902723    -1.311521988198722   0.08378619092787584   -0.6695251252999441     5.711851606135706    0.1587891969784808
 -0.05447615546504234   -0.5239414806130037  -0.09141603723328123   0.09766517008464574   -0.1700882632058401     0.118757131590096  -0.09869336199688448    0.2187164285569681    0.1587891969784808     1.220311794848063

cov.inverse():
    2.572754612512972   -0.7005929637212442    -2.277643457199651    0.9091191602329447  -0.02519680091833884  -0.05754074078997759     1.884391360591118   -0.1244113302429018    0.5849709422195177   -0.3286619084571485
  -0.7005929637212447    0.3218379160632528     1.036928345384549    -0.451767148189314  -0.02054253309872474 -0.005064221366927116   -0.8159027659315224   0.05741264262712353   -0.2728514924216034    0.1775975471043992
   -2.277643457199653      1.03692834538455      5.26956109528553    -2.050988679936076   -0.5728136902124753    0.2945949990680541    -3.086133872732086     0.255615915613234    -1.072345362760229    0.6380496009186414
   0.9091191602329448   -0.4517671481893139    -2.050988679936075      2.51564735052385    0.3349107170653677  -0.05537529689287646     1.528516099126026   -0.1007250122860107    0.4735669355414433   -0.3762405065564148
 -0.02519680091833893  -0.02054253309872464   -0.5728136902124746    0.3349107170653675      2.99712469822264    0.8165834806316862    -1.770344373633379    0.1998001501929535  -0.07053677109978421   0.08880607983620654
 -0.05754074078997803 -0.005064221366926937    0.2945949990680546  -0.05537529689287672    0.8165834806316864    0.8685327192969048    -1.050749456873987  0.006306412879422471     0.051902740586896  -0.04181316985791552
     1.88439136059112   -0.8159027659315229    -3.086133872732088     1.528516099126026    -1.770344373633379    -1.050749456873986     42.63237430038102     3.796106067736738    0.5920414416612143     1.926298823213993
  -0.1244113302429018   0.05741264262712354     0.255615915613234   -0.1007250122860108    0.1998001501929536  0.006306412879422434     3.796106067736737     1.350532990586311  0.008159402374895108    0.1374353311110195
   0.5849709422195175   -0.2728514924216034    -1.072345362760229    0.4735669355414432   -0.0705367710997841   0.05190274058689621    0.5920414416612136   0.00815940237489509    0.4759762402002016    -0.239665817013257
  -0.3286619084571484    0.1775975471043991    0.6380496009186408   -0.3762405065564147   0.08880607983620642  -0.04181316985791569     1.926298823213993    0.1374353311110193    -0.239665817013257     1.137742352800862

cov*(cov_.inverse()):
    0.9999999999999996  2.688821387764051e-16  5.967448757360216e-16 -3.538835890992686e-16 -6.678685382510707e-17  3.469446951953614e-17 -1.082467449009528e-15 -3.642919299551295e-17  1.942890293094024e-16  1.387778780781446e-17
-1.665334536937735e-16                      1 -1.498801083243961e-15                      0  2.775557561562891e-17 -6.938893903907228e-18 -6.661338147750939e-16  1.249000902703301e-16 -2.775557561562891e-16  2.220446049250313e-16
-7.320533068622126e-16  2.255140518769849e-16      1.000000000000001 -7.077671781985373e-16  -9.71445146547012e-17  8.673617379884035e-17 -8.326672684688674e-16 -7.632783294297951e-17  1.283695372222837e-16  2.636779683484747e-16
-1.942890293094024e-16  4.163336342344337e-17 -7.632783294297951e-17     0.9999999999999998  1.092875789865388e-16  4.336808689942018e-18 -1.942890293094024e-16 -1.908195823574488e-17  6.938893903907228e-17 -1.387778780781446e-17
-2.289834988289385e-16  2.775557561562891e-17   1.52655665885959e-16                      0                      1   -1.0321604682062e-16                      0 -7.632783294297951e-17   1.52655665885959e-16  2.775557561562891e-17
 4.163336342344337e-17  1.179611963664229e-16  2.081668171172169e-16  1.595945597898663e-16 -1.804112415015879e-16     0.9999999999999997   3.05311331771918e-16  1.249000902703301e-16 -2.532696274926138e-16  8.326672684688674e-17
-4.163336342344337e-17  6.938893903907228e-18 -1.387778780781446e-17 -6.938893903907228e-18 -5.204170427930421e-18  1.127570259384925e-17                      1 -5.898059818321144e-17  1.734723475976807e-17  1.387778780781446e-17
 2.498001805406602e-16  6.938893903907228e-18  2.775557561562891e-17  1.387778780781446e-16  3.816391647148976e-17 -7.112366251504909e-17 -9.992007221626409e-16                      1 -7.632783294297951e-17  8.326672684688674e-17
-1.325328735646281e-15  3.642919299551295e-16  1.609823385706477e-15 -4.163336342344337e-16   1.35308431126191e-16 -2.688821387764051e-17 -1.387778780781446e-15 -1.595945597898663e-16      1.000000000000001  3.608224830031759e-16
                     0  5.551115123125783e-17  2.220446049250313e-16 -1.110223024625157e-16 -6.938893903907228e-17 -6.245004513516506e-17 -4.440892098500626e-16 -5.551115123125783e-17 -1.110223024625157e-16                      1
