10
2

0.04945837216993691
 0.2741651724216242
  0.933917410692423
  1.018907366544753
  1.278816315327368
  1.692607389216337
   1.98468477411114
  2.757837078035912
  3.940115383257238
   7.69703374771369

    0.393221496270577   -0.1857526660996427   -0.7378772818883624    0.3477758135848259    0.3447731227299438   -0.1630486240770059 -0.001789815791390367  0.001907450176293393 0.0008169979452706254 -0.001016367704930578
   0.5438559984162832   -0.2303152944632062  -0.04702088778166173   0.01956495375831796   -0.7152484588982257    0.3155121995450776   0.06969352356776082   -0.0879471116456238    0.1292967298988689  -0.09024375194391518
    0.656382536889133  -0.04850206517100844    0.5703935153101026  -0.02059682670202757    0.4382486652938157  -0.05668986204156205   -0.1787759377658476   0.09276657254583703   0.04755776323107395  -0.05415419211398732
   0.1395740397781442   0.02652634615180592    0.1017535881140683  0.009141951701854842   0.06909684768460653 -0.005213512596894326    0.4455920565252827   -0.5595611282724846   -0.3149418754114908    0.5947496913253307
 -0.05839336948021726   0.01049768169864984  -0.04491644074290108 -0.005350195351492666  -0.04436048716151912  -0.05218762187911968   -0.6393945178522206   -0.3779113268083922    0.5115206142959061     0.420055760468264
  0.08914687041403518    0.1155859219189966  -0.04197096398945554  -0.09551784119668015  -0.07448713792733749   -0.0852340568449578    0.2706421261953224    0.6569005906517708     0.333405072416989    0.5822970405197316
  -0.2476865084771193   -0.4746566406695638    0.1322525403554985    0.2491751399952327    0.3070963200752591    0.5242012543438893    0.2914625756172126  -0.05010736364651467     0.420441965933605  -0.02111278546190439
   0.1394607139430761    0.2933904038302787   -0.3068728940643966   -0.6821523088048729    0.2659440295584835    0.4977552696950538   0.02228535762830163  -0.08174642630212117   0.07086570156030865  -0.06544032613833439
 -0.08297517487544995   -0.6184052237347374  -0.04189703232023304   -0.2631969190348694   0.01142456218621242    0.1592319959557591   -0.3572854362311665    0.2408112322350358   -0.4937391026688794    0.2911280421573375
  0.01545424148160565    0.4495803952647982   0.02067560535909388    0.5218395040169448  0.005812492964782382    0.5592278538559464     -0.26354132417084     0.170378230204116   -0.2888729571585204     0.173766372324029

22.66771807225154
 47.4322040251855
35.57768191894949
 74.7698269124444
50.43262852135903
106.2140914171862
  87.635429980371
185.0702275721696
103.8878537969474
 219.958397099205

  2.11710232331791
0.4733466453673353

   0.07931690753177391   -0.03742632037833068   -0.00735116267149629   0.003447496266485509   -0.07178383954391404    0.03386192424328995  3.117046198845277e-05  7.420094811228244e-05  -0.000365963584275087  0.0002037823310625766
  -0.01715640846063475   0.008096179203548826   0.001080127126892057 -0.0005114833096848972    0.01580733779371754  -0.007444735047817927   0.000326619873765057  3.503951263952713e-05  6.610427841451658e-06 -6.769873191348036e-05

 3.545339606271505e-05   0.008578532490160579    0.01413620508324696   0.004602795541085806  -0.005634024709700648    0.01500858791245986   -0.02537151074235364   -0.01745461293665102     0.3226376638038237     0.2791317816891499
-6.266210619782652e-06  -0.001870483176651812  -0.003252257888926401 -0.0008927856767881896  0.0007869370652532412   -0.00303341890580686   0.005795776196352985   0.003861154969925249   -0.07187655827952559   -0.06132025639874978

cov:
  0.9575666682118438    1.977509839593062 -0.04939595947228397  -0.1830522850019194    0.190290700494721   0.2861851110081894  0.05346885322826699 -0.01973405510076871  0.05967594305177225  -0.1046418490098396
   1.977509839593062    19.49901068669949 -0.01395376939037767    14.40690394909273  0.03456657216698918    13.46475997924152   -3.987284696846881    2.330647144463402    -3.47573407065932      1.9470425899434
-0.04939595947228397 -0.01395376939037767    1.142068240512714    2.534229304526445  -0.2215906909681915  -0.3227268260589861 -0.01829330515845013   0.1528776913953617 -0.06680662952113477   0.1005619338553052
 -0.1830522850019194    14.40690394909273    2.534229304526445    21.01931817381799  -0.9325491224552263    14.59559410022694   -6.578260284637854    4.474841865905043   -6.967756247282828    4.344875933099449
   0.190290700494721  0.03456657216698918  -0.2215906909681915  -0.9325491224552263     1.14375670564983    1.844544412149927   0.1920322706856633  -0.2372947922149633   0.3452570101900632  -0.1743518433222414
  0.2861851110081894    13.46475997924152  -0.3227268260589861    14.59559410022694    1.844544412149927    21.92385003095465   -8.931870699343866    5.695365624586838    -9.77743051502927     6.00467833355151
 0.05346885322826699   -3.987284696846881 -0.01829330515845013   -6.578260284637854   0.1920322706856633   -8.931870699343866    7.547701768794435   -3.436534201963949    7.314797830949224   -4.067828817719493
-0.01973405510076871    2.330647144463402   0.1528776913953617    4.474841865905043  -0.2372947922149633    5.695365624586838   -3.436534201963949    4.483742083720871   -4.391467999118787    3.374188357470392
 0.05967594305177225    -3.47573407065932 -0.06680662952113477   -6.967756247282828   0.3452570101900632    -9.77743051502927    7.314797830949224   -4.391467999118787    10.31539368646493   -4.565601327725968
 -0.1046418490098396      1.9470425899434   0.1005619338553052    4.344875933099449  -0.1743518433222414     6.00467833355151   -4.067828817719493    3.374188357470392   -4.565601327725968    4.769346269892718

cov.inverse():
   67.68247689539737   -31.51767160663136   -118.5262789026389     56.0036889765063    50.57192503303271   -23.99631897883225   0.1570806422789634  -0.3007731843423264     1.02982470712465    -0.77538582671859
  -31.51767160663133    14.91593197446745    56.11946894241866   -26.51352619635712   -24.04264021478276    11.36790924744662 -0.07152023544075826   0.1238351816810426  -0.4826264967545797    0.387831940517148
  -118.5262789026377    56.11946894241815    223.0124816261866   -104.8933419021551   -103.2584302762856    48.94875962126824   0.4464171216568947  -0.5127638780194411  -0.3335419765133835   0.3670569823824449
   56.00368897650577   -26.51352619635689   -104.8933419021551    49.53949300185656    48.81987269881962   -23.10407908209286  -0.2149358252039188   0.2220950862553796   0.1591913601059632  -0.1811338240291948
   50.57192503303132   -24.04264021478214   -103.2584302762841     48.8198726988189    55.66165680682082   -25.95012076197068  -0.9420878238987339    1.101680553465708   -1.099916024508781   0.6975996538255549
  -23.99631897883167    11.36790924744634    48.94875962126755   -23.10407908209253   -25.95012076197069     12.3096513015287   0.4676693330200093  -0.5149443162326538   0.5133139454985631  -0.3437138845788335
   0.157080642279026 -0.07152023544078785   0.4464171216567848  -0.2149358252038672  -0.9420878238986892   0.4676693330199879   0.6004074235314437  -0.1425581383788916  -0.1501703169151335  0.06499072056598765
 -0.3007731843424076   0.1238351816810814  -0.5127638780192918   0.2220950862553093    1.101680553465642  -0.5149443162326224  -0.1425581383788913    0.659543650703562 -0.03219424365604519  -0.1790925911495242
   1.029824707124813  -0.4826264967546566  -0.3335419765136951   0.1591913601061104   -1.099916024508629   0.5133139454984914  -0.1501703169151353 -0.03219424365604392   0.5822609141391144  -0.1527655882543374
 -0.7753858267187009   0.3878319405172007   0.3670569823826562  -0.1811338240292945   0.6975996538254549   -0.343713884578786  0.06499072056598872  -0.1790925911495248   -0.152765588254338   0.6857427256742742

cov*(cov_.inverse()):
    0.9999999999999778  -1.64174229766445e-14 -1.445649155940032e-13  2.330427517627243e-14  7.177591854201637e-14  8.534839501805891e-15 -3.816391647148976e-17 -4.302114220422482e-16 -3.608224830031759e-16 -6.800116025829084e-16
 1.865174681370263e-14      1.000000000000042 -5.695444116327053e-14  1.112443470674407e-13  5.551115123125783e-15  -3.83026943495679e-14  1.665334536937735e-16 -5.551115123125783e-16  3.885780586188048e-16 -1.110223024625157e-15
   1.7277845820729e-14 -4.142519660632615e-15      1.000000000000002  2.643024687998263e-14 -1.378064329315976e-14  4.142519660632615e-15  3.781697177629439e-16  4.510281037539698e-17 -6.938893903907228e-17  6.938893903907228e-17
 1.643130076445232e-14  1.141309269314661e-13  2.187139358511558e-13      1.000000000000081 -2.771116669464391e-13  -6.94999613415348e-14 -6.106226635438361e-16  1.443289932012704e-15 -1.443289932012704e-15  3.108624468950438e-15
-2.164934898019055e-14   5.10702591327572e-15  1.532107773982716e-14 -1.866562460151044e-14     0.9999999999999987  1.517536096784511e-14  2.220446049250313e-16  -4.40619762898109e-16  5.204170427930421e-17 -3.747002708109903e-16
 3.463895836830488e-14  7.283063041541027e-14  1.798561299892754e-13 -8.659739592076221e-15 -1.030286966852145e-13     0.9999999999999933  1.443289932012704e-15 -2.220446049250313e-16  3.552713678800501e-15 -8.881784197001252e-16
 -3.33066907387547e-14  -3.26405569239796e-14  7.771561172376096e-15 -3.208544541166702e-14  3.108624468950438e-14  5.995204332975845e-15      0.999999999999999                      0 -1.332267629550188e-15                      0
 6.039613253960852e-14 -3.996802888650564e-15 -1.931788062847772e-14  1.187938636348917e-14  3.064215547965432e-14 -2.708944180085382e-14 -1.665334536937735e-16     0.9999999999999998  5.551115123125783e-16  4.440892098500626e-16
 -9.50350909079134e-14 -2.886579864025407e-15 -5.573319583618286e-14 -3.652633751016765e-14  3.508304757815495e-14  2.153832667772804e-14 -9.992007221626409e-16 -2.220446049250313e-16     0.9999999999999997 -4.440892098500626e-16
 4.840572387365683e-14  1.665334536937735e-14 -6.972200594645983e-14  4.063416270128073e-14  8.881784197001252e-16 -1.709743457922741e-14  2.220446049250313e-16  7.771561172376096e-16 -1.110223024625157e-16                      1
