10
2

0.04159720913741168
0.04659054828699852
 0.5227654850051722
 0.9463695874338875
  1.063770631293759
  1.177433020214275
  1.782778995173564
  3.103781630406536
  3.382980355237919
  7.817010693523509

   0.07076210529395958   -0.01754295703231548    -0.5488146230001039     0.1352629220981432     0.7492753487840663    -0.1864176718061357    -0.2729829446510272    0.06709416558693994   0.001617918002341596  -0.001546336875957989
    0.3880478201855234   -0.09728480629739153    -0.6346311928985009     0.1571491404673139    -0.3031815537730458    0.07384608450591275     0.5429803015876856    -0.1424834044705315  -0.000569480914721774 -0.0004481608873481558
   -0.8136747649018576     0.1421304581515912    -0.1462329224105517    0.06987567555251321     0.1238025622136604   -0.06636169152216059     0.4649384190486217      -0.11026342046931    -0.1826340884405946     0.1002682303771983
    0.2741176362992572    0.01782932868228128     0.1908977001432465    -0.3098081835567308      0.344110257693705     0.3002293574602801     0.2337361814608881    -0.1404272499099345    -0.7106039667725585   -0.06525829314826655
   -0.2174248819744318    0.01597057864255471    -0.1868006267565692    0.03677544848167839   -0.07726042564264118     0.4488094655285702    -0.2048718629538946    -0.1117779153550734    0.03145363145797264    -0.8083125820540025
     0.107127561219157   -0.02325275681253105      0.247214028934794     0.6687830462364349   -0.05279626099035562    -0.4825511087082767    0.01529660962731918    -0.1329024980624843    -0.3533565428764438    -0.3181140228775129
  -0.02949831409621341   -0.02846557016361204   0.001257825073717627     0.1966255750817681  -0.004801612581101952     0.2375799291203437    -0.2936599828766792    -0.8366009026432261    0.03808195362827099     0.3400023421061175
     0.153679387043316      0.353032323868677     0.1381194046770636    -0.3620692617452102     0.1984423483519009    -0.3926345680849251      0.273489397730877    -0.4211477254916308     0.3954574803521277    -0.3154202882722134
   -0.1450730587674105     -0.382554599928793    -0.2625199741781606    -0.4867237352981504    -0.3025020841346739    -0.4665282430652105    -0.2823599722931786    -0.1740655472379736    -0.3188923714284692   -0.07690662273716756
   0.05404555064225536     0.8349389658157673     -0.232841619757258   -0.02941786530936083    -0.2706693605525402   -0.05209058496146816    -0.2772834494195924    0.07480875554342381    -0.2762326453192039     0.1005639288022961

22.69245456894379
90.68091925239135
39.18985418614572
156.1734686683004
46.53490016648568
185.4079512430908
55.17538952141781
 219.857946117748
65.87143961853607
262.7966904015781

 3.991949778036586
0.2512441637497027

     0.107928808786666   -0.02696567681764579    0.04262521471589045   -0.01122116698312449   -0.02408732047047119   0.004388424325650532    -0.1290238574391993    0.02915838602308855  1.834324310574786e-05  -0.003956469101344385
 -0.006970359187988588   0.001741860013127888  -0.002728286184854729  0.0007418326908441986   0.002130609616146261   -0.00050206856419863   0.007650649309105954  -0.001826939148629568 -3.089687334147632e-05  4.717577687292906e-05

 2.624701366787202e-06 -0.0001104726695273935   -0.04524089368058751 -0.0002331317863307344  -0.002341124956068529    0.01355787757841403    0.02777861445518607    -0.3448542363151763     0.2955349648775945      1.073577378990761
  9.56321359711795e-07  5.872043597123319e-06   0.002851980907905164  1.415049107621576e-05  0.0003259415494651851 -0.0006654978778894358  -0.001698664361640508    0.02266681054618472   -0.01769641027538504   -0.06747671080320529

cov:
   0.9676014795129432     3.883156860388222   0.03272410961495752    0.1553173218097939  -0.02944673512997065  -0.09459714416569789 -0.007401006749868407  -0.01130849229673689  0.005027957835660456   0.07426798861208063
    3.883156860388222     45.48312685967395    -10.27431162461131   -0.6422501191830859    -11.79903677101367     -1.94603731694762    -11.93646798200214      3.21795810912131    -11.36209180598068     4.362449331792075
  0.03272410961495752    -10.27431162461131     4.449450853054803     1.565237905435888     5.075762462645457     1.415117444276055     5.225666053938419     -1.14650854548243     5.172697182527455    -1.571408797211854
   0.1553173218097939   -0.6422501191830859     1.565237905435888     4.858850674980852     1.331219652641769     3.697013262135082    0.8836422740337608     1.690212429146266    0.7847160852634996     1.251719849450853
 -0.02944673512997065    -11.79903677101367     5.075762462645457     1.331219652641769     6.025442542370221     1.808523773427294     6.194794614496088    -1.454341793426855     6.226081463614759    -1.927960220494483
 -0.09459714416569789     -1.94603731694762     1.415117444276055     3.697013262135082     1.808523773427294     4.953969669869688     1.074292715106864     1.648833651665051     1.179456835953422      1.32323857576554
-0.007401006749868407    -11.93646798200214     5.225666053938419    0.8836422740337608     6.194794614496088     1.074292715106864     6.761845992853019    -1.054293004269572     6.530467393068546    -2.424022624828175
 -0.01130849229673689      3.21795810912131     -1.14650854548243     1.690212429146266    -1.454341793426855     1.648833651665051    -1.054293004269572     4.681525617938193    -2.177129344164088     1.154587252784063
 0.005027957835660456    -11.36209180598068     5.172697182527455    0.7847160852634996     6.226081463614759     1.179456835953422     6.530467393068546    -2.177129344164088     7.973196082329905    -2.413666171305417
  0.07426798861208063     4.362449331792075    -1.571408797211854     1.251719849450853    -1.927960220494483      1.32323857576554    -2.424022624828175     1.154587252784063    -2.413666171305417     2.897720477308186

cov.inverse():
   74.82553359102087   -18.51992967808314   -135.3414589073584    33.36511701897011    -23.8030900247654    5.741075959724961    84.64197021095774   -22.42778948992698   0.2670475746953223  -0.3382641489636115
  -18.51992967808312    4.650217399945881    33.93847222975482    -8.39411177478174    6.076115185104726   -1.435354369027971   -21.30586137470512    5.644950051536445  -0.0726049193941412  0.06988027694935409
  -135.3414589073771    33.93847222975957    359.8164750883731   -88.83087759304499   -148.9894922404556    37.48150025167337   -72.31662554243098    20.39784835952307  -0.4545515871989544   0.6276209966245478
   33.36511701897468   -8.394111774782905   -88.83087759304493    22.44610961360523    36.51289741846841    -9.51613206624825    17.99262658874396   -5.146319807304774   0.1161082360891631  -0.2487313019164944
  -23.80309002473085    6.076115185096059   -148.9894922405272    36.51289741848615     367.009653188581   -90.96056639123563   -193.7186152674643    48.85994238334154   0.4534273217916643   -0.524778974305953
   5.741075959716387    -1.43535436902583    37.48150025169095   -9.516132066252601   -90.96056639123542    23.11157260469596      47.739550606553   -12.13239009669948  -0.2521085603991224 -0.06341435201187041
   84.64197021094212   -21.30586137470121   -72.31662554237872    17.99262658873105   -193.7186152675006    47.73955060656204      179.82193213222   -46.36243015004465   -0.886632465282796    0.389309901548127
   -22.4277894899231    5.644950051535474    20.39784835950976   -5.146319807301487    48.85994238335113   -12.13239009670187   -46.36243015004492    12.28586721677423   0.2931904985584892 -0.02484097008327426
  0.2670475746952856 -0.07260491939413233  -0.4545515871988186   0.1161082360891298   0.4534273217915444  -0.2521085603990925  -0.8866324652827767   0.2931904985584847   0.8052899983862284  0.03486896711133011
 -0.3382641489636547  0.06988027694936488   0.6276209966245171  -0.2487313019164869  -0.5247789743057344 -0.06341435201192469   0.3893099015479826 -0.02484097008323728  0.03486896711133031   0.7407762630959529

cov*(cov_.inverse()):
     1.000000000000012 -6.363833071620917e-15  1.474098620946052e-13 -1.016547956922409e-14 -1.888350587009313e-13  8.634499365500758e-14 -2.670780263613892e-14  1.578641731225794e-14  1.163565771511443e-15  4.649058915617843e-16
-1.019184736605894e-13      1.000000000000034 -1.736388810513745e-13  6.550315845288424e-14  3.996802888650564e-14  3.863576125695545e-14 -7.396305790052793e-13 -7.838174553853605e-14 -3.608224830031759e-16                      0
 2.956523914576792e-13 -5.694056337546272e-14     0.9999999999997496  9.653389199115736e-14 -4.551914400963142e-15 -1.922073611382302e-14   2.37698749572246e-13  2.817190924986335e-15  2.289834988289385e-16                      0
-3.386180225106727e-15 -7.868705687030797e-15  2.753353101070388e-14     0.9999999999999932 -9.692247004977617e-14  4.475586568020162e-14  5.684341886080801e-14  9.471590178833367e-16 -1.387778780781446e-17  2.220446049250313e-16
 1.051381204320023e-13 -4.202194148206218e-14 -4.647393581080905e-13  8.509859483751825e-14     0.9999999999999782  2.260691633892975e-14  3.345101973195597e-13  6.790401574363614e-14  4.579669976578771e-16  2.220446049250313e-16
-9.325873406851315e-15  1.058875209736243e-14  9.547918011776346e-14 -2.281508315604697e-14  2.964295475749168e-14      1.000000000000006  4.707345624410664e-14 -3.753941602013811e-15 -6.245004513516506e-17 -1.110223024625157e-16
 1.443289932012704e-14  7.049916206369744e-15  2.582378755278114e-13 -1.043609643147647e-14 -1.285638262515931e-13  1.361410983946598e-13      1.000000000000239  4.476280457410553e-14  2.220446049250313e-16  8.881784197001252e-16
 2.309263891220326e-14  2.733924198139448e-15 -1.532107773982716e-14  1.931788062847772e-14  1.728617249341369e-13 -4.961309141293668e-14 -1.277866701343555e-13     0.9999999999999933   3.05311331771918e-16 -4.440892098500626e-16
 2.808864252301646e-14  6.106226635438361e-15  5.191402863147232e-13  -4.96269692007445e-14  -2.20046203480706e-13  4.471423231677818e-14  4.274358644806853e-14  5.562217353372034e-14                      1  4.440892098500626e-16
-5.229150445984487e-14  1.745825706223059e-14  1.021405182655144e-13 -4.363176486776865e-14  1.425526363618701e-13 -3.252953462151709e-14 -1.925126724700021e-13  2.024769241160129e-14  1.942890293094024e-16     0.9999999999999996
