12
2

0.05313032691490803
 0.2503686743477964
 0.8697252854820243
 0.9917493203305828
  1.053730371140719
  1.333461632594813
  1.681682909280643
  1.850713186810124
  1.881451049378202
  2.426929548495849
  4.065781423496418
  8.341324090735947

   -0.3857746628812794     0.2149354733641343     0.7129771803402437     -0.397249717235818    -0.3255681992387267     0.1812109861584059 -0.0007602401663430214 -0.0003876341619214565 -0.0007389096775082917 -0.0008209029679923151 -0.0004597774172540051   0.001618915945568877
   -0.5009529073746508     0.2548931872512574    0.05622902483972674   -0.02759634011558965      0.713152523254673    -0.3704636969730262   -0.06605830127580664    0.02579911955255511   -0.06612274659717268    0.06691424958615697    -0.1182198871478549    0.08042104447551879
    0.5250636884561817   -0.08200611496854986     0.4556899383202143   -0.03231677356331645     0.3301375309609733   -0.05496311457867763    -0.3862436839890818     0.3356989611879648    -0.1971040185190841   -0.06630507756256124     0.1848699340697897    -0.2399426331552651
    0.3071060838172159    0.03146971760193016     0.2364519531645572     0.0105941337669269     0.1500730004212764   -0.02756329923015218    0.06377529145820862    -0.1599051294088304     0.3892944085580228     -0.470643949607267    -0.2909881112387945     0.5813993674578463
    0.3332008938945833    0.01862794324647134     0.2706977477486131   0.003942621111224219      0.200845575978933  -0.004943324077543964     0.4681993950291188    -0.4915232986670894    -0.0873267178683426     0.5463108434395947   -0.06783464483414482   -0.05903480588848432
   0.01671420218653984    0.04214130689047949   -0.01604518592012241  -0.007389673334781899   -0.03006622919856354    -0.0270163258840171     0.3078006524547918     0.1014087578548052     -0.673014169323456    -0.1696499948808648     0.3919149955700807     0.5056157592341916
    0.1629433220898913     0.2253473527413822   -0.06999375208498691    -0.1312386350771057    -0.1475325466852346    -0.1961092494463144    0.02011667720914275     0.5520547589831312     0.2926444233247292     0.5522848624335923    0.03306990256724691     0.3786800309378292
   -0.2547908018294204    -0.4663910395279474     0.1512379552647233     0.2390404849125591     0.3055208024594052     0.4912274968009117     0.1783184903241907     0.2016359048556853     0.2997051023003123      0.118686130351596     0.3293087310759935     0.1345066923930619
  -0.00637562175077456    0.01958882834898342   -0.07311349299942808    -0.1260783373817538   -0.01195485071190273   -0.05001858844638682    -0.5486497836817864    -0.5120228076586545     0.1480012927877349     0.1730457808644014     0.5388692215878971     0.2650968086882383
    0.1512355844387355     0.2380408432979677    -0.3417830735646978    -0.6574706017496156      0.311606530785705      0.503729228546253    0.08488782973243066    0.03320123736832287    0.02255051123559985   -0.08075358738321674    0.01859972394941698   -0.06968102107689648
  -0.06619903762029079    -0.6106380052873723   -0.03677625907788939    -0.3108332047975386  -0.004204548153155124    0.03408498697449171    -0.2805993692220943   -0.01561008168525575    -0.3019720444501142     0.2314405277885851    -0.4772374559297318      0.268519219768962
   0.01232185564049718     0.4251658493264464    0.01088496676109136     0.4701699584410539    0.01718045724292788     0.5368558069202759    -0.3305626068026356    -0.0160335740043179     -0.235773508433649     0.1823386723132512    -0.2845251040295129     0.1734208423130475

22.68447785722513
40.47444154242686
35.55523968178625
63.54816769767636
50.51262821468116
90.36262001703258
72.45352382769761
129.7943447757182
87.25575322954522
156.0054658061804
103.3592477887746
185.4380612690543

1.792512509272028
0.559264963739305

   0.06604308500712847    -0.0368166469328356  -0.005216257916147073   0.002889906335738715   -0.06025497068965151    0.03353350405400361 -0.0002345248689696678  6.982989178579577e-05 -0.0001616077645908644  0.0001210585211286124 -0.0003217149578389365  0.0002382766824233305
  -0.01996177236231361    0.01113227038298618   0.001217644685737376  -0.000672677284177879    0.01823406880402339   -0.01014704682433283  0.0001650128216841953 -0.0001231398274394287  0.0004805664783966635 -9.141165680526833e-06  2.987217352121857e-05 -0.0001237633702154911

-3.546490796185049e-05  -0.006152010788617221    0.01022024431665615   0.007907920429999441   0.008433454332773595  0.0009564447172473045    0.01384874710694531  -0.006256277269711478  -0.007442352209694272    -0.0048924261873311     0.3167026999838952     0.2573991282404102
 9.747268223818546e-06   0.001857172489671215  -0.003331294229300173  -0.002303696858373392  -0.002563182774944765 -0.0008670467060508497  -0.004004805525553366   0.002207672263526579   0.002322227241060213   0.001521175902559864   -0.09874801859954623   -0.07985165041604154

cov:
   0.9565330662394963     1.732032030719465  -0.06792436723079721   -0.1157595935103631    0.1903853245190717    0.3323873848785646    0.0156149600315199   0.02827890492481201  0.007439888879185712  0.004619968817526694  -0.01363316784141028  -0.08512236006556052
    1.732032030719465     19.97874562462912  -0.09246567237653007     15.65133710294351    0.4019234729255622     15.32495459577605    -7.079732323220568   -0.3039004967308632    -4.205901136982903     3.108098377504231    -4.035443696070972     2.437638331842721
 -0.06792436723079721  -0.09246567237653007      1.12528302175761     2.042859839240683   -0.2093835998502754   -0.3489754997141767 -0.006861881931692081  -0.01381545176983895   0.03395256422490217    0.1042980473251409   0.02583545302267723   0.05510550198147256
  -0.1157595935103631     15.65133710294351     2.042859839240683     19.82621863412075   -0.3189243901501283     15.93564805235816    -9.309123389475307   -0.3975666636069776    -6.160491116222494     4.904610049692653    -6.923569959971358     4.419442152606566
   0.1903853245190717    0.4019234729255622   -0.2093835998502754   -0.3189243901501283     1.157684806902304     2.127704821866918   -0.0204539201730176 -0.008461782876837945   -0.0124068132811423  -0.01202271566895442 -0.002954005536228928   0.02158653135527043
   0.3323873848785646     15.32495459577605   -0.3489754997141767     15.93564805235816     2.127704821866918     22.52419780855828    -11.86929187820562   -0.3978474704314595    -8.562391346821297     6.583605483399835    -10.41682091715678     6.360111839077478
   0.0156149600315199    -7.079732323220568 -0.006861881931692081    -9.309123389475307   -0.0204539201730176    -11.86929187820562     10.65145527789916     1.298516512510772     6.415498042108254    -5.359095975907363     8.030874905961259    -5.327883991955113
  0.02827890492481201   -0.3039004967308632  -0.01381545176983895   -0.3975666636069776 -0.008461782876837945   -0.3978474704314595     1.298516512510772     2.354565677643877    0.5558987763995589   0.08019549133820301  -0.05322827841047671   -0.1016092624123208
 0.007439888879185712    -4.205901136982903   0.03395256422490217    -6.160491116222494   -0.0124068132811423    -8.562391346821297     6.415498042108254    0.5558987763995589     6.998111683665441    -3.508190788384564     7.099056767395379    -3.945464889290742
 0.004619968817526694     3.108098377504231    0.1042980473251409     4.904610049692653  -0.01202271566895442     6.583605483399835    -5.359095975907363   0.08019549133820301    -3.508190788384564      4.85803776407092    -4.963198905396903     3.624021694552475
 -0.01363316784141028    -4.035443696070972   0.02583545302267723    -6.923569959971358 -0.002954005536228928    -10.41682091715678     8.030874905961259  -0.05322827841047671     7.099056767395379    -4.963198905396903     11.19026687998662    -4.710074355029539
 -0.08512236006556052     2.437638331842721   0.05510550198147256     4.419442152606566   0.02158653135527043     6.360111839077478    -5.327883991955113   -0.1016092624123208    -3.945464889290742     3.624021694552475    -4.710074355029539     4.864171428617301

cov.inverse():
    57.31730549914074    -31.39543166040004    -97.43901802947533      54.4509195642441     39.10645111168688    -21.88744454903864     0.519137981742069  -0.09801258768319057    0.5776603871281559   -0.4334886423064522     1.007179834376916   -0.8534234039697848
    -31.3954316604001     17.52959827066604     54.43936742535934    -30.41170917837605    -21.95836614334032     12.23525834635935   -0.2813722970089817   0.04355845008450242    -0.314773987313439    0.2249673270376586   -0.5595085799831792    0.5075405331549121
   -97.43901802947637     54.43936742535988     180.5581113827753    -100.3207392206064    -81.30721593419933     45.39473935083015   -0.3429035942662514  -0.02779667159811464   -0.2840537045874851   -0.1734884397302837   -0.1983011515745677    0.4518684810292963
    54.45091956424474    -30.41170917837635    -100.3207392206064     56.02727838083804     45.48475843909869    -25.34418571393946    0.1782593721212093   0.02813088994727371    0.1518281485366782   0.06885820525762307    0.1110764164286789   -0.2627547250178325
    39.10645111168824     -21.9583661433411    -81.30721593420112     45.48475843909966     45.91779274122342    -25.06212607700106    -0.722022480601677    0.3623846890687368   -0.6859118498197736    0.8337955941150473    -1.247689483918992    0.6806192013433118
   -21.88744454903949     12.23525834635978     45.39473935083109    -25.34418571393998    -25.06212607700104     13.95947473408988    0.3971787315896239    -0.196065124195623    0.3774619873529317   -0.4587500065055162    0.6939629542462438   -0.3924201299491394
   0.5191379817419526   -0.2813722970089165   -0.3429035942660372    0.1782593721210896   -0.7220224806017744    0.3971787315896782    0.6239040904087231   -0.3039684251415554   0.04375990277471787    0.1113683989284693 -0.005741081687767456   0.09988570638265908
 -0.09801258768314076   0.04355845008447499  -0.02779667159820231   0.02813088994732268    0.3623846890687744    -0.196065124195644   -0.3039684251415552    0.6029214887146795   -0.1237745919369635  -0.08772069410744936   0.08165833739944517   -0.0703544855335789
    0.577660387128079    -0.314773987313397   -0.2840537045873461    0.1518281485366004   -0.6859118498198383    0.3774619873529677   0.04375990277471826   -0.1237745919369639    0.6060844865420351   -0.1485114649774893   -0.1170037457452319   0.07693164078481397
  -0.4334886423063955    0.2249673270376266   -0.1734884397303916    0.0688582052576831     0.833795594115098   -0.4587500065055444     0.111368398928469  -0.08772069410744909   -0.1485114649774893    0.7129195342377477  -0.03726729142913398   -0.1523405022915911
    1.007179834376771   -0.5595085799830972   -0.1983011515742954    0.1110764164285265    -1.247689483919119    0.6939629542463143 -0.005741081687767158   0.08165833739944474   -0.1170037457452318  -0.03726729142913376    0.5739087136003577   -0.2184993914813818
  -0.8534234039696691    0.5075405331548469     0.451868481029076   -0.2627547250177095     0.680619201343417   -0.3924201299491978   0.09988570638265863  -0.07035448553357843   0.07693164078481353   -0.1523405022915905   -0.2184993914813821    0.7522608396266999

cov*(cov_.inverse()):
    0.9999999999998989  4.944655795924291e-14  5.741240816092841e-14 -8.964703979152944e-14  3.430589146091734e-14  6.728645418618839e-14 -1.595945597898663e-16 -6.184289191857317e-16  1.514413594527753e-15  5.256212132209725e-16 -1.575128916186941e-15  6.938893903907228e-16
  4.04121180963557e-14     0.9999999999999996 -5.351274978693255e-14 -1.010302952408892e-14  3.397282455352979e-14 -2.220446049250313e-15  2.775557561562891e-16  5.551115123125783e-17  1.498801083243961e-15 -4.440892098500626e-16 -2.220446049250313e-16 -1.110223024625157e-15
 4.810735143578881e-14 -2.235711615838909e-14     0.9999999999999529  6.676430241991937e-14  3.910760604242114e-14  -1.36279876272738e-14 -6.071532165918825e-17  5.681219383824043e-17 -4.250072516143177e-17  5.603156827405087e-16  4.232725281383409e-16  1.942890293094024e-16
 7.061018436615996e-14  -1.06581410364015e-14  9.681144774731365e-14      1.000000000000133 -1.856292897173262e-13 -2.220446049250313e-14  8.326672684688674e-16  4.996003610813204e-16 -3.885780586188048e-16  4.440892098500626e-16  4.218847493575595e-15 -2.664535259100376e-15
 1.659089532424218e-14 -1.190367249215285e-14 -4.325359515000571e-14  1.674788779881808e-14      1.000000000000037  5.152128723651117e-15  3.382710778154774e-17 -4.293440603042598e-17  3.658098129966092e-16  9.237402509576498e-17 -1.960237527853792e-16  -1.52655665885959e-16
 1.962874307537277e-13 -1.048050535246148e-13 -3.641531520770513e-14  1.576516694967722e-13  8.260059303211165e-14     0.9999999999999432 -9.992007221626409e-16  7.771561172376096e-16 -4.440892098500626e-16  1.665334536937735e-15 -4.440892098500626e-16  -1.77635683940025e-15
-6.927791673660977e-14  1.953992523340276e-14  3.952393967665557e-14 -3.796962744218035e-14  2.930988785010413e-14  7.105427357601002e-14                      1 -6.661338147750939e-16 -6.661338147750939e-16 -2.220446049250313e-16 -2.220446049250313e-16   1.77635683940025e-15
-4.635181127810029e-15  1.228184220991579e-15 -5.828670879282072e-16 -2.220446049250313e-15  4.066191827689636e-15  3.844147222764605e-15 -1.647987302177967e-16                      1  5.030698080332741e-17 -3.122502256758253e-17 -1.214306433183765e-16 -1.387778780781446e-17
-2.620126338115369e-14  -8.43769498715119e-15 -4.862776847858186e-14  4.929390229335695e-14  7.682743330406083e-14 -4.218847493575595e-15  2.775557561562891e-16  -3.33066907387547e-16     0.9999999999999998  5.551115123125783e-16 -1.110223024625157e-15  1.332267629550188e-15
  5.81756864903582e-14  -8.43769498715119e-15 -9.992007221626409e-15  3.852473895449293e-14 -2.042810365310288e-14  1.110223024625157e-15  -3.33066907387547e-16  4.996003610813204e-16   3.33066907387547e-16                      1  2.220446049250313e-16  4.440892098500626e-16
-5.062616992290714e-14  3.419486915845482e-14 -7.016609515630989e-14 -5.395683899678261e-14 -2.264854970235319e-14 -4.218847493575595e-15 -1.665334536937735e-16 -1.665334536937735e-16 -8.881784197001252e-16  4.440892098500626e-16     0.9999999999999984  8.881784197001252e-16
 6.572520305780927e-14 -2.575717417130363e-14 -3.241851231905457e-14  7.571721027943568e-14  2.442490654175344e-14 -1.398881011027697e-14  7.216449660063518e-16 -1.110223024625157e-16  3.885780586188048e-16  2.220446049250313e-16  4.440892098500626e-16      1.000000000000001
