8
2

0.2974300825948619
0.7727104533377339
0.9148784142337403
  1.03024918024291
 1.663799483024352
 1.994390858268051
 3.301810712703927
 37.35439558421943

   -0.4049114423137392     0.3811642007990079     0.5905061490749702    -0.5496981655809958   -0.07653774198358122    0.06601126954284525    -0.1334197968940234       0.10898914953495
   -0.2165893695249204     0.1052386835527998     -0.148224076972766    0.06919999390681661      0.740420385041347    -0.3790063697187862    -0.4226996959196002     0.2114512722568174
   -0.7714343902607798    0.07875896836535004    -0.5606133512856235    0.00339890277456503    -0.2290086759243276    0.01721581992077323      0.171106711526914   -0.04866476560636857
    0.1110076704058385  -0.004026461579590159    -0.2079598423094585   -0.03156410849408429     -0.497340701041832   -0.01294958702286208    -0.8335868417383409    0.03217154524840694
   -0.4021480175003494    -0.3787354382982384     0.5193117119716221     0.6065395233182855    -0.1241525993948454    -0.1190855890449163    -0.1322188146631071    -0.1009184415947871
    0.1238939869459605     0.2966701167203457    0.03726502556168597     0.1311052351463275    -0.3596027798390924    -0.7418865152799655     0.2413250000320738      0.374315829972699
   -0.0680385447848748    -0.7231808826098691   -0.02691001545251553    -0.3838381785936266   -0.03739971152706963   -0.04787533439777377    0.06046635033016028     0.5630073761374573
 0.0002365776434785911     0.2880541696839143  2.117220995792148e-06     0.3995308733240371 -0.0003395277246937417     0.5335387343297564   0.001960944601807921     0.6875552915963737

35.56059708402334
35.62728959205216
50.49345536468228
50.58053918909647
68.24410527440543
 68.3822596995451
88.62420300022218
 88.8162157871229

 1.001375724566938
-0.560420698727506

  0.03431788521932016  -0.03434011304759054  -0.02070966791085974   0.02070937139163557 -0.005961249665526154  0.005081541723088305   -0.0106365735338535  0.009299516494577727
   -4.716001046598613     3.587067982129772     7.772756252563616    -6.885943841659373    -3.292446116382641     1.904034001622192   -0.5546211338190277      1.20745876135627

-0.004190892705930388 -0.003834059435240202   -0.0153321872336296   0.02087330943823205   0.00446807645196476  -0.01871341148489957    0.2145464695910015     10.43247037207455
    1.082378947171254    -1.731154802317702    0.1446354710860863     0.187821057430844     1.470943157332445   -0.1738885658837754     9.146156725701344      177.383053079395

cov:
   1.112989825577215    1.120740943647158  -0.2042944804516619  -0.1891845224810068 -0.01511231144250761  0.01261355532169489  0.07265575746535106   0.1101285608231283
   1.120740943647158     122.252974794283  -0.3129441477240384    163.1172761715413  -0.1048114227544154    214.0552196382846    0.718629423141236    272.4759902808614
 -0.2042944804516619  -0.3129441477240384    1.112895116749776   0.9756982368402868 -0.07309896339600717  -0.2337678319226825 -0.03788763057852674   -0.250020315656724
 -0.1891845224810068    163.1172761715413   0.9756982368402868    225.4564040474947  -0.3784383292483394    297.0353626093641   0.7614553471341394    380.9742994172178
-0.01511231144250761  -0.1048114227544154 -0.07309896339600717  -0.3784383292483394    1.206724716131855   0.7043724546474249  -0.1040509890098101  -0.9709235805738489
 0.01261355532169489    214.0552196382846  -0.2337678319226825    297.0353626093641   0.7043724546474249    399.5456509316509   0.8685672383042128    510.4533370409829
 0.07265575746535106    0.718629423141236 -0.03788763057852674   0.7614553471341394  -0.1040509890098101   0.8685672383042128     1.19556970007734    2.558580389581623
  0.1101285608231283    272.4759902808614   -0.250020315656724    380.9742994172178  -0.9709235805738489    510.4533370409829    2.558580389581623    663.6993999131201

cov.inverse():
    2.71720385380212   -1.787037493870687   -2.228202935253814    2.402852468597894   0.2478587793404829  -0.1873877598618696   0.5454724727793092  -0.5045338879419925
  -1.787037493870609    1.790257988295786     2.39971752075995   -2.403487459881171  -0.2262888116387053   0.1835322513893888  -0.5980227354260667    0.506685925788621
  -2.228202935253738    2.399717520759946     4.49252885657786   -3.566573936788485  -0.4704387691569111   0.4965498635678424  -0.7596246863015663   0.6844928249373775
   2.402852468597789    -2.40348745988117   -3.566573936788487    3.575512555040223   0.5375206909339841  -0.5023563793499706     0.78238869143887  -0.6832800003530268
  0.2478587793404793  -0.2262888116387211  -0.4704387691569364   0.5375206909340096    1.318290350911915  -0.4531702904869983 -0.08106507644693794   0.1349126450181219
 -0.1873877598618812   0.1835322513894026   0.4965498635678635  -0.5023563793499924   -0.453170290486998   0.4342599987090058   0.1428601481360176  -0.1219730744924237
  0.5454724727792881  -0.5980227354260536  -0.7596246863015459     0.78238869143885 -0.08106507644694616    0.142860148136025    1.211400162177381  -0.3186303201667559
 -0.5045338879419682     0.50668592578861   0.6844928249373609  -0.6832800003530098   0.1349126450181294  -0.1219730744924305  -0.3186303201667562   0.2812822564523887

cov*(cov_.inverse()):
      1.00000000000006 -8.613249002920043e-14 -8.137934770502397e-14  1.160876950123679e-13  2.168924762013802e-14 -2.621167172200956e-15  8.951173136040325e-15   -1.4734741204947e-14
                     0     0.9999999999999716 -2.842170943040401e-14                      0                      0  7.105427357601002e-15                      0                      0
-8.326672684688674e-15  1.243449787580175e-14      1.000000000000012 -1.915134717478395e-14 -3.552713678800501e-15  1.124100812432971e-15 -2.137179322403426e-15  2.414735078559715e-15
-2.842170943040401e-14  8.526512829121202e-14 -5.684341886080801e-14     0.9999999999999432  7.105427357601002e-15                      0    1.4210854715202e-14   -1.4210854715202e-14
-7.216449660063518e-16  1.221245327087672e-15  8.881784197001252e-16 -1.110223024625157e-15     0.9999999999999998 -1.387778780781446e-17 -5.551115123125783e-17  1.665334536937735e-16
 5.684341886080801e-14  5.684341886080801e-14  5.684341886080801e-14 -2.273736754432321e-13 -2.842170943040401e-14      1.000000000000007                      0                      0
 1.998401444325282e-15 -3.774758283725532e-15  -3.33066907387547e-15  5.773159728050814e-15  1.387778780781446e-15 -2.775557561562891e-16                      1  -3.33066907387547e-16
 2.273736754432321e-13 -5.684341886080801e-14  -1.70530256582424e-13   1.70530256582424e-13                      0                      0  5.684341886080801e-14     0.9999999999999147
