10
1

0.05362321211609337
 0.4190399934258175
 0.7126558402283855
 0.8047623006716383
 0.9558420449553234
  1.331293397196494
  1.656562099379131
  2.211045159663154
  3.726721475557478
  6.271961228427775

    0.1552212686902197   -0.06787967539292607    -0.7077332844131807     0.3093314052844626     0.5606201493857215    -0.2456330239050161  -0.000610876441776086 -0.0005295620793122101  -0.003612763414501483   0.009063512438296206
      0.53980437651442    -0.1876612041929636    -0.3641714324515712     0.1348983343092538    -0.5791058426642107     0.2820020294183591     0.1645325637533836   -0.07885236351671283      0.242641630592616     -0.124594431880043
   -0.2220966880674834    0.03979728874451521   -0.08424996345024091    0.02028230345264555  -0.004524411158708716     0.1134340862371606     0.8843245800691613     0.2862957947028908    -0.1609591470275385     0.1969491167170992
  -0.06414550737650074   -0.01332334496494796   0.005716659592480088    0.06765421109162327     0.3850343114683179     0.9088466290051056    -0.1183486823951054    0.00649351038583863    0.02428361950056157   -0.04697002605245368
   -0.6952971198382767    0.04084360515695375       -0.4283803077081    0.07725235800591486    -0.3490916171661143    0.08759412746274181    -0.1183445659693075      -0.41727437590234   -0.08362461182798372    0.02760425852430995
    0.3394919191883032      0.106196344739691     0.1443105980449523    0.01676333494399623    0.09954488136438372    0.03473663923137359     0.1771506843082385    -0.7109160929284086    -0.5002519036013846     0.2328286373280035
   -0.1125183529004979   -0.09808837570527847     0.1712210256016565    0.09925143730115275       0.15624800751493    -0.0886855765404468     0.3066871773358945    -0.2947395529380168     0.1151893338056656    -0.8438454957087701
     0.113013827663419     0.2846091529563867    -0.3544773929792273    -0.7917012672269609     0.0193372773375906    0.05418348477014447   -0.01654166829427702    0.08738490335366164    -0.2470122673944824    -0.2855622479671796
  -0.06447801702616837    -0.3779453807395401  -0.003476948110759891    -0.4742854055671892     0.2107569167295813   -0.03975137878004223     0.1687701516387381    -0.3440679608480564     0.5870603576779632     0.3008928380807122
   0.05285111316878355     0.8438021168859633   0.006621308923814286     0.1152854305993666     0.0330089550366767  -0.003044191631588286    0.09322270052855336     -0.139157082243379     0.4883092223917778    0.06534718673936643

22.60365948430648
48.74028334383478
50.18158609959183
111.3668890035697
58.06614766997017
129.2511501573634
69.11338160170226
155.3812018373775
98.30362368721534
221.4304218960215

2.266813258055005

   0.0711095833018946  -0.03145797639419741  -0.03384465101747229   0.01487742259836677  -0.03780308880366578   0.01644250576426837 3.667798486566096e-06  0.000528275831933692 0.0003283392368482775 -0.001016257545126089

4.740304642097344e-05   0.01498083677124648 -0.006071341455961114 -0.001866673687990336  -0.01892941833059975   0.02161891804284277  -0.04351706761191258 -0.001383827723979381   -0.1187341138122471   -0.8879329499466199

cov:
   0.9897098792313658     2.296470478490348    0.1015545418683509    0.1651872355777458    0.0538610324403483   0.02791376551679575   0.04137398378050911  -0.04463261906758478    0.1097248762201737    0.0596809858415847
    2.296470478490348     30.44327102731049   -0.2797044711554026     5.189326600132019 -0.004494510636650635    0.2018858937300559     2.145291943390359    -2.753137389064103     12.64352793818534    0.4728230814362347
   0.1015545418683509   -0.2797044711554026    0.9295561521449422     1.435716270011058    0.2379242481786337   -0.1788606364736065    0.2317287496647025   -0.3352494740624262    0.4772693939887728    0.1489543799391451
   0.1651872355777458     5.189326600132019     1.435716270011058     6.750817619106934    -1.288940903256465   0.06883953394615822   -0.5366504912086537      1.16762422138886   -0.6807208477832337     -0.80435555459384
   0.0538610324403483 -0.004494510636650635    0.2379242481786337    -1.288940903256465     1.013307556436355   0.02227977312741079    0.7657132666320416    -1.289287308306612     2.298639684324833    0.6095689401017143
  0.02791376551679575    0.2018858937300559   -0.1788606364736065   0.06883953394615822   0.02227977312741079    0.6230220576657197   -0.1924906592444862    0.2407470564567556   -0.4964993239887072  -0.05015182516156105
  0.04137398378050911     2.145291943390359    0.2317287496647025   -0.5366504912086537    0.7657132666320416   -0.1924906592444862     1.476316936225867    -1.624194576093322     3.068500039784615    0.4163940950957903
 -0.04463261906758478    -2.753137389064103   -0.3352494740624262      1.16762422138886    -1.289287308306612    0.2407470564567556    -1.624194576093322     3.779207433895488    -5.041521047706694    -1.508744558227304
   0.1097248762201737     12.64352793818534    0.4772693939887728   -0.6807208477832337     2.298639684324833   -0.4964993239887072     3.068500039784615    -5.041521047706694     14.97487595204032     3.555942395208744
   0.0596809858415847    0.4728230814362347    0.1489543799391451     -0.80435555459384    0.6095689401017143  -0.05015182516156105    0.4163940950957903    -1.508744558227304     3.555942395208744     3.898751476879595

cov.inverse():
   10.74377065108458   -4.254486610477672   -38.94934150437092    17.02173069850405     28.7245847700051   -12.58730048882361   0.2082069068042865  -0.1999366744311118   0.5741919649863803  0.07504593760936375
  -4.254486610477667    1.863009665337341    17.05265574452224   -7.476045760855064   -12.64285771710117     5.50071838143605 -0.09888229558805556  0.07982213072162715  -0.2448546583005777 -0.04246744091089486
  -38.94934150437074     17.0526557445222    175.2124490600539   -76.38929474173308   -136.5999908243611    59.81423163024025  -0.2483953312617447   0.3595411273888749   0.4364109385714895   -2.031478796810941
     17.021730698504   -7.476045760855047   -76.38929474173305    33.54340076227306    59.87167893671373   -26.11118279015562   0.0835865705771124  -0.1609105729166798  -0.1923848945812025   0.8924411961941482
   28.72458477000496   -12.64285771710112   -136.5999908243609    59.87167893671365    111.5929170455462   -48.31822770344503  -0.6647592328624006   0.2558490573956499   -1.469972091980166    2.106298183909897
  -12.58730048882357    5.500718381436031    59.81423163024017   -26.11118279015559   -48.31822770344505    22.74929778371772   0.3293936083116017 -0.05079198258658101   0.6704232595455104  -0.9658161983282442
  0.2082069068042981 -0.09888229558806076  -0.2483953312617994  0.08358657057713603  -0.6647592328623575   0.3293936083115829    1.785360551421565   0.3687890967528743 -0.07374767592538727   0.1630097346666235
 -0.1999366744311117   0.0798221307216273   0.3595411273888782  -0.1609105729166813   0.2558490573956466 -0.05079198258657953   0.3687890967528742   0.7149317796799335 0.007008337649117104   0.1366765160341585
  0.5741919649863966   -0.244854658300585   0.4364109385714161  -0.1923848945811705    -1.46997209198011   0.6704232595454857 -0.07374767592538688 0.007008337649116867   0.5887957701671741  -0.3234410472939697
 0.07504593760935258 -0.04246744091089032   -2.031478796810898   0.8924411961941296    2.106298183909867  -0.9658161983282304   0.1630097346666228   0.1366765160341587  -0.3234410472939703   0.5109683125584793

cov*(cov_.inverse()):
     1.000000000000016 -3.894020522698938e-15 -5.813405312693476e-14  5.412337245047638e-16  3.191891195797325e-15  9.270362255620057e-15  3.556183125752455e-16 -3.642919299551295e-16  4.163336342344337e-16  3.851086116668512e-16
 4.191091917959966e-15     0.9999999999999963   1.84297022087776e-14  6.050715484207103e-15 -4.107825191113079e-15 -4.440892098500626e-16 -2.775557561562891e-16 -2.220446049250313e-16 -1.665334536937735e-16  2.775557561562891e-17
 2.163200174543078e-15 -4.335073966466041e-15     0.9999999999999867  1.390554338343009e-14  4.440892098500626e-15  1.459943277382081e-14  5.898059818321144e-16                      0  4.232725281383409e-16 -6.800116025829084e-16
 2.213507155346406e-15 -4.336808689942018e-15   6.52811138479592e-14      1.000000000000021 -1.376676550535194e-14  2.187139358511558e-14  2.220446049250313e-16  1.387778780781446e-17 -3.885780586188048e-16 -1.165734175856414e-15
 4.107825191113079e-15 -2.449429548079252e-15  -3.61932706027801e-14  1.809663530139005e-14      1.000000000000025 -6.439293542825908e-15  2.775557561562891e-16  3.191891195797325e-16 -8.326672684688674e-17  2.220446049250313e-16
-2.663667897362387e-15  7.992738415563139e-16  1.396105453466134e-14 -4.198030811863873e-15 -6.300515664747763e-15      1.000000000000002 -6.418476861114186e-17 -7.719519468096792e-17  3.816391647148976e-17  -2.42861286636753e-17
 8.708311849403572e-16 -1.040834085586084e-16  2.664535259100376e-15   8.43769498715119e-15  7.438494264988549e-15  9.436895709313831e-16                      1  1.040834085586084e-16  -3.33066907387547e-16 -1.665334536937735e-16
 3.691491556878645e-15 -2.040034807748725e-15 -4.085620730620576e-14  1.154631945610163e-14  2.886579864025407e-14 -8.881784197001252e-15  -3.05311331771918e-16     0.9999999999999999 -3.885780586188048e-16  9.992007221626409e-16
 7.938094626069869e-15  -6.38378239159465e-15  3.996802888650564e-14  2.398081733190338e-14  1.332267629550188e-14  2.176037128265307e-14                      0  6.106226635438361e-16                      1 -8.881784197001252e-16
-2.498001805406602e-15  2.609024107869118e-15  2.575717417130363e-14                      0 -3.552713678800501e-15  1.021405182655144e-14  1.110223024625157e-16   3.33066907387547e-16  2.220446049250313e-16     0.9999999999999996
