10
2

0.1119593662061871
0.7401811630673718
0.8564577407889409
0.8704051830229906
 1.288881941983571
 1.766077186243427
 2.292272377861536
 2.734342888611814
 4.146988968169402
 7.402619160893337

   0.5727065344153771   -0.2330569321734553   -0.7223364180418108    0.2947698187913256   0.03489618386276393  -0.01579006263660887   0.05647132191876002  -0.01392486345532639   0.06221069494763535  -0.01767463126801255
  -0.3916975306987916   0.05124550637645382   -0.2912146326131087   0.02832955443315007    0.2187380954476672     0.315098512544388    0.4215181564748091   -0.5636546954282071   -0.1887004888095622    0.2832188962929704
    0.246252815446753  -0.04468983011733522     0.165653704389675  -0.04773225690429643    -0.201336003599658    0.9158517337896221  -0.08450082985835589   0.03305049356527067    0.1265568513963795  -0.06381931685209899
   0.6163457029602136  -0.04235403381309809    0.5011092125145336  -0.05457470270607679  0.007209402568481989   -0.1844979204031261    0.3125691323459434    -0.431364480792528   -0.1404488244823285    0.1632273292619904
  -0.1543095013018983  -0.03918051939484993  -0.08726921140244699 -0.004461976502906184   -0.8106464467297565   -0.1510385184397669    0.2567396590493073   -0.2557740607306939    0.3653094660810204   -0.1492337625569672
  0.02917833720337117   0.02572838455421318  -0.05574014692708833  -0.04935123995434258   -0.3553759264451866   0.03075749532341315    0.3553822452955208    0.5493050082090385   -0.4369648333870374     0.496724566993288
 -0.05394073050205995  -0.07811207015589836   0.08425703759503045    0.1819221172155376   0.08305025341470162   0.05721200785519987    0.4951620168622493      0.16847454466867   -0.3351638224303043   -0.7447949754978365
   0.2033918300487102    0.5379364218232153   -0.3064807087079886   -0.6790504587855528  -0.06383359369524795  -0.01173814626690467  -0.04922623264378752  -0.08660450942301556   -0.2078663089992419   -0.2384779695211858
 -0.09352295920066522   -0.6565187826048094  -0.04753045926543256   -0.2689812210193711   -0.2016009352779151  -0.01804794449622404   -0.3649369858797264   -0.2162054146835126   -0.5079008429666957   -0.0822847839955639
   0.0192513589162512    0.4588858846524207     0.029340199162549    0.5814119796334138   -0.2743957362046415   0.01201401696000899   -0.3758911271022092   -0.2124774701157363   -0.4323004948281107  -0.03728945532071781

22.68264935744608
54.81900762231901
35.55659583519538
86.05888258062677
65.33245090331538
158.1645266348792
76.14754394122156
 184.962103827602
90.33818809031462
219.6124526723002

 2.426509530218604
0.4130462180822747

   0.1610972888404364  -0.06644198590034241   -0.1537637664269595   0.06343793558272381 -0.001719536965251161 0.0009061673329659913 -0.002510181005121406 0.0004212198884420647 -0.003087642512505618  0.001093147264495679
 -0.02693667944814183    0.0111095188158992    0.0254693164386557  -0.01052703070907464 0.0003444197968476432 -0.000156303290790762 0.0004326194632618449 1.009285503240161e-05  0.000533318082293016 8.874697254354675e-05

  0.002971794757829728   -0.01119004397101466    0.01106294358624886    0.01595316622043256   -0.01645607207255569    0.03213105522147902   -0.03130087223162582    0.01225955982582437     0.3685862429028393     0.4172910095044222
-0.0004944521780929792   0.001935252393261554  -0.001903510961362001  -0.002752870838894111   0.002624837567405953  -0.004856808157180624   0.004239328760078777  -0.002499430747515075   -0.06291290664140635   -0.07062705195556632

cov:
   0.957973721931269     2.35205939404373 -0.04402310618402201 -0.07962086699374749 0.009932178955043379  0.06070047014093598 -0.01763067409893828  -0.0149039231153591 0.004538123574210034  0.02870030926721981
    2.35205939404373     21.1569140884608 -0.01915954057544883    14.85114205699925   -4.878056250037335   0.4322762015648753   -5.716985718606445   -3.261740219335457   -5.898769878707778  -0.6076799233393221
-0.04402310618402201 -0.01915954057544883    1.111327686030796    2.766731956903565  0.02901772633641478  0.09395658065872234  -0.0324084254797859 -0.01996916985209943  0.06264177241310526   0.1684851239515111
-0.07962086699374749    14.85114205699925    2.766731956903565    23.40295962594991   -7.335403515177683   0.5573245259796149   -9.624577927575144   -5.243588294397242   -10.62574492132432  -0.3841739891417587
0.009932178955043379   -4.878056250037335  0.02901772633641478   -7.335403515177683    6.433205356713506 -0.01671262033679043    6.482001173459324     3.72015731867961    8.164514896463727   0.3294185238231397
 0.06070047014093598   0.4322762015648753  0.09395658065872234   0.5573245259796149 -0.01671262033679043   0.7680407478231392 -0.03904918849942023  0.08753606829470378  -0.2709938329389308  -0.1336782056299596
-0.01763067409893828   -5.716985718606445  -0.0324084254797859   -9.624577927575144    6.482001173459324 -0.03904918849942023    12.01960192837105    6.469227116061776    10.88355558823339  0.02940591282129901
 -0.0149039231153591   -3.261740219335457 -0.01996916985209943   -5.243588294397242     3.72015731867961  0.08753606829470378    6.469227116061776    4.848733385336193     5.96321811150678    1.007315061737974
0.004538123574210034   -5.898769878707778  0.06264177241310526   -10.62574492132432    8.164514896463727  -0.2709938329389308    10.88355558823339     5.96321811150678    16.45412641405189    2.464261653973789
 0.02870030926721981  -0.6076799233393221   0.1684851239515111  -0.3841739891417587   0.3294185238231397  -0.1336782056299596  0.02940591282129901    1.007315061737974    2.464261653973789    4.406322061856713

cov.inverse():
   27.05171378459544   -10.71117940070972   -32.33265809469531    13.36832864926771    1.446644609918436  -0.7758305628575509    2.479579507330494  -0.5471541370301266    2.867853536618328  -0.8785530169791842
  -10.71117940070972     4.41293549431644    13.34515310450611   -5.508667588884374  -0.6007300120120094   0.2804786568840083   -1.026092709646467   0.2365822706682668   -1.180594984539105    0.354232078306895
  -32.33265809469533    13.34515310450611    42.16867289770857   -17.01542434662503   -2.114601081289051   0.8360667792378902   -3.299683162505889   0.8345386087287835   -3.556033467021079   0.9585313525673866
   13.36832864926771   -5.508667588884376   -17.01542434662503    7.019429220588667   0.8612241919162819  -0.3979556629795192    1.349775754712551  -0.3208575625076949    1.471631741237836  -0.4192901553530733
   1.446644609918447  -0.6007300120120141   -2.114601081289065   0.8612241919162877   0.6814792196206858 -0.09993647663186342   0.2003029020294259  -0.2077557101147862 -0.06210550073180346  0.09058493694090658
 -0.7758305628575508   0.2804786568840082   0.8360667792378897  -0.3979556629795188 -0.09993647663186318    1.404250093016544 -0.02439979662738939  -0.1294992237222884 -0.03508386069872957  0.07653030811535885
   2.479579507330496   -1.026092709646468    -3.29968316250589    1.349775754712551   0.2003029020294253 -0.02439979662738944    0.854890006411625   -0.632624859021734  0.05275791821917256   0.1798903528995402
 -0.5471541370301329   0.2365822706682696   0.8345386087287932  -0.3208575625076986  -0.2077557101147867  -0.1294992237222882  -0.6326248590217347   0.9885324080005934  0.07722100413552434  -0.2770402935849473
   2.867853536618333   -1.180594984539104   -3.556033467021069    1.471631741237833 -0.06210550073180541 -0.03508386069872951  0.05275791821917202  0.07722100413552527   0.6087363443975928  -0.2720829098738736
 -0.8785530169791805   0.3542320783068931   0.9585313525673796  -0.4192901553530707  0.09058493694090745  0.07653030811535873   0.1798903528995405  -0.2770402935849475  -0.2720829098738732   0.4181597201119649

cov*(cov_.inverse()):
    0.9999999999999883  1.944625016570001e-15  3.538835890992686e-16  5.360295540768334e-16  2.177077962350893e-16  2.168404344971009e-16 -1.361757928641794e-16 -5.065392549852277e-16 -6.459242862799641e-15  7.979727989493313e-16
 4.884981308350689e-15      1.000000000000004 -1.920685832601521e-14  1.720845688168993e-15 -1.616762279610384e-15  4.579669976578771e-16 -1.096345236817342e-15                      0  1.387778780781446e-16  6.661338147750939e-16
-1.537658889105842e-14 -4.024558464266192e-15      1.000000000000008  3.289035710452026e-15 -3.001071613439876e-16  5.204170427930421e-17  5.898059818321144e-17 -5.551115123125783e-16 -3.989863994746656e-15  3.747002708109903e-16
 5.589972928987663e-14   2.80331313717852e-15 -7.854827899222983e-14      0.999999999999985  1.346145417358002e-15 -1.724315135120946e-15 -4.718447854656915e-16  3.885780586188048e-16   1.16157083951407e-14 -1.887379141862766e-15
-9.658940314238862e-15 -4.357625371653739e-15 -1.659783421814609e-14  1.021405182655144e-14     0.9999999999999998   2.42861286636753e-16  9.992007221626409e-16   9.71445146547012e-17 -4.440892098500626e-15  3.608224830031759e-16
 -6.38378239159465e-16 -2.983724378680108e-16 -1.165734175856414e-15  6.591949208711867e-16 -3.816391647148976e-17     0.9999999999999998  5.204170427930421e-17 -3.469446951953614e-17 -2.983724378680108e-16  6.938893903907228e-18
 -1.63653812723652e-14  5.774894451526791e-15  2.632963291837598e-14   7.53563877964325e-15  1.429412144204889e-15  1.031726787337206e-15     0.9999999999999991 -1.412064909445121e-15 -4.713243684228985e-15  1.979319486089537e-15
-1.254552017826427e-14                      0  1.654232306691483e-14  1.942890293094024e-15  4.024558464266192e-16   9.71445146547012e-17  -9.71445146547012e-16      1.000000000000001 -2.331468351712829e-15 -1.110223024625157e-16
-6.661338147750939e-15  1.998401444325282e-15  3.819167204710538e-14 -2.220446049250313e-15 -1.554312234475219e-15  2.775557561562891e-17 -1.443289932012704e-15 -5.551115123125783e-16     0.9999999999999964  1.332267629550188e-15
                     0 -2.220446049250313e-15  -1.77635683940025e-15  2.664535259100376e-15  2.775557561562891e-16  5.551115123125783e-17  7.771561172376096e-16 -6.661338147750939e-16 -1.332267629550188e-15      1.000000000000001
