10
2

0.04204227437064742
 0.3304013075449004
 0.4706506840738087
 0.8592830122336728
 0.9025602742503911
  1.005450310951818
  1.352266085315319
   2.79264347023749
  3.420745719000182
  5.996596249534432

   0.4759683311517809   -0.1763325251645191   -0.7570168017711474    0.2807372291918118    0.2815480654620814   -0.1054947036881731 -0.008306079935729646 -0.001565021738692209  0.001060904768245432   0.00146521125317397
  0.03951915817593567  -0.02062104920156916   -0.0422466794657931  0.006576325128066268   -0.1621862549343259   0.02283525846219152    0.9403905389436387    0.2810788335142461  -0.04281290217676478   0.06470337852790517
  -0.4949729884249896    0.1329815871373377  -0.03337081672479832 7.853494235089769e-05    0.7793626680410837   -0.1460718688708976   0.09112739060715523    0.1660016810519364    -0.235849718897335    0.1263922944210223
   0.6780726443046127  -0.04811836799470039    0.5480147857782041  -0.06488315349212738    0.4120625109298222    0.1311676320285673 -0.000511897164686987    0.1905823637483348  -0.09178804951024321   0.04030727749906304
  0.08513001372216965  0.004823441419138188   0.02073809970114677 -0.004563947611252097   -0.1093505038359306  -0.06510452100422828   0.03337804543166994   -0.4198826473483015   -0.3395210469902413    0.8266755788244617
  0.06491961929543565   0.02162145065441138   0.06839823544446279   0.01640726572658319    0.0361942770052581   -0.1136564629991652    0.1925339683292245   -0.5725700581039792   -0.5630309633451406   -0.5424324433226979
  -0.1037584204679656  -0.04764619882042193   -0.1590716907423424  -0.05591095469425109    0.1315777717878057    0.9540552498487105   0.04348606037046432   -0.1657824285780351  -0.04002879261224247  0.004786143249907656
   0.1048859128437236    0.2150843495572397   -0.2717962284233689   -0.5611084433788274   -0.2024674538562142   0.03384213763032064   -0.1959565285650812    0.4334590305168157   -0.5338898527487455  -0.02365091127123149
  -0.1785680920877857   -0.7022152980555675    0.1277695904996354    0.3786893091829296   -0.1527644826420762   0.05391666385369523   -0.1450769379406553    0.3137178870388062   -0.4117815053817993   0.00148928711986833
  0.04468231646074133    0.6374587185203456   0.05564633717969592     0.674736385084572   -0.1493797136875128    0.1355631696893824  -0.08815577468505681    0.1979562532024252   -0.2136181163575567  0.001295497424765932

22.68610595138967
 61.6815122467568
35.55548218215927
96.41682194769201
57.13795674987798
 154.595402453848
68.42505710028028
185.9139273156487
82.40389772384148
222.3983449753493

 2.698858655112501
0.3710787931405679

   0.08165900384968895   -0.03025452865739434  -0.006188587087432884   0.002312931667223739   -0.07518302598487686     0.0280224043286935   0.001066587070309743  1.749940748890653e-05 -0.0004275664351465794 -2.507777412217451e-05
 -0.009746526878230102   0.003608349202692736  -0.001648414570195054  0.0006069722056486142    0.01133656401086579  -0.004232502457871895  4.482564736408176e-05  2.903629340021446e-05  2.649765825628601e-05 -3.397258248280771e-05

 4.490100323523146e-05   0.001963419761904193   -0.02364108644154186    0.01921348172568747    0.01076628778771023  -0.001207724893034905    0.01961527427104282     0.1453686276473169     0.2313576309171379    0.02191042138682369
-3.874041218657353e-07 -0.0002482689296683421   0.003280831617922812  -0.002663515223980385  -0.001516123145801083  0.0002318781100822906  -0.002711573052178902   -0.02017394167100824   -0.03209213045123478  -0.003187348278342577

cov:
  0.9548893472038932     2.63934048005161 -0.08657297535495403  -0.1869933126589063 0.003792135951807792   0.0215423673198381 0.001708519792438328  0.06029913789114869 0.007296830717364764 0.007047279485060398
    2.63934048005161     20.7533778721774   -0.234927764956239    11.42116139163896    -2.51102149101906    2.626334403307479   -1.156217002473685    2.684692738908876   -2.422356993654454 -0.02909394573922165
-0.08657297535495403   -0.234927764956239    1.153054380023287    3.096363502457024  0.02559181333135965  0.04785109186308643   0.0180866612542904  0.02247911653875031  0.02035984728004535  0.04509321719936007
 -0.1869933126589063    11.42116139163896    3.096363502457024    20.51383247542467   -3.447479983786838    3.274479226707854   -1.924962459871013     4.29642989258008   -4.671023703142897   0.1270869207017873
0.003792135951807792    -2.51102149101906  0.02559181333135965   -3.447479983786838    1.700834927880307  -0.6325781276369705    1.055745971834067   -2.250337710929615    2.658701138233358  -0.0316720463482097
  0.0215423673198381    2.626334403307479  0.04785109186308643    3.274479226707854  -0.6325781276369705    2.402254032293599  -0.5216634550007987    1.089932674088954   -1.430539133849771  0.02781968716820691
0.001708519792438328   -1.156217002473685   0.0180866612542904   -1.924962459871013    1.055745971834067  -0.5216634550007987   0.9654260133034934    -1.92643423931919    2.061005698102013 -0.04403248335470373
 0.06029913789114869    2.684692738908876  0.02247911653875031     4.29642989258008   -2.250337710929615    1.089932674088954    -1.92643423931919    4.592913797376584   -4.405789881901659 -0.02319161106169133
0.007296830717364764   -2.422356993654454  0.02035984728004535   -4.671023703142897    2.658701138233358   -1.430539133849771    2.061005698102013   -4.405789881901659    6.284086699543869   0.1514642662372615
0.007047279485060398 -0.02909394573922165  0.04509321719936007   0.1270869207017873  -0.0316720463482097  0.02781968716820691 -0.04403248335470373 -0.02319161106169133   0.1514642662372615   0.8638367409576756

cov.inverse():
   129.9353896820343   -47.81279963570538   -203.2776265565381    75.53107448775259    74.37658732365622   -28.02102777618888   -2.087477890013362  -0.5855442930599062   0.6423725685891536   0.2235125987968054
  -47.81279963570534    17.73904757475266    75.46440577945084   -28.02800200239553   -27.61817054956238    10.39611068807358   0.7106454600015917   0.1764939909011801  -0.2401657448338845 -0.09269188428497233
  -203.2776265565382    75.46440577945091    324.6771868206559   -120.2557347468707   -120.3383198817769    45.19962480474235    3.194535854812856   0.6315587018978773  -0.4998710568820326  -0.6569224616716205
   75.53107448775255   -28.02800200239555   -120.2557347468707    44.66237334320792    44.67606515917473   -16.79453269885466   -1.253153769492911   -0.267515777507001   0.1889702435259362   0.2213102491739337
   74.37658732365625   -27.61817054956242   -120.3383198817771    44.67606515917478    48.09325178455264   -17.20741537792198   -2.386962333630231  0.03129302670444073  -0.6057758746392993   0.4749927156471753
  -28.02102777618893    10.39611068807361    45.19962480474243   -16.79453269885468   -17.20741537792199    6.937403823724241   0.6287925292305143  0.09210101979772065    0.131477217408454  -0.1527793931277142
  -2.087477890013412   0.7106454600016101     3.19453585481293   -1.253153769492938   -2.386962333630255   0.6287925292305232    8.223424447181367    2.351377133116715  -0.5738049738929208   0.5337145707242743
 -0.5855442930599158   0.1764939909011837   0.6315587018978921  -0.2675157775070066  0.03129302670443438  0.09210101979772281    2.351377133116718    1.488040011125422   0.1440180711206039   0.1498459815937039
  0.6423725685891006   -0.240165744833865  -0.4998710568819493   0.1889702435259051   -0.605775874639331   0.1314772174084659  -0.5738049738929181   0.1440180711206046   0.7882222606873512   -0.205069501957712
  0.2235125987968155 -0.09269188428497598  -0.6569224616716361   0.2213102491739394   0.4749927156471809  -0.1527793931277162   0.5337145707242738   0.1498459815937037   -0.205069501957712    1.243934235894931

cov*(cov_.inverse()):
    0.9999999999999744 -3.132986491766188e-14  7.301451110386381e-15  6.154343527853268e-14  9.197807446237327e-14 -4.625206467823162e-16  4.484260185400046e-16  1.099381002900301e-16  4.371503159461554e-16 -2.359223927328458e-16
-9.319715138511597e-14      0.999999999999981 -1.149184913895596e-13 -3.675879045594854e-15 -2.177771851741284e-14   1.19002030452009e-15  -9.71445146547012e-16  1.691355389077387e-16    1.0321604682062e-16   1.52655665885959e-16
 3.354087840801157e-14  5.422745585903499e-15     0.9999999999999778 -2.017483402561027e-15  2.835925938526884e-14  1.916869440954372e-15 -4.336808689942018e-16  3.061786935099065e-16  2.151057110211241e-16 -1.457167719820518e-16
 1.050201592356359e-13    5.9761223747401e-15   4.04121180963557e-14      0.999999999999957 -1.906461100098511e-13  4.067232661775222e-14 -1.831867990631508e-15 -3.087807787238717e-16  1.037364638634131e-15  2.775557561562891e-17
 1.121498727219006e-14  5.573666528313481e-15   2.73600586631062e-14  3.635286516256997e-14      1.000000000000025  1.571659469234987e-15  9.055256544598933e-16  6.288372600415926e-16  1.457167719820518e-16 -2.636779683484747e-16
-3.330582337701671e-14  1.464149981811325e-14 -1.143182770668716e-14 -4.636829115112207e-14  -5.58494223090733e-14      1.000000000000009  1.739927646404738e-15  1.821459649775647e-16 -2.116362640691705e-16  5.551115123125783e-17
 1.700202478804869e-14  4.257878771785073e-15 -1.311104003143271e-14  3.256943326146455e-14  2.405714516484636e-14 -6.411537967210279e-15     0.9999999999999998 -1.769417945496343e-16 -2.046973701652632e-16 -1.387778780781446e-17
-7.565909704299045e-14  1.913053049307223e-14  7.279593594589073e-14 -9.143900914221348e-14 -4.614537918445905e-14  4.053615082488804e-15  3.001071613439876e-15     0.9999999999999991 -5.863365348801608e-16  8.673617379884035e-17
 3.955863414617511e-14    6.7914424084492e-15 -7.724376693829527e-14   5.18404763560909e-14  2.312039448781888e-14 -1.381186831572734e-14 -8.187894806610529e-16 -5.551115123125783e-16     0.9999999999999998 -1.110223024625157e-16
 -2.05391259555654e-15   7.91033905045424e-16  5.995204332975845e-15  5.551115123125783e-16 -5.551115123125783e-16  5.551115123125783e-16 -1.665334536937735e-16                      0                      0     0.9999999999999998
