10
2

0.03722261045572084
 0.1620732884167406
 0.4746639560061751
 0.5822737545928026
 0.8007544946437742
 0.9227833386001463
  1.097061451686361
  1.641910589631345
  2.750632925920331
   4.74653237344935

   -0.4678645561630095     0.2126422671136846     0.7358420314041551    -0.3332453306914185    -0.2634546458358095     0.1181320213750991   0.001678848676329843   0.001499795206228907  0.0009240356207055904 -0.0007943975776000355
   0.03135822585997391   -0.01460784354146172  -0.005053579483236295  -0.002158822187495878   -0.05943486256538441    0.03729063647942981   -0.04881753458718557   -0.03062383597046293     0.9908341801988861    0.09368369804202652
    -0.348115965621704     0.1249770198123409    0.03633399537666483   -0.01471721140051093     0.6611423037937594    -0.3890857526954887    -0.5135710175775794   -0.02784247260955556    0.03293722467819538     0.0868742798769313
    0.3058836082187026   -0.07154114851621465     0.0824890979145943  -0.007725836111398625    -0.3132742253951232     0.1195391155749617    -0.7474917671662636     -0.359724162313133   -0.05303609150380774    -0.3017687195338778
   -0.4362470192654587    0.03661314793749623    -0.3362414902079892    0.04806503313293634     0.1639067785049404     0.8043941175660044    -0.1196913629991061   -0.06449091618864806   -0.01372769289255187   -0.01976233332641564
    0.5470889103715216   -0.02348744745264232     0.4550979894815472    -0.0356567398330981     0.5094806397210067     0.4068103952538575  -0.005294793456067967     0.2570737383142743   0.005304020606478868    0.02341338281093846
   -0.1297968552422303   -0.02971286787512402   -0.03214248104217182    0.00738555154993726    0.07826939308873017   -0.07774628689607704    0.07252009722665359     0.3803465132077163     0.1113921274075433    -0.8981541141210705
   0.01657374316983297    0.05706370766742513     0.1459310930977936     0.1003624307779392     0.2915044047794498   -0.01046410377877727     0.3910976515299404     -0.802412558875412    0.04062754880637519    -0.2855561976061159
   -0.2329754442735409    -0.5992031494586253      0.321390306289263     0.6891762593182102   -0.04307123007185416   0.002426418503179582    -0.0351158618377374    0.04331715862000919  -0.006902842995235772    0.05834565166552405
   0.06597502226069447     0.7541596431596173    0.06777229444406592     0.6324506885183331    -0.1114327576888084    0.01650595927446208   -0.03621020858826744    0.09072766319597236   0.005103972738450027  -0.006717661431493517

 22.6911931261461
51.21907356651237
35.54309872069207
 79.5128340584596
58.09412511288888
129.1562604222082
69.37854334253583
 154.689410062249
85.19567304167948
187.6236023810252

 2.201323441258746
0.4548254227069111

   0.06030786143297531   -0.02738263193729242   0.002366252976990139  -0.001050688282074166   -0.06188089766364319    0.02811609228550089 -0.0003168790103634978  0.0002195141075288528   0.002631736904175122  0.0001237578517837692
  -0.01245631334597653   0.005650430352397581 -0.0005174609945392455  0.0002276694945313935    0.01283677158973481  -0.005810385873665012  0.0001202836973494422 -2.814006343004657e-05   0.001098261675927872 -2.327868552466126e-05

-1.707094083888487e-05  0.0002531098589538092   -0.01710352724528271    0.01469313474169318   -0.01006625951873557    0.01254899799700938   -0.01671091840724211   -0.05090995266826769    0.03886711345958936    -0.2201718454530026
 3.471623676225875e-06 -9.709756490496815e-06   0.003546561156011375  -0.003087280127367035     0.0020703568616816  -0.002569291510996633   0.003688791506718475    0.01074840338375239    -0.0081297922729538    0.04553117064324316

cov:
   0.9659968250826624     2.145818874710856    -0.142941473166263   -0.3008932720059299   0.01836311376392282   0.03931162341858168  0.007954371411541396   0.06588540453925414  0.003210940840973267 -0.006879222078951588
    2.145818874710856     15.54686152024188   -0.2996864014246247     7.638172018131204    -1.636212423484104    0.2675344393372854   -0.3974874148740428     1.209419233095394    0.1216876100694849   -0.3816654856677289
   -0.142941473166263   -0.2996864014246247     1.195850838202877      2.65584162274212 -0.004734323037386794   0.01449021897453146  0.009031516509801295   0.01671491188467682  0.006353051072267411   0.05961450690585118
  -0.3008932720059299     7.638172018131204      2.65584162274212     12.63526513182748    -1.744471820322242    0.2576802407056716   -0.5924615674297499     1.296151925058278   0.04810370866286461    0.1224452100512983
  0.01836311376392282    -1.636212423484104 -0.004734323037386794    -1.744471820322242     0.900449812648646    0.1324976813434342    0.4046206208206045   -0.6977865100879621   0.04170700634173975   -0.2582346564722087
  0.03931162341858168    0.2675344393372854   0.01449021897453146    0.2576802407056716    0.1324976813434342    0.6085788003445262  -0.08081906987149234   0.06520241579532331   -0.0191071913495015   0.06883291686683606
 0.007954371411541396   -0.3974874148740428  0.009031516509801295   -0.5924615674297499    0.4046206208206045  -0.08081906987149234    0.7156890764840955   -0.8001330435237776   0.05961710632071537   -0.3217725394373854
  0.06588540453925414     1.209419233095394   0.01671491188467682     1.296151925058278   -0.6977865100879621   0.06520241579532331   -0.8001330435237776     2.212550537455403  -0.02153029754887508    0.2540901184495297
 0.003210940840973267    0.1216876100694849  0.006353051072267411   0.04810370866286461   0.04170700634173975   -0.0191071913495015   0.05961710632071537  -0.02153029754887508   0.04746235098982836   -0.1467180314629024
-0.006879222078951588   -0.3816654856677289   0.05961450690585118    0.1224452100512983   -0.2582346564722087   0.06883291686683606   -0.3217725394373854    0.2540901184495297   -0.1467180314629024     1.250999105858688

cov.inverse():
   159.5099539677045   -72.09609927428531   -247.9517278904968    112.4686149106329    87.79866074023815   -39.41500283241795  -0.4324802165166723  -0.6625132589716261   0.7732923174376131  0.09538681505108561
  -72.09609927428539    32.80506800544438    112.8874174491312   -51.17769928256412   -39.96842648772936    17.90522207552956   0.1590271588996834   0.2701299690616703  -0.3818414949068578 -0.05264417489602432
  -247.9517278904966    112.8874174491312    391.2699374341809   -176.9960948460806   -139.6793352122767    62.49557234861863   0.7138996884285435   0.8301424526812692   0.3015131872905921   -0.465469803564978
   112.4686149106329   -51.17769928256411   -176.9960948460806    80.24274647501362    63.33006851929844   -28.35035563162863  -0.3471642839246812   -0.384842127940041  -0.3041641465358821   0.1710924825748453
   87.79866074023815   -39.96842648772937   -139.6793352122768    63.33006851929845    52.84357373389533   -23.35642397513329   -1.011505939028879   0.1093899387343045   -2.260647387288652   0.3922098390350362
  -39.41500283241797    17.90522207552956    62.49557234861861   -28.35035563162863   -23.35642397513328    12.04768061334144   0.5382636171037639  0.02618756968357505    1.387789723131563  -0.1456225281365012
 -0.4324802165166879   0.1590271588996905   0.7138996884285677  -0.3471642839246922   -1.011505939028886   0.5382636171037671    2.995121781587917   0.8318866127452158   -1.783294691542759   0.1999569931215807
 -0.6625132589716263   0.2701299690616707   0.8301424526812706  -0.3848421279400417   0.1093899387343047  0.02618756968357498   0.8318866127452154   0.8661750766835531   -1.075874101924988 0.009882156057825456
  0.7732923174377477  -0.3818414949069193   0.3015131872903787  -0.3041641465357854   -2.260647387288575    1.387789723131529   -1.783294691542757   -1.075874101924988    37.39980080691996    3.506260351579961
 0.09538681505111335 -0.05264417489603689  -0.4654698035650215   0.1710924825748651   0.3922098390350522  -0.1456225281365083   0.1999569931215805 0.009882156057825438    3.506260351579961    1.338873974222838

cov*(cov_.inverse()):
     1.000000000000044   6.16520181261071e-14 -1.087324674742263e-13 -3.566179469782771e-14 -9.510187776173851e-15  1.716985928434944e-14 -6.049848122469115e-17 -5.391466353227292e-16  5.169475958410885e-16   -9.8879238130678e-17
 1.691979889528739e-13      1.000000000000048 -2.050304370726508e-13 -1.201538868400576e-13 -2.103872631664672e-14  2.947642130379791e-14  -3.33066907387547e-16   1.41813644161104e-16                      0                      0
 4.093600458610069e-14  8.417745667177456e-16     0.9999999999999641   6.17284001691587e-14 -9.992007221626409e-16  7.814929259275516e-15  -2.34187669256869e-16   8.59772322781005e-17  2.220446049250313e-16  4.163336342344337e-17
 1.322535830849958e-13 -1.259261792063704e-13  4.330147351794267e-13     0.9999999999998778 -1.644379077347935e-13 -7.565822968125246e-14  1.734723475976807e-17  8.044780119842443e-16  4.996003610813204e-16  4.440892098500626e-16
-1.402350457979651e-14  1.978452124351548e-14   7.03603841856193e-15  6.793177131925177e-15     0.9999999999999936  3.871902798380233e-15 -2.151057110211241e-16 -1.925543058334256e-16  -3.33066907387547e-16 -1.665334536937735e-16
 7.389922007661198e-16  9.159339953157541e-16 -1.050548537051554e-14 -4.333339242990064e-15  1.422473250300982e-16     0.9999999999999996  2.949029909160572e-17  6.396792817664476e-18                      0  1.387778780781446e-17
 1.838806884535416e-16  4.274358644806853e-15 -6.106226635438361e-16  1.222633105868454e-14 -2.858824288409778e-15  2.282896094385478e-15                      1   2.55871712706579e-17 -4.440892098500626e-16                      0
 1.784336567389744e-14 -6.500008864485096e-15  1.690314554991801e-14 -1.280919814661274e-14  3.358424649491099e-15  4.302114220422482e-15 -8.326672684688674e-17                      1  8.881784197001252e-16  1.665334536937735e-16
-4.544975507059235e-16 -1.951563910473908e-15  5.412337245047638e-16 -3.851086116668512e-16  5.689893001203927e-16 -2.359223927328458e-16  1.734723475976807e-17  2.949029909160572e-17     0.9999999999999996 -1.110223024625157e-16
  1.36279876272738e-14 -3.427813588530171e-15 -2.486899575160351e-14  1.648681191568357e-14  1.154631945610163e-14 -3.552713678800501e-15  1.110223024625157e-16 -4.163336342344337e-17 -8.881784197001252e-16                      1
