10
2

0.02579700204354293
 0.0330155645605187
 0.1103809881854135
 0.2498918755921588
  0.426098025840898
 0.7193777027905971
 0.8607330821754673
 0.8864810072236284
 0.9817329912719165
   1.24625257774521

  -0.02339900904551984   0.001215324569901531    0.02979083165919076  -0.005814911151169954   0.007669168981277934   -0.00540941648028537  -0.009797856340268692   0.004730512938833514     0.9991409754656101    0.00636867206051113
    0.0151385667103285 -0.0004769029740672209     0.9986367763291081   0.006632769564435848   0.005196618418603682   -0.01013332329302647   -0.02287360105357466      0.030006530788907   -0.02982474038762936  -0.002897232151382916
   -0.9968653904557776    0.02548373635381481    0.01673007217532028  -0.007502401460573699     0.0168278407646976   -0.01131302076253508    0.04700496676027344   -0.04543955942488871   -0.02347255107501601   0.006119589187535213
   0.04949750755180948    0.01552462954104376    0.02534038987288933    0.03765030549188542   -0.05583758855461035     0.0416532651673473     0.9914005095548822   -0.08590779902295909    0.01140800369177571  -0.003347855978520132
   -0.0128201884805745   -0.02697512438517496    0.01403781001069392     0.2054428898628083    -0.7767168760583523     0.4627807872647931   -0.09695633127537434    -0.2984778403680149    0.01072454023668569    -0.2016045996076462
 -0.004252501793706264    -0.2129891067322187   0.006681383285336196    -0.7604715746928515    -0.3510193947901024  -0.002352773900994963    0.01975880481882256    0.06267054527443013   -0.00506568895609314     0.4986903648178632
    0.0360705759833689    -0.1930089232628843    0.02408553998869646   -0.03098183822562382     0.3974475048605382     0.2398403890951958   -0.05625559282455465    -0.8218021838095689  0.0001318390653390337      0.256700237186846
 0.0005572171340264697    -0.1614760649623178   0.004327772577935094    -0.5527480033742134     0.1664857289937581     0.1322501322186294    0.01856321259262069   -0.06881647566619994   0.001820691904456907    -0.7861837409724084
  -0.02675408325289661    -0.9214330678914915   -0.00598575768141639     0.2598916100289515   -0.07065011633303513    -0.2611632457962071    0.01934787739763154    0.07526215494953191   0.001520152680887314   -0.05854160129869111
   0.02886314802061846     0.2016184045861986    0.00622024907883478   -0.06237536562165712    -0.2816664506020817    -0.8003834904344707   -0.02493587079528451    -0.4591914413651056  0.0006104683668514204    -0.1521804474354961

49.88415941026349
113.4868795936986
67.64338954012116
158.2765100740132
80.04867709171452
187.5583404219777
91.40094542088097
218.3829877030224
107.5161996558867
259.1335726768093

 2.46298324768141
0.406092882084957

   0.03542772429475405   -0.01191902485883258    0.07252579614215768   0.002603269226968415   -0.01390986513920622  -0.002091467957904369  -0.003862556189377758    0.00150822767687041   -0.04815283757400277    0.01084898528260984
 -0.005866954516871822   0.001969643451062629   -0.01187108134807622 -0.0004182109847040789    0.00224179673691066  0.0003418762900742588  0.0006234476145900472 -0.0002429087186765108   0.008283894624281184  -0.001799409531673587

-3.113856138184825e-05  8.117809098439504e-05  -0.000410482887494639 -2.189286231790497e-05   0.001539097135835129   0.005926869525532741  0.0007193024087843943  -0.008302921781030762    0.01073345624100414   0.003453387975026144
  5.36505056280454e-06 -1.330121815811684e-05  6.788946914972585e-05  3.257143196756874e-06 -0.0002450763265922905 -0.0009758971528055637 -0.0001392979532752477    0.00136340728243739   -0.00176521527596707 -0.0005438511255932691

cov:
   0.01524843906293866    0.02783937334504811  0.0009224939629409202  -0.009164575790393396   0.002092414101294684   -0.02348457808870582 -0.0004365470969354781   -0.04367340523582156  0.0002829771340748036  0.0004900751455628286
   0.02783937334504811     0.9531595927945229   0.002494476102121839   -0.09291530194932585     -0.060972080332101   -0.07174897382705522   -0.02002963858602268   -0.08992996858863603 -0.0008983139164446135    0.01341130779327223
 0.0009224939629409202   0.002494476102121839   0.001729165172573987   -0.00657533645694755   0.002072269607571259 -0.0002724723304529939   8.12736301073729e-05   -0.02042522316674902  1.610109796656678e-05   0.001977690556367311
 -0.009164575790393396   -0.09291530194932585   -0.00657533645694755     0.6189869265356329    0.03718874190116198   -0.03254231729536562  -0.008576148718026755    0.07609804488944043   0.001946240470062668     0.1319000696691444
  0.002092414101294684     -0.060972080332101   0.002072269607571259    0.03718874190116198     0.4403378491816739     0.3908689348027209   0.002091398939420816   -0.02423125827381847 -0.0007253812833267513   -0.01885750236631473
  -0.02348457808870582   -0.07174897382705522 -0.0002724723304529939   -0.03254231729536562     0.3908689348027209      1.156061712109243    0.01246329188590274     0.3733328093587828  8.040554978171008e-06     0.1502625053396664
-0.0004365470969354781   -0.02002963858602268   8.12736301073729e-05  -0.008576148718026755   0.002091398939420816    0.01246329188590274    0.06725483706083604    0.05298411477479872  0.0004722271296191282  -0.008920820140550362
  -0.04367340523582156   -0.08992996858863603   -0.02042522316674902    0.07609804488944043   -0.02423125827381847     0.3733328093587828    0.05298411477479872      0.855713980681532  -0.001295348153477991    0.01762720826202606
 0.0002829771340748036 -0.0008983139164446135  1.610109796656678e-05   0.001946240470062668 -0.0007253812833267513  8.040554978171008e-06  0.0004722271296191282  -0.001295348153477991  0.0007197377399372836  -0.003029533036558072
 0.0004900751455628286    0.01341130779327223   0.001977690556367311     0.1319000696691444   -0.01885750236631473     0.1502625053396664  -0.008920820140550362    0.01762720826202606  -0.003029533036558072     0.7098921600241199

cov.inverse():
    82.63755038983838    -2.098605453247493     11.47351912044408    0.9217166930927571    -1.544634155403727    0.9795767769918673      -3.0302310251223     3.869959190921957    -33.61605183779124   -0.7466350908898857
   -2.098605453247492     1.141820825864537   -0.3466907891817958    0.1276960967754499    0.1861445895588061  -0.03041609677202917    0.3322803384977804 -0.005661175406809629     1.790153315861962  -0.01954432025550208
    11.47351912044397   -0.3466907891817905      916.277384215392     5.821480811021956     5.053245761097607    -9.481813308940227    -20.93676274089018     27.55354355038054      17.3761314259837    -2.367558374122643
   0.9217166930927594    0.1276960967754498     5.821480811021982     1.931141155023371   -0.5839490739371709    0.4034696867526444    0.3719932022255349   -0.1908910982632887    -8.871816424891643   -0.5074394806146746
   -1.544634155403741    0.1861445895588065     5.053245761097622    -0.583949073937171     4.051984512712711     -1.82073293721636   -0.6652876877534095     1.068324454046282     11.28725868577892    0.5982831890907615
   0.9795767769918723   -0.0304160967720294    -9.481813308940225    0.4034696867526446     -1.82073293721636     1.939194813506156    0.6552281261503066    -1.154980485189213     -7.78789786808681      -0.5038088045512
   -3.030231025122302    0.3322803384977802    -20.93676274089019    0.3719932022255353   -0.6652876877534101    0.6552281261503069     16.60322534668565    -2.007058521017961    -13.99967891433509     0.027395833717358
    3.869959190921943 -0.005661175406809457     27.55354355038057   -0.1908910982632895     1.068324454046282    -1.154980485189213    -2.007058521017961     2.704830003696149     6.334470972424078    0.1636431520687738
   -33.61605183779125     1.790153315861964     17.37613142598365    -8.871816424891643     11.28725868577891    -7.787897868086805    -13.99967891433509     6.334470972424066     1500.946264036845     9.609898884274157
  -0.7466350908898869  -0.01954432025550207    -2.367558374122731    -0.507439480614675    0.5982831890907608    -0.503808804551199   0.02739583371736001    0.1636431520687711      9.60989888427415     1.670254606288631

cov*(cov_.inverse()):
                     1 -1.018472415778571e-17  2.108122704180815e-15 -2.797241605012601e-17  1.804654516102122e-16 -6.532318089225164e-17  2.081498764582718e-17  2.053749965230667e-16  4.284766985662714e-16  5.746271514173174e-18
 3.035766082959412e-16     0.9999999999999994 -1.013078509970455e-15 -6.938893903907228e-18 -7.632783294297951e-17  1.162264728904461e-16  1.998184603890785e-16   2.38524477946811e-16 -1.082467449009528e-15  2.081668171172169e-17
 3.382710778154774e-17  1.165517335421917e-18     0.9999999999999993 -3.317658647805644e-17 -1.908195823574488e-17  1.301042606982605e-18  1.572093150103981e-17 -3.518236049715462e-17  3.469446951953614e-18   9.80118763926896e-17
-2.081668171172169e-16 -1.257674520083185e-17 -8.881784197001252e-16     0.9999999999999997 -2.775557561562891e-17  4.163336342344337e-17  1.275021754842953e-16 -1.214306433183765e-16 -1.554312234475219e-15  2.775557561562891e-17
 9.020562075079397e-17 -2.081668171172169e-17 -2.012279232133096e-16  6.938893903907228e-18     0.9999999999999996  1.040834085586084e-16  6.396792817664476e-17 -8.283304597789254e-17 -1.387778780781446e-16 -6.938893903907228e-18
-6.245004513516506e-16  1.734723475976807e-18  -5.10702591327572e-15 -5.551115123125783e-17 -1.942890293094024e-16                      1 -1.318389841742373e-16 -5.863365348801608e-16                      0 -5.551115123125783e-17
-8.326672684688674e-17  4.824699667560495e-18 -7.181755190543981e-16  5.204170427930421e-18 -2.081668171172169e-17  1.821459649775647e-17                      1 -3.577867169202165e-17 -2.359223927328458e-16 -1.734723475976807e-18
 3.105155021998485e-16 -8.998878031629687e-18 -4.024558464266192e-16  1.387778780781446e-17  -2.42861286636753e-17 -3.469446951953614e-18 -1.606787619623518e-16     0.9999999999999999 -1.387778780781446e-16 -1.734723475976807e-17
 1.257674520083185e-17   1.01643953670516e-19  2.081668171172169e-17 -2.168404344971009e-19 -2.602085213965211e-18  1.951563910473908e-18  1.761828530288945e-19 -1.192622389734055e-18                      1  3.469446951953614e-18
                     0                      0                      0  1.110223024625157e-16 -5.551115123125783e-17  1.110223024625157e-16  1.040834085586084e-17  1.387778780781446e-17  -1.77635683940025e-15                      1
