10
1

0.3426538723704841
0.4073420918735566
0.9278250372398394
0.9917655498250335
 1.040327668509581
 1.104985217192718
 1.286451344442499
 1.575924759061482
 8.868981082661749
  54.3377204476482

    0.2764316838873144    -0.4961707251904575    -0.3852854115047958     0.7070217045935699    0.06872478104276196    -0.1467730641243543    0.01673365809587226   -0.02797402847534065    0.01994869644565347    -0.0367376723305444
    0.2273890659418892    -0.3715282956898107      0.065051509874956    -0.1321100108586071    -0.4307159383698318     0.7491761175188043    0.05963484975833368     -0.105066655719284    0.08280397177363727    -0.1426299213638253
    0.1014366316688821   -0.04005967222788547     0.1166195638893019   -0.01614680668093764    0.09641004148624499   -0.01595424807288694    -0.7139958285382132     0.2747864079705072     0.5810721014956586    -0.2043358899608879
    0.7987804810271025    0.07718904440425386     0.5091952600975508   -0.01749944258750987       0.21384253815111    -0.1054109432279142    0.06024878468222462   -0.00335038759983268    -0.1848885360726873    0.04171979336501463
   -0.1760292975387724    -0.1294496256148663     0.2981093459129572    0.08804798663941241     0.4142917415070324    0.09801121293334869      0.556723787921846   -0.04715994164055416      0.601792879337508  -0.008420217797549305
    0.3604790184541401     0.3039726866258126    -0.3441870165319935    -0.1421858988427351    -0.4863143537383751     -0.287988692786373      0.308103611459383    0.06702757809204651      0.464931578488206    0.06287216189540117
   -0.2487061777652701    -0.1029402014669393      0.605757523429953     0.3525990776500154    -0.5886905341444951    -0.2973136809621375  -0.002233275642703512     0.0207695384967963    0.01122112599163065    0.02767707562462763
   0.02687857501589187     0.0853313179478053    0.01220635253305552    0.06528636721664738   0.005856503221304354    0.04774921042669267    -0.2790486863561701    -0.7479467428972709     0.2060810589759967     0.5527283378235066
 -0.005605549095837862    -0.6724707092754759  -0.004296288488664486    -0.5138880187370674  -0.002648476193722131    -0.3285289110115925    0.00114490936700476     0.1473664584745609    0.00233158448104914      0.392416219218816
 0.0001026998844828812     0.1701964674433193  4.856182095058573e-05     0.2479147263096907  4.361384666277251e-05     0.3386391371588175  -0.000176148671814805     0.5695351816531243 -0.0004458034358129202     0.6859478245577708

22.68173379340757
10.52531821814768
35.55833901418955
16.79163050469786
50.56312500248532
  24.104055001555
88.51878983048343
42.66925262726143
   107.7055319796
52.09385089165126

0.4861481937615377

  0.01027307675727458  -0.02118243721429269  0.000503561969957746  -0.00131536206662467 -0.007309078118374755   0.01482356151055212  -0.00155845860500098  0.003250681172874717  -0.00223685259638889  0.004502362991839917

  0.001082635243727804   0.003883388356354761  0.0007021457052228809   0.004152137802796341  -0.003260031042097117  -0.005440311215913736 -0.0007731412989518959  -0.002272339612514718       0.96349187654404      17.80516862414169

cov:
    0.9528565388535118     0.5816638169976268    -0.0546923880828902    0.08443840189980342     0.1133104102901839     0.1669657850543007 -0.0009391693469774954     0.1042224780566868   0.007210613294274869    0.09811703956139302
    0.5816638169976268      121.3236058141733     0.0346108757754111      151.6194522500868    0.06046337544500202      187.4457978093194    -0.1469352178493547      278.2755874966921    -0.2576902020877961      324.1034474570037
   -0.0546923880828902     0.0346108757754111      1.134794862447567     0.6090374769773125    -0.1420225386873064   -0.02405247929910935  -0.002588693595064428    0.01266415472217141   -0.01885460418281305   -0.01839308109481172
   0.08443840189980342      151.6194522500868     0.6090374769773125      202.5549248077168   -0.06955883571904134      261.0272205343126    -0.2132349132940098      410.8081781608789    -0.4090314314012007      486.3410276705584
    0.1133104102901839    0.06046337544500202    -0.1420225386873064   -0.06955883571904134      1.133022758142225       0.53913157585906    0.01381931456284106   -0.02003393097311072   -0.01113485129314636   -0.05173861044286269
    0.1669657850543007      187.4457978093194   -0.02405247929910935      261.0272205343126       0.53913157585906      347.4525071135519    -0.2763032809695686      565.5047829079456    -0.5655873627486098      675.7226403096746
-0.0009391693469774954    -0.1469352178493547  -0.002588693595064428    -0.2132349132940098    0.01381931456284106    -0.2763032809695686      1.087992473051083    0.06194007556832006    0.02782940305092274     -0.559413937678839
    0.1042224780566868      278.2755874966921    0.01266415472217141      410.8081781608789   -0.02003393097311072      565.5047829079456    0.06194007556832006      960.9049976539645    -0.9611698503936018      1156.974387205051
  0.007210613294274869    -0.2576902020877961   -0.01885460418281305    -0.4090314314012007   -0.01113485129314636    -0.5655873627486098    0.02782940305092274    -0.9611698503936018      1.088054119807034    -0.6291590091943208
   0.09811703956139302      324.1034474570037   -0.01839308109481172      486.3410276705584   -0.05173861044286269      675.7226403096746     -0.559413937678839      1156.974387205051    -0.6291590091943208      1402.183500107202

cov.inverse():
   1.795806839407367    -1.49211711682846   -0.631704850721415    1.358894574443285  -0.3658603247621952   0.5378909037605497  0.08364737841223986   -0.163955571884478   0.1186913884717873  -0.2504264418289361
  -1.492117116828462    3.042833905307773    1.358489865007443   -2.753832349835576    0.552504180767953   -1.125217452678468  -0.1656329066053662   0.3345304367796303  -0.2611261430559515   0.5180088659605334
 -0.6317048507213241    1.358489865007256    1.970134985748966   -2.189382913146541  -0.2348618670199579   0.7182224608909137  -0.0327596336504667  0.05812953792062039 -0.01017460055362695  0.05133654905769158
   1.358894574443096   -2.753832349835188   -2.189382913146538    4.467233098684206   0.7162446238334859   -1.496544998665689  0.06719902607097568   -0.117687167834169  0.04919773921249196 -0.09465936409619473
 -0.3658603247623154   0.5525041807681973  -0.2348618670198103   0.7162446238331851    1.777274545595955   -1.797226759789938  -0.1213382616666123   0.2324983511850434  -0.1367089984595384   0.2981023231276541
  0.5378909037607976   -1.125217452678971   0.7182224608906099   -1.496544998665071    -1.79722675978994    3.710202350166953   0.2278908750789042  -0.4828901113255232   0.3047483505220383  -0.6102421549879474
 0.08364737841225113  -0.1656329066053887 -0.03275963365049787  0.06719902607103953  -0.1213382616665895   0.2278908750788571    1.015176646008211  -0.1931934256430241 -0.05695136626689644  0.06493184302622115
 -0.1639555718845028   0.3345304367796796  0.05812953792068493  -0.1176871678343012   0.2324983511849981  -0.4828901113254295  -0.1931934256430244   0.3925513116694311  0.06630445556021416  -0.1277262040452647
  0.1186913884718043   -0.261126143055986 -0.01017460055365153  0.04919773921254211  -0.1367089984595334   0.3047483505220278 -0.05695136626689372  0.06630445556020885    1.000519104569756  -0.1578639261079252
   -0.25042644182897    0.518008865960602  0.05133654905774065 -0.09465936409629482   0.2981023231276442  -0.6102421549879266  0.06493184302621571  -0.1277262040452541  -0.1578639261079252   0.3132661316907154

cov*(cov_.inverse()):
                     1 -4.163336342344337e-17  2.602085213965211e-18   7.28583859910259e-17  1.734723475976807e-17  2.081668171172169e-17  6.938893903907228e-18 -5.204170427930421e-18  1.214306433183765e-17 -3.816391647148976e-17
  -1.4210854715202e-14     0.9999999999999147 -3.907985046680551e-14  3.197442310920451e-14 -8.526512829121202e-14  5.684341886080801e-14  7.105427357601002e-15 -4.973799150320701e-14  7.105427357601002e-15 -2.842170943040401e-14
-2.602085213965211e-18  2.740863092043355e-16                      1  5.687724596858956e-16  8.673617379884035e-17  -1.07552855510562e-16  1.235990476633475e-17 -3.859759734048396e-17  1.344410693882025e-17  -2.42861286636753e-17
-4.263256414560601e-14  8.526512829121202e-14 -7.105427357601002e-14      1.000000000000007                      0  -1.70530256582424e-13 -2.131628207280301e-14 -4.263256414560601e-14    1.4210854715202e-14 -2.842170943040401e-14
-2.949029909160572e-17  6.938893903907228e-18   4.85722573273506e-17 -8.326672684688674e-17                      1  5.551115123125783e-17 -6.505213034913027e-18 -1.561251128379126e-17  1.040834085586084e-17 -9.020562075079397e-17
-5.684341886080801e-14 -2.273736754432321e-13  -1.56319401867222e-13  7.105427357601002e-14  2.842170943040401e-14                      1                      0 -5.684341886080801e-14                      0 -2.842170943040401e-14
 1.387778780781446e-16 -5.551115123125783e-17  1.006139616066548e-16 -9.020562075079397e-17  2.775557561562891e-17  5.551115123125783e-17                      1  2.775557561562891e-17 -1.387778780781446e-17                      0
-5.684341886080801e-14 -2.273736754432321e-13 -1.989519660128281e-13  2.415845301584341e-13  -1.70530256582424e-13 -2.273736754432321e-13  4.263256414560601e-14     0.9999999999998863  5.684341886080801e-14 -5.684341886080801e-14
 1.387778780781446e-16 -2.775557561562891e-16  1.110223024625157e-16 -3.469446951953614e-17  1.665334536937735e-16  5.551115123125783e-17                      0  6.938893903907228e-17                      1  5.551115123125783e-17
-5.684341886080801e-14  2.273736754432321e-13 -5.684341886080801e-14                      0 -2.842170943040401e-13  2.273736754432321e-13  2.842170943040401e-14  -1.70530256582424e-13  5.684341886080801e-14     0.9999999999998863
