10
2

0.05266589678097112
 0.3310541603298912
 0.8572650397968523
 0.8990720431595884
  1.043147491717033
  1.506768254367996
  2.042522873427985
  2.670249523308843
  3.691191359914276
  7.286042808097739

   -0.3950068811598619     0.1934266020210075     0.7327100285051416    -0.3587493785799175    -0.3373750980366769     0.1648188245417995 -0.0003394953083972837 -1.457348678955735e-05  -0.001469203079189684   0.001065475361891435
   -0.4584479577766097     0.1888459277052054    0.09791533814205723   -0.03745602507678075     0.7428772362630036    -0.3191938503655268    -0.1814654812829063    0.09819813207559291    -0.2028582795226571    0.07547807934358786
   -0.1672592860048193  -0.006625127273462502    -0.1517649651580994   -0.01874804248054323    -0.1048188757683412    0.03010265237820182   -0.01842639130922301     0.8932361479416909     0.2038482689249544    -0.3113498260154388
    0.7246350236426728   -0.06884556642657784     0.5331659013848354   -0.05284551099045208     0.3051467967492119   -0.04323215302699981    -0.1619799800768487     0.2466769262052714   0.003267940902136002   -0.03200871967557493
  -0.06982197425815517   -0.01794663647157472     0.0767457992641835    0.03561341310807282     0.2018939287921932    0.01248413037669544    -0.0670284315520258    -0.3540753577284906     0.4995788570204766    -0.7531841483256058
   0.02725146471175436    0.09855168288812985    -0.1425026995396244    -0.1225656148749312    -0.2557111077695728    -0.2080594445180205    -0.8872515393333693   -0.05845279943360974     0.1909021911497872     0.1358786247299148
   -0.2159823801292916    -0.4479088238815599     0.1453028244329727     0.2979569306818816     0.2135948381105629     0.4488927737916264      -0.12918457056965    0.03705152829050772     0.4509565252014702     0.4174773284378785
    0.1385102080621757     0.2919687905713258    -0.3084499862488168    -0.6583037269567877     0.2773699327619663     0.4962309366469774    0.03636142091045446   -0.01898422885175512     0.1684243583224131     0.1176240460741054
  -0.09390271540016219    -0.6497018477588239   -0.05937720524674495    -0.2884317467416562    0.03223675083302948     0.2362761288962468    -0.2466989478183136    -0.0307475080598878    -0.5258111503882613    -0.2953006956616263
   0.02131926267132524     0.4518015767692506    0.01652946601650815     0.4951021564156157    0.02155270496538958      0.566704501774474    -0.2644122468022407    0.01311831067064839    -0.3507890601936961    -0.1877872552266792

22.68465214447355
46.07316376623685
35.56282980062205
72.39689324361441
50.50315063076393
102.9359004195255
65.43334789188866
133.3427473678729
75.97016429629815
155.5300088059741

  2.04384373772344
0.4905058133910634

    0.0778623020154392   -0.03808960198539633  -0.009241362088311729   0.004565565824554299   -0.06794831605908806    0.03324759892235082  -0.000315552521875925  0.0001509621000068149 -0.0003662119433185459  0.0001434105751449121
  -0.01851450669748213    0.00906510775706834    0.00205099889943143  -0.001012375262505545    0.01620742220098296  -0.007939813081383574  9.720750400651749e-05 -0.0001223686032516469 -9.239795779889313e-05  0.0003197478055411617

-5.028191800711596e-05   -0.01149640841170745  -0.002432134135457509    0.02569407232190073   -0.02059457554618813    0.02225804782533211    0.00255991815027845   -0.02066887117266981     0.3073213329605435     0.2188611929233514
 1.152915012935487e-05   0.002742801222226698   0.000424067833179749  -0.006192539407475753   0.004542253410254541  -0.005278809985223158 -0.0003868914445857163   0.004987430539924878    -0.0735799605007766   -0.05157703664810893

cov:
   0.9511439865720966     1.992762042799141  -0.03029508201702664  -0.02592468763737846    0.1881268803875262    0.3976977109125271    0.0353937836367255   0.05509598580829346 -0.003373706609153434  -0.01336264653343446
    1.992762042799141     18.06256073230965  -0.05148003049572688     12.47473722892023    0.3474341682653737     11.64378214308681    -4.032761823340661     0.455851819640908    -4.223427984668009    -2.375221420188826
 -0.03029508201702664  -0.05148003049572688     1.130762875223389     2.317042522797893   -0.2376355696026362   -0.4698520617606735   0.02103536999461251   0.09768097279563726   -0.0230322135353045  -0.01662127274854014
 -0.02592468763737846     12.47473722892023     2.317042522797893     17.64523493986547   -0.5319631050290446      12.2559929234382    -6.059154092971301    0.5800870993976052    -7.419375252271314    -3.869981581101055
   0.1881268803875262    0.3474341682653737   -0.2376355696026362   -0.5319631050290446     1.114659066546877     2.217992523659984 -0.007024844508418075   -0.0468443905314361   0.07014831524492961   0.03795762599788566
   0.3976977109125271     11.64378214308681   -0.4698520617606735      12.2559929234382     2.217992523659984     20.51785567172467    -8.432316824043243    0.3283950644207073    -10.87740836268124    -5.484912226165188
   0.0353937836367255    -4.032761823340661   0.02103536999461251    -6.059154092971301 -0.007024844508418075    -8.432316824043243     6.436952664032942 -0.008454546920622526     6.071787664040991     3.222121625256381
  0.05509598580829346     0.455851819640908   0.09768097279563726    0.5800870993976052   -0.0468443905314361    0.3283950644207073 -0.008454546920622526    0.8110936963794877  -0.06263737835690647    0.1037531935564594
-0.003373706609153434    -4.223427984668009   -0.0230322135353045    -7.419375252271314   0.07014831524492961    -10.87740836268124     6.071787664040991  -0.06263737835690647     11.73946057845768     6.140284152410636
 -0.01336264653343446    -2.375221420188826  -0.01662127274854014    -3.869981581101055   0.03795762599788566    -5.484912226165188     3.222121625256381    0.1037531935564594     6.140284152410636     4.617833153885138

cov.inverse():
   58.87831809820985   -28.36051803904686   -104.2633014190106    51.17390161507205    45.21417948612341   -22.20083595968943   0.6690501335179858  -0.3709023559648821    0.967975089116342  -0.3927062775743048
  -28.36051803904691    13.91957135321194    51.18825622503702   -25.12451484520718    -22.2995542797855    10.90366383491824  -0.3349319364814011   0.1392513767614845  -0.4735011579219024   0.2006892081770535
  -104.2633014190106    51.18825622503699    194.0589207998754   -94.78254671458829   -88.21004986786208    43.22650361367175  -0.3089580578282449  0.04307123645820542    -0.57543300145263   0.3411083199590726
   51.17390161507201   -25.12451484520717   -94.78254671458829    46.51787175317046    43.37444323857094    -21.2083181508362   0.1528658088164661  -0.0738499285166789   0.2845030258196117  -0.1620978133233759
   45.21417948612315    -22.2995542797854   -88.21004986786185    43.37444323857082     46.2898323992686   -22.16290062718619    -1.16564306031142   0.5750859331412658    -1.12472213669634   0.2844643046530254
  -22.20083595968927    10.90366383491819     43.2265036136716   -21.20831815083612   -22.16290062718617    10.83924730114005   0.5783117304437884  -0.2598998338367959   0.5473016961017595  -0.1426663100498275
  0.6690501335180491  -0.3349319364814319  -0.3089580578283625   0.1528658088165237   -1.165643060311365   0.5783117304437615    0.694260399625385  -0.1905167184372573   0.2230823951570353  -0.1236347270953499
 -0.3709023559648997   0.1392513767614928  0.04307123645823645 -0.07384992851669424   0.5750859331412511  -0.2598998338367888  -0.1905167184372575    1.366114079881702 -0.09580448451385255 -0.07498017188829816
  0.9679750891163954   -0.473501157921928  -0.5754330014527265    0.284503025819659   -1.124722136696296   0.5473016961017376   0.2230823951570353 -0.09580448451385265   0.7535610649097707  -0.5005859615435017
  -0.392706277574336   0.2006892081770687   0.3411083199591294  -0.1620978133234038   0.2844643046529999   -0.142666310049815  -0.1236347270953499 -0.07498017188829806   -0.500585961543502   0.7658058496920406

cov*(cov_.inverse()):
     1.000000000000038  3.308161036774671e-14  3.846055418588179e-14  6.708175681602313e-15   5.90582270587614e-14 -4.032646612472934e-14 -4.263082942213003e-16  5.880712583561376e-16 -1.013945871708444e-15  1.405126015541214e-16
-5.773159728050814e-14     0.9999999999999831 -1.335598298624063e-13  7.222000775186643e-14 -1.010302952408892e-14  8.326672684688674e-15  4.440892098500626e-16   3.05311331771918e-16  6.661338147750939e-16 -6.661338147750939e-16
-2.910172103298692e-14  6.299648303009775e-15      1.000000000000048 -3.758668723485847e-14 -6.028164079019405e-15  7.926385242607026e-15  2.059984127722458e-16  1.919037845299343e-16  1.231653667943533e-16  1.387778780781446e-17
 6.772360450213455e-14 -9.459100169806334e-14 -3.106404022901188e-13      1.000000000000081  -7.30526750203353e-14  5.162537064506978e-14 -5.551115123125783e-16 -6.106226635438361e-16  2.442490654175344e-15                      0
  2.17881268582687e-15  7.636252741249905e-15  1.713906794265085e-14  4.172009959724221e-16      1.000000000000015 -5.403663627667754e-15  2.081668171172169e-17 -9.020562075079397e-17  1.422473250300982e-16  1.387778780781446e-17
 1.554312234475219e-14  -3.68594044175552e-14 -2.526867604046856e-13 -7.283063041541027e-14 -1.079136779935652e-13      1.000000000000091  7.771561172376096e-16 -1.387778780781446e-15   1.77635683940025e-15                      0
-5.995204332975845e-15  4.107825191113079e-15   7.72715225139109e-14   1.48769885299771e-14   9.29256671611256e-14 -4.735101200026293e-14     0.9999999999999996  3.885780586188048e-16 -2.220446049250313e-16  4.440892098500626e-16
 4.565792188770956e-15 -3.021888295151598e-15 -1.131039706336878e-14 -5.516420653606247e-16  4.305583667374435e-15 -1.269817584415023e-15 -1.006139616066548e-16                      1 -1.387778780781446e-17                      0
 5.551115123125783e-14  3.508304757815495e-14  3.108624468950438e-15  8.237854842718662e-14  9.703349235223868e-14 -4.685141163918161e-14  1.110223024625157e-16  2.775557561562891e-16     0.9999999999999987   1.77635683940025e-15
 -8.43769498715119e-15  2.331468351712829e-14  1.976196983832779e-14  9.547918011776346e-15  2.620126338115369e-14 -2.098321516541546e-14  1.110223024625157e-16  1.110223024625157e-16 -4.440892098500626e-16                      1
