8
2

 0.158459361670518
0.8410959634410689
0.9955952324755771
 1.172445656321045
 1.748592344354633
 2.206297701591988
 3.142563679541961
  5.17450848362737

   0.5506464732900067   -0.2970573844721943   -0.6761493256387765    0.3698990405935585   0.02706112930929895  -0.05513584448854787   0.08422841914357801  -0.06062564087598599
   0.7099444125334967  -0.07793269536256571    0.5861443263138317  -0.05273124952132562   -0.3452862476285865   0.04624773464633884    0.0657069437831682    -0.133719190609819
   0.2805614830073567  -0.02739974383065234    0.2271353845702258   0.01538858180672902    0.8632931856909511   0.05863980499895896   -0.3218707194473053    0.1280340020797893
  0.09208501095589061    0.0631740725288828   0.04071887072904961 0.0002564168800823327   -0.1104039966224831   -0.7779367473484639  -0.09576335712200434    0.5994381112522811
 -0.02665227372596708 -0.004801433891581835  -0.07590760682272379  -0.06793646873681254   -0.1376679849941671   -0.3331701878792424   -0.7344337576831658   -0.5652800026282379
   0.2908575881398745    0.3624948160816941   -0.3695330925714012   -0.6867009877982165   -0.1000760295463374    0.2659910267037129   -0.1962432509961343    0.2379255493820235
  -0.1249378836843258   -0.5481088993448073   0.05744732227174024     0.113859824772007    -0.268878117848701    0.3917247153518568   -0.4853369229888422    0.4543206812974408
  0.06822787203837948    0.6849034858487015   0.01978743783032089    0.6091137584783812    -0.146006189966227    0.2258209978972616   -0.2497208512319755    0.1420127633210217

35.62542469800622
64.60530112659322
50.47934800488617
91.42799876810052
86.13636239747663
 156.053312912913
102.2895861018519
185.8626528514615

 1.805563988721216
0.5549853293192566

    0.1138358707638731   -0.06299812373012816    -0.1114683282825298    0.06199034303241015 -0.0001939447930695071   0.000662171214244642  -0.001754124250321221  0.0007377763023613474
  -0.03413709889566892    0.01890141384410674    0.03313604785339423   -0.01843020507256725  0.0004287424537537354 -0.0001292140616611539  0.0007087928810737746 -0.0003871207475178418

  0.00450619141945034   0.01203011136434211  0.009743687241882452  0.002881603197849602   0.00671354147096587   0.04678516525438588    0.2218097178956073   0.02391878237006669
-0.001344170142702112  -0.00379882657179471 -0.002743515945235485 -0.001170695803529955 -0.002329325796047973  -0.01447996940726587  -0.06888971949554881   -0.0074335889947413

cov:
    1.14662886768749    2.398239652534563  -0.1983813340047607 -0.01150151707296475 -0.01238702303704533   0.2732547571294968  -0.1428293228873455   0.1252825744707374
   2.398239652534563    16.17955221998278  -0.6289296132712482    9.343053385484048   -1.410895956764671     2.42381666922137   -2.291756244269679   0.6296322875303341
 -0.1983813340047607  -0.6289296132712482    1.033355464988702    1.613651403494222  0.02661187501250022 -0.06948232525449906  0.06379432147888904  0.04416945054297381
-0.01150151707296475    9.343053385484048    1.613651403494222    12.37745466323676   -2.294224156039203    3.301930930710223   -3.816594621672348    2.155693750803457
-0.01238702303704533   -1.410895956764671  0.02661187501250022   -2.294224156039203    2.231305463509976   -1.755421663639505    2.392860647815887   -1.588322017006098
  0.2732547571294968     2.42381666922137 -0.06948232525449906    3.301930930710223   -1.755421663639505    4.401532505176334   -2.807683421917178    2.862277778936321
 -0.1428293228873455   -2.291756244269679  0.06379432147888904   -3.816594621672348    2.392860647815887   -2.807683421917178    5.951204888781502   -2.211133050772537
  0.1252825744707374   0.6296322875303341  0.04416945054297381    2.155693750803457   -1.588322017006098    2.862277778936321   -2.211133050772537    4.353925661502194

cov.inverse():
   12.89303621200608   -6.565795663625368   -14.19476037252308    8.022983849934706   0.4821497029740742   -1.183811260679999     1.81572110204153   -1.373553679761042
  -6.565795663625371    3.601536916333673    7.900151959052122   -4.412479391887645  -0.3070964202907007   0.6141858880346656  -0.9921214527114023   0.7529971413394364
  -14.19476037252308     7.90015195905212    18.77664731294585   -9.945930058775783  -0.8108941296379043     1.50394314602794   -2.260146397966008    1.567560527141089
   8.022983849934706   -4.412479391887643   -9.945930058775785    5.566895393868248   0.4485256813657902   -0.835383986695271     1.26362592329617  -0.8935767276070478
  0.4821497029740729     -0.3070964202907   -0.810894129637903   0.4485256813657894   0.9748149480707045  0.02919460794404449   -0.162257983297328  0.07071057398540177
  -1.183811260679998   0.6141858880346645    1.503943146027938  -0.8353839866952696  0.02919460794404441   0.6360963387793552 -0.09755527849970462  -0.1134650341199006
   1.815721102041531  -0.9921214527114016   -2.260146397966006    1.263625923296169  -0.1622579832973279  -0.0975552784997047   0.6103388914250992  -0.1965845972219148
  -1.373553679761045   0.7529971413394368     1.56756052714109  -0.8935767276070484  0.07071057398540168  -0.1134650341199002  -0.1965845972219149   0.5873815069293944

cov*(cov_.inverse()):
    0.9999999999999929  1.582067810090848e-15 -4.163336342344337e-16  1.068589661201713e-15  2.983724378680108e-16  9.124645483638005e-16 -9.957312752106873e-16   1.27675647831893e-15
-1.110223024625157e-15     0.9999999999999981 -4.551914400963142e-15 -1.554312234475219e-15  2.775557561562891e-17  2.498001805406602e-16  4.163336342344337e-17  1.110223024625157e-15
-3.871902798380233e-15  4.579669976578771e-16      1.000000000000004  7.008282842946301e-16 -1.027823659516258e-16  1.153591111524577e-16 -5.637851296924623e-16  1.214306433183765e-16
  8.43769498715119e-15 -3.996802888650564e-15 -1.332267629550188e-15     0.9999999999999916 -1.221245327087672e-15  -3.33066907387547e-16 -9.992007221626409e-16 -4.440892098500626e-16
-5.329070518200751e-15  1.332267629550188e-15  3.108624468950438e-15 -2.220446049250313e-15                      1  4.718447854656915e-16 -7.216449660063518e-16  5.551115123125783e-16
 3.108624468950438e-15  8.881784197001252e-16 -2.664535259100376e-15  1.332267629550188e-15  2.775557561562891e-17                      1 -2.220446049250313e-16 -2.220446049250313e-16
-1.332267629550188e-15 -8.881784197001252e-16  4.884981308350689e-15  2.220446049250313e-16  3.885780586188048e-16 -5.551115123125783e-17     0.9999999999999989                      0
-3.552713678800501e-15  2.220446049250313e-15   1.77635683940025e-15 -3.996802888650564e-15 -1.665334536937735e-16  6.106226635438361e-16 -2.220446049250313e-16                      1
