12
2

0.0526703295865672
0.2429097720446837
0.7613854145949804
0.8520756937247446
 0.927842889679391
 1.269982706567029
 1.711269484771654
 2.061122855373321
 2.282289827199139
 2.677109176645141
 4.219863038315784
 7.842455779697091

   0.3966799447457657   -0.1942838584058047    -0.733107198541387    0.3588940146424585    0.3345618134662574   -0.1634266025449541 0.0004560347180012259 0.0002050556293973523  0.002044315124302707 -0.001597359240016665 0.0008342920413205406 0.0004326792071706736
   0.4760111892096821   -0.2127306092603343  -0.08443108735933232   0.03523787992905633    -0.745378603111792     0.341198985712271   0.08461103735892196  -0.05154216369739367    0.1273652067282562  -0.03747812178317503    0.1336848663383382  -0.04968840751705831
  -0.3067190682773134   0.04066257965119529   -0.2255307176238745    0.0165858241462986   -0.1126346542416567   0.03683693988017742    0.2272921620867524    0.2885034412375101    0.4597841626810168    -0.581759547632309   -0.2264378015101054    0.3210475979079476
   0.2380455125980797  -0.05364755651568431    0.1548543110519909   -0.0540689316491296   0.08146747117363862 -0.004463996380556191   -0.2596316948325726     0.893101079279046  -0.06257579003083154  -0.02543911411521616    0.1780600968859607  -0.07476402589893652
   -0.582596504581831   0.04011938132665972   -0.4893285469780294   0.01743184396894404   -0.3547268446969873   0.03914897564740014   0.01796415920160633    0.2361444232977717   -0.2637355718726146    0.3625196097113827    0.1296154987452546   -0.1341554281219469
   0.1914113798002455   0.04395457856522968    0.1085064274546259   0.01212082156596299   0.03226354713352325   0.01304015850812765    0.7296629749318602    0.2314808603713891   -0.2223841074471752    0.3462717044950129   -0.3840443868947582    0.2132083863152304
  -0.1725561188050958   -0.2639762478208091    0.1140064252663892    0.1864857511996721    0.2553958287978926    0.3195061686276274    0.4678533425372531  0.005632245408211341   -0.1078311487647068   -0.3019022171218058    0.3740357042592813    -0.473140168627691
   0.1826440527071771    0.3876220257974262   -0.1316426710489904   -0.2682495398292607   -0.1839151525826424    -0.393437125461972    0.1539960797862477  -0.04158864841159448   -0.5019127407360091   -0.4830624463048042     0.118431951356315   -0.1172556604824904
 -0.04784743776812111   -0.1693896978277601  0.009117955115632168 -0.002927263757673459   0.08998373052022196     0.222427739478237  -0.03000931691226133  -0.06653283573629365   -0.3609631567196566  -0.07562058837967005    0.4396759220648828    0.7594076035110187
   0.1321039026971076    0.2718651584985107   -0.3100844941938636   -0.6612818133424203    0.2807753329120026    0.5119951271099756   0.03112607719740516   -0.0204720318288847    0.1384457293190291   0.08924195073533847   0.04155565413361914   -0.0630231039902209
 -0.07839384644389212   -0.6684062850286656  -0.05159146971015233   -0.3607393281898069 0.0009640043519741332   0.04001214551816665   -0.1655518574256824  -0.01926642265845207   -0.3358560432266606    -0.186680744753971   -0.4813834056834909  -0.07438696922523906
  0.01543486660984469    0.3736597442989164   0.01186274712941044    0.4383311946320348   0.01729001515233718    0.5326390687438743   -0.2629853617338793   0.01239989112735387   -0.3516258207524139   -0.1874843538290497   -0.3926287158734771  -0.03998012236928306

22.68420244179321
46.06621713400259
35.56280093650988
72.39053713654285
50.50325554484302
102.9295359288018
65.44098881889261
133.3424628626632
75.97550581940428
 155.536616004124
 90.2509181472643
184.6762882876851

 2.043825430561005
0.4905131848383731

   0.07696807127452703   -0.03765462295484141    -0.0089396989322835    0.00442186859927877   -0.06682056887769833    0.03269668488923401 -0.0002878085562206566  0.0001611649168757543 -0.0004432607094066567  0.0001478405572762317 -0.0004525465226922171  0.0001674234891157014
  -0.01800136309548109   0.008801067038645407   0.001612432600243828 -0.0008301785679704864    0.01571440959585544  -0.007691972781449692  0.0001620088831975233 -2.706463379433133e-05  0.0001489290246415405  4.391339973200983e-05  0.0001297755365961602   0.000333100975125332

  5.07323813686935e-05   0.006275657829906489  -0.008388917239794501   0.009640574373341291   -0.01445879000869981    0.01712549843730298   -0.03084798441102244  -0.004653011672860655    0.02050157396425048   -0.01671360038075021     0.3493049800606005      0.343635345292223
-1.058523090539867e-05   -0.00146987480196896   0.002085774428307842  -0.002342644886553929   0.003535670002309358    -0.0038257104758834   0.006750091745755196  0.0007506144235044273  -0.003434436561663305   0.003957175019020349   -0.08404292317761743   -0.08162612108044272

cov:
   0.9507784023294037     1.992322261487558  -0.02971626420336001  -0.02394521382894827    0.1881283019852854    0.3988382426572131   0.03481479385772809   0.05538285274982197 -0.004230012848714024  -0.01322807120069595   0.02314493457109936    0.0267668713651887
    1.992322261487558      18.0748478434944  -0.04954266677758976     12.49879963222616    0.3466534864482825     11.67025330323068    -4.027552125241486    0.4574921878496668    -4.251514759402444    -2.383387988783551    -3.731378023566157   -0.6320042621386417
 -0.02971626420336001  -0.04954266677758976     1.131215951108277     2.318584960266469   -0.2378601340038702   -0.4696049336612692   0.02049253962740989   0.09820197371531691  -0.02372700646678994  -0.01657127853737942   0.07010183469269676    0.1666014869934038
 -0.02394521382894827     12.49879963222616     2.318584960266469     17.67919026205077   -0.5332610329977909     12.29732356806903     -6.06636273868474    0.5822387612554167    -7.460793383924466    -3.883870574617689    -7.641446154261907   -0.4295681128503871
   0.1881283019852854    0.3466534864482825   -0.2378601340038702   -0.5332610329977909     1.115562655757125     2.218893512661738 -0.005774826381587973   -0.0466331612715857   0.07086710782172263    0.0386268786553452   0.01100084027945934  -0.04805987479508272
   0.3988382426572131     11.67025330323068   -0.4696049336612692     12.29732356806903     2.218893512661738     20.57980627183621     -8.45006857026436    0.3301191039709832    -10.93154793583421    -5.503725169706556    -12.39782606901633    -0.954798263366784
  0.03481479385772809    -4.027552125241486   0.02049253962740989     -6.06636273868474 -0.005774826381587973     -8.45006857026436     6.433420053359825  -0.01194994448086525     6.095984925051988     3.225978992444611     7.787567005175603    0.3132293993611746
  0.05538285274982197    0.4574921878496668   0.09820197371531691    0.5822387612554167   -0.0466331612715857    0.3301191039709832  -0.01194994448086525    0.8115115262077537  -0.06196579062029357    0.1038413888863616   -0.3473589963610638   -0.1882958447297557
-0.004230012848714024    -4.251514759402444  -0.02372700646678994    -7.460793383924466   0.07086710782172263    -10.93154793583421     6.095984925051988  -0.06196579062029357     11.79935429300838     6.166466941063035     10.25494837057842    0.2611456289199928
 -0.01322807120069595    -2.383387988783551  -0.01657127853737942    -3.883870574617689    0.0386268786553452    -5.503725169706556     3.225978992444611    0.1038413888863616     6.166466941063035     4.630847283684682     5.306087580971146    0.9982137123353375
  0.02314493457109936    -3.731378023566157   0.07010183469269676    -7.641446154261907   0.01100084027945934    -12.39782606901633     7.787567005175603   -0.3473589963610638     10.25494837057842     5.306087580971146     15.40252939904926     2.547055433466045
   0.0267668713651887   -0.6320042621386417    0.1666014869934038   -0.4295681128503871  -0.04805987479508272    -0.954798263366784    0.3132293993611746   -0.1882958447297557    0.2611456289199928    0.9982137123353375     2.547055433466045     4.095992411505033

cov.inverse():
   61.24026360219585   -29.51618127005338   -105.0125568843741    51.53297835224718    42.13767417332001   -20.69024630721948   0.5974088058801821  -0.3804403791695621    1.200144114525401  -0.4353898429413625    1.224463535473832   -0.402248854065435
  -29.51618127005336    14.48552424667093     51.5668742555002   -25.30534895092635   -20.80474770775012     10.1695016229878  -0.3024841065390481   0.1409042239143765  -0.5924506717752246   0.2292424950622825  -0.5938151327209945   0.1838554288502902
   -105.012556884374    51.56687425550012    194.2818013667201    -94.8743935149366   -87.07690170503659    42.66548108940096  -0.3340366833927372 -0.01850345192106885  -0.7741220384514126   0.5136205712213088  -0.3740189314684267  -0.1040135186147891
   51.53297835224725   -25.30534895092633    -94.8743935149366    46.55643131860469     42.8229715256787   -20.93567706451938    0.159906242695429 -0.05059848427754534   0.3678916059102295  -0.2283089101993488   0.1869814543324654  0.02382518613833716
   42.13767417331977      -20.80474770775   -87.07690170503626    42.82297152567853    49.98444885185168   -23.97386270865681   -1.045192722816264   0.6276624749214591    -1.34312683115469   0.2452409926711579     -1.5486837350497   0.6430892633842752
  -20.69024630721934    10.16950162298772    42.66548108940074   -20.93567706451928   -23.97386270865678    11.72681820543129   0.5202319665106838  -0.2844456148433439   0.6572668254851125  -0.1272416178699555     0.75829633291765  -0.3096803178391499
   0.597408805880254  -0.3024841065390838  -0.3340366833928757   0.1599062426954966   -1.045192722816198   0.5202319665106515   0.7171423313451919  -0.1706715857115197   0.2513969733659227  -0.1711675250473999 -0.06380814290229429  0.09146281190299063
 -0.3804403791695748   0.1409042239143831 -0.01850345192104126 -0.05059848427755877   0.6276624749214446  -0.2844456148433367  -0.1706715857115196    1.386578410491364 -0.05430552562393515  -0.1340366167425254 -0.03567066512294849  0.09583513581591557
   1.200144114525492   -0.592450671775269    -0.77412203845158   0.3678916059103114   -1.343126831154614   0.6572668254850749   0.2513969733659231 -0.05430552562393552   0.8572537144037092  -0.6203514970899801  0.06137571299654112   0.1449058320393776
 -0.4353898429414336   0.2292424950623171   0.5136205712214365  -0.2283089101994114   0.2452409926711026  -0.1272416178699282  -0.1711675250474004  -0.1340366167425251  -0.6203514970899807    0.927223670553366  0.05608661964211616  -0.2477681865276295
   1.224463535473812  -0.5938151327209849  -0.3740189314683893   0.1869814543324469   -1.548683735049719    0.758296332917659  -0.0638081429022937   -0.035670665122949  0.06137571299654111  0.05608661964211666   0.6501613627474749   -0.324850800099682
 -0.4022488540654096   0.1838554288502775  -0.1040135186148373  0.02382518613836062   0.6430892633842965  -0.3096803178391604  0.09146281190299048  0.09583513581591568   0.1449058320393777  -0.2477681865276296  -0.3248508000996818      0.4677854987803

cov*(cov_.inverse()):
      1.00000000000009 -2.993178621624182e-14  5.309901823791208e-14 -7.983566065183911e-14 -5.051514762044462e-15  9.612102780387488e-15  7.814929259275516e-16 -7.316196259932184e-16 -4.028895272956134e-16  4.544975507059235e-16   6.29704621779581e-16  3.799044412389208e-16
 -1.52655665885959e-14     0.9999999999999929  1.817990202823694e-15 -9.683226442902537e-15  2.065014825802791e-14  5.467848396278896e-15  8.049116928532385e-16 -1.040834085586084e-16 -8.049116928532385e-16 -1.665334536937735e-16 -3.302913498259841e-15  5.551115123125783e-16
 1.425248807862545e-14  1.500882751415133e-14      1.000000000000028 -5.469149438885879e-14 -4.884981308350689e-15  6.390721285498557e-15     5.759281940243e-16  -1.52655665885959e-16    2.8796409701215e-16 -1.942890293094024e-16  3.400058012914542e-16  3.469446951953614e-16
 -1.23789867245705e-14  2.152444888992022e-14 -1.134162208593636e-13      1.000000000000127 -1.498801083243961e-14  1.573741137406159e-14 -2.914335439641036e-16  6.938893903907228e-17  3.511080315377058e-15 -1.318389841742373e-15   3.33066907387547e-15  1.110223024625157e-16
-1.106406632978008e-14  9.235667786100521e-15  7.000736795825802e-14 -4.387636087788138e-14     0.9999999999999785  1.859276621551942e-14  3.599551212651875e-16 -2.211772431870429e-16  2.775557561562891e-17  5.204170427930421e-18  5.030698080332741e-17  9.020562075079397e-17
-6.833422716567839e-14  2.808864252301646e-14 -6.726563750447667e-14  8.739536871971154e-15 -7.549516567451064e-14      1.000000000000029   2.17881268582687e-15 -4.163336342344337e-17   4.08006961549745e-15  5.551115123125783e-16                      0 -1.110223024625157e-16
 6.511458039426543e-14 -4.794775687599895e-15  7.596007156607243e-14 -5.812624687129286e-14 -5.714873019257993e-14 -5.315192730392937e-15     0.9999999999999991 -4.787836793695988e-16 -6.800116025829084e-16   3.05311331771918e-16 -1.373900992973631e-15  6.106226635438361e-16
 1.484923295436147e-15  8.326672684688674e-17 -2.241262730962035e-15 -4.024558464266192e-15  1.956768080901838e-15  1.144917494144693e-15  4.163336342344337e-17     0.9999999999999998 -1.040834085586084e-17                      0  1.387778780781446e-16                      0
 9.360567876370851e-14 -1.505739977147869e-14   4.44436154545258e-14  7.252011491321042e-15 -3.047562202596055e-14 -2.046973701652632e-14  -7.91033905045424e-16  -3.95516952522712e-16     0.9999999999999983  1.165734175856414e-15  6.938893903907228e-16   4.85722573273506e-16
 2.792210906932269e-14  4.912736883966318e-15  1.185856968177745e-13 -4.182765245275277e-14 -2.442490654175344e-14  1.371125435412068e-14  2.498001805406602e-16 -1.387778780781446e-17  7.771561172376096e-16     0.9999999999999998  6.106226635438361e-16 -5.551115123125783e-17
  2.97539770599542e-14  1.720845688168993e-14  1.137978600240785e-14 -1.788152959036893e-14 -2.442490654175344e-14  3.652633751016765e-14  2.220446049250313e-16 -3.608224830031759e-16                      0 -9.992007221626409e-16     0.9999999999999968 -2.220446049250313e-16
-6.661338147750939e-16   3.33066907387547e-15  2.681188604469753e-14 -2.141342658745771e-14 -9.325873406851315e-15  5.551115123125783e-15 -5.551115123125783e-17 -5.551115123125783e-17 -2.220446049250313e-16  2.220446049250313e-16                      0     0.9999999999999998
