10
2

0.3384945549418455
0.8902259642196838
0.9519485425168116
0.9815715024164157
 1.023715143464764
 1.191809816006547
 1.548929513035167
 1.584553358320234
 4.894654641627599
 54.62021348093887

   -0.2883006100470132     0.5619609507758502     0.3429236162801862    -0.6897932925077773   -0.02883938566804857    0.03639254055329452   -0.02536022555421828    0.04284706091249885   -0.02094506225020953    0.05096489559414862
   -0.6556304015395025    -0.1163314735130242    -0.2030459597836702     0.1064282155255275    -0.6972529590962829     0.1078096238668023   -0.01576794732719782   -0.04968646185540518    0.04586752393651593   -0.03814880901820702
   -0.3072994394486595     0.1089670450309531    -0.3535569496797549    0.00917032814105118     0.3217496323105088    -0.1261732066814791     0.6877470970563564    -0.1900779475831149    -0.3096431430891365      0.210141738646766
  -0.03779711969148275   -0.06702595207929739     0.1962209551889932    0.01448159583590386    0.05633015726149565     0.1147770304515895     0.4902538016518393    0.01326333584186158     0.8324583706752745   -0.07421604450654851
   -0.4729799877797227    0.04028032166206985    -0.2987069102671335    0.06420237675781271     0.5089879874647072    -0.2736476375209472    -0.4447904419037076     0.2286372988686872     0.3087182233964985   -0.04412900882504351
    0.3607491093517609      0.207164558361754    -0.7657865227491366    -0.3550617239551795    -0.1641552317815708     0.1760226367322333  -0.009225643750837176      0.075260191189681     0.2018980721684084    -0.1000107515679153
   -0.1739640086043657    -0.2646972206281006    0.02165183205029744     -0.128329561815403     0.2632430667726103     0.5987386644659592     0.1027044231066552     0.3096430967302102    -0.2457222743011568    -0.5367897580419951
  -0.08288312834389377   -0.06227768051795263   -0.03706134641930988   -0.03312583575985777     0.2258228585492003     0.5340592248651146     -0.278013525687039    -0.7017769604822451     0.1098974563412814     0.2621181420776758
  -0.01367066295390763    -0.7165981064249025   -0.01316756069025021    -0.5595307001361353   -0.00143743396573424    -0.1620088522061393 -4.176874392507613e-05     0.1072000114323673   0.008057325459159777     0.3677588594370519
 4.542767972854165e-05      0.149348418583404  7.170136076858764e-05     0.2274494717303829    0.00018705211601421     0.4267764202062737  2.840158312732347e-05       0.54917132096008  -0.000281339356482166     0.6650070773423008

22.67949217058808
9.940102047253303
35.55870970033903
15.66305832975113
68.31818879102362
30.22740897343265
 88.5290546849878
39.20020926196722
107.7387712041542
47.71519447021226

0.4442871226394681
 19.47931312190044

 0.007183084436186054  -0.01621869034070839 -0.001367901053224584  0.002913867018175208 -0.001224868919180556  0.002776441798870532  -0.00206656796347953  0.004529741261765056 -0.002831695578284637  0.006237441127325992
   -35.04560946855301     44.53117749710102     44.31985977401397    -59.67586942181192    -22.57306548601839     9.353664322649765      6.65249741309519     2.603697330843856     10.43013604656042     1.618982247349609

-0.001478538769846669 -0.001301117867759084 -0.003899803655028868 -0.002827065792385501 -0.004226419883027554 -0.001280491890601469  0.006040637235369295 0.0007393704932029024     0.292771625058756     18.08435537764026
    10.57435192720117     15.35580449935843    -7.111040506404064        17.18144715373    -12.53875282898204    -12.41139409566469     1.542351984969745    -4.375190238754597     20.37308343729106    -1281.452381327787

cov:
    0.9507717498060083      0.478540821738752   -0.05585299987592728    0.02518046144486507    -0.2211924024386863    -0.0505602748092187     0.0304090838545213    0.05820798970692799    0.06021248159764769    0.07212090846588828
     0.478540821738752      79.14892001176014   0.005319899863553326      110.8793456840153   -0.03072373311539332        192.48543876874   0.006203626205900594      242.7816559035034    -0.1422887594607853      290.2886560459213
  -0.05585299987592728   0.005319899863553326      1.131742412084631     0.5432662908761213    0.03100349064564082    0.06421087653613977    0.05437305362241197    0.08469475005246553   -0.09346030762390305    0.02334337882223491
   0.02518046144486507      110.8793456840153     0.5432662908761213      162.1293028468216     0.1103299046784692      291.4382734150043 -0.0007100690757276946      371.1431329612847    -0.2988881974396601      446.5053839508782
   -0.2211924024386863   -0.03072373311539332    0.03100349064564082     0.1103299046784692      1.086478635201134     0.6474315555330639   -0.09192630072175693     0.1774481358895986   -0.04609318507449209     0.2459757262307896
   -0.0505602748092187        192.48543876874    0.06421087653613977      291.4382734150043     0.6474315555330639      545.7489579903614   -0.08956052564233878      698.2820185761333    -0.5018566658749948      844.8129812535265
    0.0304090838545213   0.006203626205900594    0.05437305362241197 -0.0007100690757276946   -0.09192630072175693   -0.08956052564233878       1.08730250981862     0.3933255841104087   -0.08412487271192283    -0.1411354520141328
   0.05820798970692799      242.7816559035034    0.08469475005246553      371.1431329612847     0.1774481358895986      698.2820185761333     0.3933255841104087      901.5911099767031    -0.6588145546958966      1089.561497060865
   0.06021248159764769    -0.1422887594607853   -0.09346030762390305    -0.2988881974396601   -0.04609318507449209    -0.5018566658749948   -0.08412487271192283    -0.6588145546958966      1.091042328322944    -0.2613530231781324
   0.07212090846588828      290.2886560459213    0.02334337882223491      446.5053839508782     0.2459757262307896      844.8129812535265    -0.1411354520141328      1089.561497060865    -0.2613530231781324      1323.514901090518

cov.inverse():
   1.693948721273664   -1.295985154217749  -0.6427023468900052    1.535486261771234   0.2401305723896117 -0.03522037245113539  0.02453436732290256 -0.08619130039498872  0.01323170127389709  -0.1404495375516938
  -1.295985154217749    2.874982998983769    1.531295750135839   -3.416271044320284 -0.04330518843597068  0.08022636724859708 -0.09634923143523969   0.1934919661196119  -0.1391485996780511   0.3114654766074409
  -0.642702346890013    1.531295750135856    1.755013191195996   -1.919623850905726 -0.07926168681364824   0.1346071315668108  -0.1035599916737187    0.125179084775199  0.01521914782323329    0.122787192187517
   1.535486261771251   -3.416271044320323   -1.919623850905727    4.280416192030922   0.1392760140089963  -0.3001866606477701   0.1381187523670173  -0.2809189207409925    0.121582729772774  -0.2719221646173566
  0.2401305723896233 -0.04330518843599673 -0.07926168681366232   0.1392760140090276    1.053611507497974  -0.1816093540341201  0.06440942438490778  0.03941500954390361  0.01317507373088766  0.04578889178647683
-0.03522037245116242   0.0802263672486573   0.1346071315668433  -0.3001866606478426  -0.1816093540341203   0.4149067782636425  0.03394113764632646 -0.08812215459475342  0.04827541161409318   -0.108571874020883
 0.02453436732290839 -0.09634923143525269   -0.103559991673725   0.1381187523670313  0.06440942438490674   0.0339411376463289    1.001355762197303  -0.1525689012995382  0.03728438471828954  0.07857371693668391
-0.08619130039500163   0.1934919661196407   0.1251790847752131  -0.2809189207410238  0.03941500954390573 -0.08812215459475846  -0.1525689012995383   0.3497505227750085  0.08135519444249537  -0.1793492061129388
 0.01323170127388734  -0.1391485996780294  0.01521914782324597   0.1215827297727457  0.01317507373088622  0.04827541161409638  0.03728438471828798  0.08135519444249867   0.9811579580609028   -0.108092568309747
 -0.1404495375516717   0.3114654766073918   0.1227871921874883  -0.2719221646172926  0.04578889178648007  -0.1085718740208901  0.07857371693668745  -0.1793492061129464   -0.108092568309747   0.2411106766294098

cov*(cov_.inverse()):
    0.9999999999999999 -2.255140518769849e-16 -9.194034422677078e-17  2.636779683484747e-16  2.949029909160572e-17 -6.938893903907228e-18 -8.673617379884035e-19 -1.561251128379126e-17  5.204170427930421e-18                      0
-3.552713678800501e-14     0.9999999999999858   -1.4210854715202e-14  2.842170943040401e-14 -5.329070518200751e-15                      0   1.06581410364015e-14   -1.4210854715202e-14                      0                      0
-3.686287386450715e-17 -2.168404344971009e-16                      1  1.639313684798083e-16 -2.168404344971009e-17 -7.806255641895632e-18 -2.146720301521299e-17  -2.42861286636753e-17  1.301042606982605e-18  1.301042606982605e-17
-8.526512829121202e-14  5.684341886080801e-14   -1.4210854715202e-14     0.9999999999999716 -7.105427357601002e-15  7.105427357601002e-15  7.105427357601002e-15                      0                      0    1.4210854715202e-14
-3.469446951953614e-17  2.775557561562891e-17 -6.591949208711867e-17 -2.775557561562891e-17                      1                      0  6.938893903907228e-18                      0 -1.040834085586084e-17 -6.938893903907228e-18
 -1.56319401867222e-13   1.70530256582424e-13    1.4210854715202e-14                      0 -7.105427357601002e-15     0.9999999999999858  2.842170943040401e-14 -5.684341886080801e-14                      0  2.842170943040401e-14
-3.469446951953614e-18 -2.775557561562891e-17                      0  6.938893903907228e-18 -8.673617379884035e-19  6.938893903907228e-18                      1 -2.775557561562891e-17 -1.908195823574488e-17                      0
 -1.70530256582424e-13  5.684341886080801e-14 -8.526512829121202e-14                      0                      0 -4.263256414560601e-14  2.842170943040401e-14     0.9999999999999432   -1.4210854715202e-14   1.13686837721616e-13
 1.595945597898663e-16 -2.636779683484747e-16 -2.775557561562891e-17  2.220446049250313e-16  8.673617379884035e-18 -2.081668171172169e-17 -2.081668171172169e-17 -3.469446951953614e-17     0.9999999999999998 -2.775557561562891e-17
  -1.4210854715202e-13 -2.273736754432321e-13                      0 -5.684341886080801e-14 -3.552713678800501e-14                      0   -1.4210854715202e-14  8.526512829121202e-14  2.842170943040401e-14                      1
