10
2

0.1181772771948431
0.8314377888410764
0.9905527141109984
 1.035492955444221
 1.329057520385424
 1.672666262446801
 1.926166086326655
 2.466591203732681
 4.006247147531486
 7.533434721550244

  -0.5759487280551158    0.2670576832785309     0.696523309635783   -0.3242446488876586   -0.0390644237955232   0.01273909429423731  -0.03005002579415924   0.02282349989195038  -0.05145794407955114   0.03039396846378324
   0.6489954423015751  -0.07754674653714518    0.5234451411159968  -0.07195358099920908   -0.3442313747470352    0.2744121128260681   -0.1764060191372543   -0.1422257098900053    0.1420608635487006   -0.1682067545524233
   0.3103644144980789    0.0327756139573416    0.2353716996007044 -0.009675458812564274     0.196570995165253   -0.2951421548637463    0.4212391486883658   -0.3103664118364962    -0.313700043412654    0.5909143279087851
  -0.2899771899278313  -0.01503299072115753   -0.2354667454716489   0.02154862617228565   -0.4298364942243614    0.4288043931419204     0.120387796162365   -0.6675143846479943   0.01444803359280417    0.1756936731991004
 0.001781339084297938  -0.02275060879419831  0.008055342958170305  0.001293994956562109    -0.319630896458382  -0.04781883344530843      0.63768074906856    0.1377050656009123   -0.4317965948551215   -0.5318969831662052
  0.04577679670118793   0.03900668349938408  -0.01295188056294194  -0.04146968949052871   0.03711978558260581    0.6339576349742267    0.3705209619801849    0.5358351961408282    0.1504074091743896    0.3797206688096301
 -0.04529707736373755  -0.05334782088791916  -0.03052172707132831  -0.05530958916165244   -0.5593985754091054   -0.4971476698136834    0.2031063558435587    0.1772251823962207    0.5568651782286497    0.2197023048541033
    0.235139718471996    0.5335348401398685    -0.356598656575964   -0.6897189881295782   -0.1265630892880188   -0.0318558452755494   -0.1249586196803774   0.03259246954431232   -0.1501508264255226   0.03032813656539321
 -0.08321626468618616   -0.6143611390012381  -0.03278139902430937   -0.2450669333263631   -0.3001750885806523  -0.02059242111426382   -0.3195436372683107    0.2380175667414499   -0.4792919125385183    0.2747592673815373
    0.017578129708203    0.5043632896172311   0.02479113959976305    0.5904062054525405   -0.3660427700818433  -0.02774953323107816   -0.2704528886421592    0.2052869529497483   -0.3272900934023971    0.1973599351782505

22.68746663204226
48.07318254307678
35.55524159524756
75.42362318291033
72.69768221422805
154.6150052986922
87.37703254003218
185.3728853215251
103.4508590951033
220.2110040329982

 2.125318274811131
0.4715249547080862

    0.1430652127051165   -0.06732507471305807    -0.1386367179864704    0.06512495800490473  -0.001466103432274079  0.0004909550551789234  -0.001153380225794506   0.001149970205464743  -0.002027877998146433    0.00095151172908191
  -0.03103120360889156    0.01460180269674432    0.02983474254982534   -0.01401996999221138   0.000364916359698029 -0.0001359363344213462  0.0005821202573723038 -0.0002079675854758641  0.0003641311942561318 -0.0002333100648165467

-0.003041770810369456   0.01454886335934024  0.008690449012394163 -0.006812782307999223  0.001751498171673544  0.009847742182267914 -0.009772423003479407   0.01779380118698278    0.3265683507190391    0.3118146704219769
0.0006568754910803463 -0.003311861090313329 -0.001790659007533732  0.001511500292022627 6.006991883295742e-05 -0.001841405151613013   0.00218086015997928 -0.004005824687819287  -0.07241052086300431  -0.06888929548303863

cov:
   0.9590315050778547     2.078594643138165  -0.06401351815451743   -0.1057394610090375 -0.008162048599939966    0.0186452460551972  0.005490762466812299   0.02183776208848521  -0.01271483707084917  -0.06705050360114592
    2.078594643138165     22.24884829648387    -0.134474625066801     17.08572688901748    -7.769369227745562   -0.5562156822785157    -5.000630374532348     3.661300568499594    -5.224253041681292     3.083034222641476
 -0.06401351815451743    -0.134474625066801      1.13982779075165     2.426933081998147  0.003947462880273464 -0.003456056938498996   0.03412514672285998    0.1009743682922751   0.01760947201877891   0.05264936560218841
  -0.1057394610090375     17.08572688901748     2.426933081998147     23.66280357922425    -10.43799602820806   -0.6877774084058562    -7.356377976006361     5.701875143556584    -8.587485479378367     5.321298798994834
-0.008162048599939966    -7.769369227745562  0.003947462880273464    -10.43799602820806     10.81104542953314     1.504976108653866      6.57875293550804    -5.544727228176464     8.226580901573238     -5.49025562511038
   0.0186452460551972   -0.5562156822785157 -0.003456056938498996   -0.6877774084058562     1.504976108653866      2.43683036564855     0.684354903590797  -0.04040129939359856     0.103499850434625   -0.2165477842330258
 0.005490762466812299    -5.000630374532348   0.03412514672285998    -7.356377976006361      6.57875293550804     0.684354903590797     7.351598023248687     -3.74940782219693     7.539911690261799    -4.213989498118774
  0.02183776208848521     3.661300568499594    0.1009743682922751     5.701875143556584    -5.544727228176464  -0.04040129939359856     -3.74940782219693     4.847050347740707    -5.116061956384215     3.650193074751785
 -0.01271483707084917    -5.224253041681292   0.01760947201877891    -8.587485479378367     8.226580901573238     0.103499850434625     7.539911690261799    -5.116061956384215     11.55736939102949    -4.983517057828919
 -0.06705050360114592     3.083034222641476   0.05264936560218841     5.321298798994834     -5.49025562511038   -0.2165477842330258    -4.213989498118774     3.650193074751785    -4.983517057828919     4.905339464457274

cov.inverse():
    24.5486843505046   -11.04652916066705   -28.10832104348771    13.27011887509732    1.469924116457087  -0.4617950667243273    1.175296647014439  -0.9855787978456255    2.144154068287927   -1.269152901624437
  -11.04652916066703    5.193116655984785    13.24183863990852   -6.238470184723226  -0.6859729063586677   0.2112966016640734  -0.5495477865296031    0.450100800496318   -1.008683166563474   0.6202249231603292
  -28.10832104348764    13.24183863990851    35.26373376256928   -16.19083483328887   -2.056531994368247   0.6809938949672436   -1.550276348903379      1.0971069256389   -2.534840319520792    1.483403759804744
    13.2701188750973   -6.238470184723225   -16.19083483328888    7.625498246712711   0.9548873657205137  -0.3111805010357684   0.7224752554189612  -0.5411192048447176    1.193380755458412  -0.7053163042452072
   1.469924116457086  -0.6859729063586677   -2.056531994368247   0.9548873657205138     0.64565395120213  -0.3100545263056249  0.07724955395957432   0.1614095355981437  0.01492249549673074   0.1078119429650207
 -0.4617950667243276   0.2112966016640735   0.6809938949672446  -0.3111805010357688  -0.3100545263056251   0.5925793827360537  -0.1353254423360872  -0.1158652801375696  0.08230543431607934 -0.07613813219170995
   1.175296647014436  -0.5495477865296029    -1.55027634890338   0.7224752554189614   0.0772495539595744  -0.1353254423360872   0.6046461795760948   -0.097015256700983    -0.14987596034516   0.1142013236365483
 -0.9855787978456283   0.4501008004963196    1.097106925638905  -0.5411192048447199   0.1614095355981435  -0.1158652801375696 -0.09701525670098303   0.7065581332102224 -0.01044023611442996  -0.1653095514162744
   2.144154068287921   -1.008683166563474   -2.534840319520795    1.193380755458413  0.01492249549673073  0.08230543431607937    -0.14987596034516  -0.0104402361144294   0.5364082335125857  -0.1597896350969774
   -1.26915290162443   0.6202249231603267    1.483403759804738  -0.7053163042452042   0.1078119429650209 -0.07613813219170994   0.1142013236365484  -0.1653095514162749  -0.1597896350969765   0.7219876881100088

cov*(cov_.inverse()):
     1.000000000000018  -1.55500612386561e-14 -3.790023850314128e-14  1.794397963550409e-14  1.421605888562993e-15 -2.168404344971009e-17   2.59167687310935e-15 -6.661338147750939e-16  5.703770789011742e-15  -1.47798440153224e-15
-2.087219286295294e-14     0.9999999999999947  1.598721155460225e-14  1.154631945610163e-14  5.551115123125783e-17  2.775557561562891e-16   1.27675647831893e-15  1.443289932012704e-15  4.440892098500626e-15  8.881784197001252e-16
 1.315614284180811e-14  7.979727989493313e-16     0.9999999999999868  7.507883204027621e-15   7.24247051220317e-16 -8.847089727481716e-17  5.022024462952857e-16 -2.844946500601964e-16  4.891920202254596e-16 -4.371503159461554e-16
 -1.77635683940025e-15 -3.108624468950438e-15  3.907985046680551e-14     0.9999999999999738  9.992007221626409e-16 -4.996003610813204e-16 -1.221245327087672e-15   2.55351295663786e-15 -5.995204332975845e-15  -1.77635683940025e-15
 2.575717417130363e-14 -1.287858708565182e-14 -3.552713678800501e-14  1.998401444325282e-14                      1  4.440892098500626e-16  4.440892098500626e-16 -6.661338147750939e-16  3.108624468950438e-15 -1.332267629550188e-15
-1.665334536937735e-16 -8.326672684688674e-17 -2.275957200481571e-15  -3.33066907387547e-16  -1.35308431126191e-16                      1 -3.469446951953614e-18  -4.85722573273506e-17  3.469446951953614e-17 -5.551115123125783e-17
 2.309263891220326e-14 -4.884981308350689e-15 -4.440892098500626e-14    1.4210854715202e-14  5.551115123125783e-16  2.775557561562891e-16      1.000000000000001 -4.440892098500626e-16  4.440892098500626e-16  -1.77635683940025e-15
-7.105427357601002e-15  5.773159728050814e-15  1.687538997430238e-14 -1.154631945610163e-14 -9.992007221626409e-16  2.220446049250313e-16 -8.326672684688674e-16                      1 -1.332267629550188e-15  1.332267629550188e-15
 8.881784197001252e-16 -3.108624468950438e-15 -1.598721155460225e-14 -2.664535259100376e-15 -1.443289932012704e-15  5.551115123125783e-17  6.661338147750939e-16  5.551115123125783e-16     0.9999999999999978 -4.440892098500626e-16
                     0 -2.220446049250313e-15 -4.440892098500626e-15 -3.108624468950438e-15 -5.551115123125783e-16 -1.665334536937735e-16 -5.551115123125783e-16 -2.220446049250313e-16  8.881784197001252e-16     0.9999999999999996
