8
2

0.2455456746575162
0.3808672364722046
0.9565100711729631
 1.043852398295046
  1.38679073122369
 1.674015604381329
 4.521060010733517
 33.86943448950225

  -0.3571017338287172    0.3425501353076423     0.587773812342494   -0.5710964926605981   -0.2005200325436425    0.2047538572953404  -0.02773159318300943   0.02463800526183268
   -0.365149388066385    0.3025254326332784 -0.005813067548160447   0.02133676580657603    0.6101024571738496   -0.5318470540534025     -0.26934719603254    0.2168433271049507
   0.7346204817948194 -0.009450150808008378    0.5281389742724233 -0.002307299484463194    0.2130524481552417  -0.07092934847255393   -0.3589216700758386   0.04539007833329115
 -0.02368533017052375   0.09960055438006318   -0.3090516496564266  -0.05709584021320947    -0.513210639075706  -0.09537287471207941    -0.784430575937603   0.05416090674781894
  -0.4060491663580281   -0.4883606663625444    0.2569669684118305    0.2942149392942748    0.2513976959685288    0.4105465435621214   -0.4023005021273358    -0.224585219260274
   0.1813187830160349    0.1106456261269951   -0.4622499613192512   -0.5086792781956193     0.464148729198116    0.4866369212610021   -0.1420311990841937   -0.1001449553166698
 -0.03411072121198859   -0.6941676785535312  -0.01836507725350742   -0.4635229631800839   -0.0124641851539167   -0.2085373163193626   0.02241835070584542    0.5075737666927093
0.0002471385468620325    0.2202744439288245 0.0003602946316026896    0.3315987091807215 4.803778786959084e-05    0.4606906135889209  0.002411439308925739    0.7932714640876333

22.67834891690976
22.15404691683109
35.55778572552676
34.72092849196826
 50.5009048324106
  49.297129866106
88.59909375668578
86.51351144454176

0.9755403528815888
 -1.12299838307961

  0.02951143743039951  -0.03031796909165001 -0.001186821694819136  0.001073735090950861  -0.02467787982657973   0.02540767618453056 -0.004505520320539894  0.004113636964897714
    4.010119227137634    -3.471653964753359    -2.647186930774713     2.525696709228258    -2.020109656483785     1.841612216234292     1.539895076082162   -0.9187081349424281

-0.0007149368879255397  -0.006728122497729512    0.01471264277413404    0.01153438864360607    0.01528882281715982    0.00879067939092293     0.3384718604535361       9.91230950418332
   -0.2956022784344215    -0.7646380070158847     0.3837117252559279    -0.1780951747188111   -0.06728063472212933     0.3187230800098141      7.365817804099688      224.9346591949121

cov:
   0.954460168773709   0.9517019090552589 -0.07203940253757168 -0.05994627671093019   0.1766673990447457   0.1812231314841222   0.0209179544412131  0.01259091148766037
  0.9517019090552589    66.03372948835286 -0.05927700946748161    89.91585945828155  0.06188425489309046    119.1050941184678   0.5306299768031087    193.4415912888175
-0.07203940253757168 -0.05927700946748161    1.112927637748052    1.113236732652058  -0.2041579918811897   -0.153250746839798  0.06772103272635734   0.1604516659491597
-0.05994627671093019    89.91585945828155    1.113236732652058    131.4432072973815  -0.3427537602715305    176.7537122142721   0.7293965182047703    296.9553533427045
  0.1766673990447457  0.06188425489309046  -0.2041579918811897  -0.3427537602715305    1.113382113831106   0.8999386341356647 -0.03962898235111348  -0.3269878397380709
  0.1812231314841222    119.1050941184678   -0.153250746839798    176.7537122142721   0.8999386341356647    245.3986735259173   0.7927478803846668    416.7224915350161
  0.0209179544412131   0.5306299768031087  0.06772103272635734   0.7293965182047703 -0.03962898235111348   0.7927478803846668    1.183649753617281    2.570885942534819
 0.01259091148766037    193.4415912888175   0.1604516659491597    296.9553533427045  -0.3269878397380709    416.7224915350161    2.570885942534819     727.273954925479

cov.inverse():
   3.722101074054118   -2.688710446481546   -3.119986354265886    3.233913630082772  -0.1889303748644935  0.01634160797594957   0.6468282423850871   -0.616412023532087
  -2.688710446481545     2.73830490063192    3.210702433808858   -3.284345630642397  0.03893550223296924 -0.03173029762548002  -0.6914924429964128   0.6326829880265267
  -3.119986354265921    3.210702433808894    6.233378253173863   -5.429791898897118   -1.753666332215738    1.978269246131499  -0.2745994234043119   0.2283936574961804
   3.233913630082809   -3.284345630642434   -5.429791898897119    5.563554911484205    1.969923923960281   -2.033161276400214   0.2287950863490477  -0.2318904715044631
 -0.1889303748644481  0.03893550223292271   -1.753666332215796    1.969923923960341    3.633974894382151   -2.755045586311925  -0.8308530997073273   0.7688798814680116
  0.0163416079759021 -0.03173029762543133    1.978269246131561   -2.033161276400277   -2.755045586311925    2.833612514907654   0.8790707774303128   -0.789815802321579
   0.646828242385073  -0.6914924429963982  -0.2745994234042843   0.2287950863490193    -0.83085309970734   0.8790707774303258    1.309779885373397  -0.4181507497920923
 -0.6164120235320741   0.6326829880265135   0.2283936574961546  -0.2318904715044366   0.7688798814680242   -0.789815802321592  -0.4181507497920926   0.3821193751468827

cov*(cov_.inverse()):
                     1  2.220446049250313e-16  1.357421119951852e-16 -1.700029006457271e-16 -5.030698080332741e-17  5.204170427930421e-17 -3.469446951953614e-17  1.387778780781446e-17
 4.263256414560601e-14      1.000000000000014 -7.105427357601002e-15  4.263256414560601e-14  2.842170943040401e-14 -2.842170943040401e-14 -2.842170943040401e-14    1.4210854715202e-14
  6.38378239159465e-16 -7.077671781985373e-16     0.9999999999999997  1.595945597898663e-16   1.52655665885959e-16 -4.996003610813204e-16 -5.551115123125783e-17  6.938893903907228e-17
                     0    1.4210854715202e-13   1.84741111297626e-13                      1 -2.842170943040401e-14 -5.684341886080801e-14   -1.4210854715202e-14  5.684341886080801e-14
-1.665334536937735e-16  1.110223024625157e-16  4.163336342344337e-16 -1.387778780781446e-17     0.9999999999999986  1.110223024625157e-15  1.387778780781446e-16  -9.71445146547012e-17
 5.684341886080801e-14   1.13686837721616e-13  2.415845301584341e-13 -7.105427357601002e-14                      0     0.9999999999998863                      0  5.684341886080801e-14
 2.220446049250313e-16 -2.220446049250313e-16   3.33066907387547e-16                      0 -2.220446049250313e-16  4.440892098500626e-16                      1                      0
  1.70530256582424e-13   1.13686837721616e-13                      0 -2.842170943040401e-14 -2.273736754432321e-13  -1.13686837721616e-13                      0      1.000000000000057
