10
2

0.07128917910976992
  0.262598034968512
 0.6997859840218383
 0.9202281269800158
   1.50028704778425
  1.758165978816866
  2.222331011541814
  2.591790986824221
  4.420311173043054
  10.76001035891257

  -0.3787513220540318    0.2404325395368294    0.6869634797975822    -0.439723656789236   -0.3083185038662906    0.1958535728192858  -0.00562347160495971  0.001725433819189232 -0.002194686636706269  0.002360940888139632
   0.4433913118237617    -0.254855081567685  -0.06948299182626289    0.0353978930624698   -0.6926115419691929    0.4127006340101335    0.2185498295804982   -0.1202585533280694    0.1263921825360872  -0.06433072490009838
  -0.2447673629347557    0.1168499058999634   -0.1146667551595369    0.0403779325006064    0.0652433774501012 0.0003220408576395912    0.8347742936167609   -0.3183521506828619   -0.2836470988999674    0.1695508876642945
   0.6640291023566131  -0.02480094403158858    0.5583081859164251  -0.03091807491157305    0.4086091901228218  -0.06296731246204935     0.264824818276628   0.06574266590467587  -0.01853358143403189 -0.007885287140563736
  -0.3261802334528324   -0.3592197752497295   0.06829117732321426    0.1315224978319604    0.3137562745292299    0.3758456513093492    0.2338624809832205    0.1598696815421957    0.3994014857124271    -0.512963235277253
    0.129330230291252    0.3772321710544271   -0.2760381503240056   -0.3685037624293203   -0.1584400384148807    -0.310843193094302    0.2980738004720402    0.4913927023108463    0.1590929541237006    -0.389391081517714
  -0.1313791321537501   -0.1099603240471073    0.3348834581179038    0.5810054493402387   -0.3501391142098776   -0.5367899961493101   0.06336992757083788    0.0526410289954019   -0.1173035964058457   -0.2994096348424627
   0.1235390756478974    0.2287851836009981  -0.06417867354476457  -0.08622234631738451   0.08647559581497674    0.1281064522703589   -0.1931285417177088   -0.4886861055168526   -0.4032011136958929    -0.676955735767548
 -0.05854874196342807   -0.6603501826473307   -0.0354415730221441   -0.4004472262425558  -0.01820044930398764   -0.1136029277276801   0.00926415423452868    0.2565599581890756   -0.5626816543049433  -0.05602885555070054
 0.005973439672537676    0.3018821613910944   0.00375672455972887    0.3799355122964586  0.007606158380805072    0.4816749380897485  -0.01685783080162075    0.5526584935557001    -0.474812592968416   0.03514508699476813

22.69963410970454
35.09020324455509
35.55258139346323
55.11994648687204
50.51783245219347
78.44740723792124
68.21837396939068
106.0273347149817
100.1878142040327
155.7801627875904

 1.558423941410514
0.6448229433534801

    0.0565543319203267   -0.03643106977982156  -0.003984455969700351   0.002546726249503393    -0.0516140068981689    0.03317660163059563 -0.0007564732134030236  0.0004262522451335266 -0.0005020798824691202  0.0002441075430942708
  -0.02227410421477546    0.01432726281368854   0.001672982137022203  -0.001037822416826127    0.01949602496637933   -0.01253305043985418  0.0003566533727376052 -0.0002683214538371449  0.0006783473482626487  -0.001110760035136122

-5.90458942715253e-05  0.005783626326675531  -0.01051880136046817   0.01084778244420778  -0.02128582849631224   -0.0265633347921017  -0.01508903405257441  -0.01041408797734012    0.3401588126313487    0.7381539816196948
2.548448509605714e-05 -0.002212761228172814  0.003997290887175342  -0.00453169822469682  0.009868271571533112   0.01164245084323175  0.007264744931925163  0.007585888483193755   -0.1390529166202907   -0.3010134486071972

cov:
  0.9670729025036143    1.603758982347109 -0.06365637415937335 0.008152830814137499   0.2326977614728117   0.4942757010406104  -0.2206297278629931  -0.2004647776935521  -0.1453479436313757 -0.08489134523583146
   1.603758982347109     20.2250828594635 -0.08522894515632225    17.46378557206426    0.392231820360008    18.11728759940959  -0.8431110637632763    15.65243867948175   -10.04663430416002    1.045214491511652
-0.06365637415937335 -0.08522894515632225    1.126875950024678    1.756722964438699  -0.2252812871944298  -0.3629315870926443  0.03319383784128775  0.01527300619055302  0.09514966011069732  0.09121006769295532
0.008152830814137499    17.46378557206426    1.756722964438699    22.02437911750231  -0.3148487814380649    20.92992761225342   -0.780521146348778    22.21633394279727   -16.65432218110294    1.812398534162799
  0.2326977614728117    0.392231820360008  -0.2252812871944298  -0.3148487814380649    1.145094965014268    1.843108911039175  -0.1128594003028785 -0.08889971939585395 -0.06675800314895344 0.009593110086086714
  0.4942757010406104    18.11728759940959  -0.3629315870926443    20.92992761225342    1.843108911039175     29.2791064745745   -1.391213116819816    29.34679096377073   -25.07645154072723     2.23433827078078
 -0.2206297278629931  -0.8431110637632763  0.03319383784128775   -0.780521146348778  -0.1128594003028785   -1.391213116819816    1.106636930775778  0.03794920463616837    1.549861294428759   0.1435559644303588
 -0.2004647776935521    15.65243867948175  0.01527300619055302    22.21633394279727 -0.08889971939585395    29.34679096377073  0.03794920463616837    39.12442568502259    -31.4812630519643    3.309906748556536
 -0.1453479436313757   -10.04663430416002  0.09514966011069732   -16.65432218110294 -0.06675800314895344   -25.07645154072723    1.549861294428759    -31.4812630519643    33.92616717758643  0.01430382134113752
-0.08489134523583146    1.045214491511652  0.09121006769295532    1.812398534162799 0.009593110086086714     2.23433827078078   0.1435559644303588    3.309906748556536  0.01430382134113752    4.800836311175418

cov.inverse():
    31.7793842400322   -19.55801869564689   -51.17962451725302    32.90365813157288    18.77093610938126   -12.04253592601744     1.58807765580278  -0.7049019106742417    1.049636947039176  -0.6267929829369885
  -19.55801869564689     12.4818974317779     32.6597875846354   -20.99058706077489   -12.08098216125913    7.665833734084235  -0.8916208740295491   0.4576014234765626  -0.6757594051179645   0.4100775282737526
  -51.17962451725341    32.65978758463566    93.37322152815221   -59.42593277346623   -40.72485915397346    26.01822660037454   -1.014616848517813   0.4410535211714877  -0.3750018082724521   0.3445308063477482
   32.90365813157324   -20.99058706077508   -59.42593277346626    38.19945607101592    26.30694825055111   -16.73356958382494   0.6457298642430545  -0.2798896684232181   0.2377819396749215  -0.2318543200995141
   18.77093610938199   -12.08098216125955   -40.72485915397434    26.30694825055164    25.94500977880583   -15.94918430833696   -1.604621798831726    1.079380330259248   -1.131933414715426   0.4827129115443073
   -12.0425359260179    7.665833734084502    26.01822660037507   -16.73356958382528   -15.94918430833696    10.17981454950954     1.07050830027924  -0.6952842518084119    0.730099678892729  -0.3197186269906416
   1.588077655802629  -0.8916208740294574   -1.014616848517536   0.6457298642428773   -1.604621798831863    1.070508300279327    2.264119762235959  -0.8264108436843265 -0.01958372532143314 0.004808167001804305
 -0.7049019106741223   0.4576014234764887   0.4410535211712686  -0.2798896684230776    1.079380330259354  -0.6952842518084791  -0.8264108436843257   0.5539636135660569   0.0338787528502513 -0.05069102255772043
   1.049636947039092  -0.6757594051179143  -0.3750018082723099   0.2377819396748303   -1.131933414715488   0.7300996788927684 -0.01958372532143618   0.0338787528502528   0.5215108121153884   -0.278815530913475
 -0.6267929829369531   0.4100775282737306   0.3445308063476847  -0.2318543200994734   0.4827129115443359  -0.3197186269906598 0.004808167001805331 -0.05069102255772088  -0.2788155309134752   0.3723869449719458

cov*(cov_.inverse()):
     1.000000000000024  1.442596042622313e-14  2.891090145062947e-14 -8.729822420505684e-14  -7.41073868937292e-14  4.422850974350467e-14  4.337892892114503e-15 -2.523155295808266e-15  3.989863994746656e-15 -4.787836793695988e-16
 3.164135620181696e-14      1.000000000000035  6.450395773072159e-14 -2.203792703880936e-14 -1.110223024625157e-16  4.057865155004947e-14 -1.810183947181798e-15 -1.214306433183765e-15  4.996003610813204e-16  7.771561172376096e-16
 3.649858193455202e-15  1.091488011084607e-14       1.00000000000001 -8.864436962241484e-15  1.541128336057795e-14  8.677086826835989e-15 -2.735496291289552e-15  8.829742492721948e-16 -6.245004513516506e-16  1.804112415015879e-16
-4.796163466380676e-14  1.099120794378905e-14 -2.864375403532904e-14      1.000000000000152  3.674838211509268e-14  3.774758283725532e-15 -1.160530005428484e-14  9.159339953157541e-16 -4.551914400963142e-15  1.110223024625157e-15
 1.583889269740624e-14 -3.382710778154774e-17 -2.767230888878203e-14 -1.170157720720155e-14      0.999999999999989  3.323296499102568e-15  9.721769830134397e-16 -4.948298715223842e-16  6.349087922075114e-16  3.035766082959412e-17
-4.618527782440651e-14  1.398881011027697e-14  1.280087147392805e-13  7.815970093361102e-14  2.353672812205332e-14     0.9999999999999901 -4.829470157119431e-15  2.470246229790973e-15 -1.332267629550188e-15 -9.992007221626409e-16
-8.493206138382448e-15  -3.33066907387547e-15 -3.441691376337985e-15  1.779132396961813e-14  1.638966740102887e-14 -9.145462165349727e-15     0.9999999999999987  6.687358999890591e-16 -4.024558464266192e-16 -6.245004513516506e-17
 1.199040866595169e-14  7.083222897108499e-14  1.865174681370263e-14  1.746380817735371e-13   1.20570220474292e-13  2.886579864025407e-15 -1.375288771754413e-14      1.000000000000005 -4.551914400963142e-15 -1.554312234475219e-15
 4.754877047652428e-14 -3.064909437355823e-14 -2.072265969932374e-13  3.792062150398401e-14  2.970713952610282e-14 -5.816527814950234e-14  3.556860752110258e-15   2.67689516386671e-15     0.9999999999999987 -2.099882767669925e-15
  1.77635683940025e-15  1.332267629550188e-15  2.220446049250313e-15  1.154631945610163e-14  9.769962616701378e-15  2.220446049250313e-16  -9.71445146547012e-16 -3.608224830031759e-16 -2.220446049250313e-16                      1
