8
2

0.4472667346087452
0.8287435177405557
0.8862553982577092
 1.100221846912432
 1.480156256828241
 1.772656559061855
  3.20897845238416
 7.077628591338948

  -0.4441714259745105   0.09769756959319299    0.7437843284257433    0.1438297463725785  -0.06448309010004968    0.4360884778688718  -0.06644790861223268    0.1432419355225242
   0.8075723224113599   -0.1812980186709836    0.1666596354130807    0.1870148295477359   -0.0101940831107013    0.4872940252627161   0.05053609454443912    0.1099759460759346
  -0.1206204760074034 -0.003584754936665156   -0.1806772524623265  -0.04829639867065236   -0.4298186777126202    0.4144153186836597    0.2163089539646292   -0.7397211116240537
   0.1270869537231456 -0.002627158535565204    0.2118084657160612    0.3668191727409983   -0.7417536910244633   -0.4769337782461402    0.1260416015251809    0.1042689805092228
  -0.2577183125057564     -0.15294171737101   -0.3365681947224625    0.7888368470646377     0.231338578027807    0.1326384302465266    0.3049961862436411    0.1025437322112844
   0.1262008876076482    -0.024672837375709    0.2378582982727971    0.3900460320118292    0.2734675484351658   -0.2574105495422669   -0.5559960453266195   -0.5697155574809569
  -0.1881251667362996    -0.638776476343923   -0.2429018457127186  -0.03346143364322311   -0.3005276705041274    0.1783541653791745   -0.5779200846867467    0.2008328842269137
   0.0458456583623649    0.7249352773487522   -0.3356282416592869    0.1786909736281486   -0.2053690810028043    0.2397960273220482   -0.4406913084945167    0.1841271709312556

35.39813647096826
79.38845779335564
70.08683048885182
155.6016645587858
86.05972884862416
186.9624186031153
100.6154058134027
221.4901864307175

 2.172834551032926
0.4610095169223191

   0.04335285762785816   -0.01935072479200071    -0.0289779163557359  -0.003460437199600676  -0.009995615392131308   0.002452328723505365   -0.00921132737622927   0.006822983731042091
  -0.00914835234847855    0.00406253715865788   0.006062357855362191  0.0007747114516817149   0.002652457163297603 -0.0006115471073767312   0.001893512225788257  -0.001338584231831295

 -0.007980748635912025    0.02378029356990426  -0.001165692695944314    0.00477948960430432   -0.01158272116965254   -0.01390218645950338     0.2213419469862946     0.2516399670979717
  0.001665508015139135  -0.005045223440057927 -2.951556839890774e-05  -0.001430537116810033    0.00280395839131127   0.003399972419939213   -0.04779952456237971   -0.05725127488086341

cov:
  1.183656539954939   2.869564250083415 0.06018410695931045  0.3364278907639249 0.01506727970220928  0.1471160669952643 -0.2523672073403211 -0.1156370941857729
  2.869564250083415   30.60476535300242  -10.50230269247239    6.39303236533009  -5.576104477970247    7.45849264074415  -12.26952174863841   5.366027259760521
0.06018410695931045  -10.50230269247239   6.885991157957088  -3.066984867671895   4.098358063608349  -4.828330157993451   8.211754211927023  -3.933813714297973
 0.3364278907639249    6.39303236533009  -3.066984867671895    3.64523970172264  -1.315973093117041    1.84637139037936  -3.847563469245387   1.150502808599307
0.01506727970220928  -5.576104477970247   4.098358063608349  -1.315973093117041   4.207044718786669  -2.893543469603065   5.813216428783163  -2.799833093295853
 0.1471160669952643    7.45849264074415  -4.828330157993451    1.84637139037936  -2.893543469603065   4.066134838941085  -5.807910547242335    2.81954485312057
-0.2523672073403211  -12.26952174863841   8.211754211927023  -3.847563469245387   5.813216428783163  -5.807910547242335    14.4015683491027  -4.303861663572969
-0.1156370941857729   5.366027259760521  -3.933813714297973   1.150502808599307  -2.799833093295853    2.81954485312057  -4.303861663572969   3.611942439798476

cov.inverse():
   2.006496917259271  -0.4004867187869428   -1.352225768705386  -0.1298786465614244   0.1083908934067656  -0.5379829946847369   0.1389193505238046  -0.1026309660122802
 -0.4004867187869424    0.156577943720528   0.3514535778828425 -0.03316814704945296 -0.02785574054299782  0.06865499783976685 -0.03450600510081323  0.03159628804278163
  -1.352225768705393   0.3514535778828436     2.96217033673001   0.5633722345420512  -0.2795170473468117    1.515182189665148  -0.3348522636493558   0.6828195674391713
 -0.1298786465614243 -0.03316814704945293   0.5633722345420511   0.6016497561567959  -0.1300013296911817   0.2922970391969142  0.03198824646223598   0.1762238576426697
  0.1083908934067654 -0.02785574054299775  -0.2795170473468113  -0.1300013296911816   0.7685107658346755 -0.09691277294109349  -0.1724449172154426   0.2477282800765839
 -0.5379829946847393  0.06865499783976735    1.515182189665149   0.2922970391969144 -0.09691277294109348     1.73629199331035 0.007362956536786082   0.0161511258596026
  0.1389193505238049 -0.03450600510081332  -0.3348522636493557  0.03198824646223598  -0.1724449172154425 0.007362956536786301   0.2756319779030212  -0.1301570768274781
  -0.102630966012281  0.03159628804278183   0.6828195674391716   0.1762238576426697   0.2477282800765837  0.01615112585960212  -0.1301570768274783   0.9384992873524138

cov*(cov_.inverse()):
    0.9999999999999993 -1.981921571303502e-16  4.662936703425657e-15 -2.983724378680108e-16  3.469446951953614e-18  1.249217743137798e-15   -2.0643209364124e-16  2.636779683484747e-16
-1.110223024625157e-16     0.9999999999999998  2.664535259100376e-15 -8.881784197001252e-16  2.220446049250313e-16  1.498801083243961e-15 -2.220446049250313e-16                      0
-9.992007221626409e-16 -1.804112415015879e-16      1.000000000000002   3.33066907387547e-16  4.440892098500626e-16  -1.52655665885959e-15  6.661338147750939e-16 -4.440892098500626e-16
-1.665334536937735e-16  6.938893903907228e-18 -1.221245327087672e-15     0.9999999999999998                      0 -6.938893903907228e-18  1.387778780781446e-16 -2.220446049250313e-16
-1.665334536937735e-16 -1.110223024625157e-16  2.220446049250313e-16  3.885780586188048e-16     0.9999999999999994 -8.326672684688674e-16  2.220446049250313e-16                      0
 1.665334536937735e-16  2.636779683484747e-16   3.33066907387547e-15                      0  -3.33066907387547e-16      1.000000000000001  5.551115123125783e-17  8.881784197001252e-16
-9.992007221626409e-16  1.665334536937735e-16  3.552713678800501e-15  9.992007221626409e-16 -2.220446049250313e-16  2.081668171172169e-16     0.9999999999999997                      0
 8.326672684688674e-16 -8.326672684688674e-17 -1.332267629550188e-15                      0  -3.33066907387547e-16   3.33066907387547e-16                      0     0.9999999999999996
