10
2

  0.045817080667672
0.06654681004686308
 0.4532439718772742
 0.9883566747041233
  1.066969740211931
  1.359095521779114
  2.000823287354357
  3.096452571892644
  3.444574536219046
  10.43451318136193

   -0.0746051605178448    0.01856854719874962     0.5322198655223972    -0.1397321295972061    -0.7513835483910016     0.1974489159003343     0.2855920542881265   -0.07859801133738469 -0.0008101651830765951  -0.001337673871801963
    0.4333537523287644    -0.1129633067600402    -0.6302394776674082     0.1797766319399323    -0.2983642251872974    0.07873521623704832     0.5061596360514241    -0.1359798825807729  -0.002988433950584938   0.002213266112536489
   -0.7432708462625565     0.1500705477150329    -0.1453808004630295    0.04562785778492734     0.1739052379672192   -0.05144362398886865     0.5378168395575901    -0.1623947548881218     -0.190075044623844     0.1310449964636352
    0.4076942643392544   0.001599141649578219      0.349156711359974   -0.04279162256628688     0.2280686846793767     -0.363541076023508     0.2828043115602768   -0.01806736598425347    -0.3601653342621166     0.5619965144720626
   0.08895800362605143    0.03044660573430092    0.05984198161420391     -0.100055291055432    0.04837942470508944    -0.1545052309976055     0.2040433117209767     0.4135542026417574    -0.5428954350845774    -0.6663022689452676
    0.1807132696631283    0.02389140950190759     0.1149734939090745    -0.2079005052014825     0.3235191820001198     0.5935134359107682   0.008222636518717335    -0.5837653554242597    -0.2874913165361945    -0.1729354550047626
  -0.01402506823404139    0.02442846699266138    -0.2670561712167974    -0.8521584732207876  0.0005202226360787254     0.1738262476948669    0.04853764974273648     0.3291523805189014    0.04986534178138949     0.2414827219914688
   0.06425355117714915     0.1710493216160918   -0.01896745002704466    -0.3875748998459374   -0.03729433714545703    -0.6140290970606508     0.0340642988059315    -0.5195790275726544     0.2619073951473256     -0.312887708267846
   -0.2058615091213236    -0.6002574075361248    -0.1930356076756487    -0.1004167333438527    -0.2750672926848444    -0.1909494285093705    -0.3609860206306905    -0.2336115193964664     -0.490491983093526     0.1112406547831913
   0.02640902744669859     0.7567756621744691    -0.2252837181432895     0.0673550447956634    -0.2829926006725491   -0.01292614572761472    -0.3427621595437993   -0.06281935858270941    -0.3809090316069733     0.1566140071111274

22.69085981944384
87.04328282275401
34.40242186813488
131.3504874210772
40.87634920356284
155.9893588591585
48.66004217482451
 185.638232612499
68.39455451698467
261.6585964709769

 3.836293829364579
0.2622032487711638

  0.03854949570624121   -0.0102612464113856    0.1599722983292816  -0.03406388991216921   0.03872831034757717  -0.01499925272995365   -0.2409524085526294   0.06328072332269008 -0.001267425441378816 -0.001690498583227461
-0.004150221918598308   0.00109165392731685 -0.009599667941800658  0.002245913978530817 -0.001011132031103514 0.0004478830507171509   0.01489024170445028 -0.003884615269733774 6.055089576123681e-05 8.905672432880289e-06

-3.991054167488897e-05  -0.001029095858868516   -0.03848578078144294    0.01711374974744004  -0.001014269693193391  -0.004512232171015122    -0.0336672569901352    -0.2131875550185785      0.422467683308702      2.502612852063641
 6.568765895339066e-07  5.727739715119968e-05    0.00270684712673937  -0.001237859283724624   0.000159030259693637  2.834226764167176e-05   0.001045881579943273    0.01469881877081725   -0.02939141478337796    -0.1710100535100812

cov:
   0.9651700012078986     3.734760812434357   0.03143054801969671    0.1448485863340672   0.01186318013650242   0.08686001176288702  -0.03073785107318258  -0.08422246410762907 -0.004017406366924684   0.05090580487908914
    3.734760812434357     66.92087390788036    -17.24156372815653     5.534667647820532     -21.3980103879211   -0.6764849915463697    -25.58677225698295    -4.348651700792659    -27.49594822456216     11.59692272603436
  0.03143054801969671    -17.24156372815653     6.411276181230461   -0.5081908382503232     7.722261468514498    0.6733012896741454     9.271161984708771     1.721706489935332     10.15047107433694    -4.191945621687907
   0.1448485863340672     5.534667647820532   -0.5081908382503232     5.054575084513766       -1.748467282612     1.625889294305075     -2.40859596405834    0.8017793740514287    -3.166885701862528     1.474954343210071
  0.01186318013650242     -21.3980103879211     7.722261468514498       -1.748467282612     9.885231379486322     1.504326571582378     11.82449925552442     2.548906051678042     12.95509989135877    -5.086411105011256
  0.08686001176288702   -0.6764849915463697    0.6733012896741454     1.625889294305075     1.504326571582378     4.994364521844063     1.000794620329965     3.200995737551682   0.05035263441816478     1.264310703554073
 -0.03073785107318258    -25.58677225698295     9.271161984708771     -2.40859596405834     11.82449925552442     1.000794620329965     14.54483716352461     3.303154565169711     16.16047458541945    -6.364166198183312
 -0.08422246410762907    -4.348651700792659     1.721706489935332    0.8017793740514287     2.548906051678042     3.200995737551682     3.303154565169711     4.929327258352078     2.792924898711495    0.3558780503658928
-0.004017406366924684    -27.49594822456216     10.15047107433694    -3.166885701862528     12.95509989135877   0.05035263441816478     16.16047458541945     2.792924898711495     19.94196974944347    -7.579358106125985
  0.05090580487908914     11.59692272603436    -4.191945621687907     1.474954343210071    -5.086411105011256     1.264310703554073    -6.364166198183312    0.3558780503658928    -7.579358106125985     4.862217938433025

cov.inverse():
     47.94585826286135     -12.24000464616057     -79.89599317207497      22.34933038535146     -2.986948219785088     0.7664260369104723       37.5760962466096     -9.958485053775282     0.2132026766581291    -0.0492810302187611
    -12.24000464616056      3.195342566161568      20.68783548806202     -5.800482585989243      1.108593925919535    -0.2968250906541488     -9.969409209049552      2.662355773196847   -0.06147395242618514 -0.0003425897805593898
    -79.89599317209419      20.68783548806714      224.8879134389611     -61.01846453769426     -148.0533204415188      38.78284324260526     0.1081115191060007    -0.4984024505841521     0.1841658835329887    -0.6094037801020197
      22.3493303853564     -5.800482585990561      -61.0184645376934      16.84146480094966      37.89458029276062     -10.00604511617267      1.616946395193317    -0.3414039101379964   -0.03104267934270648     0.2218030740033535
    -2.986948219748157      1.108593925909898     -148.0533204415862      37.89458029277948       289.316565489129     -76.00319037616239     -135.7854616718586      37.07594162824865     0.1842597981877352     0.5114910959532419
    0.7664260369003592    -0.2968250906515319      38.78284324262379     -10.00604511617785     -76.00319037616293      20.38148184063921       35.6024365511812     -9.955444539051387    0.02693789924197212    -0.2648597866501291
      37.5760962465915     -9.969409209044873     0.1081115191562507      1.616946395179679     -135.7854616718917      35.60243655118988      98.24569695536134     -26.58451563432623     -1.134603812769405      0.454504763923593
    -9.958485053770437      2.662355773195597    -0.4984024505974386    -0.3414039101343881      37.07594162825723     -9.955444539053641     -26.58451563432611      7.641506972155764     0.1724391944028242    -0.2847251929470987
     0.213202676658283   -0.06147395242622476     0.1841658835323997   -0.03104267934254909     0.1842597981883207    0.02693789924181843     -1.134603812769547      0.172439194402864     0.6440181327438899   0.004542789450695534
   -0.0492810302187333 -0.0003425897805669054    -0.6094037801019062     0.2218030740033257      0.511491095952931    -0.2648597866500476     0.4545047639237622    -0.2847251929471448   0.004542789450694266     0.8410907528580009

cov*(cov_.inverse()):
      1.00000000000004  2.129240251995401e-14 -4.345482307321902e-14  2.551778233161883e-15 -4.567526912246933e-14   9.05248098703737e-14  3.229014278183229e-14 -1.900389567932592e-14  4.047326709888388e-16 -2.844946500601964e-16
 1.812994199212881e-13     0.9999999999999868  5.719869022868806e-13 -8.659739592076221e-14 -1.625366508051229e-13  4.085620730620576e-14  3.366196210663475e-13  7.549516567451064e-15  2.532696274926138e-15                      0
  -6.2977401071862e-14  5.288846617601539e-14     0.9999999999998641 -2.020605904817785e-14   3.18856052672345e-13  1.481037514849959e-13 -2.264854970235319e-14  4.884981308350689e-15  5.169475958410885e-16 -4.440892098500626e-16
-2.155220446553585e-14  7.190428807923865e-16  4.718447854656915e-14       1.00000000000001 -1.454392162258955e-14 -5.284661597215745e-14 -4.329869796038111e-14  1.271205363195804e-14   3.50414142147315e-16 -4.440892098500626e-16
 7.988054662178001e-14  5.130444680201407e-15 -4.658495811327157e-13  6.439293542825908e-14      1.000000000000541  6.661338147750939e-15 -2.637889906509372e-13  1.709743457922741e-14 -9.402201239794294e-16  8.881784197001252e-16
-2.484124017598788e-15  4.026672658502539e-15 -3.907985046680551e-14  1.726396803292118e-14 -1.110223024625157e-15       1.00000000000001  1.310063169057685e-14  2.775557561562891e-16  1.370431546021678e-16 -2.220446049250313e-16
-7.382983113757291e-14  4.807699377495922e-14 -8.748557434046234e-14 -2.309263891220326e-14  -2.97539770599542e-14  2.138289545428051e-13      1.000000000000318 -4.352074256530614e-14 -2.105954299835844e-15 -8.881784197001252e-16
-2.350897254643769e-14  2.506919368275295e-15  1.139643934777723e-13 -1.523781101298027e-14  -9.77273817426294e-14  4.483913240704851e-14  6.999956170261612e-14     0.9999999999999938 -5.670377362099188e-16 -1.110223024625157e-16
-1.564304241696846e-13  2.096153112196575e-14 -5.693223670277803e-13  2.953193245502916e-14  6.070699498650356e-13 -2.575717417130363e-14 -2.757793993168889e-13 -9.325873406851315e-15     0.9999999999999988  8.881784197001252e-16
 5.856426454897701e-15 -1.491255036123462e-14  -5.46229728115577e-14  2.264854970235319e-14 -7.549516567451064e-14 -1.123545700920658e-13   1.77635683940025e-15  2.398081733190338e-14   1.77635683940025e-15                      1
