10
2

0.06025785795977965
 0.3068162084408795
 0.8774951450915001
 0.9789610249923066
  1.620428482805902
  1.985468768603722
  2.424686688554698
  2.716860287732185
  3.997115708328518
  8.841977708941084

   -0.3923271277767171      0.188556856941203     0.7349214843887267    -0.3530800866029161    -0.3439104982967461     0.1657434384509452 -0.0005177991244696672   0.001453093707696947   0.001249239745226562  -0.001158582676895987
    0.5074017103370637    -0.2109544375969382   -0.07492185595440026    0.02651416401591536    -0.7270548535615101     0.3203380889592914     0.1482924171800632    -0.0645823028869205     0.1662088914074588   -0.08193462311165109
   -0.5427603359005897    0.05799784308998118    -0.4242100162302092    0.02662350441537968    -0.2687594153621835     0.0371747357382665     0.4249339105254348    -0.4286868101493196    -0.1310152322735479      0.257419374157111
    0.4524120533294995   -0.01364259903415079     0.3864821564699331   -0.01383365164619479     0.2969647853028149   -0.03098550450008332     0.3952529361485961    -0.4786975768876636      -0.23371141789793     0.3412212194443991
   -0.1419522190132835    -0.1794617355028421    0.08296158337344772     0.1041819018787077     0.2408355638402447     0.2197246436316901    -0.1486899383225294    -0.5738798102921837     0.6123351683814447    -0.3118088826945351
    0.1888821399943925     0.3657419523447155    -0.1355991141627527    -0.2683735487026661    -0.2411616758461629    -0.4373136400920708     -0.533114909404233    -0.3795218122938595    0.09861547164693876     0.2297158733951043
  -0.05012037104742249    -0.1909470784500103   -0.02632501270682655   -0.05915877538440715    0.09858868656623536     0.2939679710085609    -0.1497735337922352     0.2336730084558064     0.3892762134231298     0.7950637338592931
    0.1540390836797629     0.3498600620637012    -0.3091778773551489    -0.6653877057118603     0.2579639228839856     0.4543218579806492     0.1326707654112474    0.02997336135106733    0.01031476327894854    -0.1548485519398929
  -0.08483475982299037    -0.6722710244956406   -0.05680064849152903    -0.3434693691959551    0.01580407388660589     0.1208762954235657    -0.3750488937828532    -0.1872134041667641      -0.47810297832944   -0.02243602109918288
  0.009672552509382308     0.3736439431601598    0.01321015738265898     0.4760685592749444   0.004636370458037479     0.5662259466530812    -0.3926828981606333    -0.1377609695065868    -0.3683515082400206    0.06314086343530652

22.67117193625083
46.91578813143956
35.57474894798104
73.71545195732732
50.44937207463702
104.5959893178007
74.65193581005633
155.2948754765472
89.22920356023816
185.2356043106783

 2.076453077231006
0.4831323967762214

   0.07812470153064928   -0.03759217064500126  -0.007917603977663642   0.003788358696249256   -0.06984605437671851    0.03357991514236954 -0.0004356227540722032  0.0003621429996824438 -0.0002893596408904704  0.0001268832313537354
  -0.01733918007780147   0.008344935969870826   0.001057347764658909 -0.0005251161299563964    0.01570361544381637  -0.007542994312389867  0.0002461847516497975 -5.184713200301913e-06  0.0003534595821861003  0.0002090545203192281

-5.558504418305247e-05    0.01032267759858484   -0.01645742530576016    0.01028140025480483   -0.03783414143276135    0.01308337389983801    0.03745159830731239   -0.02968598055632951      0.335183596224055     0.5733967155468471
 9.759520026110578e-06   -0.00229755450065135   0.003885352474290129  -0.002450282273139239   0.008504871787281267  -0.002997048511413356  -0.006611893685081819   0.006635408916005405   -0.07904459348710884    -0.1326638264686196

cov:
   0.9535454268911366      1.94652895184989  -0.04846233175205174   -0.1675945483557127    0.1838485276851464    0.2728715242351317   0.06570924778206091   0.01463667358608662   0.07304211686872503 -0.008465314826602632
     1.94652895184989      19.8723448831283  -0.02950676121683816     15.50857968362322   0.05831185153588798     15.34712038668535    -7.619555525360514    -2.486683897350646    -6.187775641952975     1.279805617211428
 -0.04846233175205174  -0.02950676121683816     1.149611631452772     2.482240699805132   -0.2301571763706987   -0.3510430189374434  -0.08565828155651097  -0.03591086620795587  0.005404272461920512    0.1680667182703666
  -0.1675945483557127     15.50857968362322     2.482240699805132     23.20602762800847   -0.9052289789303422     18.60212533442507    -12.62961132144275    -4.086582004369295    -11.20820278290783     2.629409352270853
   0.1838485276851464   0.05831185153588798   -0.2301571763706987   -0.9052289789303422     1.125901041323577      1.78728557622892    0.3559679790239817   0.05009330277889818    0.2337309047216284   -0.1829178800171589
   0.2728715242351317     15.34712038668535   -0.3510430189374434     18.60212533442507      1.78728557622892     28.22309038736641    -17.08331573732129    -5.632405855254262    -16.33061539962269     3.025433829105112
  0.06570924778206091    -7.619555525360514  -0.08565828155651097    -12.62961132144275    0.3559679790239817    -17.08331573732129      16.0338456714395     5.873848501646451     13.26524225252048    -2.804409577316494
  0.01463667358608662    -2.486683897350646  -0.03591086620795587    -4.086582004369295   0.05009330277889818    -5.632405855254262     5.873848501646451      4.16542448714511     5.013543899956372    0.3302238234469515
  0.07304211686872503    -6.187775641952975  0.005404272461920512    -11.20820278290783    0.2337309047216284    -16.33061539962269     13.26524225252048     5.013543899956372     16.24254146539231   -0.3548774471713028
-0.008465314826602632     1.279805617211428    0.1680667182703666     2.629409352270853   -0.1829178800171589     3.025433829105112    -2.804409577316494    0.3302238234469515   -0.3548774471713028     4.839610842051016

cov.inverse():
   45.74248108029737   -21.51800230812288   -79.34684614997637    38.23759526475666    33.54983490384474   -16.24903296193972   0.7307947242237905  -0.4164609572186641   0.7139351145773178   -0.318841879836107
  -21.51800230812281    10.36803879987654    38.26502144798643   -18.43742998687876   -16.28476397586907    7.846385062723747  -0.3470667153228176   0.1997701132812515  -0.3406331419536391   0.1486856950109839
    -79.346846149976    38.26502144798636    149.2189076635465   -71.46330080936157   -68.75689433608406    33.26008328397267  -0.2875182682706215   0.3819001865900328   0.1139111548957226  -0.1882381821993863
    38.2375952647566   -18.43742998687873   -71.46330080936158    34.43542998950916    33.22498202791958   -16.02954054827462   0.1267193508832197  -0.1662011833233463 -0.05504894694646813  0.07237337365452996
   33.54983490384451   -16.28476397586899   -68.75689433608389    33.22498202791949    38.42214575119858   -18.12718516507636   -1.101420003419285   0.3378186140928964   -1.372191504733164   0.7236858188109752
  -16.24903296193965     7.84638506272371    33.26008328397256   -16.02954054827457   -18.12718516507635    8.773093440201345   0.5304218914052575  -0.1534641627040638   0.6779650659277174  -0.3513707659916497
  0.7307947242238657  -0.3470667153228534  -0.2875182682707599   0.1267193508832867   -1.101420003419219   0.5304218914052257    0.728689112740467  -0.4524520878824361  0.04828999571060468   0.1176445860490344
  -0.416460957218705   0.1997701132812711   0.3819001865901112   -0.166201183323384   0.3378186140928574   -0.153464162704045  -0.4524520878824355   0.6964695842182322 -0.04540701542883332  -0.1808499049273654
  0.7139351145773106  -0.3406331419536361   0.1139111548957357 -0.05504894694647403    -1.37219150473317   0.6779650659277205   0.0482899957106052 -0.04540701542883391   0.5602742007302477  -0.2862418762417354
 -0.3188418798360815   0.1486856950109717  -0.1882381821994355  0.07237337365455349   0.7236858188109991  -0.3513707659916613   0.1176445860490338  -0.1808499049273652  -0.2862418762417356   0.4404976712722575

cov*(cov_.inverse()):
     1.000000000000043 -5.398546193413623e-14  -1.63916840170697e-13  -1.19558226166494e-14  7.398335416519686e-14  5.207206194013381e-15 -1.207801220148852e-15  3.436920886779049e-16  6.539907504432563e-16  1.387778780781446e-17
-6.034062138837726e-14       1.00000000000001  1.404432126150823e-14 -1.037087082877974e-13  5.295763827461997e-14  1.704192342799615e-14  6.661338147750939e-16  3.885780586188048e-16  1.665334536937735e-16 -1.110223024625157e-16
 3.998190667431345e-14 -3.934352843515398e-15      0.999999999999988  3.694787531483001e-14  2.398081733190338e-14 -6.966649479522857e-15 -6.175615574477433e-16 -1.318389841742373e-16 -8.604228440844963e-16  3.747002708109903e-16
-1.043609643147647e-13  9.725553695716371e-14  3.441691376337985e-13     0.9999999999999957  2.220446049250313e-14 -3.774758283725532e-15  1.165734175856414e-15  1.054711873393899e-15 -1.887379141862766e-15  -1.77635683940025e-15
 1.273980920757367e-14 -1.273633976062172e-14 -2.334937798664782e-14 -1.878705524482882e-15      1.000000000000013 -1.124100812432971e-15 -1.630640067418199e-16  1.110223024625157e-16  1.942890293094024e-16 -1.387778780781446e-17
-1.199040866595169e-14  2.042810365310288e-14 -7.438494264988549e-14   1.52655665885959e-15 -5.684341886080801e-14      1.000000000000011                      0 -1.110223024625157e-16  7.771561172376096e-16 -4.440892098500626e-16
 -3.05311331771918e-14 -3.863576125695545e-14 -2.242650509742816e-14  3.891331701311174e-14  9.947598300641403e-14 -1.387778780781446e-14                      1  1.110223024625157e-16 -1.665334536937735e-15                      0
-9.506284648352903e-15 -9.825473767932635e-15  -1.49741330446318e-14 -3.091971123581061e-14 -1.609823385706477e-14 -5.717648576819556e-15  7.008282842946301e-16     0.9999999999999997  4.440892098500626e-16   3.05311331771918e-16
 7.628619957955607e-14 -4.066885717080027e-14 -1.608713162681852e-13  2.159730727591125e-14  6.716849298982197e-15  3.066991105526995e-14 -2.151057110211241e-15  6.522560269672795e-16                      1  1.193489751472043e-15
 2.886579864025407e-15 -4.440892098500626e-15  -1.77635683940025e-15  8.826273045769994e-15  7.993605777301127e-15 -2.220446049250313e-15 -2.220446049250313e-16  1.110223024625157e-16 -2.220446049250313e-16                      1
