10
2

0.1150414837046731
 0.329782929925545
0.7743822414667142
0.8870198376734608
 0.967908496600802
 1.101728674542676
 1.322890864394517
 1.438405401877988
 2.111752494800888
 5.455686642455306

     0.612867140365863    -0.2260130752619473    -0.7098415668413424     0.2523802396986756    0.02137442724083039  -0.003176020689280759    0.03547767808706269   -0.01663968715345239    0.05831669842292068   -0.01837898993466939
   0.04559389215967326   -0.02203953767909023    0.03142835120855897     0.0116328012732011    -0.9510429189184594    -0.2835640685456157    0.06588914863256146   -0.06824110363415038    0.02858150538636865   -0.04007551962865105
    0.6815640655952613 -8.135804571469255e-06     0.6370271357685154     0.1818461800417236   -0.03532441952649226     0.2419659939402968     -0.122073361280949     0.1327042723170623   -0.06307661473917668   -0.01767693216814128
  -0.07185789522290931   -0.08687753560250511   -0.06972734515586537   -0.04907936656993814    -0.0180668157199669    -0.1947716411317011    -0.3093258571237608     0.8843447861002767     0.1558646695656697    -0.1992828793200082
    0.1417872552894279     0.1333864678742115    0.04524464234619936    0.02319303940373337     0.1666411515288594    -0.6954674619193072    -0.4281823244548588     -0.128270260462844     -0.264817762020177     0.4220821672852571
   0.02349733818236443   -0.05842890642347237    0.05494605499793843   -0.05739942472449365    0.07298423187190166    -0.1234430568137033      -0.50796067852719    -0.4154401469256432     0.4087695060627857    -0.6094655142026512
   -0.3456243332231574    -0.4636757503766118     0.1000076947908388     0.7345722276174889   -0.04292832294858154     0.1037345261045004    -0.2195261944872321   -0.04602044644511669    0.08300894089209351     0.2148183268486474
   0.02208837941971011    -0.7232072462065521    0.01592520237656506    -0.5498879031020972   -0.06083680294010042     0.1619269422968601    -0.2196349682463578   -0.06412418712144491    -0.2754384499271471     0.1253548678662879
  -0.01230139643254422    -0.3061666538883585     0.1583333867821996     0.1797649692622197     0.1793363676487823    -0.4255871885739986     0.4345531887758524    0.01079718970205084     -0.421594412615195    -0.5184060767197798
     0.108953115610321    -0.2965076946843049     0.2099546981558407    -0.1502363349900113     0.1506147869255715    -0.3256976773324251     0.3964639528469054  2.061604577890812e-05     0.6854124136651546      0.278967452876107

48.48616248245303
131.3136625380881
57.13038494042616
154.5995420120493
68.41856512433512
185.9285285698793
82.38443312006932
222.3970373416795
96.89003127684707
262.3896461752478

 2.699311674248096
0.3710192885737366

    0.2708840977078245    -0.1001725998567623    -0.2646743517246696    0.09669133841341422   0.001072976256883166 -3.834232074048389e-05  -0.003115271049557664  0.0009705128573904836  -0.002813733181236403  -0.001987447795816936
    -0.037991780495274    0.01406466724101107    0.03728038231860677   -0.01364634894748463 -4.224301582371172e-05   4.65983149382503e-05   0.000374759128629573 -0.0001486189153564396  0.0004046297558115924  8.143605674898273e-05

  0.005303146793554842  0.0006615775744466161     0.0205556570422918   0.003709439559619159    0.01558431372711314  -0.007952137317750596  -0.004708577299586074    0.04576842538823286     0.0173662450952431    -0.4293395318828779
-0.0007455432136886564 -0.0001043150556104957  -0.002822356749860762 -0.0004960244821313915  -0.002242910742059897   0.001329755581148148  0.0005177214051993425  -0.006366536830993471  -0.002087724518332626    0.05937593250780437

cov:
    0.8713929001206766    -0.6783363438162576     0.8786997949747893    -0.8858637301048348     0.5080398268464986     -1.075641525289563        1.2814590460479 -0.0007422874076930888      2.125585030022428     0.8512854017594036
   -0.6783363438162576      4.520707611546685     -2.165528867933158      1.316735644707697     -1.429129502406269      3.064868806798495     -3.582094510234523    0.07156731656161495     -5.201613016554534     -2.006340149904531
    0.8786997949747893     -2.165528867933158       1.70140504136381    -0.6345002442040616      1.054308014889527     -2.247894632850747      2.656959538314391   -0.03345897094922431      3.973990045560572      1.400470054720669
   -0.8858637301048348      1.316735644707697    -0.6345002442040616      2.412945928913222    -0.5214593611258121      1.091401907559411     -1.431909984417554     0.0286951533454383      -3.02975949863347     -1.472222479459824
    0.5080398268464986     -1.429129502406269      1.054308014889527    -0.5214593611258121     0.9613704268838671     -1.921171883432155      2.057342326958607   -0.04490067789237722      2.755001722180298     0.8233416341343136
    -1.075641525289563      3.064868806798495     -2.247894632850747      1.091401907559411     -1.921171883432155      4.583523791420369     -4.398843327508454     -0.018870765674168     -5.844241623463544     -1.793969569116932
       1.2814590460479     -3.582094510234523      2.656959538314391     -1.431909984417554      2.057342326958607     -4.398843327508454      6.274418546756668     0.1501455033427279       7.18563341439975      2.403824963308033
-0.0007422874076930888    0.07156731656161495   -0.03345897094922431     0.0286951533454383   -0.04490067789237722     -0.018870765674168     0.1501455033427279     0.8640425679089526   -0.06111865823579799    0.05812011225847787
     2.125585030022428     -5.201613016554534      3.973990045560572      -3.02975949863347      2.755001722180298     -5.844241623463544       7.18563341439975   -0.06111865823579799      15.23489565921096      6.194608406988364
    0.8512854017594036     -2.006340149904531      1.400470054720669     -1.472222479459824     0.8233416341343136     -1.793969569116932      2.403824963308033    0.05812011225847787      6.194608406988364      4.277479507358158

cov.inverse():
   29.27190372753189   -10.36489242809411   -32.13921525955528    11.75370905032051   0.5871260698305845 -0.09957616698210368    1.526660066213017  -0.7481810138932844    2.578766192122448  -0.8563428089139489
   -10.3648924280941    4.295221173269308    12.08242122194498   -4.314163985364194  -0.1312589591193779 -0.01149315987049998  -0.5204262958956215   0.2359448940595101  -0.9798860451936722   0.3655053154102335
  -32.13921525955525    12.08242122194498    38.78230792980418   -13.29406873787403   -1.441323331814204   0.3132962422907845   -2.025772175949116   0.9076176179492056    -3.20220154640477    0.962666160299655
    11.7537090503205   -4.314163985364194   -13.29406873787403    5.338065805847878   0.3015890911961056 -0.03175746341256366   0.6610417048941707  -0.3249058667411507    1.148001743542917  -0.2738820171204892
  0.5871260698304864  -0.1312589591193423    -1.44132333181409   0.3015890911960661    8.398425116270069    2.307568671521719  -0.5799683946037829   0.4974016939692109   -0.185563901845864    0.336422071814134
-0.09957616698213013 -0.01149315987049012   0.3132962422908159 -0.03175746341257459    2.307568671521718    1.477788810631519   0.1405168553196029   0.1452425214988888  0.01856234285836852 -0.03128538525032463
   1.526660066213024  -0.5204262958956244   -2.025772175949125   0.6610417048941737  -0.5799683946037764   0.1405168553196046   0.7882340481136817  -0.2145229331866517  0.06205185858926224 -0.01651494387505728
 -0.7481810138932897   0.2359448940595121   0.9076176179492118  -0.3249058667411528   0.4974016939692079   0.1452425214988881  -0.2145229331866518    1.250060003663837 -0.02834127785221244 -0.03962836383246476
   2.578766192122453  -0.9798860451936739   -3.202201546404777     1.14800174354292  -0.1855639018458544  0.01856234285837104  0.06205185858926184 -0.02834127785221206   0.6107508784644274  -0.4047579299590716
 -0.8563428089139575   0.3655053154102364   0.9626661602996648  -0.2738820171204926   0.3364220718141308 -0.03128538525032542 -0.01651494387505752 -0.03962836383246469  -0.4047579299590723   0.6843103541358789

cov*(cov_.inverse()):
     1.000000000000005 -5.995204332975845e-15 -2.209343819004062e-14  6.689093723366568e-15  1.332267629550188e-15 -1.734723475976807e-17  2.359223927328458e-16 -6.938893903907228e-18  2.220446049250313e-16  2.220446049250313e-16
 9.992007221626409e-15      1.000000000000004  1.043609643147647e-14 -5.551115123125783e-15 -8.881784197001252e-16 -1.942890293094024e-16  -3.05311331771918e-16 -8.326672684688674e-17                      0  4.440892098500626e-16
 4.884981308350689e-15  -8.43769498715119e-15      0.999999999999984  6.439293542825908e-15 -6.106226635438361e-16 -4.163336342344337e-16  8.291978215169138e-16 -1.734723475976807e-16  8.881784197001252e-16 -2.220446049250313e-16
 2.442490654175344e-15  4.996003610813204e-15  2.087219286295294e-14     0.9999999999999967  2.775557561562891e-16  3.608224830031759e-16  -2.42861286636753e-17  9.020562075079397e-17 -1.110223024625157e-16                      0
-6.661338147750939e-16 -2.720046410331634e-15 -7.105427357601002e-15  3.191891195797325e-15     0.9999999999999997 -5.204170427930421e-17 -5.655198531684391e-16 -2.081668171172169e-17  1.665334536937735e-16 -1.110223024625157e-16
 1.554312234475219e-15   8.43769498715119e-15  1.665334536937735e-14 -1.459943277382081e-14 -2.220446049250313e-16     0.9999999999999988  -2.42861286636753e-16  1.387778780781446e-16 -1.110223024625157e-16  2.220446049250313e-16
-7.105427357601002e-15 -9.880984919163893e-15   -1.4210854715202e-14  1.409983241273949e-14  1.887379141862766e-15  5.689893001203927e-16     0.9999999999999997                      0  1.110223024625157e-16 -2.220446049250313e-16
-1.873501354054952e-16  -2.42861286636753e-17  5.551115123125783e-17 -3.122502256758253e-17 -2.081668171172169e-17 -1.127570259384925e-17  7.589415207398531e-18                      1 -1.040834085586084e-17  6.938893903907228e-18
-1.598721155460225e-14 -9.769962616701378e-15 -4.352074256530614e-14  2.131628207280301e-14  -1.77635683940025e-15 -4.163336342344337e-16 -1.498801083243961e-15 -1.387778780781446e-16                      1                      0
-3.996802888650564e-15 -3.108624468950438e-15 -1.598721155460225e-14  7.105427357601002e-15 -2.220446049250313e-16  2.220446049250313e-16   9.71445146547012e-17 -2.775557561562891e-17  4.440892098500626e-16                      1
