10
2

0.02532169766621465
 0.2021324130509163
 0.2716668546878891
 0.4753536991270707
 0.5786217758047177
 0.8181938344038729
 0.9444962985511692
   1.30583336472922
  2.850554975922568
  3.731381344411967

   0.1425110353195376  -0.06086156891977742   -0.7189857405149358    0.2971397767411222    0.5601041985407456   -0.2387542028825492   0.00431084319804069 0.0003928814008302155  0.003234617381256525 -0.002109304073482212
   0.1560073802579482  -0.05999309566484028   -0.1635190004027028   0.02575246843740149   -0.2415564223345959   0.08324447459434342    0.9321386279981329  -0.09680597187802439    0.0325206680791732  0.008385289672939005
  -0.3291025517329589    0.1219729186177363    0.5006224721176109   -0.0167664751967932    0.6256614877541676   -0.2839158622248632    0.3528022227008686   0.09262559763983329   -0.1386153086926533   0.03983108987510727
   0.6915198005988499   -0.2435100764125435    0.4369887677961899    0.3765137736512633    0.1872837486411829   0.07109223930601843   -0.0305645048270103 -0.003410450837619214    0.2495096484232062   -0.1626382776439532
  -0.2893046676993285   0.07278484479424117  -0.09182266310404801  -0.01910566649509305    0.2039904882352886    0.5519877825530095   0.06190682164765456    0.2873545976774051    0.4018512839177119   -0.5549923806021917
  0.09335374714368348  -0.06845621322113681  -0.01656044169663615     0.139687456734392   0.07947355521390151    0.4753521649680612   0.02243564758717837    0.5994767829945271   -0.3773207274154932    0.4819642738626035
  -0.1627064141667951  -0.02161458370313413   0.04198457453025328    0.2107076624746225    0.2129097630202824     0.537894073235949  -0.03644852363921845   -0.7280289548195346   -0.1772223291494399     0.171685759293983
   0.4551190618052241    0.1357145291982905  -0.06467349658289179   -0.7816968485420657    0.3041184805296291    0.1707445946466646  0.002192466682012185  -0.09782287852901134   -0.1550553958946102  -0.06290879822865815
  -0.1311137804160881    -0.391625261640473 -0.008288224952315352    -0.265207963796314    0.1247607995767535    0.0132247497613946  0.003654661319424691  -0.02016506571633973    0.6599872582912316     0.554338843711518
   0.1601077888077914     0.858068931806273  0.004391885016694539    0.1527758778071014 -0.009707835662257186   0.03310026111260726  0.003595322311922452 -0.009493908016466454    0.3501059530516678    0.3014238517188941

22.51258611328886
48.63151245218255
49.89147769780311
113.0270868774333
56.88744934740844
129.4812864007526
80.12568659656436
187.3828704254487
95.73406102170397
221.4220174434405

  2.35180632545594
0.4255055091217279

    0.0812182963629034   -0.03466530316136224   -0.06634824599701233    0.02811892475334289   -0.01537670381341674    0.00647187244030198 -0.0007715818553396598  9.784274735721809e-05  6.780810765033302e-05 -0.0002127646782609685
  -0.01464437406532411   0.006241073590762787    0.01177096908380275  -0.004990921177352411   0.002881639997172404  -0.001228397206842614 -0.0001277166992855442 -6.991280148801202e-05 -0.0001037381927676303   8.69863611721787e-05

 3.820368272430438e-05   0.001219534654892264  -0.005637311986901387   0.009909344969876895   -0.00666376304626051    0.01121266760276163  -0.008216454380957271    0.01874051975517219   -0.04787062591736094    -0.1728933467615629
-6.736825156985625e-06 -0.0002298488081653922   0.001009271893995011  -0.001799903026310353   0.001170894031623191  -0.002011714644693118   0.001545127585298027  -0.003400207835734124   0.008336575865128992    0.03092716788108883

cov:
     1.024333156206049      2.385783870026529    0.02520953279862811    0.05589633277806782    0.04834215410152022     0.1088893765509927 -0.0008843137912866555    0.03630414821325055   -0.03723314956906134    0.06516142429161005
     2.385783870026529       11.5490274158979    0.04248075957083801      2.456399603561257    -0.4494956938587779     0.3675141341540735    0.03558692951324303   -0.07706663329279347      2.062080990186789      1.792913435635338
   0.02520953279862811    0.04248075957083801    0.07560790796536712     0.1565895405796724   0.001252457113322162    -0.0237061920073852  2.430810574716097e-06   -0.02744939918937525  -0.001451444263325954  -0.008457582130109265
   0.05589633277806782      2.456399603561257     0.1565895405796724      2.023385800663161    -0.6337241075098466    -0.0372162227513324    -0.0103548932971351    0.07052252280463897    -0.5205969853934694    -0.4025597540284229
   0.04834215410152022    -0.4494956938587779   0.001252457113322162    -0.6337241075098466     0.3835002747230681     0.2516211353427913   0.008654254807056842    -0.1515565013002819     0.5188896618751541     0.5038230429552722
    0.1088893765509927     0.3675141341540735    -0.0237061920073852    -0.0372162227513324     0.2516211353427913     0.5851811843084306 -0.0009350099594610783    -0.1428159630738904     0.0633057932669734     0.3099354206397601
-0.0008843137912866555    0.03558692951324303  2.430810574716097e-06    -0.0103548932971351   0.008654254807056842 -0.0009350099594610783    0.04799958255496785    0.03593999268002731    0.04087574685693134    0.02394862857194788
   0.03630414821325055   -0.07706663329279347   -0.02744939918937525    0.07052252280463897    -0.1515565013002819    -0.1428159630738904    0.03593999268002731     0.7629418459051497     -0.127490247562397   -0.09129398444741649
  -0.03723314956906134      2.062080990186789  -0.001451444263325954    -0.5205969853934694     0.5188896618751541     0.0633057932669734    0.04087574685693134     -0.127490247562397       5.47994578244215      4.225661479866194
   0.06516142429161005      1.792913435635338  -0.008457582130109265    -0.4025597540284229     0.5038230429552722     0.3099354206397601    0.02394862857194788   -0.09129398444741649      4.225661479866194      4.059728522013437

cov.inverse():
   36.27224377559258    -15.0614312331336   -161.2694518235784     67.1628402290665    121.2250838221758   -51.72729079715587    2.807435259483215  -0.7636025961036921    1.809261780656274  -0.6189446338627063
  -15.06143123313361    6.434977588367081    68.81887585285929   -28.73933143598246   -51.92952714537763    22.06781814512372   -1.149613698936503   0.2730179757386672   -0.745089992145831   0.2417546310485929
  -161.2694518235786    68.81887585285932     811.147905673335    -332.639649967112   -622.5499769747781    265.4571367397813   -6.249777376713642   0.4444142254289005    -4.31886794460608    2.437613413680603
   67.16284022906655   -28.73933143598245   -332.6396499671117    138.7967373721861     259.493031541088   -110.2917434245452     2.44563567418085  0.07645511090062329    1.876584713626498   -1.065414078187935
    121.225083822176   -51.92952714537763   -622.5499769747785    259.4930315410882     496.401937193119   -210.8498943938455    1.252402757562726     1.75267615329021    1.804983322644067   -1.932145368132081
  -51.72729079715597    22.06781814512373    265.4571367397814   -110.2917434245453   -210.8498943938457    91.77630609256933  -0.9765988144453426   -0.250327472891036  -0.2523180320809427   0.1241702468258174
   2.807435259483226   -1.149613698936509   -6.249777376713701    2.445635674180875    1.252402757562771  -0.9765988144453609    22.99948256467531   -1.659851131398782   0.1363965603996783   0.2962919481093074
 -0.7636025961036973   0.2730179757386696   0.4444142254289262  0.07645511090061199     1.75267615329019  -0.2503274728910274   -1.659851131398782    1.729183116703056 -0.09413919720061273  -0.1515474417658702
   1.809261780656211  -0.7450899921458045    -4.31886794460577    1.876584713626368    1.804983322643819  -0.2523180320808363   0.1363965603996763 -0.09413919720061309    1.384774081446297   -1.171935298784866
 -0.6189446338626391   0.2417546310485642    2.437613413680261   -1.065414078187793   -1.932145368131811   0.1241702468257022    0.296291948109309  -0.1515474417658696   -1.171935298784865    1.493906534824243

cov*(cov_.inverse()):
     1.000000000000009 -7.518291544883482e-15  1.426636586643326e-14 -1.249000902703301e-14 -2.298161660974074e-14  2.956315747759675e-14  7.008282842946301e-16 -1.786765180256111e-16   3.33066907387547e-16  1.387778780781446e-16
 8.881784197001252e-15                      1 -5.773159728050814e-14  -2.97539770599542e-14  -1.06581410364015e-14  4.793387908819113e-14  1.221245327087672e-15  1.110223024625157e-16  4.440892098500626e-16                      0
   3.9118014383277e-16  1.593777193553692e-15     0.9999999999999967 -1.011517258842076e-14  8.704842402451618e-15   5.48172618408671e-15  6.505213034913027e-17  3.512815038853034e-17  2.307182223049153e-16  7.632783294297951e-17
 1.379452108096757e-14  4.773959005888173e-15  5.551115123125783e-16      1.000000000000018  4.785061236134425e-14 -3.777533841287095e-14  1.110223024625157e-16  1.387778780781446e-17   3.33066907387547e-16  -3.33066907387547e-16
-1.232347557333924e-14    3.4555691641458e-15  4.352074256530614e-14 -3.708144902248023e-14     0.9999999999999808  3.311240170944529e-14  2.775557561562891e-17 -1.110223024625157e-16  5.551115123125783e-16 -1.110223024625157e-16
 5.773159728050814e-15  1.262878690511116e-15  2.819966482547898e-14 -4.496403249731884e-15 -1.909583602355269e-14      1.000000000000003 -5.551115123125783e-17  6.245004513516506e-17  5.551115123125783e-17                      0
-1.734723475976807e-17 -3.556183125752455e-17 -2.407796184655808e-15 -2.151057110211241e-16    1.7277845820729e-15 -1.166601537594403e-16     0.9999999999999998  9.974659986866641e-18   2.42861286636753e-17 -2.081668171172169e-17
-1.249000902703301e-15  4.163336342344337e-16  1.998401444325282e-14  8.340550472496489e-15 -8.409939411535561e-15  1.318389841742373e-15 -3.573530360512223e-16                      1 -1.387778780781446e-17 -1.942890293094024e-16
-2.042810365310288e-14  4.440892098500626e-15 -4.263256414560601e-14  9.769962616701378e-15  5.151434834260726e-14 -3.219646771412954e-15 -4.440892098500626e-16  2.220446049250313e-16      1.000000000000002                      0
 4.440892098500626e-16  1.554312234475219e-15 -1.243449787580175e-14 -6.217248937900877e-15  2.575717417130363e-14  1.021405182655144e-14  2.220446049250313e-16  1.110223024625157e-16  8.881784197001252e-16      1.000000000000001
