10
2

0.04122216800790879
0.04289877316946222
0.04630209477789476
 0.6031300257409857
  1.018175542396624
  1.210604499668694
  1.669409874891099
  2.959522402256153
  3.257652223924877
  6.503573380049823

  0.01228591238511192  -0.00246020405160391    0.1220519780172502  -0.02677992751352205   -0.6225361486131532    0.1311236882248012    0.7106181112749339   -0.1497856523693237   -0.2234731600249909   0.04615605024642813
   0.1129004997983951  -0.02456789948268505     0.326909323053289  -0.07149311067832047   -0.5995372604349212    0.1286904238872377   -0.4088958431471193   0.08627436265057352    0.5557039046183735   -0.1233566675729719
  -0.6451594470825389    0.1386131733330515    0.7010936188732507   -0.1593536153462586    0.1420821124069142  -0.02607121700492765  -0.03448214482941861    0.0106402333890976   -0.1553257911360271   0.03653039251372441
   0.7052954584725427   -0.1013312830838038    0.4955729306245624   -0.2106367520594028    0.1137166715610533  -0.06359608700957532   -0.1186936162265344   0.03698842308600275    -0.399887448387234   0.09993839809511278
  0.02801244407823179 -0.006554856320747459   0.05655931161641699    0.1905508816379136    0.1377886142954581    0.7360994756153353   -0.1658067733486394   -0.6022088618839105  -0.07678647711042434  -0.05283975675951606
  0.04497239486616527    0.1114918029853788    0.1816452186328663    0.8316967286141316  -0.05337125563309258    0.0482457683623318   -0.0234185477356725    0.3831261144415288   -0.2064342342588251    -0.256334433144629
 -0.06304374821324416   -0.0919746504999213   -0.1355494756683532    -0.379028290437281  -0.02572459173975536    0.1796827328708872  -0.03583917606774661    0.1957568026158647   -0.2695055713849962   -0.8248296671068447
    0.213010308878564     0.415887338365806    0.1959280090958105   0.07501223271560578    0.2213173606604865   -0.3459712048667756    0.2803288856693379   -0.4094201368869279     0.360815390121333   -0.4388341180776754
  -0.1417428238389747   -0.2498621078361659  -0.08027115365729109     0.167223375257893   -0.3126642114888484   -0.5137321606040225   -0.3654566339050725   -0.5026830823237037   -0.3486255630678795   -0.1166298670444415
  0.03440915997085306    0.8447382134152206   -0.2042301955537379   -0.1383044845404031   -0.2250528335969042   0.03805783037907164   -0.2666107652115609   0.02372016594873797   -0.2904217730288772    0.1277079804653227

 22.4203448152927
104.4817842861042
27.92242176887926
130.1162290859792
39.77470077044875
185.6896014252951
47.18894641499004
220.4469452000501
55.80578240959392
 260.888457603021

4.701525771434609
0.213367608319186

   0.05938500266795146   -0.01273697032100765     0.1048473408095689   -0.02266834036392766    0.01404413971663669  -0.005199601511257855   -0.06071843296870791    0.01092358387707977    -0.1246361767348283    0.02241506072615949
 -0.004056838536650271  0.0008747595522374177  -0.003621833491432988  0.0007568955010405591  0.0002390007924094182 -1.941976675671524e-05   0.002548248761411052 -0.0005459961947848615   0.005042024809901375  -0.001006643882588644

-1.895760632923884e-05 -2.287741838941634e-05  0.0001319790676279739    0.05875842026900792    0.01382989313342335    0.03815228871940006    0.02766865808929491    -0.3958867638392749     0.4072388983748616      1.063946573010531
 9.132808567795916e-08 -4.867193978598178e-08 -1.716054016898206e-06  -0.002661060077894539 -0.0006106490557169812  -0.001727403527399467  -0.000995033578152912    0.01843987859308824   -0.01685421758182316   -0.04675378085193246

cov:
 0.8574284616142842   2.378314831715661  0.3527327903688156 -0.2397668099812489  0.5895346964055329  0.1594073427637759   0.654180271918291  0.0096670940869621  0.7041546026907548  -0.305378580171486
  2.378314831715661   32.40511437975474  -6.324516366544881  -4.872230780786231  -6.412946637615407   1.420900388972372  -7.524794212603175  0.7042019585044402  -8.087317464379883   3.439900085990823
 0.3527327903688156  -6.324516366544881   2.362286832971844   1.518485570211077   2.614014398009892 -0.5081137910564953   3.071463975291316 -0.4798474763908054   3.395216241052689  -1.498632933196713
-0.2397668099812489  -4.872230780786231   1.518485570211077   2.623076952790513  0.8877427353114276  -1.342348240593515   1.080936482347062  -1.161418628665393   1.365812425563425 -0.7016125702458418
 0.5895346964055329  -6.412946637615407   2.614014398009892  0.8877427353114276   3.640496139468193  0.7572544641107114   4.269372831648546  0.5200800043644173   4.628240481765499  -1.603453663082856
 0.1594073427637759   1.420900388972372 -0.5081137910564953  -1.342348240593515  0.7572544641107114   4.567098521175541  0.5704621128436742   3.684111176923513  0.1409870386284285   1.697392640873967
  0.654180271918291  -7.524794212603175   3.071463975291316   1.080936482347062   4.269372831648546  0.5704621128436742   5.151329762563287  0.7457912848782561   5.576798964701895  -1.969183554927699
 0.0096670940869621  0.7042019585044402 -0.4798474763908054  -1.161418628665393  0.5200800043644173   3.684111176923513  0.7457912848782561   4.872039242315823 0.05427649781518142   1.764347082468207
 0.7041546026907548  -8.087317464379883   3.395216241052689   1.365812425563425   4.628240481765499  0.1409870386284285   5.576798964701895 0.05427649781518142   6.327454550006419  -1.837502405318152
 -0.305378580171486   3.439900085990823  -1.498632933196713 -0.7016125702458418  -1.603453663082856   1.697392640873967  -1.969183554927699   1.764347082468207  -1.837502405318152    4.51983603247335

cov.inverse():
  202.5412470246226  -43.41489462458063  -189.0656069579611   43.00500201457916  -83.80618362197031   16.58114137673462  -9.793734087570147   1.067440888288439   78.45380641119399  -18.03304680723953
 -43.41489462458068   9.375885439243705    40.6754080362012  -9.179723386041474   18.06903554680875  -3.586255818392837   2.250541807755652 -0.2378898655709141  -17.01305659221732   3.906529322975295
 -189.0656069579524   40.67540803619933   296.8234438888224  -66.88927856379922  -104.5862332712937   23.69942677502051   -33.0326373103152   8.096725409270277   31.31924666554617  -6.519457052863619
  43.00500201457726  -9.179723386041065  -66.88927856379925   15.72835712546114    22.4716283887028  -4.964157511513545   7.276262069080029  -1.734753486638458  -6.385642835823399   1.242651965489308
 -83.80618362193943   18.06903554680198  -104.5862332713612   22.47162838871803   432.8760882909955  -91.60995880352746  -129.4522006116871   27.39349429398905  -109.5656161982793   25.73161326687266
  16.58114137672842  -3.586255818391471   23.69942677503438  -4.964157511516673  -91.60995880352688    20.0198909251117    26.5667595308878  -6.022817538043109   23.49792856586768  -5.602318162678743
 -9.793734087660814   2.250541807775186  -33.03263731014903   7.276262069042708  -129.4522006117909   26.56675953091063   388.6702237244023   -81.8997043519376  -214.2526935825279    46.1027196144336
  1.067440888306694  -0.237889865574863   8.096725409236372  -1.734753486630844   27.39349429401095  -6.022817538047915  -81.89970435193834   17.81103179082596   44.90983946555471  -9.728225581039599
  78.45380641124271  -17.01305659222777   31.31924666546061  -6.385642835804223  -109.5656161982162   23.49792856585396  -214.2526935825539   44.90983946555983    208.973485147043  -45.97105017627398
 -18.03304680724989    3.90652932297751  -6.519457052845454   1.242651965485239   25.73161326685897  -5.602318162675767   46.10271961443949  -9.728225581040764  -45.97105017627409   10.48758443656649

cov*(cov_.inverse()):
    0.9999999999998783  1.398881011027697e-14  9.325873406851315e-14  5.828670879282072e-15 -9.325873406851315e-14 -1.110223024625157e-15  4.085620730620576e-13 -2.442490654175344e-14 -1.385558334732195e-13  6.927791673660977e-14
  1.84741111297626e-13     0.9999999999999893  8.526512829121202e-14  2.042810365310288e-14    1.4210854715202e-13   1.06581410364015e-14 -8.526512829121202e-14 -7.105427357601002e-15                      0  2.131628207280301e-14
 3.552713678800501e-15 -1.332267629550188e-14      1.000000000000094  -5.10702591327572e-15 -6.394884621840902e-14  4.263256414560601e-14    1.4210854715202e-14  6.039613253960852e-14  3.268496584496461e-13 -2.131628207280301e-14
 2.664535259100376e-14  6.217248937900877e-15 -6.394884621840902e-14     0.9999999999999991 -5.329070518200751e-14  1.154631945610163e-14   1.13686837721616e-13 -2.398081733190338e-14  2.842170943040401e-14                      0
 1.669775429036235e-13 -3.819167204710538e-14 -2.700062395888381e-13  5.728750807065808e-14     0.9999999999998437  3.197442310920451e-14  3.836930773104541e-13   1.77635683940025e-15 -5.684341886080801e-14   1.77635683940025e-14
 2.131628207280301e-14 -5.329070518200751e-15 -3.552713678800501e-15  7.993605777301127e-15  7.105427357601002e-14     0.9999999999999964 -8.526512829121202e-14    1.4210854715202e-14                      0   1.06581410364015e-14
 3.552713678800501e-14 -1.243449787580175e-14  3.552713678800501e-14   8.43769498715119e-15  -1.13686837721616e-13                      0      1.000000000000213  3.552713678800501e-15  8.526512829121202e-14  6.394884621840902e-14
-3.552713678800501e-15 -5.329070518200751e-15  2.486899575160351e-14                      0  -1.27897692436818e-13  -1.06581410364015e-14 -4.263256414560601e-14     0.9999999999999964   -1.4210854715202e-14  7.105427357601002e-15
 3.552713678800501e-14 -7.105427357601002e-15 -1.616484723854228e-13  3.952393967665557e-14   1.27897692436818e-13 -4.085620730620576e-14  5.684341886080801e-14   1.06581410364015e-14      1.000000000000242  6.750155989720952e-14
 -1.27897692436818e-13  3.197442310920451e-14   1.06581410364015e-13 -5.329070518200751e-14 -5.684341886080801e-14 -3.552713678800501e-15                      0 -6.394884621840902e-14 -2.273736754432321e-13      1.000000000000028
