12
2

0.02916323554087011
0.03930473900257207
0.04196348567142252
 0.3509425720252366
 0.5838410760966117
 0.8510728633708714
 0.9546653276089765
    1.0367243426143
   1.41298769028352
  2.452761190382134
  3.627891882649559
  4.854026987801206

   -0.3751781585752009     0.1171155571727875     0.8217315681184347    -0.2579473020830035    -0.2611409706824154    0.08333296022767772    -0.1585675478742389    0.04902559268288996    -0.0300606439437551    0.01238859213435604 -0.0001182442412850714  -0.001554536857701639
    0.1271650203730255    -0.0397166588967882   -0.01345101728393646   0.003836029022547777    -0.6207680825647767     0.1927831420771032     0.6905396121421988    -0.2139391442796955    -0.1841963422848599     0.0546917731455395    -0.0016014290084251 -0.0008287860278151461
    0.3786079877884909      -0.11779752231999   -0.04527849956759692    0.01475326059603975    -0.5221543451091638     0.1637568773486667    -0.3842622340610188     0.1194816162264818     0.5881355200900885    -0.1821467807841216  -0.005867242049398192   0.001368827515165033
   0.05392477025522045   -0.03072887283654173   -0.01457774063303254   0.003237540428512758   -0.06264151558773413  -0.007218508265163167    -0.1008704610191388    0.01407102085580057    -0.1440116408418497    0.03849568501927177     0.9266058856335671     0.3174211960667636
   -0.6440647065968724     0.1224292710465459    -0.2256704306226974    0.03310534615247365   0.004291789273397662    0.02368377497597683     0.2742341630915966   -0.01458053018358722     0.5870097212219021   -0.04240602071587025    0.05722177100092999     0.3041698487823403
    0.4450434736093978    -0.0018416102545909     0.3667752888064227   -0.03360787734482488      0.374178970454613     0.1023475710292796     0.2731845241741327    -0.0835309861754496     0.3810981950347953     0.4539766436951843   -0.02094820887527748     0.2870848677836035
   -0.1064884560898045   -0.04075494153507227   -0.08232644350940367    0.02394430648368743     0.0780546077221667     0.5249959338414045    -0.3178694140009628    -0.7640980030250507    -0.0622134213065501     0.0461405928509432    -0.0458466400076356    0.07033432253205107
    0.1614094866562441   -0.03769305023897355     0.2098468539358046   -0.01221068323997739     0.2913613687407928     0.1941538398199414     0.2429200363973827    -0.0233458568813295   0.008925003693178864    -0.8529659549814754    0.03217224935506341     0.1324139161266503
  -0.07788734640033233  -0.002373058831201266   -0.08947840131926912    -0.1734660083550825     0.1854656699249913      0.624337637751906     0.1272977248165141     0.3438484236620656      0.092087832616827     0.1200591679989769     0.2328270686203463    -0.5657709987737822
   0.05027270469229895   0.008670545155915732    -0.2636247596330588    -0.7016727842928289   -0.02627081619243941     0.2071633932016997   -0.07263061918715503     0.2451300720422259    -0.2054664795571118    0.03034797081915078    -0.2160124576867369     0.4866057181551504
   -0.1636035027637493    -0.5594187931257691    0.08984980521805584     0.5022566582740974     -0.010578610397453     0.3127591551450044    -0.0473475741606603     0.3526798197249872    -0.1842342247782195     0.0956045387380806    -0.1622839931333916     0.3255397879267196
     0.105748638881701     0.7992382425076248   -0.02171773953466273     0.3944306616491243   -0.06059202620389843     0.2722811397195566   -0.08106838551856685     0.2075291133193382    -0.1418450465060072    0.01214890774682357   -0.08548966532717113     0.1973912999118047

 22.7265090483865
71.08523714556556
34.95201822986837
110.2458941086597
41.31560165233564
130.6168759144627
49.02854231105203
155.2952679291216
57.84028059009612
183.4575064819597
68.68957412556711
220.0395066620083

 3.202763118526203
0.3126742366560448

   0.09186406207247641   -0.02854927583954748    0.03182081381217598   -0.01004307666975602   -0.02193776136858787   0.006959567071688886   -0.04200786729939143    0.01333508320838924   -0.06031742763042172    0.01998365325235991 -7.880926595747429e-05 -0.0003953931826923401
 -0.006221957355425042   0.001948452424208179  -0.005689573056292098   0.001791478741332743  0.0004008281686759526 -0.0001452941197357508    0.00322960167862205  -0.001051883805643705   0.008183667794416189  -0.002511952078913102  1.768835209774835e-05 -1.183103315621685e-05

 5.625872092804168e-06  1.182102650630289e-05  4.890040969490775e-05   0.002505184232103962   -0.04029021060662992    0.01364044172049182  -0.001570851653021215   -0.01127579628851456   -0.02321611891166295     0.1455351054075094     0.2732936558723676   0.008689304728557303
-3.004321444235678e-06 -3.887283949430581e-07  2.411753847114418e-06  -0.000238179281431963   0.003884653839385779  -0.001332564596755074  0.0001822170031547516  0.0008800221815872161   0.002344382704510141   -0.01415781809769145   -0.02647658138890749 -0.0002273148841530208

cov:
   0.9670390630476658     3.168581003245076   -0.1016217719022268   -0.3064061741741987 -0.003134226464758522  -0.01887904753296169  -0.04169057335369779   -0.1751745580294742  -0.03220406710085887   -0.1817442827377651   0.03176518876440613   0.07001198277367596
    3.168581003245076     19.17839185140562    -1.099054521626305     3.694820678018589    -1.080053388500363     2.805938109298899    -1.168954164411359      1.35124610178909    -1.299424683803168   -0.4437708555273234   -0.4280715394811638      1.35143353292117
  -0.1016217719022268    -1.099054521626305    0.7203637558835535     1.519733046942753    0.1859457156517299   -0.1797394619412485    0.2081461853363075    -0.108323885056741    0.2270914878190183  -0.03475907793174702    0.1518965721181983   -0.3098185262222882
  -0.3064061741741987     3.694820678018589     1.519733046942753     10.00974704001576   -0.5975377661506984     3.513859266960766   -0.8175766922302308      3.09169022973712     -1.70482815721352    0.5758906547478291    -1.035950631776443     2.124627275236605
-0.003134226464758522    -1.080053388500363    0.1859457156517299   -0.5975377661506984     0.360633920393884   -0.1082001001226868    0.3093500093381172   -0.3411523018926194    0.3979971570098108   -0.1320297774080334    0.2590748160075209   -0.4912613321903708
 -0.01887904753296169     2.805938109298899   -0.1797394619412485     3.513859266960766   -0.1082001001226868     4.370270205959721   -0.7255891381933127       3.1404479486136    -1.804331083273739    0.5362914090011882    -1.212610799556904     2.592352978790712
 -0.04169057335369779    -1.168954164411359    0.2081461853363075   -0.8175766922302308    0.3093500093381172   -0.7255891381933127     0.485916952504662   -0.4390162455249582     0.650764583777321   -0.2160301733440343    0.4293609077621943   -0.8408273061917912
  -0.1751745580294742      1.35124610178909    -0.108323885056741      3.09169022973712   -0.3411523018926194       3.1404479486136   -0.4390162455249582     3.787330985463659    -1.771491473111368    0.5923857818259544    -1.296325946981148      2.73485250825045
 -0.03220406710085887    -1.299424683803168    0.2270914878190183     -1.70482815721352    0.3979971570098108    -1.804331083273739     0.650764583777321    -1.771491473111368     1.421185411245116   -0.1827211797463444    0.9811768379298914    -2.022822478333121
  -0.1817442827377651   -0.4437708555273234  -0.03475907793174702    0.5758906547478291   -0.1320297774080334    0.5362914090011882   -0.2160301733440343    0.5923857818259544   -0.1827211797463444     1.092145219502978   -0.2470466413673026    0.3924315024049866
  0.03176518876440613   -0.4280715394811638    0.1518965721181983    -1.035950631776443    0.2590748160075209    -1.212610799556904    0.4293609077621943    -1.296325946981148    0.9811768379298914   -0.2470466413673026     1.017977898507993    -1.948844531954956
  0.07001198277367596      1.35143353292117   -0.3098185262222882     2.124627275236605   -0.4912613321903708     2.592352978790712   -0.8408273061917912      2.73485250825045    -2.022822478333121    0.3924315024049866    -1.948844531954956     4.503442527520408

cov.inverse():
   258.9286293422925   -80.49545023127176    -372.645766043278    117.1859619677694    -47.9452894493452    14.27416525310866    43.84630772784361   -13.49461654584636     123.616998849259   -39.88846607740973   -1.055491334075106   0.6871308110624276
  -80.49545023127162    25.13397193772819    116.4426993065799   -36.60388479142108    14.92947764402425   -4.460282689483375   -13.75534807095405    4.276834570677106   -38.49635109045116     12.4826837054437   0.2111236627256526  -0.2685603697335311
  -372.6457660432814    116.4426993065811    795.6243602706838   -249.6388467058783   -233.2417560882887     74.6178511106628   -149.2949236556361    46.16437213569104   -42.73032832354215     16.2535500234729 -0.09918097363679523    -1.59794511324709
   117.1859619677703   -36.60388479142142   -249.6388467058781    78.49454150211895     73.2513211888442   -23.47643810794976    46.58184677659328   -14.45773757903179    13.62756390838489    -5.17097311075086 0.009388288441986969   0.5139243029272318
  -47.94528944934115    14.92947764402286   -233.2417560882984    73.25132118884741    484.7821773199711   -151.3994226832032    -114.601379642968    35.39245012724517   -90.86495926743689     28.2279084540874    1.965895084188685   0.3816146295107146
   14.27416525310744   -4.460282689482966    74.61785111066543   -23.47643810795064    -151.399422683203    48.01792173313776    34.86097389767635   -11.11396834777876    28.84659172265841   -8.927339756882745   -0.770414175406041  -0.1710667112776789
    43.8463077278432   -13.75534807095387   -149.2949236556262    46.58184677659017   -114.6013796429804    34.86097389768019    422.6618387695603   -130.6185156431144   -204.3023824948913    61.78774230911898 -0.09263553130055424   -0.324718189108452
  -13.49461654584568    4.276834570676884    46.16437213568648   -14.45773757903036    35.39245012724997   -11.11396834778026   -130.6185156431144    41.29366719366489    63.64898651891673   -19.26043241377266 -0.01337743623282026 -0.02080490864745263
   123.6169988492592   -38.49635109045118   -42.73032832354616    13.62756390838616   -90.86495926742981     28.8465917226562   -204.3023824948943    63.64898651891769    220.8550719106018   -67.68050487809555   -2.736144103992985   0.8624718983076294
  -39.88846607740961    12.48268370544367    16.25355002347371   -5.170973110751117    28.22790845408555   -8.927339756882173    61.78774230911996   -19.26043241377296    -67.6805048780956    21.94666802127756   0.8016878135218588 -0.08289045028992428
  -1.055491334074947   0.2111236627256027 -0.09918097363709114 0.009388288442079205    1.965895084188551  -0.7704141754059989 -0.09263553130017231 -0.01337743623293962   -2.736144103993099   0.8016878135218916    7.043292924537546    2.339653002377418
  0.6871308110624424  -0.2685603697335361   -1.597945113247198   0.5139243029272653   0.3816146295107082  -0.1710667112776769  -0.3247181891082294 -0.02080490864752195   0.8624718983075025 -0.08289045028988572    2.339653002377418     1.43877579010394

cov*(cov_.inverse()):
    0.9999999999999942 -4.344788417931511e-14  1.449118602891986e-13 -1.378758218706366e-14 -6.348394032684723e-14  5.163404426244966e-14  -6.25367813089639e-14  1.527185496119632e-14 -3.408384685599231e-14 -8.897396708285044e-15  4.440892098500626e-16  7.077671781985373e-16
-1.543210004228968e-14     0.9999999999999942  3.850253449400043e-13 -1.321165399303936e-14  6.195044477408373e-14 -1.157407503171726e-14 -5.195843755245733e-14  1.198000032509583e-14 -1.798561299892754e-14  3.594347042223944e-15 -4.440892098500626e-16  2.220446049250313e-16
-3.508304757815495e-14 -1.297573160030652e-14      1.000000000000084 -1.104671909502031e-14 -6.121492202026957e-14  3.573530360512223e-14 -4.789224572476769e-14  6.778431982379374e-15  9.547918011776346e-15 -1.137978600240785e-15  8.881784197001252e-16   3.33066907387547e-16
 1.010302952408892e-13  1.343369859796439e-14 -1.358912982141192e-13     0.9999999999999608 -3.541611448554249e-14 -5.029310301551959e-14 -1.354472090042691e-14 -1.734723475976807e-15  6.217248937900877e-15  2.603472992745992e-14  8.881784197001252e-16                      0
-2.020605904817785e-14 -1.876276911616515e-14  4.640732242933154e-14 -1.082467449009528e-14     0.9999999999999735  2.998989945268704e-14  1.176836406102666e-14 -3.271688475692258e-15 -1.998401444325282e-15 -4.725386748560823e-15  2.220446049250313e-16  1.110223024625157e-16
 9.992007221626409e-14  3.985700658404312e-14 -2.078337502098293e-13  2.509104035652854e-14  1.794120407794253e-13     0.9999999999999383   3.33066907387547e-16  6.696032617270475e-15 -1.643130076445232e-14  1.529332216421153e-14 -8.881784197001252e-16 -4.440892098500626e-16
-2.886579864025407e-14 -1.626476731075854e-14  1.265654248072678e-14  6.772360450213455e-15  2.220446049250313e-15  1.301736496372996e-14     0.9999999999999581  1.193142806776848e-14 -2.708944180085382e-14 -2.817190924986335e-15                      0                      0
 7.482903185973555e-14  1.221245327087672e-15 -8.615330671091215e-14  2.620126338115369e-14  9.570122472268849e-14 -1.898481372109018e-14 -4.130029651605582e-14      0.999999999999957  -1.77635683940025e-15  1.307287611496122e-14 -8.881784197001252e-16 -4.440892098500626e-16
-5.417888360170764e-14  -1.98729921407903e-14  9.769962616701378e-14 -1.110223024625157e-14  1.443289932012704e-14  7.438494264988549e-15 -3.008704396734174e-14  2.629146900190449e-14     0.9999999999999889  4.135580766728708e-15                      0                      0
 1.609823385706477e-14  9.992007221626409e-15 -4.840572387365683e-14   5.35682609381638e-15  2.439715096613781e-14 -1.232347557333924e-14  3.913536161803677e-15 -3.223116218364908e-15 -2.442490654175344e-15     0.9999999999999981                      0                      0
-1.199040866595169e-14  -5.10702591327572e-15  2.220446049250313e-14 -6.439293542825908e-15 -2.120525977034049e-14  4.996003610813204e-15  5.007105841059456e-14  2.005340338229189e-15  2.997602166487923e-14  -5.88418203051333e-15     0.9999999999999991 -4.440892098500626e-16
-5.329070518200751e-15  1.265654248072678e-14 -2.930988785010413e-14  1.465494392505207e-14   6.59472476627343e-14 -2.309263891220326e-14  6.972200594645983e-14  -4.02178290670463e-14 -1.341149413747189e-13  3.924638392049928e-14                      0                      1
