12
2

0.04090190647276722
 0.2389898564430538
  0.329551783720011
 0.8729641421081166
 0.8880318851741605
 0.9797461006310459
  1.095868956419473
  1.286072488252849
  1.358313495733178
  2.064868329410409
  3.705884474803981
  6.164367425315836

    0.3061639332170883    -0.1131467284269087    -0.7610111293996522     0.2813017212007832     0.4563285779193166     -0.164144160537199  -0.001640406546936621   0.001329852768955838   0.001205240398515018 -0.0003330061045701727 -0.0004708036942779267   0.002746882363048476
    0.6055709571599294    -0.2132419329111782    -0.1674845931847991    0.04978716496833305    -0.6883183940613861     0.2236624869923526    0.08127272092997813  -0.001108654160008735    0.08385103357579789   -0.03918252349033273     0.1302737923365677   -0.03647892846618173
  -0.07748725046319903    0.01633055876798924   -0.01661537952306909     0.0155446316421346    0.01334256976961003   -0.02197283130931072     0.9470184900562475     0.2854425313924712   -0.07202234374367325    0.07352970547740786   -0.03924209291564061    0.04577407884498153
    0.5259997658583606   -0.07801845173387086     0.4438449687791265   0.002916299626327928      0.449489910374028      0.230107237363945   -0.06548403873082154     0.3383245901491308   -0.08383322608304992     0.2917200740111166     0.1035294763088703    -0.2089050854029623
   -0.1123903501921838    0.01797749637292665    -0.1558427077328922   -0.08964702792032517    -0.1572776691665751   -0.09949548641639944  -0.003037379211761049    -0.2770582541019596    -0.3053593198199497     0.8419822999519599     0.1317378881003559    -0.1542147268283038
    0.2605335294994593   -0.03163000308899014     0.2247650254624588     0.1482671501712783     0.1370201230632192    0.09760405263950191     0.1617173463787193    -0.6263880283763504    -0.4593895527150231    -0.1407989924043074    -0.2261576506480881     0.3602685534969052
  0.002413299261839513     0.0392299710935974   -0.01190919845929353    -0.1266857729628885    0.00592598688853282     -0.183731562677315    0.07283446876150784    -0.1082585092018574    -0.4657431057451362    -0.4161828965637402     0.3856424995132052    -0.6265795406846505
    0.3227697093835074     0.0727611002472511     0.2279658487020452    -0.0412670527330341     -0.099734348810151    -0.8523119788692074    0.01824453610189171   -0.01876709916927464     0.1697732992080868     0.0463307340623841    -0.2572906473391386   -0.05117064747781971
   -0.1662836525162659    -0.0609682097310887      0.232639095175065     0.8574600988754419   -0.05233405828560202   -0.02756912443565707    0.05889732725701691    -0.1639266229318775     0.2298982962931164    0.05826425711563463     0.1800711116608281    -0.2382447393911144
   0.06664794704672984     0.1042585084238753   -0.04886987180248887    -0.2436362438287976     0.1467042832734315     0.2599137071278292     0.1906425533033619    -0.4484121850909575     0.4784087165769585    0.01903867630658279    -0.3445198867113425    -0.4985124416852595
   -0.1947232293973866    -0.7657522746087693    0.01513599589984217    0.02872760495162191   -0.05513083593858243    -0.0116803759097971   -0.06939405616053465      0.140343361422917    -0.2081109482977878  -0.009114627389844735    -0.5000945666717298     -0.231249845360796
   0.04650458094429175     0.5711845663850125    -0.1090032571786649     0.2737640070816709    -0.1870015166253047      0.146728041484113    -0.1258229391408118     0.2742608315560062     -0.325102047387585   0.001959209180992343    -0.5349161813753668    -0.2130198852093836

35.55516716987572
96.42907769529383
48.48691576289245
131.3129689012545
57.13142424175367
 154.599191836293
68.41884489411238
 185.927874772316
82.38522039145353
222.3968806055773
96.89144269247244
262.3893825272833

 2.699267678673679
0.3710251864867943

    0.1307834016491918   -0.04844746033613026   -0.02502805531679014   0.009328312769202349     -0.103433056093467     0.0386621593623257   0.001310436560799546  0.0003946216418685374 -0.0009353353543241415  6.234158881879859e-05 -0.0002467445295581275  -0.001664700004629954
  -0.01718117333909372   0.006371414598323951  0.0009198270463134647 -0.0003356613315847083    0.01607752047177451   -0.00601735964629261 -7.775660033554314e-05 -1.210746929525887e-05  8.779728871008766e-05 -3.042768925338178e-05  6.777705084639598e-05  3.695161618408565e-05

 2.282038449473249e-05   0.009942884134283344  -0.001220155334576531    0.01856493164849515  0.0002873926657526398    0.01997209702806294   -0.01053786080715132    0.01649054854592627   -0.02235564438394138  -0.008390886065370026      0.239499801061168     0.3587370931260426
 2.591528721717761e-06  -0.001390002756972913  0.0001819103334068516  -0.002515579412478044 -3.411507605293959e-05  -0.002830034645207809   0.001694888473007602   -0.00221678034134001   0.003207329527933773   0.001453558321248726   -0.03298657008651453   -0.04968835417194144

cov:
     1.152908905052863      3.096119088630889    0.04519839495446992      0.100189986094281    0.02618902375272441    0.05060150258081973    0.01858893007661623    0.02296366282594651     0.0188166284835796    0.04402267130135928    0.08081678354628263     0.1626625849006935
     3.096119088630889      20.52274019295128     -2.579346714257619      5.417578663267678     -3.444441065089553      3.294147144112193     -1.917785766564388      4.284066380276527     -4.668887710172677     0.1257308319036737     -6.536209067317942     -2.422244819913481
   0.04519839495446992     -2.579346714257619     0.8711796606941377    -0.6797864006140542     0.8792968836140728    -0.8856862168796665     0.5087661064225886     -1.076453445535031      1.282384432488675 -0.0004887517550692163      2.127108146906357     0.8518357715605472
     0.100189986094281      5.417578663267678    -0.6797864006140542      4.518714941787747     -2.166488279299875      1.316260776376399     -1.428570551385073      3.064360478499623     -3.581954093441873    0.07043745669018907     -5.201286616675066     -2.005808340539474
   0.02618902375272441     -3.444441065089553     0.8792968836140728     -2.166488279299875      1.702802329572007    -0.6342227114125963      1.055093222934473     -2.249146856019816      2.658790729231026    -0.0327189205833243        3.9762329949889      1.400420286566186
   0.05060150258081973      3.294147144112193    -0.8856862168796665      1.316260776376399    -0.6342227114125963      2.411712548528173     -0.521237054726209       1.09009048005448     -1.429880305486164    0.02826187685395886     -3.027198550755089     -1.471907465557197
   0.01858893007661623     -1.917785766564388     0.5087661064225886     -1.428570551385073      1.055093222934473     -0.521237054726209     0.9621597343323057     -1.921485997019245      2.057534320650439   -0.04492964112521375      2.755621233192122     0.8226867611010874
   0.02296366282594651      4.284066380276527     -1.076453445535031      3.064360478499623     -2.249146856019816       1.09009048005448     -1.921485997019245      4.583569674641808     -4.399080813227574   -0.02031081407777984     -5.843919108623761     -1.792914387466367
    0.0188166284835796     -4.668887710172677      1.282384432488675     -3.581954093441873      2.658790729231026     -1.429880305486164      2.057534320650439     -4.399080813227574      6.274982559725552     0.1511199513070765      7.185523151927488      2.401781235077927
   0.04402267130135928     0.1257308319036737 -0.0004887517550692163    0.07043745669018907    -0.0327189205833243    0.02826187685395886   -0.04492964112521375   -0.02031081407777984     0.1511199513070765     0.8642792044527967   -0.05784645068652939    0.05917464337970038
   0.08081678354628263     -6.536209067317942      2.127108146906357     -5.201286616675066        3.9762329949889     -3.027198550755089      2.755621233192122     -5.843919108623761      7.185523151927488   -0.05784645068652939      15.23375115591793       6.19172681414318
    0.1626625849006935     -2.422244819913481     0.8518357715605472     -2.005808340539474      1.400420286566186     -1.471907465557197     0.8226867611010874     -1.792914387466367      2.401781235077927    0.05917464337970038       6.19172681414318      4.275775512192427

cov.inverse():
   63.03749168933534   -23.01118290218616   -140.6220526491391    51.96243078929429    76.56176297617621   -27.61273464239089  -0.1128608747063941   0.1331849808599914    1.043455328259177  -0.4823119704607879    1.249747174426577  0.06429478916734568
  -23.01118290218613    8.520744459886313    52.03369848527036   -19.25361727530892   -28.34350782713302    10.20070791134922  -0.0409032701815161 -0.07680598374550465  -0.3855673393735681   0.1613548016082065   -0.453829631037801 -0.05404617214286473
  -140.6220526491387    52.03369848527026    347.0717321468663   -127.9491227083423   -205.2584212451798    74.06861126377791   0.3706414855885498  -0.5578984428232856    -0.82693408126738   0.2432972664365642  -0.1921827408162114   -1.181202630901798
   51.96243078929406   -19.25361727530885   -127.9491227083421    47.80719729213756    76.13997722530169   -27.36700441436237 -0.03707349557507911    0.163133222628156   0.3504973940042997  -0.1272385571129187  0.04347692992116407   0.4921277103044308
   76.56176297617557   -28.34350782713284   -205.2584212451791    76.13997722530152    133.0974859289766   -47.24204467834759   -1.320424385414174    0.564470072622825  -0.7448874195521107   0.3686223549726392   -1.695592439995325    1.145034613485031
  -27.61273464239077    10.20070791134918    74.06861126377777   -27.36700441436236   -47.24204467834767    17.56150851089957   0.2744304881874927  -0.1168626747090676   0.1995933651952009  -0.1279979350701521   0.6041703013908974  -0.3338370623080556
 -0.1128608747063425 -0.04090327018153572   0.3706414855884029 -0.03707349557502546    -1.32042438541408   0.2744304881874584    8.423827663802978    2.318939558234994  -0.5744245933590072   0.5117331992768075  -0.1886663516990499   0.3571977926087792
  0.1331849808599927  -0.0768059837455051  -0.5578984428232935   0.1631332226281589   0.5644700726228326  -0.1168626747090703    2.318939558234993    1.482702910361736   0.1447201968866932   0.1490630360379132  0.02063562119000065 -0.02370103216974711
   1.043455328259235  -0.3855673393735891  -0.8269340812675184   0.3504973940043513  -0.7448874195520286   0.1995933651951712  -0.5744245933590075   0.1447201968866936   0.8053597460618989  -0.2215857356610375  0.08273735552028874 -0.01420068150900045
 -0.4823119704608104   0.1613548016082148   0.2432972664366176  -0.1272385571129387    0.368622354972608  -0.1279979350701408   0.5117331992768075    0.149063036037913  -0.2215857356610375    1.255486990399695 -0.03878439880470729 -0.03589684880035204
   1.249747174426567   -0.453829631037798  -0.1921827408161944  0.04347692992115827   -1.695592439995334   0.6041703013909001  -0.1886663516990478  0.02063562119000092  0.08273735552028809 -0.03878439880470698   0.6358184635842336  -0.4043381643877637
 0.06429478916738129 -0.05404617214287762   -1.181202630901886   0.4921277103044639    1.145034613485087   -0.333837062308075    0.357197792608777 -0.02370103216974714 -0.01420068150900055 -0.03589684880035208  -0.4043381643877638   0.6923779979530466

cov*(cov_.inverse()):
     1.000000000000061 -2.258956910416998e-14 -3.691491556878645e-14  4.116151863797768e-14  1.429967255717202e-13 -5.904998712225051e-15  1.623701173514291e-15  -2.47198095326695e-17 -1.051242426441945e-15   2.96637714392034e-16  1.235123114895487e-15 -8.881784197001252e-16
 9.101053244364721e-14      1.000000000000002  2.042810365310288e-14 -9.992007221626409e-15   6.17284001691587e-14  1.176836406102666e-14 -1.221245327087672e-15  5.412337245047638e-16 -1.394717674685353e-15 -1.942890293094024e-16  1.443289932012704e-15 -2.220446049250313e-16
-3.145400606641147e-14  2.248201624865942e-15      1.000000000000037 -1.892930256985892e-14  4.152234112098085e-14  1.720845688168993e-14  2.442490654175344e-15  3.469446951953614e-18 -6.453171330633722e-16  3.920475055707584e-16 -2.775557561562891e-16 -6.661338147750939e-16
 -1.02695629777827e-15  8.174017018802715e-15  1.527666881884215e-13     0.9999999999999614 -8.570921750106208e-14 -3.108624468950438e-15  -3.33066907387547e-16  8.326672684688674e-16  5.169475958410885e-16 -2.636779683484747e-16  2.220446049250313e-16  6.661338147750939e-16
-4.954370247389761e-15 -1.110223024625157e-15 -5.773159728050814e-15  2.109423746787797e-15      1.000000000000089 -1.210143096841421e-14  2.220446049250313e-16  -9.71445146547012e-17 -1.013078509970455e-15  6.453171330633722e-16 -7.771561172376096e-16 -6.661338147750939e-16
-4.413136522884997e-15  1.396105453466134e-14  3.086420008457935e-14 -4.385380947269368e-14 -9.214851104388799e-14      1.000000000000018   3.33066907387547e-16  6.591949208711867e-16   6.83481049534862e-16 -3.677613769070831e-16  8.881784197001252e-16                      0
-1.778438507571423e-14  4.933553565678039e-15  6.483702463810914e-14 -7.216449660063518e-15 -1.654232306691483e-14  7.382983113757291e-15      1.000000000000001 -1.769417945496343e-16 -1.092875789865388e-16  1.595945597898663e-16  2.775557561562891e-16 -4.440892098500626e-16
-1.915134717478395e-15  9.797718192317006e-15  3.552713678800501e-15 -2.065014825802791e-14 -1.167954621905665e-13 -2.664535259100376e-15 -6.661338147750939e-16     0.9999999999999997 -2.567390744445674e-16 -1.942890293094024e-16 -1.110223024625157e-16                      0
-1.207367539279858e-14 -1.207367539279858e-14 -1.256772463875677e-13   3.97459842815806e-14  1.283417816466681e-13  6.217248937900877e-15  1.110223024625157e-16  1.387778780781446e-17      1.000000000000001  2.220446049250313e-16  2.220446049250313e-16 -6.661338147750939e-16
-5.507747036226363e-16  9.974659986866641e-18  5.578870698741412e-15 -9.645062526431047e-16  2.137179322403426e-15  9.471590178833367e-16  1.040834085586084e-17 -3.426078865054194e-17 -3.729655473350135e-17     0.9999999999999999  3.122502256758253e-17  1.387778780781446e-17
-9.658940314238862e-15  1.010302952408892e-14  3.552713678800501e-15   5.81756864903582e-14  1.811883976188255e-13  3.774758283725532e-14  3.996802888650564e-15 -5.551115123125783e-16 -6.938893903907228e-17   1.02695629777827e-15                      1                      0
 9.547918011776346e-15 -1.562638907159908e-14 -6.572520305780927e-14  4.929390229335695e-14  1.127986593019159e-13  2.220446049250313e-16  6.661338147750939e-16 -5.828670879282072e-16 -3.816391647148976e-16  1.665334536937735e-16 -6.661338147750939e-16                      1
