8
2

                  nan
                  nan
                  nan
                  nan
1.781752673375936e-16
3.247052299700294e-09
3.640494595790031e-08
     4.16193400716932

                     0    -0.8498964766459923   0.008030376913750938 -1.663121310200344e-19   0.000101736467094913    -0.2048275978954608    -0.3398367559603515     0.3466527313029024
                     0    -0.2022101933710145     0.4603237167255195 -9.175117733688099e-16  -0.007221679627785849     0.8407147288380075    -0.1385405672415193    -0.1454861395578532
   -0.9999535877669231  0.0002788838479353646  -0.000174821457338266                     -0  3.787691439475727e-06  -0.002083504314230223  -0.006435648901942098   -0.00685240045186998
                     0  0.0001307588491528156   -0.01562514056223949  2.751145625297055e-11    -0.9998776677296551 -2.764107747127525e-05 -0.0005730534550777376  0.0003978765477679061
                     0  3.442301850104255e-15 -4.332947507266709e-13    -0.9999999999999999 -2.750809547636173e-11  2.154663967025046e-17 -1.584842188642955e-14  1.086729115292098e-14
                     0    0.09208910457571841     0.8865162490004982 -3.250859145582492e-15   -0.01386830030083575    -0.4431193354719829    0.08983402130712316    0.03148508329281137
                    -0     0.4769367801402024    0.03940971371153378  4.668160928433933e-17  4.749131319674278e-05    0.09012760884688142    -0.6411272863695706     0.5931365751285113
  0.009634433665683933    0.02894523061656434   -0.01814464135102138                      0   0.000393122810918118    -0.2162459866803678    -0.6679531389610148    -0.7112075970867825

49.86750087763958
111.4341201782227
57.66201892561136
130.0740051269531
80.11142005538488
187.6740036010742
94.20294870573977
220.3680038452148

 2.397549688112778
0.4171207938101502

    0.5769685614213891  -0.001153423269959295   -0.06464532884872595     -7.850304617368687      18.46930834007385 -0.0008984237978356862    0.01429142222736298 -0.0001924865747342294
   -0.1003798109114611  0.0002006702227486425    0.01124686216898571      1.365779950206531     -3.213252511150351  0.0001563059358432525   -0.00248639242544588  3.348842080271497e-05

 6.302444208675343e-18  7.398521462358011e-18  1.370096567103335e-19  4.281551772197923e-21  2.492191137395522e-31 -3.288231761048005e-18 -1.534508155155736e-17    0.08217810467634371
-1.096486360345753e-18 -1.287179640405884e-18 -2.383666000751637e-20 -7.448956252348865e-22 -4.335863196959757e-32  5.720798401803928e-19  2.669705920841833e-18   -0.01429717866802272

cov:
  0.001607839748971409   0.004830516659658014  -0.003028063361826205                      0  6.560618958568035e-05   -0.03608815058622911    -0.1114711714812044    -0.1186896795438568
  0.004830516659658014    0.01451257267035544  -0.009097368394554876                      0  0.0001971040907360641    -0.1084215095033869    -0.3348986435097324    -0.3565855830674991
 -0.003028063361826205  -0.009097368394554876   0.005702787065128885                      0 -0.0001235569024341588    0.06796523512752792     0.2099349580566214     0.2235296585269562
                     0                      0                      0                      0                      0                      0                      0                      0
 6.560618958568035e-05  0.0001971040907360641 -0.0001235569024341588                      0  2.676990735367603e-06  -0.001472538572747296  -0.004548462503313712  -0.004843006041491006
  -0.03608815058622911    -0.1084215095033869    0.06796523512752792                      0  -0.001472538572747296     0.8100027465843596      2.501983437721696      2.664003692625556
   -0.1114711714812044    -0.3348986435097324     0.2099349580566214                      0  -0.004548462503313712      2.501983437721696      7.728271476893963       8.22872903219768
   -0.1186896795438568    -0.3565855830674991     0.2235296585269562                      0  -0.004843006041491006      2.664003692625556       8.22872903219768      8.761594580078963

cov.inverse():
                   nan                    nan                    nan                    nan                    nan                    nan                    nan                    nan
                   nan                    nan                    nan                    nan                    nan                    nan                    nan                    nan
                   nan                    nan                    nan                    nan                    nan                    nan                    nan                    nan
                   nan                    nan                    nan                    inf                    nan                    nan                    nan                    nan
-2.213609288845146e+20   3.68934881474191e+19                     -0                     -0 -2.361183241434823e+21 -4.611686018427388e+18 -1.152921504606847e+18 -3.173131522115814e+17
                    -0                     -0 -7.205759403792794e+16                     -0                     -0                     -0                     -0       1838365064984199
                     0                      0                      0                      0 -1.152921504606847e+18                      0                      0     -637281919534507.8
-3.602879701896397e+16  1.801439850948198e+16                     -0                     -0 -1.152921504606847e+18                     -0       -562949953421312      136525974337888.8

cov*(cov_.inverse()):
nan nan nan nan nan nan nan nan
nan nan nan nan nan nan nan nan
nan nan nan nan nan nan nan nan
nan nan nan nan nan nan nan nan
nan nan nan nan nan nan nan nan
nan nan nan nan nan nan nan nan
nan nan nan nan nan nan nan nan
nan nan nan nan nan nan nan nan
