8
2

0.09256253001640782
 0.4071049894900025
 0.8967551007944304
  1.533622740691735
  2.158031764985958
  2.735485928295589
  4.108079995603217
   9.25220257434426

  0.4385693835967434  -0.1841797953491762  -0.7476562090450519   0.3082370691155732    0.323202186677333  -0.1183055682851751  0.01896405062468689 -0.03032004089291366
  0.4140856630645078  -0.1319062484731198  -0.0579998819139694 0.006428241560593903   -0.725219866954354   0.2580257229850437   0.4254896345497524  -0.1848403051556984
 -0.7598176841650749  0.01118763399065294  -0.4903526684040916   0.0512083398019408  -0.2048860166775432 -0.05155330545367219    0.234643050616103  -0.2824721328977577
  0.1200961878492613 -0.03992334789454768   0.3154960391636955   0.1494683596683288   0.1027624130430696  -0.6186943958200999   0.1741933504381743  -0.6621316322277132
 -0.1321423993072399  -0.1574852779608165   0.2828145173287808   0.5244511640808167   0.3882432761621111   0.4765918779589279   0.4736627205383895 -0.02178683923746378
  0.1207549033302189   0.3434655277413401  -0.1031500536355266  -0.3233775125056522   0.2455756159458692   0.5219924423908615  -0.1874980386856795  -0.6199175169684847
 -0.1100271268934736  -0.6973560744840174   0.0820373163515811   0.1841199888549391  -0.1554096161201113    0.184107755340483  -0.5846339971228304  -0.2472114888243839
 0.01716458227572353   0.5638118760692026   0.0175673157955831   0.6829811805095785  -0.2861218697030894   0.0217813324262757  -0.3631658756060279 -0.02863630623453006

22.66217312411095
56.21291199377029
35.46942670109171
86.91910106852907
54.42530506234156
131.8916284593485
76.32618449641201
185.5936629731776

2.393526182910798
0.420066908099237

    0.1123919600355758   -0.04547547190323807   -0.04752885495224111    0.02189305338091221     -0.065808320365891    0.02421523664823158   0.001998765568038002  0.0004290311725365429
  -0.01454516618306846   0.005738726367785737  -0.001311255300274847  0.0001245036448743218    0.01559897539051809  -0.005968988783238268 -0.0007793843852298907  0.0002319596425393554

0.0006497967773083542   0.01826072478775504  -0.03932109851964383  -0.04254724301327376   -0.1058163135565128  -0.06275124012714957    0.5550468837357863    0.7726215222450282
-5.92296063475015e-06 -0.003303154434380107   0.00693881077444559  0.006198932951782839   0.01653237837749085  0.007684525071077008  -0.09469434623476172    -0.108623542114022

cov:
  0.9482135448297445    2.502734199648913 -0.01182530833865977  0.05923048586542611 -0.04320217936428251  -0.2574786397212251  0.02615274137083916  -0.1570199331446971
   2.502734199648913    36.42421003182692  -0.6217291850080485    29.56665712277814   -11.63017641144614 -0.07125902204768778   -11.50030603786215  0.01372002390403974
-0.01182530833865977  -0.6217291850080485    1.024927647767265    2.311030121751414  -0.1616873587689369  0.07196888206222143  -0.5544513531410569  -0.3135061103128199
 0.05923048586542611    29.56665712277814    2.311030121751414    42.62179913606739   -16.82935113398667    1.526787755271577   -21.36726159622571   -1.240205612797707
-0.04320217936428251   -11.63017641144614  -0.1616873587689369   -16.82935113398667    8.715479933537129   0.6322007099705118    10.89258047284005  0.07983710001049388
 -0.2574786397212251 -0.07125902204768778  0.07196888206222143    1.526787755271577   0.6322007099705118    4.622962497327368   -2.419725141951637   -2.323905093598732
 0.02615274137083916   -11.50030603786215  -0.5544513531410569   -21.36726159622571    10.89258047284005   -2.419725141951637    18.51200635540009    3.813439513231167
 -0.1570199331446971  0.01372002390403974  -0.3135061103128199   -1.240205612797707  0.07983710001049388   -2.323905093598732    3.813439513231167     5.08042965881193

cov.inverse():
  24.21452612881642  -9.755293813864217  -37.94671550853867   15.73217471413716   14.92484510980302  -5.400323836008447   1.808277913815907  -1.788538595547942
 -9.755293813864229   4.118691610024024   16.08854409419718  -6.668704746912512  -6.372496378791285   2.347981555651967  -0.748856829540657  0.7885112308747946
 -37.94671550853884   16.08854409419723   65.62354543977121  -26.87385969426065  -27.79179192556136   10.20452363157081   -1.89504593030055   2.799949887219659
  15.73217471413719  -6.668704746912532  -26.87385969426064   11.18267840559021   11.62204889867644  -4.255474370746768  0.7769356618364067  -1.136621442031301
  14.92484510980324  -6.372496378791374  -27.79179192556163   11.62204889867655   15.46500590221732  -5.550686743897865  -1.158717851030018 -0.3116837380710501
 -5.400323836008518   2.347981555651997    10.2045236315709  -4.255474370746805   -5.55068674389786   2.288541583135047  0.3686298566462137   0.274996618051266
  1.808277913815812 -0.7488568295406176  -1.895045930300386  0.7769356618363386  -1.158717851030097  0.3686298566462426   1.290366341558347 -0.6511069417877522
 -1.788538595547905  0.7885112308747786   2.799949887219587  -1.136621442031271 -0.3116837380710069  0.2749966180512505 -0.6511069417877571  0.6541591227646774

cov*(cov_.inverse()):
    0.9999999999999885  1.552924455694438e-14  5.268008251846368e-14  5.023759186428833e-15 -1.255939796607208e-14 -3.608224830031759e-16  1.512678871051776e-15  2.081668171172169e-16
-1.073099942239253e-14      1.000000000000008   1.81452075587174e-14 -1.283695372222837e-16 -4.423544863740858e-16 -7.812760854930545e-15  1.632374790894175e-15   1.43982048506075e-15
 6.217248937900877e-15  5.273559366969494e-16       1.00000000000002 -7.716050021144838e-15   -3.4555691641458e-15  1.165734175856414e-15  -6.38378239159465e-16  6.938893903907228e-16
 2.620126338115369e-14 -3.219646771412954e-14 -1.101341240428155e-13      1.000000000000021  5.051514762044462e-15 -2.220446049250313e-15 -4.329869796038111e-15  3.774758283725532e-15
 7.005507285384738e-14 -1.015854067532018e-14 -3.544387006115812e-14  1.340594302234877e-14      1.000000000000023 -3.191891195797325e-16  4.232725281383409e-15 -3.913536161803677e-15
 8.881784197001252e-16 -1.110223024625157e-15 -6.217248937900877e-15  -1.77635683940025e-15  4.440892098500626e-16     0.9999999999999992 -4.440892098500626e-16                      0
 1.332267629550188e-14  1.554312234475219e-14 -1.598721155460225e-14  9.769962616701378e-15  1.798561299892754e-14   1.13242748511766e-14     0.9999999999999987  3.996802888650564e-15
  1.77635683940025e-15 -4.440892098500626e-15   -1.4210854715202e-14  8.881784197001252e-16  6.439293542825908e-15 -2.220446049250313e-16                      0     0.9999999999999996
