10
2

0.3900109803381777
0.9042684124352073
0.9353742055902535
0.9918453454259207
 1.029313437049404
 1.287988605769029
 1.489535968823588
 1.581922893864769
  3.89970652974901
 56.71962152716154

    0.2642986137200376     -0.535447309557706    -0.3561089539645126      0.707902900008772    0.01219519547757948   -0.03112503954591022     0.0289457821951646    -0.0572731574647725    0.04982930522271983   -0.08822581893770159
   -0.6470200847952974    0.09695588190253833    -0.5205599803117974    0.07168937570159717     0.1990823307811012     -0.177113925726017     0.1708241127516228    -0.1024227087548773    -0.4100049652951691     0.1306293600122447
  -0.09583101406860953   -0.03796992197162832    -0.2696817707661598   -0.07912214629250124    -0.7386140432166949     0.1554301384450978    -0.5328971291655068    0.04675292462479901    -0.2165123210990051   -0.08737348599592909
  -0.01864677725330183    0.03961823120177524   -0.04127418341380991    0.03447163986193121     0.5251477013179778    -0.2429848986563774     -0.766040863112627     0.2534956827226196    0.04807707406170691   -0.08354042100069775
   -0.3478099908581901    0.02376306188385724    -0.3297077333233949   -0.07984847336094389   -0.08321399848355684    0.05810946163431626    0.05805028308814104     0.1323457693490953      0.847772454024635    -0.1160857791832594
     0.614682466937165     0.3057770243488954    -0.6283071321913188     -0.309407014645862    0.07756609617177587   -0.08476784856625942    0.07213108355273117   -0.04342381752519679    0.00367639001005454     0.1336383131197465
    -0.013074514402447    -0.2724446716148307    -0.1553274192585061    -0.2758366125918108     0.3137640998723166     0.7032328144474846    0.07027211143005416       0.19795473337897    -0.1906111047759959     -0.389806840501647
  -0.04904492678999954   -0.02202248494490465   0.002364498019888427   0.003554944016046072     0.1656197469540691     0.4042176670286242    -0.2926884355791088    -0.7497573352050834     0.1574506613218425     0.3656176433785974
  -0.02443953973919373     -0.695794380131652     -0.012753964736493     -0.462871780461581  -0.008232751716202975    -0.2171115528717884   0.002427137019664233     0.1397795422773145    0.01920801155629798     0.4834682791847252
 5.765160108822653e-05     0.2190416315379678  2.621850045225373e-05     0.3063140064559397  0.0001782469405852693     0.4108937363709703   2.05609402900557e-05     0.5286983902491685 -0.0002777900255955156     0.6401849180416531

35.55880383425843
15.65698475996787
50.51439272191868
22.30068012610255
68.31833916205863
30.21943255816656
88.52936169957539
 39.1911261997691
107.7386856949021
47.70485698923855

0.4442283149451307
 19.44755494901235

 0.008862842750627702  -0.01995229363656296  -0.00216749702334004   0.00495236524133764 -0.001278285758655118   0.00286274539220889 -0.002402718886978819  0.005184899600656304 -0.003367910852321267  0.007450217863973201
    30.66521577295703    -35.13818924733017    -33.04328869103239     39.13361471838962    -18.84794573188228     5.190039063968811     8.983976069758427    -3.851987167948278     13.37712998900266    -7.488523184501012

  0.002434829088815432  -0.004525582836828169   0.002704493605203138  0.0003031584863195496  -0.006503287712915089 -0.0009631461007276541   0.009979989935363059 -6.969986900049684e-05      0.228823995826877      18.77108914459944
      10.3138363120323       -10.177608052992      10.26178131889608     -16.72384217812694      10.97735070207235      24.41896886004653      3.293405585661729     -5.170101302778669      17.56964904500682     -1330.488974400808

cov:
     1.131776812583354     0.5425180065810896     -0.225765866607832   -0.05313451461696281    0.03088055935540895    0.06291979119696554    0.05466579777627401    0.08265235522699045   -0.09344514150823582    0.02072876548211984
    0.5425180065810896      162.0929585860558   -0.08473845944716088       220.711465528473     0.1109769791389144       291.331821348938 -0.0004580862877715357      370.9931235473926    -0.2967477231409767      446.3086743361078
    -0.225765866607832   -0.08473845944716088      1.132263320875418     0.5094956643711345   -0.08976784284618421   -0.04486872484733108   -0.03931901012251652   -0.03076848280276604    -0.0161450250759311   -0.02883117798122454
  -0.05313451461696281       220.711465528473     0.5094956643711345      305.5361232013485    0.09220384534903144      406.0215875802151   -0.06032524011187431      519.8970447700253    -0.3665592436543647      627.6498206716491
   0.03088055935540895     0.1109769791389144   -0.08976784284618421    0.09220384534903144      1.086568956184832     0.6490012642153674   -0.09202916392669146     0.1794510032958497    -0.0461694262190378     0.2485829149622629
   0.06291979119696554       291.331821348938   -0.04486872484733108      406.0215875802151     0.6490012642153674      545.5008765310005   -0.08806041687729785      697.9465379002645    -0.4988810305555488      844.3846816917336
   0.05466579777627401 -0.0004580862877715357   -0.03931901012251652   -0.06032524011187431   -0.09202916392669146   -0.08806041687729785      1.087363873592143       0.39570515490348   -0.08410610360959617    -0.1379771923230224
   0.08265235522699045      370.9931235473926   -0.03076848280276604      519.8970447700253     0.1794510032958497      697.9465379002645       0.39570515490348      901.1412116277913     -0.655146532219116       1088.99017764548
  -0.09344514150823582    -0.2967477231409767    -0.0161450250759311    -0.3665592436543647    -0.0461694262190378    -0.4988810305555488   -0.08410610360959617     -0.655146532219116      1.091128289170128    -0.2572996731200985
   0.02072876548211984      446.3086743361078   -0.02883117798122454      627.6498206716491     0.2485829149622629      844.3846816917336    -0.1379771923230224       1088.99017764548    -0.2572996731200985      1322.790996269085

cov.inverse():
   1.325068971935221  -0.8950301842182502  -0.3002219790220339    1.095182171831938 -0.01441370552072303  0.01144120871562753 0.001004628170294533 -0.07463161172542608   0.1548690576260401  -0.1635265148049062
 -0.8950301842182499     2.02199522344515    1.098309588645189   -2.482396685191199 0.006701365050451314 -0.02223604323631355 -0.08092959308809049   0.1685419778244487  -0.1718562190219655    0.371086748781523
 -0.3002219790220273    1.098309588645175     1.60141644846016   -1.518265985102172  0.02505932670269501   0.1132615793088856 -0.03070107846248003   0.1348194587862541 -0.04266245895045733   0.1665658595842354
   1.095182171831924   -2.482396685191168   -1.518265985102173    3.421321220258262   0.1126886295828192  -0.2517275748383249   0.1439826679618969  -0.3026249058112754   0.1759788139957202  -0.3760196145464434
-0.01441370552073018 0.006701365050467488  0.02505932670270407   0.1126886295827988    1.018820664202746   -0.188749927419371  0.07423590166448669  0.03219627328155857  0.02965826231850294  0.03807243959466541
 0.01144120871564381 -0.02223604323635038   0.1132615793088648  -0.2517275748382779  -0.1887499274193709   0.4312159617462796  0.02607667022332646 -0.07121643821945912  0.03932543486999052  -0.0896389379156413
0.001004628170297781 -0.08092959308809784 -0.03070107846248455    0.143982667961907  0.07423590166448735  0.02607667022332497    1.005053691086148   -0.158819850177616  0.04042563742041192  0.07318852045790704
-0.07463161172543414    0.168541977824467    0.134819458786265     -0.3026249058113  0.03219627328155717 -0.07121643821945599  -0.1588198501776161   0.3635469436794056  0.07521299785401618   -0.167108327295492
  0.1548690576260389   -0.171856219021963 -0.04266245895045738   0.1759788139957202  0.02965826231850441  0.03932543486998715  0.04042563742041123  0.07521299785401776   0.9825125862019575  -0.1123515322407515
 -0.1635265148049035    0.371086748781517   0.1665658595842351  -0.3760196145464427  0.03807243959466227  -0.0896389379156341  0.07318852045790855  -0.1671083272954956  -0.1123515322407515   0.2487455697159695

cov*(cov_.inverse()):
    0.9999999999999996 -8.847089727481716e-17 -3.686287386450715e-17 -2.099015405931937e-16  4.228388472693467e-18  3.686287386450715e-18  1.235990476633475e-17 -3.903127820947816e-18  2.905661822261152e-17                      0
                     0                      1  4.263256414560601e-14                      0  -1.06581410364015e-14                      0  7.105427357601002e-15    1.4210854715202e-14  7.105427357601002e-15    1.4210854715202e-14
-1.153591111524577e-16   1.35308431126191e-16                      1 -2.706168622523819e-16  1.301042606982605e-18  8.239936510889834e-18 -5.637851296924623e-18  5.204170427930421e-18 -1.387778780781446e-17  2.775557561562891e-17
 2.842170943040401e-14  2.842170943040401e-14  7.105427357601002e-14      1.000000000000028  -1.06581410364015e-14 -7.105427357601002e-15   -1.4210854715202e-14  2.842170943040401e-14    1.4210854715202e-14  2.842170943040401e-14
 2.081668171172169e-17 -4.163336342344337e-17 -6.938893903907228e-18  2.775557561562891e-17     0.9999999999999998 -3.469446951953614e-17  1.387778780781446e-17                      0  6.938893903907228e-18 -6.938893903907228e-18
 8.526512829121202e-14  -1.13686837721616e-13  8.526512829121202e-14   1.13686837721616e-13 -2.131628207280301e-14      1.000000000000014 -7.105427357601002e-15                      0    1.4210854715202e-14 -2.842170943040401e-14
                     0 -2.081668171172169e-17  1.040834085586084e-17 -6.938893903907228e-18  1.040834085586084e-17 -8.673617379884035e-18     0.9999999999999999 -6.938893903907228e-18 -1.734723475976807e-17 -6.938893903907228e-18
 8.526512829121202e-14  -1.13686837721616e-13 -2.842170943040401e-14   1.13686837721616e-13                      0    1.4210854715202e-14    1.4210854715202e-14     0.9999999999999716    1.4210854715202e-14  5.684341886080801e-14
-6.938893903907228e-18 -4.163336342344337e-17 -1.942890293094024e-16   9.71445146547012e-17  1.908195823574488e-17  2.775557561562891e-17 -1.040834085586084e-17                      0                      1  -9.71445146547012e-17
-8.526512829121202e-14                      0  2.842170943040401e-14 -2.842170943040401e-13   -1.4210854715202e-14                      0   -1.4210854715202e-14  2.842170943040401e-14                      0      1.000000000000057
