12
2

0.01641525548387214
0.02455207899173577
0.02767568079140612
 0.1553796970029741
 0.2533783527566466
 0.3353526408987308
 0.7716602386942267
 0.8439164265766288
 0.9069234433658446
 0.9833564956265846
  2.700839302192403
  3.536811561082731

    0.3434862222704465     -0.140212603959047    -0.7114909377447893     0.2892091031260043     0.4750982573771326    -0.1838007617321155   -0.08579885296769965    0.03606805997913191  -0.002287460115312396   0.002097142520236778    0.06574853122309207 -0.0006773785090959029
   -0.2269222742660543    0.09245502347221946     0.2224162047131246   -0.08983339285603668     0.4952897053577903    -0.1862680492731382    -0.4503301366189603      0.185305826094581  0.0005419218683025355   0.001976443964275094    -0.6043761755214099  -0.001192640952134688
   -0.2019795527109445    0.08190215068299486     0.2239836996800796    -0.0910546550340401     0.3277854376723518    -0.1297935410975864    -0.3458313564139051     0.1409489827197498  -0.007752335102855819   0.002940484817748985     0.7938458172545961   0.004596094189090195
    0.1402424696032945   -0.04218840634591529    -0.1676078883763374    0.06086515358806597    -0.6285931626656771    -0.2397501465702114    -0.6483815572133779     0.2507132893511296    0.08162896686774743   -0.06105048954591009   -0.01118176751657654   -0.01935046174171093
  -0.05594081953717364    0.01207041534336797    -0.0079425977818528   0.005547466119858254    0.05093297856976867    0.01589434304494355    0.04884502547425712   -0.04154776666076097     0.9923132214412801   -0.06697946155507009   0.007439130575028633    0.02109740000773134
    0.7392755820252426    -0.2396775157856501     0.3705419850974191    -0.1374511611155181     0.1461637430427123     0.3948632279650526    -0.1941958991280262    0.05642467938493701    0.05294413282472814    0.05777868047519027   0.003122611871598483    -0.1245163031579732
   -0.2519711685163644    -0.0618197235471962    -0.1949945073417622    0.03361661188049039   -0.01589058982697136     0.4371980331901106    0.09529427754139796     0.6808829539530663    0.03480821833081369     0.3951510330112934   0.000237966721332263    -0.2685194267860458
    0.1060314562015774    0.01060454128754488    0.03193488971670742   -0.02346841265190492 -0.0001791534815555642    0.04894407225239218    0.08924714875481791     0.3342183201733154 -0.0001869270860562872    0.06588900703982165  -0.003820811062822857     0.9277153562562568
  -0.08788487414193186   -0.01249681237350982   -0.09023131672167031   -0.02769938482468638   -0.03123905622269836      0.107574518842413    -0.2716608833028123      -0.49177845123298     0.0376143042157599     0.7936799760023162  -0.002795892643058857     0.1538399771983456
    0.2930240137618416     0.1288146900524529     0.2016101580334984   -0.09497130703424825   -0.03312836046789977    -0.6710322064565597     0.3390095966306593      0.243985446169313    0.05613601444057946     0.4394191840661685    0.00166903043576917     -0.160611724288384
   -0.2172424512404264    -0.8677277055417772     0.2339262669976507     0.3197987084936375  -0.008290510689787299    -0.1926274538259486    0.05403608337076943  0.0006550345180398319   0.001021462757591932    0.03753011062801442 -5.959806646747559e-05    0.03684673683674933
   0.06991994891718642     0.3634264213517636     0.2934852432993664     0.8738593027367862  -0.006666768930642786     0.0923359148339452   -0.03244036056096256    0.00694699118093579   0.001922986624774669    0.05932899607556575  5.274997884141986e-05  -0.008610046533864128

22.42978394020987
45.84065851191043
35.66024899669922
78.43590644098101
49.88382726663988
113.4736144527312
56.34182456799947
129.3808430333291
91.40116344167187
218.3884713121639
107.5165817651409
259.1383808751259

 2.463023699728274
0.4060856580837102

    0.0858959830748577   -0.03492125578392076 -0.0002508005458819812  0.0001980868534270149   -0.06907243162875455    0.02808743684347818    -0.0170614624110969   0.006806365599673206 -0.0002421376044227423  0.0001891722972574166    0.00398503939572882 -1.736209417241816e-06
  -0.01390328950788518   0.005650252399206684 -0.0001753456753119139  5.491862612658406e-05    0.01123124101072624  -0.004576951780975053    0.00282950767781128  -0.001123974115852557  2.876260932051592e-05 -2.339519189085711e-05 -0.0001398519940003896 -2.581318116908082e-05

-3.692035698718131e-07 -3.357637131895902e-05 -2.799094167557955e-05   0.001519818110519699 -0.0006185497903298394   0.008598053385846658  -0.001771691528006189   0.007734138122828502 -0.0004102897845495272 -4.217877027830687e-06    0.04302224535440475   -0.03652957101631244
 1.232525173265991e-07  5.214691727832163e-06  4.790042515388626e-06 -0.0002469472610442654  0.0001001774517589927  -0.001403601678091825  0.0003057440507504829  -0.001278582213377757  7.022230055356022e-05 -7.035974960926191e-06  -0.007054172505275059   0.006000010006921048

cov:
     0.602841564512445      1.720264771888946    0.01144674327804069     0.2146128965113962    0.01231503783335803     0.1581872129960299   -0.02427457661565473    0.03844561608927602   0.009128977228220175    0.01008029625538985  0.0006523571029095057   -0.02270043533223944
     1.720264771888946      7.169664559515298    -0.1227684313359636      1.939110145158003    0.01571660684771367       1.52822381177512    -0.4414325418057898    0.03855142905830993   0.006858046714280397    0.06314512225213642  0.0007626819420339557    -0.2736737076399411
   0.01144674327804069    -0.1227684313359636      1.562312891852049      3.726870106629196   -0.03228094536821002    -0.1607616299833254    0.04473202019442207    0.04062902852617646    0.01427837331081981     0.2669198193770836  0.0007244488185116929    0.03569329750374621
    0.2146128965113962      1.939110145158003      3.726870106629196      10.31096486483118   -0.09195391039766405     0.6206408076998948    -0.2509755905004485    0.07377170587981738    0.01774617025984932     0.6834476640587352  0.0003370702463317569   -0.01589456140259727
   0.01231503783335803    0.01571660684771367   -0.03228094536821002   -0.09195391039766405    0.01547135548430922    0.02860746592422614   0.001219662986540721  -0.005202168578243574 -0.0004420683611959788   -0.04377581702987277  0.0002884416593583666  0.0004210495611390247
    0.1581872129960299       1.52822381177512    -0.1607616299833254     0.6206408076998948    0.02860746592422614     0.9567607931024349    -0.3342234989361718  -0.004844800882416386   -0.02036439562206289   -0.09109480061914813  -0.001060285164618634    0.01314789731876125
  -0.02427457661565473    -0.4414325418057898    0.04473202019442207    -0.2509755905004485   0.001219662986540721    -0.3342234989361718     0.2321380317337909      0.241810675565388    0.01226297493449096   -0.01648257462114554  0.0009800480256627474   -0.02219082113666129
   0.03844561608927602    0.03855142905830993    0.04062902852617646    0.07377170587981738  -0.005202168578243574  -0.004844800882416386      0.241810675565388     0.6147236891064137    0.01045198774925626   -0.03596082566173547  0.0006671331631825947     0.0102988888122244
  0.009128977228220175   0.006858046714280397    0.01427837331081981    0.01774617025984932 -0.0004420683611959788   -0.02036439562206289    0.01226297493449096    0.01045198774925626    0.06867985326483921    0.05425284722653301  0.0004758956910367131  -0.009016096769971133
   0.01008029625538985    0.06314512225213642     0.2669198193770836     0.6834476640587352   -0.04377581702987277   -0.09109480061914813   -0.01648257462114554   -0.03596082566173547    0.05425284722653301     0.8559657545096077  -0.001210573961432534     0.0153603365856123
 0.0006523571029095057  0.0007626819420339557  0.0007244488185116929  0.0003370702463317569  0.0002884416593583666  -0.001060285164618634  0.0009800480256627474  0.0006671331631825947  0.0004758956910367131  -0.001210573961432534  0.0007313252034725641  -0.003222418126756573
  -0.02270043533223944    -0.2736737076399411    0.03569329750374621   -0.01589456140259727  0.0004210495611390247    0.01314789731876125   -0.02219082113666129     0.0102988888122244  -0.009016096769971133     0.0153603365856123  -0.003222418126756573     0.7129119025516562

cov.inverse():
   582.4841806371012   -236.8684233028633   -1048.120214992732    425.8853769608449      329.99533787808   -129.1451124724993    146.3681464349824   -59.19739175561852   -1.119802468627024    1.127544019072393    101.9364829273729   -2.390312117106594
  -236.8684233028629    96.62153631623167    427.8159802869621   -173.8443765702494   -135.4052315618183    52.66259324458635   -59.81449661846954    24.13324773361071   0.3787443084734523  -0.4990310694509597    -42.0077801592667   0.9774833841706617
  -1048.120214992789    427.8159802869856    2028.720486728354   -824.2822712324094   -971.0211634276145    381.2967037719783   -36.81361382721656    12.70208698718108    3.454048719089706   -3.445034018778482   -164.3696456746367    2.494163592483864
   425.8853769608691   -173.8443765702591    -824.282271232409    335.0268378061371    395.3836033413007   -155.0851536312715      14.721302855414   -5.079729066872374   -1.392079487739424    1.332462414441206    66.23180070749103   -1.024566066166435
   329.9953378782648   -135.4052315618934   -971.0211634279141    395.3836033414225    1401.493498622486   -525.8828899641135   -652.6206669701357    269.6722053576936    -8.17902550875252    8.135535224646443   -40.62931386926829   0.1579349226101452
  -129.1451124725718    52.66259324461589     381.296703772097   -155.0851536313197   -525.8828899641142    209.5042135654514      261.85279109383   -107.7593998026751    2.318956888216979   -1.653960568983828    7.506645273742176  -0.1909268555215003
   146.3681464348631    -59.8144966184208   -36.81361382698324    14.72130285531916   -652.6206669702527     261.852791093876    537.9094291243222   -220.0220077849919     2.30788496799547   -2.019551229206961    72.44124639686308  -0.2513287382935719
   -59.1973917555694    24.13324773359066     12.7020869870853    -5.07972906683344    269.6722053577413   -107.7593998026939   -220.0220077849916    91.67915888484326   -1.302724308875969   0.9868655348543998   -31.02350526776642   0.1072170069175262
  -1.119802468627354   0.3787443084735856    3.454048719090155   -1.392079487739607   -8.179025508752259    2.318956888216875    2.307884967995092   -1.302724308875814    15.74394242241324   -1.175366796882484   -9.057590659074803   0.1419809529600636
   1.127544019073024  -0.4990310694512159   -3.445034018779486    1.332462414441615    8.135535224646389   -1.653960568983804   -2.019551229206523   0.9868655348542211   -1.175366796882484    1.522369420920346    1.597694282619215 -0.04534049690498816
   101.9364829273631   -42.00778015926265   -164.3696456746083    66.23180070747948   -40.62931386930607    7.506645273757137    72.44124639688143   -31.02350526777398   -9.057590659074727    1.597694282619089    1444.765488667165    5.796059309838696
  -2.390312117106371   0.9774833841705702    2.494163592483302   -1.024566066166207   0.1579349226107414  -0.1909268555217364  -0.2513287382938181   0.1072170069176279   0.1419809529600621 -0.04534049690498613    5.796059309838758    1.577132725516512

cov*(cov_.inverse()):
    0.9999999999992111  1.332475796367305e-13 -3.165384621084399e-13  -1.41064243619482e-13 -3.710920459809586e-13  5.123765994818896e-14  -7.32174737505531e-14 -2.964208739575369e-15  9.128982292327947e-16 -1.672273430841642e-15 -4.574118861455645e-14  7.216449660063518e-16
-1.039168751049147e-13      1.000000000000026 -1.314504061156185e-13  1.182387521225792e-14  3.429201367310952e-14 -9.575673587391975e-15 -4.853062396392716e-14 -1.391248227733399e-15  2.498001805406602e-16 -3.642919299551295e-17  1.176836406102666e-14  -3.33066907387547e-16
-6.619566006449418e-13  2.071329219255347e-13      1.000000000001066  -6.33819385864598e-13 -7.376842192652333e-13  1.454687065249871e-13 -3.901566569819437e-14  9.565265246536114e-15  2.566523382707686e-15 -2.150623429342247e-15 -1.132149929361503e-13  1.575128916186941e-15
 6.548719899690525e-13 -2.388471365133427e-13  8.844036614163997e-13     0.9999999999994013  8.931093711805893e-14 -1.346505372479267e-13  2.541890309348815e-14 -1.495765317161002e-15 -3.556183125752455e-17  1.148603781531143e-15  1.057487430955462e-13 -3.989863994746656e-16
-8.897179867850546e-15 -2.105466408858225e-15 -5.116436788132894e-14  9.381167717648076e-15      1.000000000000004 -2.628377116647984e-15  -2.65400494550011e-15  6.459947594211757e-16 -3.354250471127029e-17 -1.950208657758301e-17 -2.619432448724979e-16 -3.577867169202165e-18
  5.59094437413421e-13  2.898722928357245e-14  6.698322452258765e-13  -6.36660862918248e-14  1.668300914081655e-13       1.00000000000004  4.598231517771723e-14 -9.377698270696122e-15  5.442694905877232e-17   1.21994428448069e-15  1.745825706223059e-14 -1.908195823574488e-16
-3.956904248703097e-13  5.933101232535876e-14  3.405609128037668e-14 -1.017623485477515e-13 -1.977532720909281e-13  3.786467667188376e-14     0.9999999999999799  1.489260104126089e-15   4.87890977618477e-16 -1.007223818239034e-15 -3.189115638235762e-14  3.122502256758253e-16
-5.716954687429165e-14  -8.73086325459127e-15 -1.967800922209051e-13  3.912321855370493e-14  6.520608705762321e-14 -5.315756515522629e-14 -1.050808745572951e-14      1.000000000000007 -2.732189474663471e-16  1.469093943717859e-17    3.4555691641458e-15 -3.122502256758253e-17
 8.743006318923108e-16 -9.357098429418897e-15 -7.296940829348841e-14  2.128158760328347e-14  1.834448391802024e-14 -1.094111780342022e-14 -8.782037597132586e-16 -2.905661822261152e-16                      1  6.396792817664476e-18  3.698430450782553e-15 -4.336808689942018e-17
   4.6747328230623e-14 -2.882069582987867e-14 -1.476943567446654e-13  4.256664465351889e-14  3.333878312306027e-14 -8.156669784042947e-15 -6.364266752489911e-15  9.443400922348744e-16 -1.535230276239474e-16                      1  9.506284648352903e-15 -1.665334536937735e-16
-5.316927453868914e-16 -3.282964178286107e-16 -3.684552662974738e-15  7.658804146437603e-16  4.158999533654395e-16 -4.124305064134859e-16 -6.711211447685272e-17 -2.276824562219559e-18 -6.505213034913027e-18  4.282598581317743e-18                      1 -3.642919299551295e-17
-8.504308368628699e-14 -1.998401444325282e-14 -2.307043445171075e-13  5.395683899678261e-14  4.579669976578771e-15 -3.191891195797325e-14 -8.770761894538737e-15 -4.579669976578771e-16 -8.326672684688674e-17 -6.245004513516506e-17  4.440892098500626e-15     0.9999999999999998
