10
2

0.2800823024186368
0.7576705226823756
0.8370028932359206
0.9128545534683522
 1.289693235981028
  1.43132515593431
 2.112628245485462
 2.720161353322351
  3.96313010916546
 6.581195579488768

   0.4282613577702972   -0.1607003944558275   -0.7920007931446384    0.3187440807313981   0.09762029897496903  -0.05684977645692402    0.1420640534268472  -0.02351981526932364    0.1653763135061562  -0.03253037671194828
  -0.3698831467707405   0.04975100640063959   -0.1285797866908117   0.03528995152959147    0.2427535470401044     0.241523216650312    0.4764394303521425   -0.6208620279753191    -0.179459598240321    0.2846058118073834
  -0.5166096238886301   0.07685124463646381   -0.1844094727628957    0.1126723196423162    0.1897709746671098   -0.7884468534058653  -0.00106694972985163    0.1430891402541803  -0.04786281963409911  0.008861378547258946
   0.6021306801532116  -0.01968247089676633    0.3083331543019541   -0.1499498017704488   0.01145978269240404   -0.5376713502233484    0.2071364464818015   -0.3536141933276509   -0.2043951840820276    0.1433501424299391
  -0.1737475107812724  -0.04776645015014112  -0.08278318735807128   -0.1819662639636525   -0.6750134480969239   -0.1544325271534434    0.1769867268008438   -0.3531186840593228    0.4388623032881827   -0.3153658242577062
  0.02135079758223479 -0.005611816772436736   -0.1106976361059196    -0.487448074334808    0.5447192032817166  0.005787684623018111   -0.2848717580899572   -0.2958965112461395     0.129998302925686    -0.517005153492053
-0.003310915100809365 0.0007201382003541737    0.1532671390587765    0.3530161945204126   0.09361144632097154  -0.05522265072327846   -0.5556338353445539   -0.3864167029660762    0.4860883640819491    0.3817537173247744
  0.01537839233279012   0.07551402966823059    0.3083647026427191    0.6810266309825527   0.09602256498833249   0.01837938840576386    0.1219077270682757   -0.1440184719794346  -0.09911884286733205   -0.6165951510695123
  -0.1368316402598273   -0.8516830175259413  -0.01783684874477079   0.04542710212997037   -0.1304211855840656   -0.0175296866111458   -0.2588075349727488   -0.1460763191214685   -0.3821691415849794  -0.04291276724071331
  0.02678430050921977    0.4816915312269882   -0.2985314267432952   0.02789555435027217   -0.3286964498257631   0.01087113237070665   -0.4548281158949641   -0.2545871770468006   -0.5428787261012271  -0.05288289571249869

22.68451503729971
 54.8830809754841
54.15293962119996
 131.250029024568
65.20009360001245
158.1613264643914
75.96577648561392
184.8486859395032
90.18476044533085
219.6261094378561

 2.431372452547911
0.4122115427419827

   0.07577534153245213   -0.03112200500331199   -0.07494848517938607    0.03028245885650361  0.0003668408908990375 -0.0003723946128612824  -0.001327519174265152   0.001349296987235569  -0.001014422921445758   0.002008937834480117
  -0.01284704310964263   0.005278787449927399    0.01265325746013732  -0.005046952264119544 -3.853970078098248e-05  5.813289832062868e-05  0.0001910444928166859 -0.0001085003133809363  0.0001323952915040514 -3.487574032957436e-05

 0.008320630252812801  -0.01124485962704876  -0.01659012078792208   0.01544687136763605  -0.02156541354265339  -0.01160769295684673 -0.002344474546886005  -0.03802549758559648    0.3024540006061744     0.469405198222687
-0.001406900652016093  0.001916718001591703  0.002847854958984664 -0.002639162839703996  0.003341846275229752  0.001531991560665052 0.0008212687108380259  0.005256666547914673  -0.05138540722530878  -0.07950091546636889

cov:
   0.9601104818583488     2.357670910795271  -0.03393739863919432  -0.07452719370816739   0.01622377284426233   0.06045834030295242 -0.005028734487671329 -0.001150228884351452   0.01036938589199714   0.03079319897092022
    2.357670910795271     21.49639243337557    -5.817719140487736    0.3815493557576259    -4.995942704767258    0.4575762554455188    -5.963178448220155    -3.411617012465279    -6.310515780383297   -0.8348926174424534
 -0.03393739863919432    -5.817719140487736     4.871697581304417     1.482059756053891      4.49357728462522    -0.162121916829022     5.901113952643875     2.793482482676089     7.099591693311554   -0.2725541422730288
 -0.07452719370816739    0.3815493557576259     1.482059756053891     4.632257624318206   -0.1775943486990479   0.05561614417480495   -0.7771777760452966    -1.301693707725577   -0.9025772938349663    -2.000628411675372
  0.01622377284426233    -4.995942704767258      4.49357728462522   -0.1775943486990479     6.479675006362668  -0.02575871657783547     6.412502431255038     3.655101713972358      8.26451841051294    0.3812643597815804
  0.06045834030295242    0.4575762554455188    -0.162121916829022   0.05561614417480495  -0.02575871657783547    0.7759442925459369  -0.06500626609889325   0.07661654793183156   -0.3024717482421168   -0.1456676617237824
-0.005028734487671329    -5.963178448220155     5.901113952643875   -0.7771777760452966     6.412502431255038  -0.06500626609889325     11.88584408961636     6.274939266814346     10.92395345993962   0.02441793998981153
-0.001150228884351452    -3.411617012465279     2.793482482676089    -1.301693707725577     3.655101713972358   0.07661654793183156     6.274939266814346     4.688959657542132     5.912800671763067     1.036158948723086
  0.01036938589199714    -6.310515780383297     7.099591693311554   -0.9025772938349663      8.26451841051294   -0.3024717482421168     10.92395345993962     5.912800671763067     16.59810156327835     2.359112547346386
  0.03079319897092022   -0.8348926174424534   -0.2725541422730288    -2.000628411675372    0.3812643597815804   -0.1456676617237824   0.02441793998981153     1.036158948723086     2.359112547346386     4.390417020274597

cov.inverse():
    3.411991693655275   -0.9674564548502186    -3.874155667675811     1.540650081084388    0.3221204237674327   -0.2566526784125241    0.6002326567340447  -0.05449170339528923    0.8640109517820002   -0.2375924030618618
   -0.967456454850221    0.3961066804508211      1.58729375769842   -0.6225866212099131    -0.136090403389923   0.06926904377207681   -0.2489161381386568    0.0329323686250887   -0.3539630515143278   0.09487181584556466
   -3.874155667675831     1.587293757698424     8.217852852430045    -3.235467338960989    -1.071877866607573    0.5346476957571089    -1.468071845927797    0.2242257033218197    -1.704621845340529    0.3468503663181349
    1.540650081084405   -0.6225866212099155     -3.23546733896099     1.569040822006288     0.399928562340219   -0.2334009440455198    0.5837302660339735   0.01754017651743945    0.6389383856242666 -0.008254304077715767
   0.3221204237674368   -0.1360904033899238    -1.071877866607575    0.3999285623402198    0.7012547205843535   -0.1262261074466294    0.2287782394190386   -0.2001132803754633  -0.01319975203439583   0.07552261630560364
  -0.2566526784125251   0.06926904377207715    0.5346476957571101   -0.2334009440455203   -0.1262261074466293     1.392182654572062  -0.04483845470438547   -0.1405696078630477   -0.0559530385796233   0.06244864584842291
    0.600232656734042   -0.2489161381386556    -1.468071845927789    0.5837302660339706    0.2287782394190375  -0.04483845470438477    0.8428466807863878    -0.591604984398753   0.07829002564955886     0.194824704325866
 -0.05449170339528547   0.03293236862508694    0.2242257033218102    0.0175401765174432   -0.2001132803754623   -0.1405696078630483   -0.5916049843987512     1.014625554558411     0.076109384121719   -0.2357909443564581
   0.8640109517820054   -0.3539630515143289    -1.704621845340532    0.6389383856242677  -0.01319975203439589  -0.05595303857962317   0.07829002564956099   0.07610938412171692    0.6525579354126781   -0.2577884786401575
  -0.2375924030618652    0.0948718158455655     0.346850366318138 -0.008254304077717021   0.07552261630560342   0.06244864584842302    0.1948247043258651   -0.2357909443564576   -0.2577884786401581    0.4538430149788485

cov*(cov_.inverse()):
    0.9999999999999976  1.725616177727929e-15  1.022966433783523e-14 -1.122544982315454e-14 -2.018350764299015e-15  1.771586349841314e-16 -4.241398898763293e-16  5.603156827405087e-16 -2.426878142891553e-15  1.290634266126744e-15
-1.443289932012704e-15     0.9999999999999988 -1.232347557333924e-14  2.784231178942775e-16 -3.885780586188048e-16  1.457167719820518e-16 -1.471045507628332e-15 -2.775557561562891e-17 -3.885780586188048e-16  2.220446049250313e-16
-7.771561172376096e-16  1.616762279610384e-15      1.000000000000007 -1.142228672756929e-14 -1.127570259384925e-15 -4.926614671774132e-16 -1.165734175856414e-15  1.693090112553364e-15 -6.800116025829084e-16  5.689893001203927e-16
-8.326672684688674e-16  5.551115123125783e-17 -5.329070518200751e-15      1.000000000000001 -1.110223024625157e-16  1.387778780781446e-16 -7.216449660063518e-16 -1.110223024625157e-16 -1.110223024625157e-16 -2.220446049250313e-16
 8.187894806610529e-16 -7.355227538141662e-16 -6.494804694057166e-15 -7.222087511360442e-15      1.000000000000001 -1.096345236817342e-15  7.077671781985373e-16  9.020562075079397e-16   3.05311331771918e-16  5.273559366969494e-16
-4.163336342344337e-17 -1.734723475976807e-18 -6.245004513516506e-17 -6.765421556309548e-17 -2.602085213965211e-17                      1                      0 -3.469446951953614e-17  -4.85722573273506e-17  2.775557561562891e-17
-1.421605888562993e-15  9.454242944073599e-17  2.005340338229189e-15 -6.284957363572596e-15 -1.552360670564745e-15 -4.716279450311944e-16                      1   9.71445146547012e-16   2.47198095326695e-16   4.77048955893622e-16
 2.331468351712829e-15 -1.387778780781446e-17  2.775557561562891e-15 -4.248337792667201e-15 -4.579669976578771e-16 -3.747002708109903e-16  1.637578961322106e-15     0.9999999999999999 -1.387778780781446e-15  9.436895709313831e-16
 1.665334536937735e-15  1.665334536937735e-16 -8.659739592076221e-15 -3.063521658575041e-15  1.165734175856414e-15 -9.436895709313831e-16   3.33066907387547e-15 -4.440892098500626e-16      1.000000000000001  1.110223024625157e-15
 2.220446049250313e-16                      0  4.218847493575595e-15 -1.589006703994755e-15 -1.665334536937735e-16 -5.551115123125783e-17  2.220446049250313e-16  4.440892098500626e-16                      0                      1
