10
2

0.04324488798495449
  0.269658890045582
 0.5922770590375969
 0.7115849643754028
 0.9211082201026713
  1.355336621939867
  1.477406403000778
  2.007432096346301
  2.888289245433276
  5.421484595960256

   -0.3936581123860015      0.132859842204825     0.7741033443938319      -0.26460079490321    -0.3763748129771678      0.128157951713838  -0.005950240310271127   0.002819850103709371   0.002465277769460688 -0.0002991269813980337
   -0.5695071508889255     0.1844184604799935      0.066455219040798   -0.02584181168823226     0.7152838487815698    -0.2990410523215103    -0.1313424431631896    0.03183673906314207    -0.1167823555337754    0.06006889341312985
   -0.1463057708966303   0.007404117119869649   -0.09530561745904448    0.05395442772961351   -0.04585665335473803    0.07747244327209496   -0.01221407857620176     0.6899803115021935    0.02462704682308928    -0.6939828830211431
     0.635141194684459     -0.113769212385743     0.4128368619799153    -0.3430330841772651     0.2976149129937523    -0.2731277757104998    -0.2385104928317743     0.2449239937184848    -0.1219021807756284   -0.02525232285889365
  -0.06608079077534681   -0.01516865752112586   -0.07436245927644967     0.0704466178268279   -0.08833630841021572     0.1364102761342232  -0.007106240770953717     0.6669485236758443   -0.09474791346974806     0.7103883964353001
  0.005494795666398349   -0.01494112962232388    -0.1392239648772542    -0.4797640111893736     0.1970982031694377     0.4915040804549782     0.3904349382550888   -0.05320773614763205    -0.5578717695570115      -0.05722213536854
  -0.03077236389256024   0.002597211341757255   -0.09855695842009407    -0.4359667238117478    0.01472069734429849    -0.3421510582801815     0.6254362585411541     0.1133450627197409      0.522919409455154     0.0672271273457605
   0.05940293240640664    0.03229736477429571     0.1795958330403501     0.4230523254127654     -0.151659608683841    -0.4749505063995492     0.5070569016443183    0.03360182796005153    -0.5250681418799251   -0.04110085361153432
   -0.2815774299326999     -0.564581602613029    -0.2616308343898572    -0.3557826708633618    -0.3235199037490753    -0.3909889084684195     -0.277932244027787   -0.03547505218137498    -0.2662466090872936 -0.0004893240115356124
   0.08790233422258321     0.7842730789168421     -0.285479179948479    -0.2792454966561526    -0.2854821845598014    -0.2405151675303938    -0.2183204786919627   0.005640540730030892    -0.1751073188083037   0.002581474048485971

35.55859784018669
104.7658199533131
44.33402482272812
130.6675862345609
53.14703295224357
156.6963826959791
63.68843612970071
187.5594452286849
 73.7046714736457
218.1386877438696

 2.957852462681982
0.3384921134365858

    0.1528186125047391   -0.05159095507181759    0.02100465785647809  -0.007710706294227733    -0.1714303062491233    0.05789175947238439  0.0007208857766669041  -0.000254255067798422  -0.004436307079461251   0.000821235725841469
  -0.01697112537259103   0.005727831671584987  -0.003589192024900706   0.001247594502868851    0.02029827493663623  -0.006824480282273153 -2.910222326540767e-05  2.868089955042646e-05  0.0003777874413146934 -8.909452118123794e-05

 4.341022854333253e-05    -0.0170460067750154  -0.004797185813387966    0.02415363574297292    0.01056191173055097 -0.0004154831687043656   -0.06050308187884029    0.03658184376253233       0.14315569192914      0.140057789679062
-7.816839060906039e-06   0.001960844855259766  0.0005495246111908796  -0.002767342412876876  -0.001200019512434257   0.000276025061812854   0.006891681232880189   -0.00397167426206271    -0.0162843503909125   -0.01577306260240354

cov:
   1.144225544694729    3.316045275526335  0.06369745437663699   0.1241841001671904   0.0607227583016012   0.1240878817387126   0.1018632852632189    0.102440689295705  -0.0237789846914067 -0.02193254373309661
   3.316045275526335     20.7518649340981   -5.343900156564692   -4.677069046809325   -5.088821408588448   -3.769833771719044   -3.652784455227307   0.2831099355589862   -2.825866605638127  0.04972962325078255
 0.06369745437663699   -5.343900156564692    3.248877437682025    3.563854425466794    3.010470811925864    2.406130966060528    2.521455181648426  0.02985113622425796     1.67970421111362 -0.07677412094737562
  0.1241841001671904   -4.677069046809325    3.563854425466794    4.971835252951253    2.798109520782068    2.274831178440943    2.583025939525961  0.06563108134864913    1.342551942610803 -0.06974995263839145
  0.0607227583016012   -5.088821408588448    3.010470811925864    2.798109520782068    3.522827976916886    3.462353550208922    2.391562136177889 -0.01026767817801774    2.305874679979216 -0.05653886021469949
  0.1240878817387126   -3.769833771719044    2.406130966060528    2.274831178440943    3.462353550208922    4.646094518394835    1.399541425192191 -0.05978861922857719    2.226159288569063   0.0256845359180196
  0.1018632852632189   -3.652784455227307    2.521455181648426    2.583025939525961    2.391562136177889    1.399541425192191    4.245444695096226   0.1944277135032386   0.9981479108266642 -0.04751124699636204
   0.102440689295705   0.2831099355589862  0.02985113622425796  0.06563108134864913 -0.01026767817801774 -0.05978861922857719   0.1944277135032386   0.6240806733392392  0.09951849483694733   0.2482529653659816
 -0.0237789846914067   -2.825866605638127     1.67970421111362    1.342551942610803    2.305874679979216    2.226159288569063   0.9981479108266642  0.09951849483694733    3.788498453402724   0.1480851127615895
-0.02193254373309661  0.04972962325078255 -0.07677412094737562 -0.06974995263839145 -0.05653886021469949   0.0256845359180196 -0.04751124699636204   0.2482529653659816   0.1480851127615895   0.6205828294297357

cov.inverse():
   88.19886057658712   -29.53401027564789   -162.8933311707395    55.46439499872524    74.03191672712346   -25.00878502031242    1.996211991726617  -0.8754643976301518    0.231578036416114  -0.2067535307727019
  -29.53401027564789    9.992046499905857    55.08263379518395   -18.76334307199552   -24.97968782454953    8.418768856231075  -0.6877544071912579   0.2320720402918996 -0.07713437305965143   0.1097361653745501
  -162.8933311707388    55.08263379518377    320.8901528742032   -109.7621921783149   -154.8866116056412    52.49137015509094   -2.797947757273645     1.15156899835854   0.8212760391095159  0.03623342321083599
   55.46439499872506   -18.76334307199546   -109.7621921783149    37.96835006628328     52.7287264341738   -17.90927757884862   0.8879457691999239  -0.4184707947368296  -0.2296483350472034 -0.01247350909521343
   74.03191672712295   -24.97968782454936   -154.8866116056406    52.72872643417359    83.01648390296572   -28.83331980170192  -0.1923712800751495  -0.2749143122253756   -1.734454603399778   0.6488491654476103
  -25.00878502031219    8.418768856231001    52.49137015509066   -17.90927757884852   -28.83331980170189    10.46014404739975   0.2186666845842088   0.1554674854964485   0.5497241408627659   -0.313962954538309
   1.996211991726666  -0.6877544071912753   -2.797947757273756   0.8879457691999619  -0.1923712800750908   0.2186666845841884    0.705880179517462  -0.1849184459362311   0.2358154457452561 -0.07551254977189926
 -0.8754643976301537   0.2320720402919005     1.15156899835855  -0.4184707947368328  -0.2749143122253827   0.1554674854964511  -0.1849184459362307    2.025936744474902 -0.09238421593481282  -0.7881395506740361
   0.231578036416144 -0.07713437305966159   0.8212760391094599  -0.2296483350471843   -1.734454603399753   0.5497241408627578   0.2358154457452569 -0.09238421593481308   0.6051159942037733  -0.1799983420654887
 -0.2067535307727233   0.1097361653745574  0.03623342321087747 -0.01247350909522758   0.6488491654475907  -0.3139629545383024 -0.07551254977189968  -0.7881395506740356  -0.1799983420654886    2.022928252281492

cov*(cov_.inverse()):
    0.9999999999999901   1.62153276916932e-15 -2.625673116429805e-13   8.52708745627262e-15 -5.776629175002768e-15 -7.582476313494624e-15   1.41141438814163e-15 -5.863365348801608e-16 -5.377642775528102e-17 -1.734723475976807e-16
-3.838596107641479e-14     0.9999999999999981 -1.506251720573282e-13 -3.840786196029899e-15  3.335526299608205e-14 -5.427949756331429e-15    3.9118014383277e-16  6.938893903907228e-18 -3.001071613439876e-16 -6.938893903907228e-16
-9.010153734223536e-15  -7.37257477290143e-16     0.9999999999997876  6.827578866858142e-14  -8.31279489688086e-14 -8.354428260304303e-15  2.404326737703855e-15 -9.089951014118469e-16   1.52655665885959e-16 -1.387778780781446e-16
-1.023486850826316e-13   1.38743183608625e-14 -7.593752016088473e-15       1.00000000000002 -9.775513731824503e-14  1.683028716392698e-14  7.476658181460039e-16 -2.081668171172169e-17  6.904199434387692e-16 -2.220446049250313e-16
 -3.14661491307433e-14 -7.068998164605489e-15 -1.667364163404628e-13  2.509212455870102e-14     0.9999999999999903 -2.463307335887066e-15  1.007006977804537e-15 -6.938893903907228e-17  -1.89084858881472e-16 -1.804112415015879e-16
-1.011430522668277e-14 -1.924155279553474e-14 -1.046198717935543e-13  3.620752786134829e-14  -3.73451269908287e-14     0.9999999999999827   1.38821246165044e-15 -6.626643678231403e-16 -8.153200337090993e-16 -1.387778780781446e-16
-2.768271722963789e-14 -2.060851489460447e-15 -1.675899002906434e-13 -3.586540786582049e-16  5.224987109642143e-15 -1.120110948438224e-14      1.000000000000002 -6.245004513516506e-17 -3.677613769070831e-16 -1.804112415015879e-16
 1.283695372222837e-15 -3.469446951953614e-18 -2.644932883821838e-14  1.805847138491856e-15  3.885780586188048e-16  -1.02695629777827e-15  1.942890293094024e-16                      1                      0 -1.110223024625157e-16
-5.595177099415594e-14 -1.904726376622534e-15  6.394624413319505e-14 -9.148497931432686e-15  9.853229343548264e-15  1.147693051706256e-14  7.008282842946301e-16 -1.942890293094024e-16                      1 -2.775557561562891e-16
  1.77635683940025e-15 -7.771561172376096e-16  5.547645676173829e-15  2.688821387764051e-16  1.942890293094024e-15                      0 -5.551115123125783e-17  1.665334536937735e-16 -2.775557561562891e-17                      1
