12
2

0.04069659481745523
0.04134197576583032
0.04293925793881884
0.04626968158249412
 0.6283623425487778
 0.9488865474954169
  1.086583802399197
  1.244501578850066
  1.788146140903223
   3.10931645614734
  3.349505122307606
  6.759600038929481

  0.2202085295130179 -0.04736964997404722   0.2685871749312909 -0.05763446675018679  -0.7591541836439247   0.1620324989821256   0.2998370382192905 -0.06414018617276586  -0.3049322206734318  0.06622748475181596    0.276619645145717 -0.05770209903561821
  0.1300862022941572 -0.02775729648554473   0.2846580050771251  -0.0615470912807066  -0.3665915263515493  0.07728883884725908  -0.5874095060842176   0.1235207904786775   0.6119956885789249  -0.1281332273465174 -0.07509702944889951  0.01490812602976443
-0.06837040100775701  0.01491198645538334  -0.1995077974779084   0.0430304440577071   -0.238831708995467   0.0536935356239529   0.5912325036027047  -0.1275059841893445   0.4667436063364959 -0.09751540361512369  -0.5350766631987408   0.1185117156557676
  0.6596342744839724   -0.141609584523909  -0.6923028111579788   0.1580766116606234 -0.06869992345245314  0.01252329425891819  -0.1056745920907716  0.01842733685118989  0.05805485737604497 -0.01560401855153615   0.1397228294157811 -0.03222471950720276
 -0.6501613627519179  0.09391820265993873  -0.4389032986851095   0.2303474393779533  -0.3078590285162285 -0.02299685467393161 -0.07055568359316827  0.07158057992024877   0.1491129964193352 -0.05626374138543451   0.4316904322848791 -0.07489112680439237
-0.06149266364822201 -0.03791551136379814 -0.09695797517317564  -0.3767984246113239   0.1467144712194561   0.5319386675516817 -0.03250153729607163  -0.5355129051903803   0.2184288330209932   0.3644427976606744   0.1714120934115183  -0.2029212834892553
-0.01213542059214802 -0.07140357282445053 -0.04260687778355738  -0.2848826854505447   0.1484679109755502   0.5062840147609624   0.1709187151135409   0.4905229509759859 -0.01756418777912236   -0.543030982828017  0.07735046610217547  -0.2498286021236904
 0.03985757909335877  0.08031333527351071   0.1644065175688381   0.6922093376855293  0.06772913924139209   0.3339289392385838  0.01279635460967438   0.1522337404417026   0.0184169002391753   0.2828986065209175  -0.1706318903294131   -0.486679765760886
-0.08759138100243635  -0.1035022153760545  -0.1715151542253688  -0.4005550369314307  -0.1826774044099539  -0.3782987216365762 -0.08016330854845843   0.1679970725381637 -0.09522941292535327   0.2213986202431077   -0.312747394321676  -0.6517102144104638
  0.1243989267709169    0.316165534830451   0.1128276289225387   0.1088621277915029  0.05940318522259062  -0.2458500224664295  0.03415476420875832   -0.517636753686021  0.05844192285533259  -0.5634582807360536   0.1266394139680216  -0.4358436217208286
 -0.2068116116197963  -0.4566207783159658  -0.1186374968039988   0.1470721020627422     -0.1562317492019   0.2334310357199734  -0.3321388990665863  -0.3328419081630382  -0.3955050669767909   -0.302406173371386  -0.4029265416955468  0.05290956016955505
 0.02546506712884465   0.7973250284320142  -0.2015937121815369  -0.1295221161721192  -0.1526266923178335   0.2353087966808848  -0.2258416910888747  0.03729636580011367  -0.2678726867277599  0.02434232657871506  -0.2915084218372185   0.1334998708766036

22.42038759315455
104.4814849031007
27.92258596407457
130.1165485939453
33.40494944851283
155.9172061982554
 39.7748773539316
185.6900429560851
47.18911732576579
220.4473139660171
55.80596021064753
260.8888925978889

 4.701520538177705
0.2133676775006256

   0.06476793840920413    -0.0138716606916744     0.1094559237698806   -0.02351409530247397   -0.01623241903670565   0.002967596075025057    0.01605558304530732  -0.005598734822556854   -0.05913165991806289    0.01058861833417251    -0.1224108921492044    0.02211401665005856
 -0.003770031426630542  0.0008123248295792913  -0.003320814818875827  0.0006879822493311323 -0.0009920606698614529  0.0002305986270224108   0.000456968730843624 -6.965880062038453e-05   0.002677895482173192  -0.000569474184747646   0.005118378503373772  -0.001026564458122229

 7.824822111168616e-05  1.615112356888026e-05  4.839280503922522e-05 -0.0001217477297144575   -0.06214245227931598   -0.03427152993916768   -0.02169420400181202    0.02239842513869734    0.05713913952003057    -0.1870582358734551      0.526544251626522      1.171710896154702
-4.098949719355675e-07 -1.435613365077694e-07 -1.190773059085973e-07  1.584132034286157e-06   0.002812866912081589   0.001554422828942682   0.001016810611321267 -0.0009838493325844094  -0.002324669370597318   0.009639662262705682   -0.02265610867339191   -0.05155854701461556

cov:
  0.8576196331985427    2.380185067133443   0.3524419211736197  -0.2401169441854825   0.3800489287569362  -0.4676530847521247   0.5894047618329047   0.1597680554682255    0.654010512417985 0.009817479443514427   0.7040020735916432  -0.3051620272565491
   2.380185067133443    32.40849120935381   -6.323715738776742   -4.875327077688839   -4.538457093677533    6.730357292338401   -6.409582544874626    1.424565710663385   -7.520887570545836   0.7069120923027855   -8.083010887286513    3.440707649495638
  0.3524419211736197   -6.323715738776742    2.361862296985158    1.518981812584967    1.828804386814542   -2.521720965778038    2.613098648605205  -0.5088145379420785    3.070409766402995  -0.4804425662381502    3.394077151442547   -1.498813597029485
 -0.2401169441854825   -4.875327077688839    1.518981812584967    2.623572661126811   0.8869344544182377  -0.7765260220228816   0.8880266946509645   -1.343482668500765    1.081320259896289   -1.162443735034993     1.36633424568856  -0.7024897705660035
  0.3800489287569362   -4.538457093677533    1.828804386814542   0.8869344544182377    1.570287190855114   -1.773827898750731    2.258927232025354 -0.04953569921305487    2.659897016534001  -0.1031077428894678    2.960332328176606   -1.005916616205407
 -0.4676530847521247    6.730357292338401   -2.521720965778038  -0.7765260220228816   -1.773827898750731    4.913631539522452   -3.188337041157104   0.6712486324997846   -3.837280047365933   0.5379618739429658   -4.075981443770411    2.900613599416097
  0.5894047618329047   -6.409582544874626    2.613098648605205   0.8880266946509645    2.258927232025354   -3.188337041157104    3.639058151566871   0.7568046083489376    4.267724993474292   0.5198521117343166    4.626333589636705   -1.603584140644361
  0.1597680554682255    1.424565710663385  -0.5088145379420785   -1.343482668500765 -0.04953569921305487   0.6712486324997846   0.7568046083489376    4.567453036823639   0.5699014479011838    3.684333768480635   0.1402871134057808    1.697274371997307
   0.654010512417985   -7.520887570545836    3.070409766402995    1.081320259896289    2.659897016534001   -3.837280047365933    4.267724993474292   0.5699014479011838    5.149478341953326   0.7455745248571636    5.574633177953088   -1.969459889642815
0.009817479443514427   0.7069120923027855  -0.4804425662381502   -1.162443735034993  -0.1031077428894678   0.5379618739429658   0.5198521117343166    3.684333768480635   0.7455745248571636     4.87219454154132  0.05398087987629467    1.763832742258478
  0.7040020735916432   -8.083010887286513    3.394077151442547     1.36633424568856    2.960332328176606   -4.075981443770411    4.626333589636705   0.1402871134057808    5.574633177953088  0.05398087987629467    6.324920273351275   -1.837695736450339
 -0.3051620272565491    3.440707649495638   -1.498813597029485  -0.7024897705660035   -1.005916616205407    2.900613599416097   -1.603584140644361    1.697274371997307   -1.969459889642815    1.763832742258478   -1.837695736450339    4.520147308121583

cov.inverse():
  246.040770296121 -52.72909399305764 -147.7904900287891  34.43915223480469 -140.6435519379389  29.30174307070573   -59.200408663461  11.19161156705266  6.366784069545014 -2.065712491596639  93.24505435560145 -20.72224561548131
-52.72909399305784  11.37164891338428  31.79556797484937 -7.328000317416365  30.20553067106062 -6.325978840301742  12.72384256058535  -2.41201243416814 -1.238048613515235 0.4361172582387038 -20.15410823877807   4.48586452105342
-147.7904900288007   31.7955679748519  336.9556061625271 -75.48085261290385 -135.7672156536437  29.28880346043148  -78.9240462585187  17.97349221158453 -16.97695670508993  5.054881345367766  44.57244543666207 -9.186489586060343
 34.43915223480732 -7.328000317416936 -75.48085261290387  17.62199042564542  28.74767458162594 -6.405877800619914  16.65790691876979  -3.64692592927351    3.7690137427169 -1.084520058581959 -8.971461953361505   1.81863832486307
 -140.643551937932  30.20553067105872 -135.7672156536279  28.74767458162239  460.0409401473062 -98.00589840592772 -84.55572632094528  18.74823984257739 -53.88565826362402  10.29393791508351 -46.14048534911406  8.939988491318068
 29.30174307070437 -6.325978840301373  29.28880346042779 -6.405877800619086 -98.00589840592762  21.64584879910154  19.43200319817555 -4.385568685698842  11.89102667927908 -2.217368617457337     8.998167782781 -1.945901455985261
-59.20040866344044  12.72384256058084 -78.92404625854476  16.65790691877571 -84.55572632089734  19.43200319816508  451.0190892283409 -95.77746502555866  -118.756342421057  25.44945811513828 -102.6398814435322  24.01613675724078
 11.19161156704773 -2.412012434167092  17.97349221159051 -3.646925929274869  18.74823984256751 -4.385568685696683 -95.77746502555911    20.983724071673  24.15521381881603 -5.589601876874359  22.04596140894457 -5.217853663819825
 6.366784069519756 -1.238048613509631 -16.97695670512618  3.769013742724701  -53.8856582636266  11.89102667927999 -118.7563424209336  24.15521381878985  395.1351803671443 -83.10341570513907 -209.2551014417746  45.02324624450112
-2.065712491591253 0.4361172582375124  5.054881345374859 -1.084520058583482  10.29393791508484 -2.217368617457701  25.44945811511209 -5.589601876868801 -83.10341570513906  18.03873199449288  43.89519265282858 -9.524601495462138
 93.24505435560792 -20.15410823877952  44.57244543669721 -8.971461953369184 -46.14048534913317  8.998167782784913 -102.6398814436125  22.04596140896155 -209.2551014417177  43.89519265281668   214.479056125956 -46.81635231906377
-20.72224561548264  4.485864521053708 -9.186489586068015  1.818638324864748  8.939988491322117 -1.945901455986089   24.0161367572583 -5.217853663823527  45.02324624448852 -9.524601495459498 -46.81635231906358  10.66178427483407

cov*(cov_.inverse()):
     1.000000000000084  -1.06581410364015e-14  6.439293542825908e-14 -3.608224830031759e-14  9.636735853746359e-14  5.040412531798211e-14   2.97539770599542e-13  7.349676423018536e-14 -6.572520305780927e-14 -1.465494392505207e-14  3.019806626980426e-13 -7.549516567451064e-15
 -1.56319401867222e-13      1.000000000000046  7.105427357601002e-14 -4.440892098500626e-15  1.918465386552271e-13 -4.796163466380676e-14  2.415845301584341e-13  5.329070518200751e-14  2.842170943040401e-14  7.105427357601002e-14  5.684341886080801e-14 -2.131628207280301e-14
 7.105427357601002e-14  8.881784197001252e-16      1.000000000000018 -3.819167204710538e-14   1.06581410364015e-13  6.794564910705958e-14  5.968558980384842e-13  2.930988785010413e-14 -3.126388037344441e-13 -4.085620730620576e-14    1.4210854715202e-13  -1.77635683940025e-14
 6.927791673660977e-14 -6.661338147750939e-15 -3.463895836830488e-14      1.000000000000013 -8.881784197001252e-15  1.221245327087672e-14  9.592326932761353e-14 -2.220446049250313e-15 -4.263256414560601e-14 -2.486899575160351e-14   -1.4210854715202e-14  8.881784197001252e-15
 1.314504061156185e-13 -1.687538997430238e-14  8.348877145181177e-14  -3.26405569239796e-14      1.000000000000236  3.996802888650564e-14  2.025046796916286e-13  4.529709940470639e-14 -9.237055564881302e-14  3.552713678800501e-15  2.344791028008331e-13  8.881784197001252e-15
-5.684341886080801e-14 -5.329070518200751e-15 -1.243449787580175e-13  4.174438572590589e-14 -2.842170943040401e-14      0.999999999999944 -5.826450433232822e-13 -5.684341886080801e-14  8.526512829121202e-14  4.618527782440651e-14 -1.989519660128281e-13 -2.842170943040401e-14
 9.947598300641403e-14  2.664535259100376e-15  2.131628207280301e-13 -6.084022174945858e-14  1.758593271006248e-13  4.796163466380676e-14      1.000000000000938 -7.283063041541027e-14 -5.258016244624741e-13 -1.953992523340276e-14   1.27897692436818e-13    1.4210854715202e-14
 2.131628207280301e-14 -7.105427357601002e-15 -2.486899575160351e-14 -4.440892098500626e-16  8.881784197001252e-15  5.329070518200751e-15  9.947598300641403e-14      1.000000000000005  2.842170943040401e-14  3.552713678800501e-15    1.4210854715202e-14  3.552713678800501e-15
 1.918465386552271e-13  8.881784197001252e-15 -3.552713678800501e-15 -3.996802888650564e-15  3.552713678800501e-14  8.215650382226158e-14  6.892264536872972e-13  6.217248937900877e-14      1.000000000000071 -6.750155989720952e-14  5.684341886080801e-14                      0
                     0 -2.664535259100376e-15 -4.973799150320701e-14   8.43769498715119e-15  4.440892098500626e-14 -1.199040866595169e-14 -2.131628207280301e-14  1.598721155460225e-14   1.27897692436818e-13     0.9999999999999787 -8.526512829121202e-14   1.77635683940025e-14
 2.771116669464391e-13  -1.06581410364015e-14  8.881784197001252e-14 -4.218847493575595e-14 -7.105427357601002e-14  1.181277298201167e-13  7.673861546209082e-13  2.842170943040401e-14 -3.552713678800501e-13 -6.039613253960852e-14       1.00000000000054 -3.552713678800501e-15
 7.105427357601002e-14 -7.105427357601002e-15   -1.4210854715202e-13  4.263256414560601e-14  -1.06581410364015e-13  -1.77635683940025e-15 -2.557953848736361e-13 -5.329070518200751e-14  3.126388037344441e-13 -4.263256414560601e-14 -1.989519660128281e-13      1.000000000000028
