10
2

0.01309204175359012
0.03791503992809737
 0.0405511607506736
 0.1838345192999349
  0.339141644075398
 0.5413988210161806
 0.8250881650574403
 0.9353805161493012
  1.446189200362232
  3.706267021850517

   -0.4702683967133381     0.1337507687660061     0.8085829554180796    -0.2250017399490559    -0.1373712836846729    0.03888336897410998    -0.1827987446449285     0.0518958360044755   0.005899566989657582  0.0001960649101154235
   -0.1495711424133745     0.0418842981099441   -0.08576699715135662    0.01855200001771228     0.7120138621432635    -0.2062518357412266    -0.5123054708622578     0.1464182760261171     0.3671155994609803   0.001180845345778731
  -0.07690395743848724    0.02235319028291744   -0.04173587568636736  -0.002200342908006116     0.2789554451131918   -0.06490586910314274    -0.2046725444401508    0.05807555773732407    -0.9297684074816964  -0.008807200393113423
    0.6711632583319549    -0.1779900320415931      0.576489095935067      0.207164817556644     0.3216289610051557    -0.1028113171209711     0.1641843760993578   -0.03427708061310379    -0.0208149449468613   0.004737590602900348
   -0.4004520365667661     0.1052299049031954   0.009658219538170306    0.04260242321484874     0.3767762740873892    -0.2707957913550693     0.7214270035736038    -0.1251690946472182  -0.002161353574701662     0.2742935823804638
     0.119425836576051    -0.1023004824958874   -0.01759076472893608    -0.1097846691170517    -0.3319160052974968    -0.7152401538312489    -0.1754522984472649     0.1830601788465357   -0.01586675924343469     0.5259533894543221
  -0.06518426797598362   -0.01040022318622154    0.03041019218014883     0.3825738956514497  -0.009408792790746624     0.2939288060064242    -0.2696666002061455    -0.5759537902097219  -0.002746634326938053     0.5978479949266362
     0.182939526973024    0.04546766901636477    -0.0363910942630004    -0.4817255468851484     0.1659232755498391     0.4941321430636511    0.09282573566845752     0.4124425349267923    0.00433200796536812     0.5297552925564275
   -0.1523378724445887    0.05385498772985856    0.04565117065046052     0.7157251356989967    -0.1084546916131256     0.1338670771581061    0.04578539093300531     0.6463725551999053  -0.002382747010647949    0.09982003586934107
    0.2540762083930254     0.9599800862143097  -0.004497581063121314    0.03944032338943863   -0.03733614130324342   -0.08823477021194279   -0.02463612531348225   -0.05013379564237139 -0.0006041381714318045   0.002771969594904618

22.80822449253501
71.00954047376977
34.82521946297471
113.2719287298964
47.53611845061551
157.9849338263929
55.83226658538648
187.1606955977385
74.63338342582399
259.1832611756717

 3.517583210847601
0.2843510644596551

    0.1666851138831769   -0.04756542646247372   -0.08895520373550886    0.02497187074870103   -0.01870070827507962   0.004669326492844114   -0.06077890440692189    0.01708917866079467    0.01433094423799043  0.0007315900819081541
  -0.01325975432999398   0.003783625795519477   0.006917236610662895  -0.001942058619528779   0.001432460688725061 -0.0003558698010027765   0.004933041357361952  -0.001396360840491445  -0.001026422988457519  -7.65736425711788e-05

-2.527533224358619e-05  8.326954000710685e-06  -2.57228102786365e-05   0.001922145005476951   -0.01445503129967133    0.01184546161747315   0.003384632001968802    0.01802254183458587  -0.006664835527077979   -0.01381830956493613
 1.984988842529459e-06 -7.228017589744888e-07  1.820064589483174e-06 -0.0001558435540406112   0.001155119560171091  -0.000951191442903181 -0.0002687171853950535  -0.001462082599186609  0.0005534583803630926   0.001130648205064603

cov:
     1.005388664445862       3.32851574560127   -0.02544222945011939    -0.1855600416315671   -0.09063155585433054    -0.2993984728543437    -0.1092407685609638    -0.2779851906573752  -0.001423896835841405    0.04201973913857424
      3.32851574560127      12.67232169400829   -0.05864071951509804     0.5813882970135397    -0.4852603300197058      -1.11209584665061    -0.3011472648697963     -0.574594362833599   -0.00748029856663252    0.05215798343772711
  -0.02544222945011939   -0.05864071951509804    0.01788317934412319    0.09377360793984572  -0.005256020715930627    0.01000369301653383   0.002311876050993956     0.0379901893759368 -0.0006917215439746822   0.002554477238317557
   -0.1855600416315671     0.5813882970135397    0.09377360793984572       1.40062359688316    -0.2401563982786261    0.04183274398050017    -0.0438432639085158     0.6098197515842209  -0.006068077983406051    0.06780172313755269
  -0.09063155585433054    -0.4852603300197058  -0.005256020715930627    -0.2401563982786261     0.1208722930941434     0.1412296378503812    0.06695628348574871   -0.08077109099128826   0.002669671242197489   0.009778745163572796
   -0.2993984728543437      -1.11209584665061    0.01000369301653383    0.04183274398050017     0.1412296378503812     0.5756748777713233    0.04276587155024176     0.2703901549385887   0.004844863408054088     0.2544242852305917
   -0.1092407685609638    -0.3011472648697963   0.002311876050993956    -0.0438432639085158    0.06695628348574871    0.04276587155024176     0.1400135409219245     0.1979733608396976   0.001395862213310942   -0.06236816477598186
   -0.2779851906573752     -0.574594362833599     0.0379901893759368     0.6098197515842209   -0.08077109099128826     0.2703901549385887     0.1979733608396976      1.294695716082056 -0.0009725250431435738      0.114056930047968
 -0.001423896835841405   -0.00748029856663252 -0.0006917215439746822  -0.006068077983406051   0.002669671242197489   0.004844863408054088   0.001395862213310942 -0.0009725250431435738   0.001742695164347734  -0.002133934484386613
   0.04201973913857424    0.05215798343772711   0.002554477238317557    0.06780172313755269   0.009778745163572796     0.2544242852305917   -0.06236816477598186      0.114056930047968  -0.002133934484386613     0.5995475899737652

cov.inverse():
  1324.249963616189  -376.2891051439497  -2196.210698679114   619.2343974295811   294.7558892520283  -83.51441825969482   565.1325357213483  -160.4119950388828  -11.31153844448714 -0.8492267879706482
  -376.289105143957    107.035110289787   624.8772446223408  -176.0897718879972  -83.88859160560965   24.01227818241858  -160.4881426941766   45.59714929386418    2.77437688021833  0.1312769532526454
  -2196.21069867916   624.8772446223395   3830.487731790462  -1058.894810975354  -692.0777544880763   195.6460653681168   -823.732155327865   233.9728729766088   29.17174003015042   1.157146833622193
  619.2343974295846  -176.0897718879941  -1058.894810975334   297.6580679347721   191.2467033891331  -54.14172005060292   234.7777715459034  -66.96743436470067  -1.889819539649377 -0.2182412956350675
  294.7558892520615  -83.88859160561209  -692.0777544880978   191.2467033891486   514.7859048951684  -145.3025669470487  -137.8146670865662     39.889300677761   19.19073957492079 -0.6312604294593507
 -83.51441825970466    24.0122781824194   195.6460653681237  -54.14172005060753  -145.3025669470491   44.08541922111012   38.28172342812905  -11.54850462569701  -14.52631918674257  -1.157246484849685
  565.1325357213316  -160.4881426941718  -823.7321553278306   234.7777715458939  -137.8146670865826    38.2817234281337   408.5464351295405  -115.5297941865627  -21.50081717129743   1.716497312896705
 -160.4119950388806   45.59714929386354   233.9728729766042  -66.96743436469936   39.88930067776327  -11.54850462569766  -115.5297941865627   33.84379234145143   6.358250122356911 -0.3314759114408048
 -11.31153844448646   2.774376880218135   29.17174003014922  -1.889819539649037   19.19073957492107  -14.52631918674264  -21.50081717129721   6.358250122356853    619.675337546636   5.251594899079366
-0.8492267879704729  0.1312769532525955   1.157146833621935 -0.2182412956349955 -0.6312604294594008  -1.157246484849671   1.716497312896834 -0.3314759114408412   5.251594899079336   2.497468789472147

cov*(cov_.inverse()):
    0.9999999999999287 -1.998574916672879e-14 -1.408179128858933e-13 -1.046714798169646e-13 -1.000241556248227e-14 -2.726985304235541e-15  -1.07927555781373e-13  6.432354648922001e-15 -1.332267629550188e-15 -4.163336342344337e-17
 2.630187734276035e-13       1.00000000000006  1.788152959036893e-14 -6.157400977979677e-14  -9.15795217437676e-14  3.332056852656251e-14 -2.350619698887613e-13  1.551918316078371e-13 -1.609823385706477e-15 -2.498001805406602e-16
 1.221592271782868e-14 -2.113110034174248e-16     0.9999999999999936  2.928755328535093e-15  3.484842622802908e-15  7.376911581591372e-16  4.284766985662714e-16  7.059240345053119e-16 -3.105155021998485e-16  7.199102425303749e-17
 3.692324224147114e-13 -5.748526654691943e-14 -3.449740493266518e-13      1.000000000000131  4.769101780155438e-14  -7.78543896018391e-15  1.265931803828835e-13 -3.450711938413065e-14 -1.387778780781446e-15  2.775557561562891e-17
 3.815871230106183e-14 -3.970998876945409e-15   -3.9118014383277e-14   2.27825570908724e-14     0.9999999999999943  3.325464903447539e-15  2.940009347085493e-14 -5.725021151592458e-15 -1.290634266126744e-15  1.769417945496343e-16
 3.858025010572419e-14  1.157407503171726e-14  9.009459844833145e-14  2.373795604526663e-14  4.718447854656915e-15     0.9999999999999979  1.032507412901396e-14  1.360023205165817e-15 -1.998401444325282e-15  2.220446049250313e-16
 4.975186929101483e-15  4.175479406676175e-15  4.214684157233251e-14  1.494464274554019e-14 -5.072331443756184e-15  2.026157019940911e-15     0.9999999999999976 -5.585809592645319e-16  1.110223024625157e-16 -2.220446049250313e-16
-4.418687638008123e-14  4.293440603042598e-15  8.854028621385623e-14  1.630640067418199e-16 -5.551115123125783e-16  8.104628079763643e-15  1.335043187111751e-14      1.000000000000002 -9.992007221626409e-16                      0
-1.695258516898335e-15  1.491320088253811e-16 -4.172009959724221e-16 -4.536843990765593e-16  -2.55871712706579e-16 -4.683753385137379e-17 -5.390653201597928e-16  5.095750210681871e-17     0.9999999999999998  3.469446951953614e-17
-1.920685832601521e-14  3.982925100842749e-15  2.997602166487923e-15 -1.348920974919565e-14   1.02695629777827e-14 -8.881784197001252e-16 -4.218847493575595e-15   1.27675647831893e-15  4.440892098500626e-16                      1
