8
2

0.1307517757505166
0.5593278361929142
0.8877237042738364
0.9437864949622576
 1.041098137806957
 1.320389708678742
 2.321739023498433
 4.611784593547935

 -0.6559922129466181   0.2101487793528793   0.6900367473042535  -0.2106049226318917  -0.0478743405691778   0.0081902826388702  -0.0500446885673157  0.01196064189065976
-0.07210577313378777  0.04035974158348184 -0.07287230341005477 -0.08075392323074838   0.7945674358812299   0.2465696760323202  -0.1463815732565241   0.5174733806951205
 -0.4378580894991142   0.2036441967037827  -0.4851324727115622  -0.1651240122944821   0.2826077989017268   0.1235626210880542   0.2054532640712047   -0.605676436759639
  0.1495375899639238   0.1512058687612669  0.05951484382004506 -0.06913631697686796   0.2705090074417866  -0.6063038932689039   -0.643817247582303  -0.3019491101084065
 -0.4669560495346677  -0.4283968053763195 -0.09518563070203251   0.6734685875026162   0.1024596738098672  -0.3431312390754512  0.03967950961155638  0.07743698619998615
  0.1021465716855024  -0.6074842220787506    0.278985829828629  0.02055482836241697    0.145921320296987    0.493229681904393  -0.2931709342286744  -0.4378991391848785
 -0.2409379603661694  -0.5320420251647529  -0.2885144999393384  -0.6507040236075298  -0.1897064474180298  -0.2229547553473832   -0.115594043587911   0.2305742779711534
  0.2527069481288771  -0.2329051066940312   0.3309219966076012  -0.1991994855010863   0.3815085760223014  -0.3814980898188839   0.6468930584591629  -0.1521328090317854

40.77930981179591
132.1500003201144
48.60850621266721
157.0922266393276
68.59659167400518
221.1669673039362
82.07989140643231
263.0628741924577

 3.192617053334772
0.3138727248757699

   0.3653533620299988   -0.1174052962374791   -0.3639508069737753    0.1169624015541104  0.002200851250571298  0.003867473106006291 -0.001579709630246172 -0.001014126914475155
 -0.03589209628426161   0.01152395932405691   0.03573250931663229  -0.01141887591142296 0.0002038562506768994 -0.000285031299441185 0.0001996015232450549 8.034397139997703e-05

 -0.009233916129833181   -0.00362809087774175   -0.01989145171397655   0.005975581242309493    -0.0088198824237424    0.02204460737569504    0.01079832166643109    -0.5438362182789349
 0.0009062120984913322  0.0004615739784221841   0.002070768356572062 -0.0005642434398891797  0.0009370842687714319  -0.001982742796759588  -0.001844468598592603    0.05633075477186541

cov:
   2.105666636585826  -0.5055543908294062    2.420413652093108  -0.5107737580301186    2.192141400201298   -1.628419218359263    3.401917038271456   -1.077343582378019
 -0.5055543908294062     3.57620207770716   -1.131351331832677    2.480866545419332   -1.456227942918724    2.107454536265769    -2.63659575130501   0.3888545582190016
   2.420413652093108   -1.131351331832677    3.121757016134982  -0.3906826222086449    2.928204652106781   -2.147928093817494    4.476139834786131    -1.44642869944555
 -0.5107737580301186    2.480866545419332  -0.3906826222086449    3.647242814531207  -0.9442308299542593    2.180526187917739   -2.299975170771258 -0.03909741079008192
   2.192141400201298   -1.456227942918724    2.928204652106781  -0.9442308299542593    3.663780212003267   -2.837445368606762    5.151290621796648   -1.652038972522421
  -1.628419218359263    2.107454536265769   -2.147928093817494    2.180526187917739   -2.837445368606762    4.273636262425718     -5.0203646062863   0.6959377894809494
   3.401917038271456    -2.63659575130501    4.476139834786131   -2.299975170771258    5.151290621796648     -5.0203646062863    9.533067058614881   -1.958251641526046
  -1.077343582378019   0.3888545582190016    -1.44642869944555 -0.03909741079008192   -1.652038972522421   0.6959377894809494   -1.958251641526046     1.57372144625332

cov.inverse():
  25.67703429402057  -7.990710303144423  -26.10690559866695    7.91766064216268   1.519665695976314 -0.3593832180658495   1.710347390912878 -0.3635073686434716
 -7.990710303144426    3.10275895437212   8.322710277400844  -2.860573553973404 -0.4438236561051462 0.05143518881822583 -0.5994499861094226  0.1068931033120612
 -26.10690559866695   8.322710277400844   28.24473856224247  -8.408804236546748  -2.242863191285902  0.2716267920034558  -2.189468916436408  0.6233270265972266
  7.917660642162677  -2.860573553973403  -8.408804236546743   3.154353674502939   0.389161294080001 -0.3202739464624875  0.6902975503786626 -0.1140253194216444
  1.519665695976277  -0.443823656105134  -2.242863191285862  0.3891612940799891   2.371015802080927  0.4733306457428172  -0.358596337827469  0.9317013562480084
-0.3593832180658382 0.05143518881822239  0.2716267920034438  -0.320273946462484  0.4733306457428178  0.8945594695849263   0.228777843118865  0.3689308652863683
  1.710347390912909 -0.5994499861094322   -2.18946891643644  0.6902975503786726 -0.3585963378274639  0.2287778431188639  0.8068037752170705 -0.1498973283319099
-0.3635073686434878  0.1068931033120665  0.6233270265972435 -0.1140253194216497  0.9317013562480064  0.3689308652863687 -0.1498973283319105    1.55864250399877

cov*(cov_.inverse()):
    0.9999999999999981 -1.471045507628332e-15 -1.243449787580175e-14 -2.081668171172169e-16  6.661338147750939e-16 -2.220446049250313e-16  -3.33066907387547e-16 -2.220446049250313e-16
-3.913536161803677e-15     0.9999999999999982 -1.387778780781446e-15  2.789435349370706e-15  5.551115123125783e-17 -8.326672684688674e-17  7.563394355258879e-16                      0
-1.643130076445232e-14  2.137179322403426e-15      1.000000000000002 -4.690692279041286e-15 -6.661338147750939e-16  1.110223024625157e-16 -3.885780586188048e-16 -4.440892098500626e-16
 3.646388746503249e-15 -1.525689297121602e-15 -3.049643870767227e-15     0.9999999999999987  2.567390744445674e-16 -1.561251128379126e-17 -1.431146867680866e-16  6.938893903907228e-17
-1.876276911616515e-14  8.604228440844963e-16  3.108624468950438e-15 -4.329869796038111e-15     0.9999999999999991 -1.110223024625157e-16 -1.332267629550188e-15                      0
-3.885780586188048e-16  1.471045507628332e-15 -9.159339953157541e-15  3.524958103184872e-15  1.221245327087672e-15                      1 -2.775557561562891e-16  2.220446049250313e-16
  3.33066907387547e-16 -6.938893903907228e-16 -1.953992523340276e-14 -2.081668171172169e-15  8.881784197001252e-16  1.110223024625157e-16      1.000000000000001                      0
 4.107825191113079e-15 -2.359223927328458e-15   3.33066907387547e-15 -6.106226635438361e-16  4.440892098500626e-16  1.110223024625157e-16  3.885780586188048e-16     0.9999999999999996
