10
1

  0.38226223795584
0.9139005011754333
0.9339085991658937
 1.005830216378916
   1.0603536903429
 1.267876588129292
 1.510453784933536
 1.580583124018964
 6.636386866415124
 58.77093992709271

    0.2831611028412505     -0.521501790861357    -0.3819132474646859     0.6975366832417632    0.01691289806597249   -0.03336258876493683    0.03135532050980695   -0.05941799419477039    0.04838556980742034   -0.08477377504335962
    0.3865774168998424    -0.1155070231776788     0.3099971929467061   -0.08186124483802316    -0.5211621355634333     0.2476775538586292    -0.3072368662454733     0.1343665415896411     0.5026378035787523    -0.1907059044770355
   -0.1002526266279304    0.02814876871149254   -0.04924979924191717    0.03350547973253175     0.5531784392264849    -0.2183524655511782    -0.6967610363772032     0.2529068674355259     0.2712817862883367   -0.09430312804009935
    0.6323112370201378  -0.006240763236257524     0.5678619501401694     0.0486074160770139     0.4440318486753408    -0.0609014849380671     0.1333441884100769   -0.03601325744385696    -0.2304004059606997    0.04773289463876286
   0.09661465652875367   -0.02556233138975608   -0.02639207099251009    0.01244034564570774    -0.3245187668605515    0.01004518546536822    -0.5616925885303038   0.009347830450040994    -0.7536703059847283   -0.01194403130674949
   -0.5852906513065317    -0.2877802488520653      0.651123345508258     0.3747612235774261   -0.05247155531598801    0.01290190934723767   -0.03042748495244783   -0.05723992418286895   -0.03648763340682933   -0.04191043504900759
   -0.0919509625992835     -0.283082617959231   -0.08806790850065788    -0.2212461616175355     0.3152208265299534     0.7368619230208021     0.0615035710146452     0.1538965569546393    -0.1663060588478502    -0.3965466221928373
  0.007513109655576691    0.01017368851093307   -0.02666426591972909   -0.01002012240130377     0.1322997072248195     0.3710493156981571    -0.2848760517458724    -0.7651967749703312     0.1459294122550453     0.3948062733280107
 -0.009931488983470326     -0.705663426090093  -0.005116854232509478    -0.4646842370558331 -0.0004772890594613918    -0.1862258506157058   0.002062783989690692     0.1530026732362441   0.005688824591645323     0.4773427921076381
 4.239083893149594e-05     0.2284549442539384  1.935665526600048e-05      0.312527710942938 -0.0001004692151855774     0.4129957096317123 -0.0001801808784133116     0.5264716826381387 -0.0004261439962885311     0.6343474231169235

35.55873641656395
16.70014478586843
50.56257636901893
23.98242915100854
68.34056966303967
32.64073307483276
88.51838857008279
42.47231502926152
107.7058228397752
51.85916259481393

0.4841994382476433

 0.009950907872539064  -0.02054593004048363 -0.002605543246212277  0.005264426564905403 -0.001330138006868201  0.002816046129030835 -0.002434372264071377  0.005106462745348138 -0.003744419989017747  0.007541262157849336

  0.002467018698364723   0.003746634630081478  -0.001187265918807874   0.005208852233395186   0.007002331323469542  0.0001179670831721454   0.008875109651474353 -7.910355569664096e-05     0.6957556369984681      19.30523584053534

cov:
    1.134744964761956    0.6043421282972943   -0.1434090753213674  -0.02541320020340603   0.01877561572889771   0.04198260075154779 -0.003242619204200917   0.01415840611788353  -0.01928166875489243  -0.01347612409152555
   0.6043421282972943     202.5707930633136  -0.07555596811784263     260.9779797222781   -0.1712990844275555     331.1788351109017   -0.2137270207578457      410.583132443958   -0.4074715756548168     486.0293799401734
  -0.1434090753213674  -0.07555596811784263     1.132861509060243    0.5289874629927704  -0.02188355786084675  -0.04960495497747139   0.01619991442429914  -0.03286745228408942  -0.01002211573498398  -0.06846839488765047
 -0.02541320020340603     260.9779797222781    0.5289874629927704     347.2947028036477   -0.2219030941247393     449.2279581094173   -0.2764197841362925     565.0808381929497   -0.5615047175380605     675.1639195831194
  0.01877561572889771   -0.1712990844275555  -0.02188355786084675   -0.2219030941247393     1.086561090462422    0.2678070741209925   0.01515146522434246   -0.2795209362137148   0.01544527145131875   -0.3182218946312854
  0.04198260075154779     331.1788351109017  -0.04960495497747139     449.2279581094173    0.2678070741209925      592.344267512641   -0.3808283222480188     749.2857719438871     -0.74185593657909     900.6538804927116
-0.003242619204200917   -0.2137270207578457   0.01619991442429914   -0.2764197841362925   0.01515146522434246   -0.3808283222480188     1.088288884144927   0.05602144514030988   0.02664613683618683    -0.566152817482792
  0.01415840611788353      410.583132443958  -0.03286745228408942     565.0808381929497   -0.2795209362137148     749.2857719438871   0.05602144514030988     959.9859492879056   -0.9542842139967039     1155.809347900874
 -0.01928166875489243   -0.4074715756548168  -0.01002211573498398   -0.5615047175380605   0.01544527145131875     -0.74185593657909   0.02664613683618683   -0.9542842139967039     1.088393221726553   -0.6212345483617774
 -0.01347612409152555     486.0293799401734  -0.06846839488765047     675.1639195831194   -0.3182218946312854     900.6538804927116    -0.566152817482792     1155.809347900874   -0.6212345483617774     1400.715241097099

cov.inverse():
   1.359493606763449  -0.9569863150348981  -0.4718868255568523    1.213942493906469 -0.01559621620174199 0.004647093887858715  0.04146228790135126 -0.09142200010614157   0.1068869030258069  -0.1805754633637614
 -0.9569863150348986    1.976691005099916     1.20997725390171   -2.509824283255258 0.005034370612172877 -0.01130193767778442 -0.08333071470751303   0.1872647802903254  -0.1872139671603956   0.3765631307792232
 -0.4718868255568396    1.209977253901684    1.702796005518157   -1.667879308512617 -0.04685619369213415   0.1298782274621956 -0.08026837785839946   0.1494763474104815 -0.07677144373267004   0.1772438258687171
   1.213942493906444   -2.509824283255204   -1.667879308512618    3.455326455399064   0.1274821631232407  -0.2626729892146341    0.141278329552171  -0.3154836158833849   0.1796962858418114  -0.3653224367221489
-0.01559621620175715 0.005034370612204193 -0.04685619369211438   0.1274821631231996    1.018827802454619  -0.2054870385604259 -0.03152643901181825  0.03378771179609295 -0.03363099012844607  0.04125348845512219
0.004647093887890771 -0.01130193767785063   0.1298782274621537  -0.2626729892145471  -0.2054870385604258   0.4335244788155878  0.04042175209701779 -0.07264098473076233  0.04487139964268062 -0.08828464724898076
 0.04146228790134408  -0.0833307147074982 -0.08026837785839236   0.1412783295521562 -0.03152643901181584  0.04042175209701272    1.009265795991424  -0.1811378230332436 -0.06552153099681791  0.08466078440582871
-0.09142200010612653   0.1872647802902943   0.1494763474104666  -0.3154836158833538  0.03378771179608777 -0.07264098473075141  -0.1811378230332437   0.3678784617430407  0.08719029411947943  -0.1697808628662336
  0.1068869030258174  -0.1872139671604172 -0.07677144373268541   0.1796962858418432 -0.03363099012844378  0.04487139964267579 -0.06552153099681532  0.08719029411947382   0.9820355621592789  -0.1220543986295985
 -0.1805754633637822   0.3765631307792659   0.1772438258687476  -0.3653224367222122  0.04125348845511752 -0.08828464724897089  0.08466078440582352  -0.1697808628662224  -0.1220543986295985   0.2430008100919945

cov*(cov_.inverse()):
                     1 -6.505213034913027e-17 -4.250072516143177e-17 -2.211772431870429e-16  2.168404344971009e-19 -4.336808689942018e-19   2.38524477946811e-18 -8.673617379884035e-18  -4.77048955893622e-18  1.170938346284345e-17
 7.105427357601002e-14                      1  2.842170943040401e-14                      0  7.105427357601002e-15 -7.105427357601002e-15 -7.105427357601002e-15                      0  7.105427357601002e-15   -1.4210854715202e-14
 6.245004513516506e-17 -3.122502256758253e-17                      1  1.006139616066548e-16  -4.77048955893622e-18 -1.474514954580286e-17 -1.734723475976807e-18  3.469446951953614e-18 -5.204170427930421e-18                      0
  -1.4210854715202e-14   1.70530256582424e-13   1.13686837721616e-13     0.9999999999997158   1.06581410364015e-14 -4.263256414560601e-14 -7.105427357601002e-15   -1.4210854715202e-14    1.4210854715202e-14  5.684341886080801e-14
 -4.85722573273506e-17  4.163336342344337e-17 -8.326672684688674e-17                      0     0.9999999999999998  2.081668171172169e-17  1.040834085586084e-17  1.387778780781446e-17                      0                      0
-8.526512829121202e-14  5.684341886080801e-14  1.989519660128281e-13 -3.410605131648481e-13                      0                      1                      0                      0                      0  5.684341886080801e-14
                     0 -2.775557561562891e-17                      0 -5.551115123125783e-17 -6.938893903907228e-18  1.387778780781446e-17                      1  6.938893903907228e-17                      0 -5.551115123125783e-17
-2.842170943040401e-14   1.13686837721616e-13  2.842170943040401e-13 -5.684341886080801e-13    1.4210854715202e-14 -2.842170943040401e-14 -5.684341886080801e-14      1.000000000000085 -2.842170943040401e-14  5.684341886080801e-14
 8.326672684688674e-17 -2.775557561562891e-16 -1.804112415015879e-16  1.942890293094024e-16 -1.734723475976807e-17  2.081668171172169e-17  4.163336342344337e-17  4.163336342344337e-17                      1 -5.551115123125783e-17
-2.842170943040401e-14  -1.13686837721616e-13  1.989519660128281e-13 -5.115907697472721e-13                      0   -1.4210854715202e-14 -2.842170943040401e-14  2.842170943040401e-14  5.684341886080801e-14     0.9999999999999432
