10
2

0.04740051957406772
0.06841171068351944
 0.6032179460145586
 0.9317560382522757
  1.076943781486868
  1.806465730347632
  2.381530889463585
  2.729918618367139
  3.472163369556822
  8.401648371926141

   0.2069295125438043  -0.07363084652646132   -0.0210772246353784  0.008168464419022444   -0.7357800555523636    0.2601217296632125    0.5503553786667497   -0.1982374444311329 -0.004768341666645986 0.0004831076548834707
   0.4148289163925377    -0.147084572553392   -0.7981269946239815    0.2815599341975493    0.2470529501923565  -0.08114290415339988    0.1431634295937122  -0.04183154238521882 -0.000458322219311743   0.01162823652709293
  -0.7059065983548515     0.147869779231077   -0.2131922542108226   0.04827189595019624    0.1882033974022138  -0.05865756318301302    0.4928560086313867   -0.1665084499792172   -0.3090556325669109    0.1644401651146524
   0.4626227054369709 0.0004772035565856728    0.3960781786418098  -0.02164112809331296    0.3602280930690946   0.01865212352173906    0.2587138023297577   -0.1391939936111304   -0.6416427229191323  -0.02254725422523016
  -0.1678782796923909    0.0191579966206184   -0.1732343195953208  0.005258866037422759  0.004296414570190076    0.4540984802391744   -0.1745612802988011  -0.06459831668222056    -0.240727594645134   -0.8016194997380628
 0.002144320155880031  0.008533383527501652   0.03631392699286101   0.02200250458510224  -0.09056189113079494   -0.3987801085796693    0.3439051938171936    0.7641722491299171  -0.05385738493983998   -0.3546295447980983
-0.005012034351466788  0.009409351198109015    0.2983478918231931    0.4359898996665376     0.189218594997518   -0.2875243544603042    0.2524241778152341   -0.4134907938817838    0.4687209160733369    -0.384606105020639
  0.02348446820645999   0.09772522049453877    0.1364875007682972     0.223722104305824    0.3328363541104167    0.6862791932953211    0.2626236623110799    0.3699233974009991    0.3199482346224126    0.1768538737358629
  -0.2088018546786757   -0.8179788017440587    0.1425650369890602    0.4348338085273415  -0.07405987705089016    0.0484814121044311    -0.121590999277613   0.09438983387463609   -0.1909846491794703   0.09951368647159362
  0.02026533054980744    0.5214508657977626   0.03043463865642367    0.6986614242930954    -0.268550285459156   -0.0270751879081133   -0.2656263640319886   0.08362080930109547   -0.2708589780698799    0.1218915307662091

22.68722921076386
64.03595839699788
35.55715792019986
100.3378232551802
46.53572828897286
 130.992827760775
55.25620939216226
155.5549496576804
66.20288134874406
186.6847377780508

 2.820385537815413
0.3557932834596778

    0.1035385242996202   -0.03668228440981187   -0.03226409174196535    0.01170855159060803    0.01004155272536549  -0.004440106656433106   -0.08268942388835109     0.0270436458061566 -0.0002678059988342773  -0.002949540826273503
 -0.009905362556738137   0.003507516782286367  -0.002049246188009726  0.0007062029269476536  0.0005279193970944326 -4.875309486608877e-05    0.01157992700360584   -0.00389358890587596 -7.343234606458997e-05   0.000102834338993256

-7.754035414465377e-05  0.0003146529077347608   -0.04169171751969682     0.0116897624929444  0.0008227279393650731   -0.02236900203101042    -0.1886105819001981    -0.1115023254545502     0.2445357527052625     0.8139517873889645
 1.007739672410085e-05  -3.90432666080339e-06   0.005268596611236786  -0.001420155417828221  0.0002717323884688441   0.002923790997850345    0.02468384518799785     0.0128646169941581   -0.03108762942507393    -0.1023702661039882

cov:
  0.9595862361024742    2.780078820935793 -0.05367199162273312 -0.08983211573324727  -0.0498470662721454  -0.1011738512643272 -0.02086293405094448  -0.0368763236101543 0.004147407941129286  0.06807167750911199
   2.780078820935793    27.34046540978625   -0.183931578477867    21.61755805921607   -8.894161240760038  -0.9943652772370581   -8.341239084668418    2.405327332511548    -7.85210099644761     3.59465195213158
-0.05367199162273312   -0.183931578477867      1.1489195820569    3.202943314370492  0.05129985920263629   0.1094528214457941  0.04063026544886576  0.08722248587030335  0.05375995543001159  0.06046640129660597
-0.08983211573324727    21.61755805921607    3.202943314370492    38.18971405325192   -12.61910893612384  -0.6752264027516856   -12.64760354859491    4.267132889752268   -12.66534135102754    5.849781342968948
 -0.0498470662721454   -8.894161240760038  0.05129985920263629   -12.61910893612384    6.339341091783233    1.985079083499062    6.077604568705875    -1.47641418488433    6.394553134098755   -2.268515565121048
 -0.1011738512643272  -0.9943652772370581   0.1094528214457941  -0.6752264027516856    1.985079083499062    4.818759958849049   0.8225909574329507    1.434340994687803    1.217536166612631    1.392347773916836
-0.02086293405094448   -8.341239084668418  0.04063026544886576   -12.64760354859491    6.077604568705875   0.8225909574329507    6.602683219125432  -0.7649341694835015    6.444555682406665    -2.84709217422255
 -0.0368763236101543    2.405327332511548  0.08722248587030335    4.267132889752268    -1.47641418488433    1.434340994687803  -0.7649341694835015    4.528015832231906   -2.053303917580862    1.390716364447454
0.004147407941129286    -7.85210099644761  0.05375995543001159   -12.66534135102754    6.394553134098755    1.217536166612631    6.444555682406665   -2.053303917580862    8.096190710173676    -2.88016805355484
 0.06807167750911199     3.59465195213158  0.06046640129660597    5.849781342968948   -2.268515565121048    1.392347773916836    -2.84709217422255    1.390716364447454    -2.88016805355484     3.40617729742913

cov.inverse():
   57.47063271355287    -20.0930374510924   -72.03619732021819    25.59560320079104   -46.03888053405772    16.82418696443134    62.58656252335486   -21.70666446854571  -0.1835007002458058   0.8591502631535736
   -20.0930374510923    7.156518243939155    25.67730643552511   -9.117277892478333     16.4325059425735   -5.986764191954299   -22.32649476726105    7.742715019529602  0.05653528275744051  -0.3328019094636143
  -72.03619732021915    25.67730643552554    136.6573319019296    -48.0984044178344   -35.16113326425082    11.36605555030292   -29.70139711307656    9.031741928341322  0.07473234573402546   -1.994149954111183
   25.59560320079137   -9.117277892478485    -48.0984044178344    17.03837124016779    12.22239255968086   -3.944782502047786    10.69435225512297   -3.267515366960999 -0.03530196437644827   0.6982053967434313
  -46.03888053405587    16.43250594257275   -35.16113326425415    12.22239255968205    254.2648469078322   -89.45638037692767   -172.2979570863722    62.54668549504821    1.143978700529254   0.5321769489732883
   16.82418696443072   -5.986764191954057    11.36605555030384   -3.944782502048123   -89.45638037692754    31.83647592246516    61.06137755807109   -22.26489862324002  -0.5907002739506824  -0.4070519453490724
   62.58656252335373   -22.32649476726062   -29.70139711307376    10.69435225512198   -172.2979570863739    61.06137755807165    140.0185905223395   -50.02120602661338   -1.726204514527358   0.7609801791954128
  -21.70666446854521    7.742715019529439     9.03174192834037   -3.267515366960661    62.54668549504873    -22.2648986232402   -50.02120602661333    18.19491299950728   0.6497993946830765   -0.218845770071077
 -0.1835007002458746  0.05653528275746473   0.0747323457340827 -0.03530196437646857    1.143978700529383  -0.5907002739507281   -1.726204514527476   0.6497993946831182    0.854275135454661  0.02083160799142073
   0.859150263153607  -0.3328019094636259   -1.994149954111211    0.698205396743441   0.5321769489732296  -0.4070519453490515   0.7609801791954651  -0.2188457700710957  0.02083160799142179   0.7277937658464891

cov*(cov_.inverse()):
    0.9999999999999484 -2.357489203852481e-14  5.725975249504245e-14 -2.110811525568579e-14  7.702866122727414e-14  4.003741782554471e-15 -8.685413499520678e-14 -5.208680708967961e-14  8.229094489164979e-16 -4.996003610813204e-16
 7.371880883511039e-14       1.00000000000004  9.947598300641403e-14 -5.018208071305708e-14 -1.918465386552271e-13  6.217248937900877e-15 -8.970602038971265e-14  -4.39648317751562e-14 -1.082467449009528e-15  -1.77635683940025e-15
-3.365363543395006e-15  7.657069422961627e-15      1.000000000000003 -7.570333249162786e-15  1.018629625093581e-14  2.677372212822604e-14 -2.449429548079252e-14  1.039793251500498e-14 -1.997100401718299e-16  4.926614671774132e-16
 3.099742684753437e-13  7.771561172376096e-14 -3.268496584496461e-13      1.000000000000017  2.664535259100376e-14  3.099742684753437e-13 -1.607602939657227e-13  1.734168364464495e-13 -6.938893903907228e-16  3.552713678800501e-15
-2.864375403532904e-14 -3.008704396734174e-14  1.074695887837152e-13 -8.215650382226158e-15     0.9999999999997204  -1.34559030584569e-13 -1.005862060310392e-13 -1.442734820500391e-13  9.506284648352903e-16 -1.110223024625157e-15
 6.439293542825908e-15 -3.885780586188048e-16 -3.153033389935445e-14  5.995204332975845e-15   2.05391259555654e-14     0.9999999999999973 -1.332267629550188e-14 -1.498801083243961e-14  3.087807787238717e-16  2.220446049250313e-16
-8.881784197001252e-15 -2.675637489346627e-14  1.483257960899209e-13  1.865174681370263e-14  5.195843755245733e-14 -1.014743844507393e-13     0.9999999999999782 -5.928590951498336e-14  2.810252031082427e-15  4.440892098500626e-16
 5.639932965095795e-14  2.720046410331634e-15 -7.283063041541027e-14   1.48769885299771e-14 -2.164934898019055e-14  6.206146707654625e-14  9.281464485866309e-14      0.999999999999987 -1.887379141862766e-15  8.881784197001252e-16
-6.705747068735946e-14 -2.264854970235319e-14  9.592326932761353e-14  2.797762022055394e-14  1.194599974496668e-13 -8.704148513061227e-14  3.863576125695545e-14 -4.052314039881821e-14      1.000000000000002 -1.332267629550188e-15
 5.950795411990839e-14  1.709743457922741e-14 -5.417888360170764e-14   1.77635683940025e-15  7.260858581048524e-14  8.615330671091215e-14  2.131628207280301e-14  4.518607710224387e-14 -6.245004513516506e-16                      1
