8
2

 0.380204167390395
0.4471336475266438
 0.708909011104754
0.8907127053376873
 1.023418624530146
 1.445424208393922
  2.87884785667485
 4.769187370014468

   0.3051121097369849  -0.09374022026760667   -0.8126096898331863   0.07481027949772415    0.4322997529058143 -0.009251204589594822    0.1973130023509991   0.07929188874758689
   0.2321147108799217  -0.02472957129643346   -0.2996257729570185  0.001140475144906106   -0.7515614171466701   -0.3111522038355585     0.187206337696802   -0.3987829412398348
   -0.857983472861902    0.1179113883343781    -0.337277490381115   -0.1023782879145015   0.07968986938951401   -0.2387983930190298  -0.05542376215473886   -0.2434684871592786
   0.1812501136002605  -0.01104893007700433    0.1381633391127496  -0.06382625750308378    0.3527680264854396    0.2090854342048209   -0.1039436218790727   -0.8745839823630552
   -0.232640853231859   0.01953312618058151  -0.03206973483817525   0.03472941036680209   -0.1716880114502305    0.7032468606032126    0.6465840166765793  -0.03403350858377454
  0.09399383653293697   0.08455075402289751    -0.164663488908902   -0.9110970362197717   -0.1140060153166839    0.2411341378161767   -0.2154419400299278   0.09615706540487731
  -0.1009548212656848   -0.3971696318843534     -0.26022903055136    0.3026348248781303   -0.2611512771612564    0.4620496942364035   -0.6253538134154262 0.0003471904643645374
   0.1043725742965303    0.9007230182123186   -0.1455437857230971    0.2386529652714749   -0.0824770861102254     0.190172528626633   -0.2378902776280861   0.01031184921725257

22.62899422382028
75.43913576338025
56.66631778861871
 185.181593435782
68.10129496867138
221.5283723054109
81.48685713677737
263.5848202175565

 3.226719211292655
0.3103557457818997

   0.09637097530360275   -0.02745908357777732   -0.08870733523776192    0.02893672075283905  0.0002812431075971114    0.00315825063904181   0.001759974882984551   0.002844687485572873
 -0.009308775754668637   0.002623808585441673   0.008391670096531073  -0.002773194148748959  0.0005769809042074037 -0.0001876753543911568 -0.0001159319478527923 -0.0002114212630297716

   0.01545184840560691   0.009528827252006209   -0.03039829236473688   0.001393410847842724   -0.01664558844307466  -0.009186116968392749      0.276019746080042     0.1212353522140822
  -0.00143127963494066  -0.001010787675989352   0.002964273745354151 -1.469867583422605e-05   0.001626187285596431  0.0008050667463913424   -0.02726941673440919   -0.01249441036020341

cov:
  0.8276283706748276     2.42472910918075 -0.03675710244043588   0.1642808041250697  0.04270693516980947  0.05905228576929085  -0.2150336701861437  0.01557187186120605
    2.42472910918075    19.78433775132683   -2.163632259957724    3.726375355735602  -0.8542600136273629     2.41783818628461   -2.846033226339704   0.2205430521206973
-0.03675710244043588   -2.163632259957724    1.286492566734638    -1.12896516469509   0.9006519241886163   -1.649516954840373    2.152233924361995  -0.1068473269644011
  0.1642808041250697    3.726375355735602    -1.12896516469509    3.799368575247855  -0.9094060765424389    1.759298392453106   -2.415899596821008 -0.06984829810858403
 0.04270693516980947  -0.8542600136273629   0.9006519241886163  -0.9094060765424389    1.019842925716638    -1.44556278759608    1.687696709213607  -0.2265286808050895
 0.05905228576929085     2.41783818628461   -1.649516954840373    1.759298392453106    -1.44556278759608    3.314127885033889   -3.078482664862197  -0.0218495285031156
 -0.2150336701861437   -2.846033226339704    2.152233924361995   -2.415899596821008    1.687696709213607   -3.078482664862197    5.085867825243392 -0.05768446481647362
 0.01557187186120605   0.2205430521206973  -0.1068473269644011 -0.06984829810858403  -0.2265286808050895  -0.0218495285031156 -0.05768446481647362   0.6922888925822174

cov.inverse():
    2.477294789128426   -0.4219601717602221    -1.453434704323412    0.2681351483479162   0.02024863388647135  -0.07542387637228426    0.5579048920187416  -0.06783468197629354
  -0.4219601717602221    0.1501543187969272    0.4824044652713058   -0.1130612457912062   -0.1721551226334055 -0.006191637400468734   -0.1387769759015158  -0.04338784442366924
   -1.453434704323411    0.4824044652713055     5.290562060133172   -0.3049426613193023    -1.272890946716227    0.6587319988676358    -1.352309298359218    0.1563853960854505
   0.2681351483479164   -0.1130612457912062   -0.3049426613193024     0.476738275438291    0.2084447506154697  -0.03770598487359673    0.2128941770833087    0.1157783967182737
   0.0202486338864719   -0.1721551226334057    -1.272890946716229    0.2084447506154698     4.330432903554688     1.053420699039984   -0.2423332633571417     1.309008372964639
 -0.07542387637228408 -0.006191637400468785    0.6587319988676359   -0.0377059848735968     1.053420699039984     1.180778524306352   0.06738008099921972    0.4891112811283219
    0.557904892018741   -0.1387769759015156    -1.352309298359218    0.2128941770833085   -0.2423332633571419   0.06738008099921983    0.9353969412269647   -0.1548009857415492
 -0.06783468197629354  -0.04338784442366929    0.1563853960854502    0.1157783967182737     1.309008372964639    0.4891112811283218   -0.1548009857415492     1.926517497492383

cov*(cov_.inverse()):
    0.9999999999999997   2.40692882291782e-17  1.647987302177967e-16 -1.069023342070707e-16  -1.52655665885959e-16 -1.162264728904461e-16  7.199102425303749e-17   2.42861286636753e-17
-4.076600168545497e-16                      1  1.734723475976807e-16 -1.040834085586084e-16 -2.220446049250313e-16  5.551115123125783e-17 -1.387778780781446e-17  -3.33066907387547e-16
-1.170938346284345e-16  -2.42861286636753e-17     0.9999999999999997 -6.938893903907228e-18   1.02695629777827e-15 -1.873501354054952e-16 -2.289834988289385e-16  1.110223024625157e-16
 2.411265631607762e-16   1.01047642475649e-16 -9.697104230710352e-16                      1 -2.914335439641036e-16  2.775557561562891e-17  6.487865800153259e-16 -5.551115123125783e-17
-7.459310946700271e-17  2.255140518769849e-17  4.926614671774132e-16 -7.979727989493313e-17     0.9999999999999991 -4.163336342344337e-17    -5.759281940243e-16                      0
  2.38524477946811e-16  4.228388472693467e-18  3.920475055707584e-16 -1.214306433183765e-17 -1.172673069760322e-15                      1  9.389190813724468e-16 -1.873501354054952e-16
 6.019490461639521e-16  2.645453300864631e-17 -1.509209424099822e-16 -1.561251128379126e-16  7.632783294297951e-16 -3.642919299551295e-16     0.9999999999999997                      0
 1.387778780781446e-17 -3.469446951953614e-18 -1.804112415015879e-16                      0                      0                      0  2.775557561562891e-17     0.9999999999999999
