8
2

 0.333125090596312
0.7761680778055942
0.9584371733913079
 1.033064497566253
 1.463576628170011
 2.051609576192918
 4.002372241796005
 36.09200678445257

   -0.3615377108181652     0.2975203354399095     0.6207475414138868    -0.5507053453758661    -0.1328780817244939     0.1030367614030941    -0.1975287171190327     0.1577260066356756
  0.006095984961978128     0.0922622965045872   -0.02585656507202254    0.01850146458831237     0.7457164096392053    -0.3557269737384974    -0.4996172073285479     0.2412211519595517
    0.8424109673691673  -0.002076057069274668     0.4053998560623394    -0.1843963805670017     0.1999406486880354     0.1397807127363196     0.1801965014227097  -0.001641281743882165
    0.3645270544787284    0.02625637896729144     -0.255218074633456    -0.1138863727247806    -0.4914940076454463    0.04752872479842642    -0.7375079471131603    0.02410282799087585
  -0.05663414514924094    -0.3516595702324528     0.6159053518168939     0.6026874426966333    -0.1342214492012835     -0.116888351218353    -0.2700646108889729    -0.1610695072178209
    0.1412538994804307      0.208352161965614    0.06329139703069162    0.08296225461732668    -0.3556945883368103    -0.7273873572799872     0.2476234335211906      0.456968055037615
  -0.05964055562282824    -0.8350517375564278   -0.03425450281139374    -0.3351444897065549    -0.0131809824123955  -0.006408747594018288    0.02681622708436767     0.4297702635215107
 0.0001576156635443371     0.1946513037874827  0.0002113259879988933     0.4086226487455791 -0.0002309712450068072      0.546120675669162   0.002220800757239633     0.7049010949541418

22.67742813465451
22.81067187989097
50.49362642001904
50.72395076380273
68.24088080436719
68.56241085882083
88.61849254522259
89.03019978632177

  1.003361477678484
-0.5972033267702889

  0.02924171387030927  -0.02934419769236634   -0.0240189264615299   0.02403708044295456 -0.002447380122241679  0.002029658816634183 -0.003982923438808282  0.003520089330532716
   -2.123372192896329     1.026039425963812     4.855510610022542    -3.583236861016125     -2.90754909239454     1.627195718752823  -0.09346228845983585     0.727981034644904

 -0.005057367561214931 -0.0007056564389016678   0.008814655726900152    0.01878643425899352    0.01918525388738726  -0.006284050342320312     0.2715548758152702      10.01883106525106
    0.7487962268374119      -1.58734042602318     0.4283936283422607     0.0156223450984256      1.496103187604368     0.3535648921157465      10.29502334906776      180.3931010101218

cov:
  0.9560966033259869    1.001304934771622   0.1851089744007627   0.2154623457476115  -0.2110653400298489  -0.1788219334327514  0.01344349829729552  0.02802831154493856
   1.001304934771622    60.98915625307379    0.114487336092458    107.6919267209367 -0.07016916241655689    137.9944941604662   0.5696837044180092    173.5266334276649
  0.1851089744007627    0.114487336092458    1.111931316759432    1.037742487038773 -0.07710770793951675   -0.142386611004764 -0.04227455393671485    -0.13261123849453
  0.2154623457476115    107.6919267209367    1.037742487038773    220.1890938627651  -0.3073619695826743    290.2818108928822   0.8415686562448399    372.8432444849158
 -0.2110653400298489 -0.07016916241655689 -0.07710770793951675  -0.3073619695826743    1.205470014255372   0.7990733228659179  -0.1010100511923971  -0.8475732654161413
 -0.1788219334327514    137.9944941604662   -0.142386611004764    290.2818108928822   0.7990733228659179    390.8621016133085   0.9771360994460893    500.0112192984173
 0.01344349829729552   0.5696837044180092 -0.04227455393671485   0.8415686562448399  -0.1010100511923971   0.9771360994460893    1.197283297665274    2.697974090722365
 0.02802831154493856    173.5266334276649    -0.13261123849453    372.8432444849158  -0.8475732654161413    500.0112192984173    2.697974090722365    651.1911960118277

cov.inverse():
    2.081427998860093   -0.9418973630268349    -1.752031717868514     1.574430529519522    0.4475908326801669   -0.2161588730566638     0.567168258772795   -0.4866944852994763
  -0.9418973630268184    0.9240465399586323     1.556894763691804    -1.553314473927684   -0.2494738199158089    0.2062184000610813   -0.5694520475984872    0.4871724192639472
   -1.752031717868414      1.55689476369178     3.891456261625266    -2.960171084472263   -0.6134258100912126    0.5974156357988647   -0.9015670748396112    0.8250728907953951
    1.574430529519524    -1.553314473927666    -2.960171084472271     2.960984162366823    0.6501293209558463   -0.6022995980039237     0.935766589584033   -0.8226390035911317
   0.4475908326801374   -0.2494738199157844   -0.6134258100911736    0.6501293209558038     1.390529249055516   -0.4863730264735613 -0.007077789584681362   0.06939555656395673
  -0.2161588730566286    0.2062184000610511    0.5974156357988156   -0.6022995980038715   -0.4863730264735605    0.4614169112477451   0.07812009674489555  -0.06522262781709552
    0.567168258772772   -0.5694520475985017    -0.901567074839653    0.9357665895840749 -0.007077789584660134   0.07812009674487026     1.359610966515206   -0.4498674583494072
  -0.4866944852994814    0.4871724192639593    0.8250728907954306   -0.8226390035911668   0.06939555656393795  -0.06522262781707347   -0.4498674583494064    0.3949464554938479

cov*(cov_.inverse()):
    0.9999999999999812 -1.377023495230389e-14 -7.380207556195728e-14 -2.003952559448408e-14  4.659684096908201e-15 -4.938107214802478e-15  3.499978085130806e-14  -6.17214612752548e-15
                     0                      1 -2.842170943040401e-14 -2.842170943040401e-14   1.77635683940025e-15  -1.77635683940025e-15    1.4210854715202e-14                      0
-2.470246229790973e-15 -6.938893903907228e-15     0.9999999999999793  5.204170427930421e-15  4.716713131180938e-15 -4.498137973207861e-15  7.029099524658022e-15 -1.804112415015879e-15
 8.526512829121202e-14  5.684341886080801e-14  5.684341886080801e-14                      1 -2.131628207280301e-14  -1.06581410364015e-14 -5.684341886080801e-14                      0
 1.182387521225792e-14 -4.329869796038111e-15   3.33066907387547e-15  1.731947918415244e-14     0.9999999999999998  3.885780586188048e-16 -2.220446049250313e-15 -3.164135620181696e-15
   1.4210854715202e-13 -2.842170943040401e-14 -5.684341886080801e-14                      0  2.842170943040401e-14     0.9999999999999716  2.842170943040401e-14 -8.526512829121202e-14
 4.440892098500626e-16                      0 -8.881784197001252e-16                      0                      0 -1.110223024625157e-16      1.000000000000001 -2.220446049250313e-16
  1.13686837721616e-13  -1.13686837721616e-13   1.13686837721616e-13                      0 -2.131628207280301e-14  4.263256414560601e-14 -5.684341886080801e-14                      1
