10
2

0.03989629239511091
 0.2411231579615327
   0.60496548043869
 0.6814917051859039
 0.9286547030070801
  1.235156183054916
  1.372355767636259
   1.58040226697153
  2.023217290741253
  4.580493164185907

    0.4371797511134347    -0.1238295167602414    -0.7845096123529173     0.2246553733717001     0.3436351300736142   -0.09759256974411359   0.001280832851024779 -0.0004441344508121534    0.00179644413810446 -0.0005196601829025129
    0.5895943188776663    -0.1900440203165899     0.0132074851288864    0.01924024271586218     -0.730041810031277     0.2530637578056384    0.08859717676115697   -0.01507489944441186     0.0963147246732857   -0.03690035860586878
   0.09128994046179706   -0.08431741153431474    0.08854478912293166   -0.01515776969768598    0.04532996684410278   -0.07245378284677277  0.0007089134869596603    -0.6719767476946472   -0.03079792681515587     0.7188050238972932
    0.5020810903536224    -0.3346063860647526     0.4444716541702071    -0.2360702010996832     0.3346620069736927    -0.2726701873004788    -0.2885286711723857     0.2889871555377956    -0.1638459213325741    0.05209038164740241
    -0.127088285522282     0.0238495900612205    -0.1062325981840846     0.1191459725010314   -0.09914440963107256      0.172322121212807    0.03943584953203202     0.6697350742386194   -0.05873311960447013     0.6817068830547264
    0.1811277325374242     0.3797802655247305    -0.1509397662390585    -0.7193156069298475     0.1141413136878124      0.286390189287999     0.2795629914706441  -0.005182446425396729     -0.329821109730543    0.02738741742133995
   -0.1075313273321692    -0.3348330379919918     0.0475171078145944     0.2675761589857146     0.1213036265899221     0.5919604375369434    -0.1457155865783533    -0.1171687199850329    -0.6247255865134241    -0.1099711095082752
    0.1212465305086205     0.5638713583337942   -0.06976480206376581    0.07730870768630006    -0.1500150834013098    0.02587408450241999      -0.78598703959681   -0.04335383351960698    -0.1134353446960555    0.02842277223015517
   -0.1050822387885371    -0.2779727049866448   -0.08994393215235141    -0.3368488110428323     0.1904032002537173     0.5066918690650337    -0.3465934961942596   -0.02238942645687318     0.6128997097489006    0.02945241699101231
    0.3384796265733391     0.4211222053179018     0.3601276265416091      0.412976288262764     0.3722499979713904     0.3567888887152491     0.2646757270166778   0.004994695788872085     0.2681399159443356 -0.0008569926197949212

37.35405739365535
130.9719385372486
44.36209253279875
155.5658834389016
53.05991801147608
186.0919656833022
63.51208139056754
222.3109619456956
73.63833163690342
259.2817322805333

 3.513454223439281
0.2849128253103919

    0.2041176773200483   -0.05837324792030878    0.02101473122539124  -0.006833667354990842    -0.2221885259276812    0.06313413044759821  -0.001142073815584442  0.0004088563518626068  -0.002633324141670279  0.0005412653157082021
  -0.01671560866411557   0.004776311614849418   -0.00154160186451516  0.0004866136716243864     0.0180613564732307  -0.005117696585239617  0.0001214350519841375 -3.535110803890695e-05  0.0001198810459623377 -3.661682397179373e-05

-6.489249237060497e-06    0.01798799930763932   0.004050925062055846    0.01964721296868576   0.002829355984198713     0.0149937396242517    0.01674497131501818     0.0649353611096901    -0.0668797581973012    -0.2504633834405676
 2.004274214012474e-07  -0.001466916323667316 -0.0003254410775246195   -0.00158731282262667 -0.0002271967625417353  -0.001131351031697063  -0.001257795346137889  -0.005341919765525597   0.005241675274571731    0.02015946516622842

cov:
   2.712068231481519    3.363674196868197    2.641867538650648     2.78034845396748    2.588851027745697    2.206633617379735    1.828908167713867  0.02528388551766655     1.61212356023663 -0.02012680743974125
   3.363674196868197    5.319675767132089    2.994608342371273    3.594870151107932    2.803290060462967    2.450330182813618    1.924482590125113  0.06920290494753309    1.739009885652464   0.0683149935193982
   2.641867538650648    2.994608342371273    2.910679435570927    3.360101522695123    2.831904675665165    2.417689092336885    2.123904454888075  0.02075416600579495    1.810798297371901 -0.06685566604460251
    2.78034845396748    3.594870151107932    3.360101522695123    5.020205615764787    2.821946965690751    2.430061890499424    2.275009237510588  0.05326161408831562    1.515651444095062 -0.06771576318304527
   2.588851027745697    2.803290060462967    2.831904675665165    2.821946965690751    3.251943916662726    3.287791430848953    2.054948797055307 -0.01272314265977476    2.389208094783456 -0.05144264444468069
   2.206633617379735    2.450330182813618    2.417689092336885    2.430061890499424    3.287791430848953    4.574325440222223    1.215011127478096 -0.06421290574578081    2.444770823167655    0.020979800463692
   1.828908167713867    1.924482590125113    2.123904454888075    2.275009237510588    2.054948797055307    1.215011127478096    3.704196133310302    0.158356172726103     0.89337959656401 -0.04428090980471562
 0.02528388551766655  0.06920290494753309  0.02075416600579495  0.05326161408831562 -0.01272314265977476 -0.06421290574578081    0.158356172726103   0.6240519011562453  0.07625348546677811   0.2421701274023747
    1.61212356023663    1.739009885652464    1.810798297371901    1.515651444095062    2.389208094783456    2.444770823167655     0.89337959656401  0.07625348546677811    3.995648891318478   0.1298250230007351
-0.02012680743974125   0.0683149935193982 -0.06685566604460251 -0.06771576318304527 -0.05144264444468069    0.020979800463692 -0.04428090980471562   0.2421701274023747   0.1298250230007351   0.6207188006699084

cov.inverse():
   126.6806384458261   -36.21896188577911   -214.8369056232168    61.54073122851045    87.36763368225115   -24.58249308179551   0.9492158329483085  -0.2241309749451464    1.273567603455937  -0.3716416065494818
  -36.21896188577909    10.82453533967699    60.59679634693104    -17.5414046693236   -24.63403161078801    6.927704823091017  -0.2335356735579827  0.06033165905582262  -0.3639503716158054 0.007533227261601186
  -214.8369056232172     60.5967963469312    387.1510901121359   -110.8757493997474   -169.1919790575318    47.83918687543216  -0.8891970303380463   0.2463138304769804   -1.009382861663277   0.3805856231672994
    61.5407312285106   -17.54140466932366   -110.8757493997475    32.26683726101661    48.02400162687022   -13.60991589326433    0.219063170712787  -0.1078113520396612   0.3799506584321064   -0.077720068288123
   87.36763368225148   -24.63403161078812   -169.1919790575322    48.02400162687028    83.65316619920263   -24.38423027968352    -1.00099711184542   0.1351361787766154  -0.9615066590025058   0.3939589198758318
   -24.5824930817956    6.927704823091051    47.83918687543228   -13.60991589326435   -24.38423027968354    7.602913762365334   0.4443725541707819  0.01786957893819132   0.2206120324111342  -0.1909181355605798
  0.9492158329482208  -0.2335356735579577  -0.8891970303378942   0.2190631707127434   -1.000997111845485   0.4443725541708005   0.6596221332132631  -0.1498217199305791   0.2223397619498378 -0.05436631711519976
 -0.2241309749451224  0.06033165905581583   0.2463138304769374  -0.1078113520396488   0.1351361787766343  0.01786957893818593  -0.1498217199305791    1.945954938788928 -0.07782306840869312  -0.7421586132651699
   1.273567603455892  -0.3639503716157925   -1.009382861663197   0.3799506584320836  -0.9615066590025408   0.2206120324111444   0.2223397619498382 -0.07782306840869324   0.6048536235704045  -0.1533421337835147
 -0.3716416065494924 0.007533227261604166   0.3805856231673189 -0.07772006828812864   0.3939589198758233  -0.1909181355605775 -0.05436631711519984    -0.74215861326517  -0.1533421337835147     1.98751423969828

cov*(cov_.inverse()):
    0.9999999999999356   1.05058377362216e-14  1.316950021257313e-13  1.721257684994537e-14  8.223977054910847e-14 -2.163503751151374e-14  5.410168840702667e-16 -2.255140518769849e-16  1.908195823574488e-17 -5.551115123125783e-17
-9.706124792785431e-14      1.000000000000003 -1.159836116038093e-14  1.220031020654488e-14 -2.786659791809143e-14 -1.830306739503129e-14  6.500876226223085e-16 -1.873501354054952e-16 -1.942890293094024e-16  2.775557561562891e-17
-1.585537257042802e-14 -1.445219811879728e-14     0.9999999999999741  5.076668252446126e-15  5.108066747361306e-14 -4.192132752045552e-14  6.951904329977054e-16 -3.469446951953614e-17  -3.86843335142828e-16                      0
 4.916553275613467e-14 -3.639677535055563e-14 -5.399153346630214e-14      1.000000000000074  1.416228245787465e-13 -2.380907970778168e-14  1.278491201794907e-15 -2.775557561562891e-16  5.724587470723463e-17  1.665334536937735e-16
 -3.82506526452886e-14  1.929825656915574e-15  2.452239800110334e-13 -2.429046547236524e-14     0.9999999999999557 -7.584211036970601e-15   1.21690851839773e-15 -7.632783294297951e-17  -3.86843335142828e-16  5.551115123125783e-17
-1.643789271366103e-13 -7.189615656294501e-16  1.105400493361941e-13 -1.851773942518342e-14 -8.743006318923108e-15     0.9999999999999917  8.756016744992934e-16 -2.949029909160572e-17 -7.615436059538183e-16  3.469446951953614e-17
-9.509407150609661e-14 -2.474962509241285e-15  -4.14737688636535e-14 -7.971054372113429e-16   5.36133637485392e-14  7.875644580934704e-16                      1 -1.387778780781446e-17 -9.445569326693715e-16  4.163336342344337e-17
-3.885780586188048e-16  9.996344030316351e-17  1.318389841742373e-15  3.469446951953614e-16 -4.163336342344337e-16 -1.040834085586084e-16  8.673617379884035e-18     0.9999999999999997  1.387778780781446e-17  1.665334536937735e-16
-4.862082958467795e-14  6.598020740877786e-15  2.844252611211573e-14  1.343890276839232e-14 -4.309053114326389e-15 -2.813721478034381e-15    3.9118014383277e-16 -1.249000902703301e-16     0.9999999999999998 -1.665334536937735e-16
-8.049116928532385e-16  2.949029909160572e-17  4.801714581503802e-15 -7.979727989493313e-16 -2.109423746787797e-15  3.608224830031759e-16 -6.938893903907228e-18 -1.110223024625157e-16  1.387778780781446e-17                      1
