10
2

0.03568004016329192
0.03979261579470471
0.09428184664968971
 0.2373590693403219
 0.4637492735773407
 0.7144338885418948
 0.9398176574685323
   1.00279912220824
  1.222333467995395
  1.466733875084833

   -0.3773476598514549    0.09131012979098918     0.7512540846477338    -0.2127403143619015     -0.449902245667635     0.1289374740387971   0.001099917289819149 -6.203447592168563e-06     0.1434919879970642  -0.001414002586587659
   0.08979835385145855   -0.01305244617695902    -0.1071816750767512    0.01589219336224335    0.04680987479695008   -0.01411305158567875   0.002979135921478339  -0.003973698489170908     0.9886903183468848     0.0100926847415925
   -0.9083707107422511    0.04811718830496783    -0.2690764407366448    0.06601536313692256     0.2801038353309339   -0.07962969026671675   -0.01474055169424302   -0.07902305010788135    0.03766689370564606    0.05574461043484856
    0.1071643240509834     0.1517326254061711      0.478912875358345    -0.1924843110284418     0.7891872224549429    -0.1541106384468203    -0.1595867075121476     0.1278547058870997   0.007659042004716758     0.1031760676554699
  -0.06429132980258966    0.09256694918992842     0.1195596647598666     0.4964428236818562    0.02355128980301376   -0.07722637127474419   -0.04588370057780139     0.4990689114620366    0.01895653223921754    -0.6844669283861533
   0.07184673065208855     0.3166165519275392     0.2015459391429734     0.5922849489846164   -0.07329202061190382    -0.4681857220673396    0.06220737678192986    -0.4880055350114206   0.002669006519714629     0.1912430542650461
 -0.007323886293858633     0.4082225832748543     -0.162220106244045    -0.1536654053444205    -0.2330648144138326     -0.421885974333066    0.09066477739239254     0.6184643952204553  -0.005923844949206247     0.4003896583501542
   0.03908177730130726      0.459710930872167    -0.1582301251702914    -0.5155055329390793   -0.03847575549335831    -0.2759416293224482    0.06641781465947164     -0.325625076661308  -0.004306153844040524    -0.5552206962530697
  -0.01180732681331322     -0.206260792554435   -0.05228376012488046   -0.06590151514547672    -0.1798150736254222     -0.313110288159838    -0.9047482870423884   -0.03175068331233155   0.000557404748652535   -0.01706102182259171
   0.04367714939625471      0.660920590829471    -0.1156231365592211     0.1487339897443765   0.007920769738478281     0.6129874221037241    -0.3703089943244795   -0.02521024056676243   -0.00190490724729336     0.1104604698337196

34.82300126070275
113.2595116840145
47.54504031226542
157.9866199648477
55.84505946879619
187.1565631773413
67.31173771464347
222.2923097067733
 74.6334839944174
259.1794254954272

 3.515393814743324
0.2845265287926504

    0.1896047970524008   -0.05324304208414299   -0.05718074641653172    0.01595749566308163    -0.1280145651698492    0.03652500524829497 -0.0009693069236223891  0.0005894197929544878    0.01245478008531159  0.0006400486167521302
  -0.01528977963358307   0.004294139235857843   0.004524866402370018  -0.001265759828132514    0.01037051064581886  -0.002960419795814632  3.892990253636371e-05 -3.742168981717426e-05 -0.0009501515840747662 -6.323359037259982e-05

 -7.46932329995908e-05  4.736233016503581e-05   -0.00174801042501994   -0.00701316870331724  -0.004673752209957396   -0.00674700122277733  -0.001249331286408226   -0.02218708769568883    0.03454074429667434   0.008268051841590603
 5.915465462270706e-06 -3.715888792424092e-06  0.0001413178619219408  0.0005656133746712734  0.0003808296491425675   0.000538671482789624  0.0001042940614614407   0.001794914343145738  -0.002733698308442434 -0.0006289885815344067

cov:
   0.01759509280098335    0.09197992361974247  -0.004685217783982949   0.009137511015193082   0.003624426466302663    0.03855339667992472   -0.01473954402912593   -0.04199385588572078 -0.0006702191469371052    0.00292151704736188
   0.09197992361974247      1.417338565462596     -0.240904777846392    0.04202476979582032   -0.03970825150689947     0.6098475711133913    -0.1765376941759323   -0.02146600616254258  -0.006120336709280679    0.06819541322361822
 -0.004685217783982949     -0.240904777846392     0.1193746674798299     0.1403321383274454    0.06484380447392453    -0.0776510898049062     0.1401780116524418    -0.0617815279286632   0.002812241540381693   0.009554620555975189
  0.009137511015193082    0.04202476979582032     0.1403321383274454     0.5764141392306287    0.04390483476334173     0.2790830152866848    -0.0605115217357089   -0.01575826244801318   0.005127769504212715     0.2541560014443922
  0.003624426466302663   -0.03970825150689947    0.06484380447392453    0.04390483476334173     0.1368196137015468       0.20208855070028     0.2058350481687697   -0.08034375283022996   0.001625448840427292   -0.06036783209902268
   0.03855339667992472     0.6098475711133913    -0.0776510898049062     0.2790830152866848       0.20208855070028      1.303200566690992    -0.1300007253378579   -0.05121986964908045 -0.0004148329807127521     0.1232481288233687
  -0.01473954402912593    -0.1765376941759323     0.1401780116524418    -0.0605115217357089     0.2058350481687697    -0.1300007253378579      1.533591393375358    0.06922309657699678 -0.0001691896674815195   -0.05806372035950668
  -0.04199385588572078   -0.02146600616254258    -0.0617815279286632   -0.01575826244801318   -0.08034375283022996   -0.05121986964908045    0.06922309657699678     0.6234414145990435 -0.0003567458528927951     0.2749472081848353
-0.0006702191469371052  -0.006120336709280679   0.002812241540381693   0.005127769504212715   0.001625448840427292 -0.0004148329807127521 -0.0001691896674815195 -0.0003567458528927951   0.001728798937461155  -0.002608775966539741
   0.00292151704736188    0.06819541322361822   0.009554620555975189     0.2541560014443922   -0.06036783209902268     0.1232481288233687   -0.05806372035950668     0.2749472081848353  -0.002608775966539741      0.598330505600056

cov.inverse():
    210.0034772921342    -32.38737054338434    -200.3629235440294     56.76686778352426      108.871641376392    -31.20947988018854     1.069635689300305     7.859093718981218     9.696782920697162    -4.299771065002332
   -32.38737054338434      8.19247558740714     54.60106189383475    -15.22158374715231    -29.14664630210644     8.104987871341356   -0.3530152507065041 -0.005397283169311491     2.371071429511897    0.1865577175045091
   -200.3629235440291     54.60106189383475     463.0056595609447    -129.6378571195889    -270.3937790589409     78.01466967674813   -0.4394247696764525     3.769073843478133     16.69196430771096    -2.624462472601098
    56.76686778352427    -15.22158374715232    -129.6378571195889     38.99559863028865     75.07440327957049    -22.20357846573989    0.2126056368776297   -0.4178000807118031    -13.75234489735288   -0.7356448271497382
    108.8716413763919    -29.14664630210645     -270.393779058941      75.0744032795705     180.3584373387927     -50.4311782610146    -2.933482580846046   -0.8367008492968052    -20.18504829146761     3.815541112638129
    -31.2094798801886     8.104987871341359     78.01466967674816    -22.20357846573989     -50.4311782610146      15.2943013471817    0.6354031588115617    0.4547915299886578     5.356713318765868   -0.9482419162830894
    1.069635689300306   -0.3530152507065044   -0.4394247696764569    0.2126056368776308    -2.933482580846041    0.6354031588115604     1.125718808340451   -0.3390090856278337     1.895337371839954   -0.2018451314960976
     7.85909371898125 -0.005397283169317966     3.769073843478084     -0.41780008071179   -0.8367008492967771    0.4547915299886501   -0.3390090856278337     3.166796533453833    -2.760612496026126    -1.598728303802792
    9.696782920697347     2.371071429511865     16.69196430771076     -13.7523448973528    -20.18504829146749      5.35671331876584     1.895337371839953    -2.760612496026124     633.6633658025889     6.332881834288154
     -4.2997710650023    0.1865577175045039    -2.624462472601134   -0.7356448271497279      3.81554111263815   -0.9482419162830955   -0.2018451314960979    -1.598728303802791     6.332881834288167     3.348409963160035

cov*(cov_.inverse()):
     1.000000000000001  2.785315381115261e-16 -1.314053033052431e-15 -3.391384395534658e-16  3.573530360512223e-16  1.167035218463397e-15  6.938893903907228e-18 -7.459310946700271e-17 -1.318389841742373e-16 -1.491862189340054e-16
 4.440892098500626e-16      1.000000000000001 -8.076872504148014e-15  2.116362640691705e-15  6.050715484207103e-15  1.498801083243961e-15  2.949029909160572e-17  1.665334536937735e-16 -5.551115123125783e-16 -1.387778780781446e-16
 3.198830089701232e-15  3.302479817390847e-16      0.999999999999996  1.769417945496343e-16  7.570333249162786e-15 -7.840950111415168e-16 -2.038300084272748e-17 -1.734723475976807e-18  3.261280134836397e-16  3.469446951953614e-17
-9.769962616701378e-15   2.35228503342455e-15 -1.154631945610163e-14     0.9999999999999964  2.331468351712829e-15 -7.216449660063518e-16 -2.081668171172169e-17                      0  2.220446049250313e-15                      0
-2.775557561562891e-16  4.336808689942018e-17 -2.664535259100376e-15  5.898059818321144e-16      1.000000000000002 -8.743006318923108e-16 -1.179611963664229e-16 -1.249000902703301e-16  2.220446049250313e-16  2.775557561562891e-17
 5.551115123125783e-16  5.100087019371813e-16 -6.550315845288424e-15  -1.65145674912992e-15   5.10702591327572e-15     0.9999999999999989  2.775557561562891e-17  2.775557561562891e-17  9.992007221626409e-16 -1.665334536937735e-16
-5.800915303666443e-15  3.070460552478949e-15  2.969846590872294e-15 -2.421673972463623e-15 -7.632783294297951e-15 -2.775557561562891e-17                      1 -8.326672684688674e-17  1.720845688168993e-15  1.942890293094024e-16
-2.886579864025407e-15 -9.436895709313831e-16  7.882583474838611e-15  1.609823385706477e-15 -3.552713678800501e-15 -3.108624468950438e-15 -3.469446951953614e-17                      1                      0 -1.110223024625157e-16
 9.020562075079397e-17 -8.836247705756861e-18 -1.726049858596923e-16  2.233456475320139e-17   9.71445146547012e-17 -8.196568423990414e-17 -4.228388472693467e-18  5.204170427930421e-18     0.9999999999999997 -2.255140518769849e-17
  1.77635683940025e-15 -6.938893903907228e-16  2.886579864025407e-15 -9.436895709313831e-16  4.440892098500626e-15 -8.881784197001252e-16 -1.387778780781446e-17 -1.110223024625157e-16 -4.440892098500626e-16                      1
