10
2

0.04025676589805054
 0.2723685972460397
 0.5913534515334792
 0.8087540136649224
 0.9223432661050542
  1.408836504177852
  1.750284435890456
  2.521478071618627
  3.402431092060535
  6.066675786982964

    0.3121477732077663    -0.1055420980109955     -0.769075965110075     0.2596681457172696     0.4565502890220469     -0.154872648769142  -0.005268245715751648   0.002493198111695681   0.007654948935465603  -0.001724755865886221
    0.5847809735800666    -0.1803740986887539    -0.1796073508166807    0.05469896000138705    -0.6809912462069241     0.2803874285012797     0.1366115985577298   -0.05117315074619948     0.1527879844214686   -0.05704248324681284
   -0.1118603396750875   0.001898015399214485   -0.08343230277743507  -0.005400289448827282   -0.05743075677931386    0.03106504344423204   -0.03626550328915576     0.7050480038894794    0.03201883382062604    -0.6905049896180446
   -0.6977033446171058    0.07933254171258458    -0.5149431876507131    0.07110988823383453    -0.3038958269444937     0.3172614641752287     0.1205555991600281    -0.1193295591530389    0.08242435769107705    0.09010442176082351
  -0.03963239429480619     0.0150980463709735    0.03577704933441241    0.01432081298434558    0.05909659432675874   -0.07135782236734066    0.04723880057983727    -0.6905387175772262    0.06190565064504502    -0.7107913609248445
   0.09263270775168841    0.06280448453418096   -0.00510306582262515  -0.001047705861840524     0.1500164182133805     0.6266096240163238    -0.7363009523460896   -0.07516764984022302    -0.1503904355615364   -0.04354929905891988
  -0.06518879676289023   -0.05509373733746347    0.04652746769528701    0.04898116703938366   0.002624118489750205      -0.17862449465718    -0.3554986607590057    0.01128559911450634     0.9083191741719601    0.06846283737539285
    0.0780506127272626     0.1641261495428672     0.2351652148732079     0.3330783555513714     0.3806664905334161     0.5564418682769255     0.5074658971516982    0.05800545921826988     0.2920482570719329  -0.003722277470359635
   -0.1946599842443182    -0.7067505794388743     0.2053975303028369     0.6228210579081197   -0.04759990589077773   -0.03066481662599238   -0.09349893163662955 -0.0008019388411640965      -0.14341587171909 -7.592736290728711e-05
   0.05391433833980062     0.6452808278230776    0.05634053813309906     0.6504168658149339    -0.2428679548162408    -0.2357357110457091    -0.1686626692909109   0.007504926487365315    -0.1068861147899726   0.002304644014857441

22.68813643424702
66.68764799552467
35.55917535032222
104.7608101907501
44.33806996015849
130.6711652266872
63.69413665072515
187.5590609208033
 73.7064026597422
218.1379705657429

 2.957671441657503
0.3385125292719988

    0.1637232645905471   -0.05540714044128037   -0.07037273923156331    0.02386959291958133   -0.09274767347182254    0.03154849129903473   0.000692517055924813 -0.0001219831229956295  -0.001726793796078553  1.604421317230644e-05
  -0.01871783198107112   0.006331013093507142   0.007835446254758852  -0.002658131160788025    0.01084605637508358  -0.003724731946950344 -3.755428721182512e-05  1.264201236988292e-05  8.746244459569457e-05  4.035132386829934e-06

 0.0001134856435907216    0.01420811324025711  -0.002289726755961025   -0.02782379153807371   -0.01466197264446605     0.0349995234057379    -0.0533633431611635    -0.1451171933628422     0.1311749861093471  -0.007749729260799163
-1.247491912984288e-05  -0.001636777926844528  0.0002581155202089385   0.003179937107513025   0.001683124380867582   -0.00410254795907484   0.005798467522466159    0.01652241886357965   -0.01491160748272903   0.001091778794397056

cov:
  0.9640669800200241    2.932409959264084 -0.01572381087710853  0.01218936500707248 -0.04907074161988665  -0.1031682449714756  0.01419726948185908  0.07734989415063089  0.01264741493460516  -0.0114016526526287
   2.932409959264084    21.30252451716046  -0.1293370772711613    10.69343806427575    -4.96902317981248    -4.64691951349455   -2.737869946147585   0.2201419218103163   -1.229334082239789  0.03033816816757191
-0.01572381087710853  -0.1293370772711613    1.143825231972604    3.310218834009698   0.0655512228529288   0.1249411971523971   0.1035407211606014   0.1020346880173609  -0.0238613643083421 -0.02184127576261396
 0.01218936500707248    10.69343806427575    3.310218834009698    20.77700832253757   -5.366719865930966   -4.699058793691597   -3.682003530205188     0.28305779367304   -2.832496977472094  0.05370613088778938
-0.04907074161988665    -4.96902317981248   0.0655512228529288   -5.366719865930966    3.262398506656738    3.574354914762983    2.537456615084305  0.02888346624015666    1.682161570036264 -0.07888078036742169
 -0.1031682449714756    -4.64691951349455   0.1249411971523971   -4.699058793691597    3.574354914762983    4.978171842528926    2.595223515055759  0.06446969728483734    1.344254648613998 -0.07160401296066883
 0.01419726948185908   -2.737869946147585   0.1035407211606014   -3.682003530205188    2.537456615084305    2.595223515055759    4.261929895038212   0.1923700955767453    1.001688273712571 -0.05043076190330786
 0.07734989415063089   0.2201419218103163   0.1020346880173609     0.28305779367304  0.02888346624015666  0.06446969728483734   0.1923700955767453   0.6240770224789568  0.09786778314160188   0.2486220661262075
 0.01264741493460516   -1.229334082239789  -0.0238613643083421   -2.832496977472094    1.682161570036264    1.344254648613998    1.001688273712571  0.09786778314160188    3.783064777587484   0.1467009198324293
 -0.0114016526526287  0.03033816816757191 -0.02184127576261396  0.05370613088778938 -0.07888078036742169 -0.07160401296066883 -0.05043076190330786   0.2486220661262075   0.1467009198324293   0.6204972320380295

cov.inverse():
   65.52486571248217   -21.81746873648375   -148.9761764969528    50.36496693055184    82.92063143523947   -27.92502554784549 -0.07628630604294168 0.007750425225627175    2.557271352315696  -0.6275151321778928
  -21.81746873648376    7.383574055972123    50.45404524025707   -17.05397876727812   -28.10002411882094    9.476872105990637  0.02514397403784466 -0.06175152184267959   -0.865424271404968     0.24292488579262
  -148.9761764969527    50.45404524025703    365.8477857417554   -123.3896238076633    -214.743984994617    72.57274920893134    2.098427942840125    -1.16007925060803   -4.050298408179804    1.021535284271797
   50.36496693055177   -17.05397876727809   -123.3896238076633    41.71796942483552    72.63233758343482   -24.55537869200474  -0.7156559168873842   0.3296137278921134     1.36900619156056  -0.3089621581633794
   82.92063143523912   -28.10002411882084   -214.7439849946165    72.63233758343466     135.059269767383   -46.27916132387698   -2.809046127039307    1.061564086878186   0.7229124953694712  0.05643131996422099
  -27.92502554784531    9.476872105990585    72.57274920893107   -24.55537869200466   -46.27916132387691    16.28124839148352   0.9051034067704005   -0.388359067594315  -0.1902503247160763 -0.02686655695591211
-0.07628630604291449  0.02514397403783536    2.098427942840061  -0.7156559168873626   -2.809046127039273   0.9051034067703898   0.6537296497177536  -0.2046189059547044   0.2471283058477466 -0.04278659407070601
0.007750425225594761 -0.06175152184266878   -1.160079250607953   0.3296137278920876    1.061564086878143  -0.3883590675943005   -0.204618905954704    2.046331981495487 -0.08265543794557952  -0.7930831526870872
   2.557271352315737  -0.8654242714049813   -4.050298408179906    1.369006191560595   0.7229124953695362  -0.1902503247160992    0.247128305847745 -0.08265543794557838   0.6648698963845431  -0.2057997563786336
 -0.6275151321778932   0.2429248857926201      1.0215352842718  -0.3089621581633801  0.05643131996421841 -0.02686655695591109 -0.04278659407070574  -0.7930831526870873  -0.2057997563786333    2.017928435470547

cov*(cov_.inverse()):
     0.999999999999972   6.05765437811101e-15  -4.36577857199083e-14  2.070826149447313e-15  9.474517524699078e-15 -2.063881834532544e-14  6.331740687315346e-16  4.423544863740858e-16 -1.438085761584773e-15  4.163336342344337e-17
-6.723094303495714e-14     0.9999999999999957  3.894107258872737e-14   4.93875773610597e-15 -4.093947403305265e-15 -1.683180504696846e-14 -1.337905480847112e-16  4.579669976578771e-16  1.708702623837155e-16  2.775557561562891e-17
 -2.28497776255665e-14  1.690574763513197e-14      1.000000000000059 -1.285256623351216e-14  1.512678871051776e-14  4.819495497132564e-15  2.996734804749934e-16  1.734723475976807e-17 -7.095019016745141e-16 -6.245004513516506e-17
 -7.97695243193175e-14 -5.002942504717112e-15 -1.658256865155749e-13      1.000000000000069  5.500157621018964e-14  1.236857838371463e-15 -8.829742492721948e-16 -1.505739977147869e-15 -1.502270530195915e-15 -2.498001805406602e-16
 -1.12340692304258e-14  2.672861931785064e-14  2.644967578291357e-13 -3.190156472321348e-14     0.9999999999998945 -1.742616467792502e-14  8.031769693772617e-16 -1.665334536937735e-16 -2.567390744445674e-15  3.885780586188048e-16
 5.204170427930421e-15 -6.061123825062964e-15  2.998989945268704e-14 -1.279878980575688e-14 -5.618942811036476e-14     0.9999999999999623 -5.303917027799088e-16   3.95516952522712e-16  -9.35015953551499e-16  1.942890293094024e-16
 2.202404925100154e-14  1.476249678056263e-15 -2.220446049250313e-15 -4.371503159461554e-16 -3.603801285168018e-14 -1.782298267305471e-14                      1 -6.938893903907228e-17 -7.459310946700271e-17  1.387778780781446e-17
 -1.06581410364015e-14  3.996802888650564e-15  1.088018564132653e-14  -7.53563877964325e-15 -9.152401059253634e-15   1.24986826444129e-15  2.359223927328458e-16                      1  -3.33066907387547e-16                      0
-1.239286451237831e-14  2.650657471292561e-15  2.245426067304379e-14  3.393119119010635e-15 -3.660786951353856e-14 -2.529226827974185e-15 -6.505213034913027e-17 -4.163336342344337e-17                      1  5.551115123125783e-17
-6.106226635438361e-16 -1.387778780781446e-16  1.554312234475219e-15 -8.326672684688674e-17  -7.91033905045424e-16  1.051242426441945e-15  6.938893903907228e-18 -1.110223024625157e-16                      0                      1
