8
2

0.2376932128467289
0.7752992374052596
0.9107772397840077
 1.059497755438429
 1.515180823280414
 2.053254520358626
 4.413908992134364
 34.59875766303472

  -0.4519542070193611    0.4184424861009577    0.5636793840277896   -0.5335278828025218  -0.06443355377917145    0.0493785448969118  -0.08335712526113657   0.06869131675044247
  0.04571931729889078   0.08065872962995062   0.01044148841794732    0.0225098833135692    0.7468396227607714   -0.3501260438489385   -0.5020473627517631    0.2416174055821978
   0.7762965598334529  -0.01124556234481544    0.5718007360989968  -0.09920130918899249    0.1303695341618236    0.1172103364878406    0.1656980976183054  -0.04743278400686186
   0.2078274700323849  -0.06153686137106558    0.0820597596380284    0.0534259562199836   -0.5457159573612832    0.0032042381363351   -0.8034846978361704 -0.005384006408613239
  -0.3625375245441233   -0.4304601245352384    0.5880013229368688    0.5699649060883017   0.02418156650950079  -0.09938930810535437   0.02060814280072476  -0.04215917765518828
   0.1222917928244692    0.1858349743579253    0.0451842622876494    0.0855753818773239   -0.3500107576630391     -0.72548448062056    0.2593544902849667     0.474389399585535
 -0.03781230189289796   -0.7440225194620654  -0.02606252434895069    -0.525458016766113  -0.01358113693994453    0.0193031219602566   0.01616093800134585    0.4091419119139317
0.0001523307733842361     0.202698646280867 0.0004613859967461087    0.3063605773319487 -0.000218051215139385    0.5697775056077333  0.002427532335171019    0.7351216722522164

22.67743519793528
22.83401412433737
35.55993177347096
35.76315666897342
68.24185059837772
68.58523803146208
88.61902343464838
89.05707929227715

   1.00341771095422
-0.1935094070260426

   0.0275201496561605  -0.02757286548221423  -0.01420546502030622   0.01401104120166826 -0.006100873014907196  0.005475789472620864 -0.009679512331031023  0.008464988784336779
    1.015741191299191    -3.100105269788342    -5.059694574542676     2.899964071063893    -3.095074937460555    0.8694951552027161     1.520829299462253   -0.8868662777932685

 -0.002113383494577182 -0.0002208743764802839   0.008297074029310937    0.02029286089002876  0.0006354341407328355  -0.006464298560428212     0.3112881362645952      9.602565742745453
   -0.3446874736467621     -2.275081010040196     -1.961772788473157     0.6917460852374058     -1.029730406494445   -0.02582622279557495      11.62608390829878      126.5291552985471

cov:
  0.9538517817992421    1.009087736910552 -0.07356780310970455 -0.02447857745940015  -0.2118054776661145  -0.1362901802162416  0.01268375224313251  0.08539608435528115
   1.009087736910552    60.55798928446245 -0.05311392101928101    81.44321591078494  -0.0829918386308771    137.4867322214672   0.5652403389266126    172.8705745800384
-0.07356780310970455 -0.05311392101928101    1.112639811797748     1.16274190423054 -0.01305164315210667  0.08779420466999246   0.0691334513553513   0.2124342917555989
-0.02447857745940015    81.44321591078494     1.16274190423054    118.5372373996352 -0.06697469193417946    208.3530117362405   0.7792518243758202    265.5280539910216
 -0.2118054776661145  -0.0829918386308771 -0.01305164315210667 -0.06697469193417946    1.205366647683578   0.7645256862585094  -0.1014195734523472  -0.8961032638483525
 -0.1362901802162416    137.4867322214672  0.08779420466999246    208.3530117362405   0.7645256862585094    390.9598723793191   0.9825143322819205    500.0586532640568
 0.01268375224313251   0.5652403389266126   0.0691334513553513   0.7792518243758202  -0.1014195734523472   0.9825143322819205    1.196064102431644    2.706839576223448
 0.08539608435528115    172.8705745800384   0.2124342917555989    265.5280539910216  -0.8961032638483525    500.0586532640568    2.706839576223448    651.1548677069724

cov.inverse():
  4.444709352303875  -3.288286714989717  -4.049522921104747    4.10019952107266  0.5792649092624816 -0.3167358264767564  0.6391731771091029  -0.556878055395293
 -3.288286714989749   3.230817635549704   4.056674416977442  -4.033017528121768 -0.3682939964688332    0.30298137660824 -0.6359858909098003  0.5554255463620213
 -4.049522921104698    4.05667441697745   6.175264727836293  -5.239473932926193 -0.5774446658029992  0.5343386589029598 -0.7768537189898114  0.6501776683116406
    4.1001995210726  -4.033017528121776  -5.239473932926193   5.211001300316613  0.5941344970589257 -0.5330486079390753  0.7202537712118536 -0.6458919862054516
 0.5792649092625175 -0.3682939964688779 -0.5774446658030542  0.5941344970589805   1.316525101519588 -0.4153033282962063 -0.1333915894599875  0.1769131444689098
-0.3167358264767921  0.3029813766082694  0.5343386589029954 -0.5330486079391108 -0.4153033282962053  0.3931087253636241  0.1951963145368703 -0.1664759244118766
 0.6391731771090635 -0.6359858909097801 -0.7768537189897849  0.7202537712118268 -0.1333915894599986  0.1951963145368779   1.166677703143227 -0.2796278513727797
-0.5568780553952439  0.5554255463620023  0.6501776683116157 -0.6458919862054265  0.1769131444689198 -0.1664759244118834 -0.2796278513727795  0.2465746917180962

cov*(cov_.inverse()):
    0.9999999999999313  3.322342401190781e-14 -5.069555886194621e-14  6.090267179459374e-14  8.621575675604731e-15  5.872038966181492e-15   1.72327430103536e-14  -2.76445533131664e-14
  -1.4210854715202e-14      1.000000000000014                      0   -1.4210854715202e-14                      0 -7.105427357601002e-15                      0 -7.105427357601002e-15
    5.759281940243e-15 -3.386180225106727e-15      1.000000000000002   -2.3037127760972e-15  -5.48172618408671e-16 -3.677613769070831e-16 -8.187894806610529e-16  1.817990202823694e-15
  1.70530256582424e-13 -8.526512829121202e-14 -8.526512829121202e-14      1.000000000000057 -7.105427357601002e-15                      0                      0    1.4210854715202e-14
 3.103073353827313e-14 -2.314815006343451e-14 -8.104628079763643e-15  5.773159728050814e-15                      1  -2.80331313717852e-15 -7.771561172376096e-16  3.358424649491099e-15
  1.70530256582424e-13 -5.684341886080801e-14   1.70530256582424e-13 -5.684341886080801e-14 -2.842170943040401e-14      1.000000000000014 -5.684341886080801e-14  2.842170943040401e-14
-4.440892098500626e-16  4.440892098500626e-16  2.220446049250313e-16 -4.440892098500626e-16  1.110223024625157e-16                      0                      1 -1.110223024625157e-16
 5.684341886080801e-14 -5.684341886080801e-14   1.70530256582424e-13 -2.273736754432321e-13                      0    1.4210854715202e-14 -5.684341886080801e-14      1.000000000000028
