8
2

0.04146162333554371
0.04192731992515931
 0.4671071308143943
 0.8353170099291178
  1.162441784733751
  1.416340343944421
   1.83957926833656
  3.916341562072438

   0.6003401725118627   -0.1250704243363255   -0.7187655478059819    0.1462629833032268   -0.1400541861591822   0.03054538165488077    0.2510142036072802  -0.04874389616572228
0.0005495029759911175 0.0005972882141076137   -0.3212033629695054    0.0653514597414475    0.7928492109917867   -0.1612759359973224   -0.4774280392552235   0.09999798023366352
  -0.7091569797599113    0.2101285746896756   -0.4785008851585259   0.01488225429317964   0.09206544202086915  0.006870052102934577    0.4531301242396361  -0.09953707270421017
   0.2137321844634908    0.9461033295145187  -0.03997120499406152   -0.1275184307689751   -0.0625692159536418     0.109337295761054   -0.1047473589967661    0.1204443255008526
-0.006827670565000783     0.154622727256029    0.1805601614952784    0.9659247138822855   0.03878262934112409   0.02301848452205527    0.0517080856344932  -0.07566373790991787
  0.06725446032391216   0.06217175676937689   0.08551185385285595   0.01480038350911737   -0.0252297048955328   -0.8463029395498042    0.2796893519333856    0.4347284723142792
  -0.2200056657876191   -0.1240958258856448    -0.213638216348858    0.1410953641619558    -0.313097843562464     0.272899039851728   -0.2849880265751944    0.7854465117751209
   0.1950231632389154  -0.04379743208710182    0.2531563864981531  -0.06867596899707114    0.4890941741405705    0.4120956299151706    0.5750107679113189    0.3893197958144193

25.75497348518023
129.1852920454726
31.51425040861509
157.9784009346267
43.81678033858793
 219.395492837484
52.17342313875513
261.1684827471976

 5.010233571856585
0.2001351594115975

    0.1526374307960242   -0.02722041999205336    0.05344856932617879   -0.01482555170538079    -0.0285132581741945   0.009508506321420123    -0.1794720398269315    0.03395891007012396
 -0.005996456097546126   0.001259606957714111  -0.002835617709519333   0.000518124394560987   0.002438875718187815 -0.0004983184769415433   0.006460952315475789  -0.001283181358236085

 2.068372344563807e-05  8.239538836911577e-05   -0.04953407569128448    0.02256356358087523   -0.03061614961014572   -0.05985349762852477     0.1544107649832984    -0.8358405406312525
-5.431980218683273e-07 -4.514295762908991e-07   0.001998209008464942 -0.0007543058479712302  0.0009978656001764852   0.002105585647576533  -0.006453109870169129    0.03412616781569095

cov:
  0.8985109642495854  0.07679699864680395   0.9935069112542609  -0.3385551913957211    1.668607602084244   0.9303733342359252    1.883937482559747   0.6724274463215093
 0.07679699864680395    0.755823969562685 -0.08012227245782068   0.1070141590379578  -0.2291626412176057  -0.4196822195197045  -0.2693277984864989  -0.4780050152663781
  0.9935069112542609 -0.08012227245782068    1.248283589254416  -0.1286690568276815    2.122427784286631    1.259536732770211    2.454879119307976     1.00696804859913
 -0.3385551913957211   0.1070141590379578  -0.1286690568276815    1.412336268222171  -0.6088823545214952   -0.308571241626461  -0.6551581382907055  -0.1319452371747579
   1.668607602084244  -0.2291626412176057    2.122427784286631  -0.6088823545214952    4.009755012747104    2.841398458432639    4.616957824518618    2.055233840792302
  0.9303733342359252  -0.4196822195197045    1.259536732770211   -0.308571241626461    2.841398458432639    4.302604092463725    2.890848324158442    2.454719182610983
   1.883937482559747  -0.2693277984864989    2.454879119307976  -0.6551581382907055    4.616957824518618    2.890848324158442    5.559574815415554    2.895929890171849
  0.6724274463215093  -0.4780050152663781     1.00696804859913  -0.1319452371747579    2.055233840792302    2.454719182610983    2.895929890171849    4.811605821274322

cov.inverse():
  212.0431551992077  -44.06181933243398  -249.5489606347941   50.99719540821029  -48.95539101443035   10.58695559613144   86.04119806731342  -16.66205586075509
 -44.06181933243405   10.60919185695613   51.69995251431812  -10.67170227353645   10.47657811122582  -2.157032169335886   -18.1069666299449   3.622686456691841
  -249.548960634804   51.69995251432007   360.3132530743077  -73.00127890603778  -86.47710559674422   16.63211856176983  -18.65835337729546    2.28553202010165
  50.99719540821226  -10.67170227353684  -73.00127890603775   15.59505091152609   17.58865880311914  -3.396455660525565   3.682812310390962 -0.4784309621690143
 -48.95539101440624   10.47657811122087   -86.4771055967761    17.5886588031256   369.0921587321055  -75.23504641209458   -235.537024914822   48.95167300671058
  10.58695559612655  -2.157032169334877    16.6321185617763  -3.396455660526877  -75.23504641209462   15.74662992876626   48.13429995732948   -10.1354289563714
  86.04119806729942    -18.106966629942  -18.65835337727426   3.682812310386662  -235.5370249148288   48.13429995733084   167.3605033220989  -34.49455420354631
 -16.66205586075229    3.62268645669126   2.285532020097466 -0.4784309621681666   48.95167300671177  -10.13542895637163  -34.49455420354621   7.427335158561557

cov*(cov_.inverse()):
     1.000000000000055   1.77635683940025e-15 -2.731148640577885e-14   1.13242748511766e-14 -2.842170943040401e-14 -2.664535259100376e-15    1.4210854715202e-14  8.881784197001252e-16
 1.332267629550188e-14      1.000000000000001 -1.287858708565182e-14  2.664535259100376e-15  -1.06581410364015e-14  -1.77635683940025e-15  7.105427357601002e-15  1.332267629550188e-15
   1.4210854715202e-14   1.06581410364015e-14      1.000000000000018  7.771561172376096e-16  9.237055564881302e-14   -1.4210854715202e-14  7.105427357601002e-15  1.509903313490213e-14
 -8.43769498715119e-15 -4.329869796038111e-15  -7.66053886991358e-15      1.000000000000001 -2.042810365310288e-14 -2.220446049250313e-15  7.993605777301127e-15 -6.328271240363392e-15
 9.947598300641403e-14  5.329070518200751e-15 -1.083577672034153e-13  1.909583602355269e-14     0.9999999999998437 -2.131628207280301e-14  8.526512829121202e-14 -1.243449787580175e-14
   1.4210854715202e-14  7.105427357601002e-15  -1.77635683940025e-14  2.664535259100376e-15  9.947598300641403e-14      1.000000000000004  7.105427357601002e-14  3.552713678800501e-15
 9.947598300641403e-14 -5.329070518200751e-15 -6.306066779870889e-14  2.331468351712829e-14  2.842170943040401e-14  2.131628207280301e-14     0.9999999999999716  -1.06581410364015e-14
 4.263256414560601e-14 -3.552713678800501e-15  6.039613253960852e-14 -5.329070518200751e-15                      0   -1.4210854715202e-14    1.4210854715202e-13     0.9999999999999645
