8
2

0.03606031874652523
 0.1555444412260865
  0.606746605082677
 0.9606546968893039
  1.029684425057211
  1.628077808977637
  1.746477364577761
   3.29144537883749

 -0.6043938992514239   0.2817524650603746   0.6105058128552796  -0.4012738337636095   0.1070154593091667  0.05853452462665969 -0.08101836776572548  0.01195620202192444
 0.08158036098841343 -0.01726085497643865   0.2725932296657563 0.004558983691731969  -0.8085564328095036    -0.50365710413805 -0.05562857024746062  0.09050045845430947
  -0.225537406235109  0.04215288162174952   0.3227128674976046   0.8815050341318912   0.1930403787436359  -0.1646867974895266  0.03445620908756795  0.02424321500546432
 -0.7083443526153311   0.0864308425816971  -0.6417939566264458  0.06512033899985993  -0.2051074991937892  -0.1255879787138747  0.07953286474270395   0.1023276260730852
 -0.1511741414588004  -0.3000991354660497   0.1344284451470207  0.07458030796947236  -0.3310079265970933   0.4363472920891436   0.5268216371714354  -0.5347405113413707
  0.1770370674283821   0.8087518210582434  -0.1263696128840742   0.0576414504837334 -0.04492930219384402 -0.09543326792899165  0.04746948144878345  -0.5309491974989183
 -0.1008383396149848  -0.3813616766475077 -0.02696290486716125  -0.1734782644692169   0.3285605702331785  -0.6412559398332631 -0.02722863102964086   -0.541913800650091
  0.1052126452932989   0.1466108036660047   0.0465319442486648  -0.1367014076704761   0.1895087713076037  -0.2988201815484274   0.8380292309515092   0.3450840587332515

50.22451301456325
112.2947685241699
57.59657531308106
129.1260040283203
 68.8473556389423
155.6629974365234
97.43246261604745
222.3760025024414

 2.288105544011384
0.4377559768915531

   -0.1521308229237884    0.08826542892800456      0.162072082100952    -0.2207882606350656     0.1135015259957061    0.09162452232897977   -0.05702684570001977  -0.000694785040000194
   0.03523266367289311   -0.01958523788313005   -0.03733751049641847    0.04626642385719248   -0.02134920941154224    -0.0173762504546512    0.01186139923827673 -0.0004126261422740553

 0.0004245371205668727  -0.002554205300925654   -0.03661244982063445     -0.039127661965365   -0.02696293179350823    -0.0130867835243845   -0.01196211316255045    -0.2084546363962335
-9.419788595821263e-05  0.0004490870895940389   0.007032240677357521   0.007187699196669377   0.005234192784935063   0.003134899822596477   0.002823000101840175    0.04027679900094858

cov:
  0.7406550330632307    0.651770297673065   0.3732896678734112  -0.2028000778215943   0.2632932445834454   -0.163361705827825   0.8465259075792957   0.3278379390423109
   0.651770297673065    2.513345957459527  -0.2544741427677306   0.1032288275170024 -0.08517045135226103 -0.08445907864720631    1.303744047482783   0.2189207634737349
  0.3732896678734112  -0.2544741427677306   0.5079097360057085 0.002544988135177065   0.1755517140965251  0.04780113679096183   0.4404400596095253   0.2630388464327784
 -0.2028000778215943   0.1032288275170024 0.002544988135177065   0.5991373886726801  -0.4373763098717406   0.7407034890120864   -1.161780504432004  -0.3336958273919419
  0.2632932445834454 -0.08517045135226103   0.1755517140965251  -0.4373763098717406   0.9082400842825322   -1.375986797308144    1.491169831051469   0.3968744446915417
  -0.163361705827825 -0.08445907864720631  0.04780113679096183   0.7407034890120864   -1.375986797308144    2.478327769543975    -2.43861169944331  -0.1847000405285331
  0.8465259075792957    1.303744047482783   0.4404400596095253   -1.161780504432004    1.491169831051469    -2.43861169944331    7.917225358513297    2.820187987803682
  0.3278379390423109   0.2189207634737349   0.2630388464327784  -0.3336958273919419   0.3968744446915417  -0.1847000405285331    2.820187987803682    3.246335215822284

cov.inverse():
  281.913623471339 -130.9965162854654 -282.5719205048803  185.9328268056492 -52.39223574059389 -28.75781526329741   37.3242524584894 -5.283361372412609
-130.9965162854657  61.45529281716164  131.9910456720159 -86.82586933764713  23.80877546964429  12.93517623616171  -17.6234508246557  2.600182170653449
-282.5719205048818  131.9910456720164  290.4532547610057 -187.6094723562332  41.40317360037528  21.81420642592666 -38.62119077773843  6.546911687428009
 185.9328268056495 -86.82586933764718 -187.6094723562326   125.963341364353 -32.77383213461756 -18.49240967855558   25.1081491796579 -3.629933708881641
-52.39223574059059  23.80877546964273  41.40317360037169  -32.7738321346153  36.11837661053983  21.38192123464072 -4.961695427127965 -1.926945756640972
-28.75781526329516  12.93517623616065  21.81420642592426 -18.49240967855406  21.38192123464064  13.53655961549865 -2.317487847868623 -1.467095266524166
 37.32425245848988  -17.6234508246559  -38.6211907777387  25.10814917965817 -4.961695427128491 -2.317487847868967  5.513538381319488 -1.185611789095599
-5.283361372413182  2.600182170653714  6.546911687428557 -3.629933708882013 -1.926945756640802 -1.467095266524065 -1.185611789095666 0.9447261299588687

cov*(cov_.inverse()):
    0.9999999999999747  4.940492459581947e-14 -3.552713678800501e-15 -2.264854970235319e-14  4.996003610813204e-15 -2.386979502944087e-15 -9.658940314238862e-15  9.436895709313831e-16
 1.665334536937735e-14      1.000000000000046 -1.221245327087672e-14  9.103828801926284e-15  5.162537064506978e-15  -1.27675647831893e-15 -1.054711873393899e-15 -1.942890293094024e-15
 5.284661597215745e-14 -1.143529715363911e-14     0.9999999999999165  9.436895709313831e-15  1.110223024625157e-15 -1.831867990631508e-15 -2.775557561562891e-16 -1.304512053934559e-15
-3.996802888650564e-15  -1.69864122767649e-14  7.105427357601002e-15     0.9999999999999958 -4.107825191113079e-15  -2.05391259555654e-15 -1.221245327087672e-15  5.551115123125783e-17
 1.509903313490213e-14  1.376676550535194e-14 -2.842170943040401e-14  8.215650382226158e-15      1.000000000000007  1.110223024625157e-15 -2.997602166487923e-15 -7.216449660063518e-16
  8.43769498715119e-15 -2.264854970235319e-14 -2.531308496145357e-14  9.658940314238862e-15  1.498801083243961e-15     0.9999999999999973    2.3037127760972e-15 -6.938893903907228e-16
 7.105427357601002e-14  5.329070518200751e-15   -1.4210854715202e-14                      0                      0  2.664535259100376e-15     0.9999999999999978 -1.332267629550188e-15
 7.105427357601002e-15  1.243449787580175e-14 -3.197442310920451e-14   1.77635683940025e-14                      0  8.881784197001252e-16 -2.664535259100376e-15     0.9999999999999987
