8
2

                  nan
                  nan
 4.66305497361653e-17
2.228120909280709e-10
5.868109522312681e-09
1.335363952309942e-08
3.957941857209136e-08
    4.441111950046451

                     0    -0.1521409133004661     0.6839702417812051    0.06895958032832716  -0.002024555859728723 -9.155506098769377e-19   -0.01031594815475044    -0.7100506387054665
                    -0  -0.004215947804660227    0.03379036438183314   -0.02696396194963008    -0.9422990064600294  6.149427391969827e-16     0.3306982781084667    0.02871607730118655
                     0 -2.797110174341114e-19 -3.544551254424844e-17 -1.918288369387993e-17 -5.243488478866533e-15                     -1 -1.318092872234639e-14  1.595637405674727e-16
                     0   0.000256150371828185  -0.004356844656488418 -0.0002428004743568813    -0.3309788719690168  1.419754331908823e-14    -0.9435709808930342    0.01037707406885145
   -0.9975662705340063   -0.03328468138905363   -0.01633144179013194   -0.05732180351979645  0.0006639677456507068                      0 -0.0003075519351374858   -0.01416422559253376
                     0    -0.1444270406802374     0.6817797108568836    -0.2731337056812137    0.04854247941050409  1.687253414679668e-19   -0.01287262932490025     0.6612058361146298
                     0    -0.8532826947536124    -0.1064794248768531      0.494004788965057  -0.008626455269554911  6.173679314345957e-23   0.004568704218924936     0.1281981068609859
  -0.06972471507918615     0.4762109883343598     0.2336573976748804     0.8201151871697812  -0.009499527205402218                     -0   0.004400210694044178     0.2026505763888617

34.48191019426146
59.09030151367188
50.31668886257468
86.43350601196289
 67.0780503926038
114.4314956665039
 107.507632381902
183.5540008544922

 1.731780774501994
0.5778769250620578

  0.1466750950517111  -0.0206951276637471    0.152743711598636 -0.07686043846972661   -1.086976246182956  -0.5396868211581977     9.19398006157593 -0.06944482556923669
-0.04894392763774742 0.006905745181015763 -0.05096896078348502  0.02564751526045767   0.3627124749322485   0.1800877832225043   -3.067933889376506  0.02317300368053902

 -1.05699432135309e-17 -3.303107254228407e-18  1.173499432464243e-33 -4.128884067785509e-19 -5.037238562698321e-18 -1.585491482029636e-17  9.248700311839541e-18    -0.2114093298180947
 3.527078237759224e-18  1.102211949299758e-18 -3.915843469214613e-34  1.377764936624697e-19   1.68087322268213e-18  5.290617356638836e-18 -3.086193458039321e-18    0.07054505699766918

cov:
   0.09588638336006747    -0.6548918749376983    -0.3213288542366149     -1.127833640439639    0.01306387995020286                      0  -0.006051230026469306    -0.2786878488308315
   -0.6548918749376983      4.472828704456333       2.19463544716649      7.702961166360183   -0.08922464832595119                      0    0.04132913599246417      1.903402771567926
   -0.3213288542366149       2.19463544716649       1.07681851110484      3.779530301931334   -0.04377891238759116                      0    0.02027852905689377     0.9339224613176089
    -1.127833640439639      7.702961166360183      3.779530301931334      13.26579099068476     -0.153659808266788                      0    0.07117570348088398      3.277978791971691
   0.01306387995020286   -0.08922464832595119   -0.04377891238759116     -0.153659808266788   0.001779866477103848                      0 -0.0008244397154912391    -0.0379693599145849
                     0                      0                      0                      0                      0                      0                      0                      0
 -0.006051230026469306    0.04132913599246417    0.02027852905689377    0.07117570348088398 -0.0008244397154912391                      0  0.0003818830531519794    0.01758752619258326
   -0.2786878488308315      1.903402771567926     0.9339224613176089      3.277978791971691    -0.0379693599145849                      0    0.01758752619258326     0.8099890137091279

cov.inverse():
 nan  nan  nan  nan  nan  nan  nan  nan
 nan  nan  nan  nan  nan  nan  nan  nan
 nan  nan  nan  nan  nan  nan  nan  nan
 nan  nan  nan  nan  nan  nan  nan  nan
 nan  nan  nan  nan  nan  nan  nan  nan
 nan  nan  nan  nan  nan  nan  nan  nan
 nan  nan  nan  nan  nan  nan  nan  nan
 nan  nan  nan -inf  inf  nan  inf  inf

cov*(cov_.inverse()):
nan nan nan nan nan nan nan nan
nan nan nan nan nan nan nan nan
nan nan nan nan nan nan nan nan
nan nan nan nan nan nan nan nan
nan nan nan nan nan nan nan nan
nan nan nan nan nan nan nan nan
nan nan nan nan nan nan nan nan
nan nan nan nan nan nan nan nan
