10
2

0.1065353533299867
0.6635964451814592
0.8927880057560372
0.9876927505604814
 1.387397133040834
 1.732954918160912
 1.883359353899448
 1.959548752273083
 4.171614522276316
 7.649700741914172

  0.5217601965973983  -0.3409795966790656  -0.6486428709634546   0.4258916767118467  0.06064622998613765 -0.03721970390787137  0.02492632275785207 -0.02590840710321824  0.04107350397025782 -0.03653828303731529
 -0.2096291632528564   0.1177092830951368  -0.1336204331303673  0.03826971736306965   0.8534662257258162  -0.3416772130392824 -0.06242952535264864   0.1453518592383426  -0.1769415359171964    0.146288465207076
  0.7428576626970952   -0.016777978503521   0.5697085451096879 -0.09505436336090699   0.2940606966018363  0.03734574377246094 -0.08600900863518755   0.1016170600506157  0.05722374544512294 -0.07357514986880058
  0.1378784952688789  0.03824609200513882  0.08724465762803021 0.009367148071754667  0.01996362136271438  0.01069006995348372   0.4162446001482163  -0.6035927929754002  -0.2734847701800648   0.5991133557706194
 -0.0133711684513435 -0.01954908245474912 0.009227929596956766   0.0287398740074959 -0.04736657656241861  -0.1498241437921307  -0.7464988681477789   -0.308131478849451   0.4030496137641313   0.3989767963042974
   0.135117148211169   0.1777986942934818  -0.1747410749614249  -0.2359586286981381  -0.1229942273135354 -0.01583776370663778   0.2423033713356835   0.5866505171650186   0.3452648953891604   0.5713703239411753
-0.02974251857460713  -0.1833556171341542   0.3117707861373157    0.432346537376484  -0.3373311807022285  -0.5702237609975179 -0.05632353548732593   0.3009430648714001  -0.3447265335983318   0.1727675715904368
  0.2988318136819083   0.4492954957577753  -0.3158339561986012  -0.4311880899700315  -0.2196546397029571  -0.2742691265769328  -0.2609293513502998 -0.04024534756206453  -0.4678544427673974  -0.1053353656343051
-0.06568325558077866   -0.657850573403463 -0.03768988408422157  -0.3984917595214989  0.03711280755385523   0.3053962352144559  -0.2382837120806338    0.181566069170213  -0.4104493236881276   0.2232574523720109
0.006255593129914331    0.409738369106501  0.01537247021036253   0.4689176883510858  0.01606790716628583   0.6033396496603939  -0.2661147077553171   0.1982291944081819  -0.3179410865745405   0.1909971961129237

22.68660154670824
34.00500891245872
 35.5618531054376
53.43816754259036
68.40296417444365
103.0762339062304
87.22739890098288
131.1455666968354
103.3641080675822
 155.993615017756

 1.509137342027768
0.6645461237320875

   0.09395989799689415   -0.06221133677605732   -0.08826089843518159     0.0583863617713842  -0.002209859496287042    0.00164631759676048  -0.001095025550823767   0.001352506038177202  -0.001903581144879304   0.001479969613716584
  -0.03991292471444297    0.02642933034699069    0.03704850717710423   -0.02451616959209168   0.001049710963988736 -0.0007198373024614239  0.0009676924091705182  -0.000585488033037804  0.0007965159704623533 -0.0007636397816361648

  0.001724752588263938  -0.006438934694584606    0.01150586702957761   0.003444544720646847   0.001742603143984856    0.01274155454649338    0.02669312433692115    0.01469537249098862     0.2932860966440763     0.2062288083435626
-0.0007277361806304801    0.00278876096006914  -0.005113205256312341  -0.001361425669268121  -0.001565271501578464  -0.005318355763607299   -0.01166459384449428  -0.006670036704422981    -0.1288991178723875   -0.08995507987090808

cov:
   0.9594164652883131     1.491810814043036  -0.06017512201751177  -0.06575581754431155   -0.2033113852004373   -0.3304758546123731  0.009993620165150735 -0.001513116572917472 -0.004302430643509095  -0.07949324506606992
    1.491810814043036     18.35461560552295  -0.05001345191372805     14.65505826015533   -0.2222488345068436     10.84726950473336    -3.895444984513454     2.717789365695616    -3.358459389776348     2.050704035428675
 -0.06017512201751177  -0.05001345191372805     1.136981978250766     1.760810213505418   0.03172403162037987   0.08836257263719036   0.03050356716455658    0.1139217285994859  0.008163736065986091   0.06067434079420005
 -0.06575581754431155     14.65505826015533     1.760810213505418     17.18628774534741    0.1070180333053784     14.01176373782931    -5.507750110696363       4.2648201245641    -5.864003767535089     3.762634910659523
  -0.2033113852004373   -0.2222488345068436   0.03172403162037987    0.1070180333053784     1.067832112234466     1.578186819840642   -0.1735790124497282    -0.144414178369873   0.02038067963305719  0.007855797589323659
  -0.3304758546123731     10.84726950473336   0.08836257263719036     14.01176373782931     1.578186819840642     24.46347804065656    -10.05824072625627     7.433196028305981    -12.32390227474224     7.531227065359742
 0.009993620165150735    -3.895444984513454   0.03050356716455658    -5.507750110696363   -0.1735790124497282    -10.05824072625627      6.83045318367982    -3.246040269689781     6.752758958558586    -3.742297138472956
-0.001513116572917472     2.717789365695616    0.1139217285994859       4.2648201245641    -0.144414178369873     7.433196028305981    -3.246040269689781      4.78986981766476    -4.757110855737701     3.542318572071042
-0.004302430643509095    -3.358459389776348  0.008163736065986091    -5.864003767535089   0.02038067963305719    -12.32390227474224     6.752758958558586    -4.757110855737701     10.86920776239024    -4.442889743473498
 -0.07949324506606992     2.050704035428675   0.06067434079420005     3.762634910659523  0.007855797589323659     7.531227065359742    -3.742297138472956     3.542318572071042    -4.442889743473498     4.801341190175323

cov.inverse():
    24.82734768479395    -15.69425471654817     -29.2468032344441     19.42671628160388     2.638953146826868    -1.529379730095263     1.151400745203419    -1.228615698989257      1.96782733181719    -1.720766220523547
   -15.69425471654817     10.37782191924258     19.38080264075636    -12.85111154651024    -1.615613613812727     1.017135383113993    -0.745963871651943    0.8035323599319668    -1.300473774853993     1.163271161556853
   -29.24680323444411     19.38080264075638     37.58933069412049    -24.33021038953608    -3.517681789809223     2.230580248046373    -1.430571747516897        1.449026155309    -2.286398617675501     2.036858315044783
    19.42671628160393    -12.85111154651025    -24.33021038953608      16.1289727360845     2.306781016508264    -1.472541542009103    0.9397446541521269   -0.9895372872686192     1.512683386853775    -1.353461141976434
    2.638953146826895    -1.615613613812742    -3.517681789809249     2.306781016508282     2.137994679994367   -0.7720190043908943   0.01713024500967643    0.1260859003901109  -0.07341953197405376   0.03030662950547416
   -1.529379730095287     1.017135383114008     2.230580248046401    -1.472541542009122   -0.7720190043908952    0.5236163700364793   0.04482232939043202  -0.04905500447883254   0.04744250423411112  -0.03899784804357229
    1.151400745203425   -0.7459638716519467    -1.430571747516903    0.9397446541521308    0.0171302450096759   0.04482232939043283    0.5826324686556501    -0.184613535873312  -0.09169613112601066   0.05444497955785743
   -1.228615698989248    0.8035323599319616     1.449026155308988    -0.989537287268612    0.1260859003901134  -0.04905500447883459   -0.1846135358733113    0.6859799427480358 -0.002432342668327528   -0.1818899736827476
    1.967827331817177    -1.300473774853985    -2.286398617675484     1.512683386853764  -0.07341953197405693   0.04744250423411376  -0.09169613112601174  -0.00243234266832727    0.5265198309288016   -0.2252757579371781
   -1.720766220523543     1.163271161556849     2.036858315044773    -1.353461141976427   0.03030662950547619  -0.03899784804357421   0.05444497955785808   -0.1818899736827473   -0.2252757579371782    0.7471517944245282

cov*(cov_.inverse()):
     1.000000000000019 -1.595945597898663e-15 -1.579292252529285e-14   -3.0142555118573e-14 -2.945994143077613e-15  3.608224830031759e-16 -5.316927453868914e-16 -1.474514954580286e-15  1.446759378964657e-15  1.706967900361178e-15
 3.730349362740526e-14     0.9999999999999991  7.993605777301127e-15 -1.021405182655144e-14  2.470246229790973e-15 -2.636779683484747e-15 -7.216449660063518e-16  -1.27675647831893e-15 -2.664535259100376e-15  8.881784197001252e-16
 5.870304242705515e-15  -3.33066907387547e-16                      1  3.622102617839573e-15  7.155734338404329e-18 -6.956241138666996e-16  7.502679033599691e-17    9.8879238130678e-17 -1.214306433183765e-16 -4.371503159461554e-16
-5.595524044110789e-14  1.865174681370263e-14  4.174438572590589e-14      1.000000000000037 -2.026157019940911e-15 -3.608224830031759e-16 -4.191091917959966e-15  8.881784197001252e-16 -4.662936703425657e-15  4.440892098500626e-15
-8.968520370800093e-15  3.904862544423793e-15   1.18099974244501e-14  2.159730727591125e-15                      1  2.370065949053313e-16  -2.57443805856683e-16  6.481360587118346e-16 -6.995272416876475e-16  1.361757928641794e-16
-6.039613253960852e-14  2.842170943040401e-14  1.225686219186173e-13 -8.881784197001252e-15  -3.33066907387547e-16      1.000000000000006 -3.108624468950438e-15  5.329070518200751e-15 -9.992007221626409e-15  6.217248937900877e-15
 6.217248937900877e-15 -4.440892098500626e-15 -1.687538997430238e-14 -8.881784197001252e-16  9.020562075079397e-16 -8.326672684688674e-17      1.000000000000001 -7.771561172376096e-16  1.554312234475219e-15 -8.881784197001252e-16
-3.552713678800501e-15  -1.77635683940025e-15  6.217248937900877e-15  1.953992523340276e-14  1.512678871051776e-15 -1.498801083243961e-15 -4.718447854656915e-16                      1 -6.661338147750939e-16  8.881784197001252e-16
-8.881784197001252e-15  1.154631945610163e-14 -1.953992523340276e-14 -2.042810365310288e-14 -5.273559366969494e-16  1.110223024625157e-15 -8.881784197001252e-16  1.110223024625157e-15                      1                      0
-7.105427357601002e-15  6.217248937900877e-15  1.598721155460225e-14 -3.552713678800501e-15  2.775557561562891e-17  4.718447854656915e-16 -7.216449660063518e-16  1.110223024625157e-15 -1.110223024625157e-15                      1
