10
2

0.04531381174100173
0.05104548567449602
 0.5010930075662932
 0.9204567682798347
  1.083175637677829
  1.505168527063747
  2.547847540680777
  2.875939316868751
  3.535310320795053
  7.109229939249206

     0.166334662553905   -0.05507686247967684     0.1078466129780619   -0.03622637769914994    -0.7749402587557884     0.2625957606155355     0.5073158493412685    -0.1717121107085603  -0.003431333189348842  0.0009719785973635404
    0.4184107842396493    -0.1372131235839693    -0.8034151862058715     0.2667948356853235     0.1387904920995957   -0.04831025592245344     0.2457828096931438   -0.08583528536011435     0.0081117788523552   -0.00318752874801511
   -0.6884602244328515     0.1611446691462103    -0.1461740201098148    0.03844444187017156      0.194413481911275   -0.09508700679209781     0.5459998335213148     -0.222630601872445    -0.2280401024570203      0.175184084551962
    0.5002960285401986   -0.02217645586537203     0.4244480846771876    -0.0183580174740419     0.3018495063994413    -0.2574043118421662     0.2686839427848949    -0.1926836816862583    -0.2173947664280539     0.5047477035143439
   -0.1445542786530633    -0.0323757045798545     -0.121018179167162    0.01561240339773182   -0.07533223696428708     0.1622085581990927    -0.2407490700782315    -0.3406425045571435     0.6012471157315432     0.6290346892963798
   0.09472983836015061    0.03811935335394458     0.1390803388473303     0.0511437688707933     0.3356763459459813     0.5606900448665663   -0.04485443070070842    -0.6348569973176248   -0.05447474834110296    -0.3640595913203752
   -0.0176003401679291    -0.0392733489647832     0.2107309911918939      0.283420862728445   -0.01457420896699625    -0.5784422103233359     0.1646433435883501    -0.2769525941507391      0.518352326041683    -0.4075607854667204
    0.0079865702465021    0.07828255168584207     0.2228333228373397     0.5108371421510149     0.2374902998306341     0.4118234939380783     0.3175674945914698     0.5050784499111007     0.3136494612291263    0.05356500575441164
   -0.2034445276926242    -0.7737785218109627     0.1154063721336735     0.4620183233756283   -0.09063125624355535 -0.0005810986441166151     -0.173772199400586   -0.07293424538904514    -0.2874258725635483    0.08217898474830387
   0.03686033080102771     0.5854696169283726  -0.000717226895712367     0.6067049024809448    -0.2609855136921947   -0.09236777457310529    -0.3062502309552795    -0.1422981435890608    -0.2941348485883465     0.1028434326451623

22.70100437522488
68.13249119133589
35.35709646682457
106.5501267893881
43.35593688949325
130.6760315639481
51.80629046047632
156.2528333859393
72.05625698965177
218.7698111637241

 3.037883061229797
0.3300662162312988

    0.1256857484360724   -0.04128589250120751    -0.0362488615822732     0.0119351353045457  -0.006331513109295014   0.003160522018241174   -0.08183996825592681    0.02836704816634771  -0.001965332687333471   0.002928686979011217
  -0.01036574619606164   0.003407356083916988  -0.001563217075454293   0.000533959246565279  9.636945068316181e-06 -9.749768449018979e-05     0.0117144567264469  -0.003908898085207706  0.0002066716176717744 -0.0001104347875748664

-4.477412648159908e-05  0.0001744578392344749    -0.0349009297235035    0.01687418947059593 -0.0006670572985483724   -0.02208724619067863    -0.1955621723788488    -0.1367406365853029     0.2654302150595491     0.5556993976588954
 9.199929427296677e-06 -4.781207621309792e-07   0.003802949988781239   -0.00178497524378212  0.0001585746679873536   0.002019717652818175    0.02006024683078542    0.01551027192771326   -0.02851189588058039   -0.05858158587210065

cov:
  0.9649473172817017    3.044127165665786 -0.04942649548341185 -0.04897881693105528 -0.05936104860220294 -0.07711832666197986 -0.07536232994688072  -0.1364520955094366 -0.02200122000591874  0.03158157253196844
   3.044127165665786     24.8796574459925   -1.043770464370286    13.74853373049471   -6.654577122187215   -2.270218009760455   -7.195673101992448   -3.154889050470512    -5.88560083781537    2.329273745401511
-0.04942649548341185   -1.043770464370286    1.086168376263634    1.978953893937323    0.513921260533805   0.0349575631445177   0.6672045228680273   0.2393375830074954   0.7108843104814179  -0.3729364338560937
-0.04897881693105528    13.74853373049471    1.978953893937323    23.95852510443259    -7.51462833227077   -2.088933549275803   -8.757867119926155   -3.239040970243417   -8.394177929381495    3.067742063414676
-0.05936104860220294   -6.654577122187215    0.513921260533805    -7.51462833227077    4.362976014727138    2.423856543973176    4.926469355249918     2.46532849409938     4.61113787862681   -1.500695613268411
-0.07711832666197986   -2.270218009760455   0.0349575631445177   -2.088933549275803    2.423856543973176    4.807648150077231    1.720236691335661    2.601171350498211   0.5952542879850091   0.7751293890114714
-0.07536232994688072   -7.195673101992448   0.6672045228680273   -8.757867119926155    4.926469355249918    1.720236691335661    6.336985720750663    3.477683735467543    6.309741490718454    -2.06698608020774
 -0.1364520955094366   -3.154889050470512   0.2393375830074954   -3.239040970243417     2.46532849409938    2.601171350498211    3.477683735467543    4.791003279693885    2.642046893136424   0.3219748317127833
-0.02200122000591874    -5.88560083781537   0.7108843104814179   -8.394177929381495     4.61113787862681   0.5952542879850091    6.309741490718454    2.642046893136424    8.446952563460774   -2.670852312230049
 0.03158157253196844    2.329273745401511  -0.3729364338560937    3.067742063414676   -1.500695613268411   0.7751293890114714    -2.06698608020774   0.3219748317127833   -2.670852312230049    2.709055070189987

cov.inverse():
     82.87037831403075     -26.93126013678269     -119.6052169290841      39.78362188538574     -40.81857175055014      13.62852760252126      79.25541463677745     -27.17879457694923      1.448502421353647    -0.7082152870124071
    -26.93126013678268        8.8641722537199      39.30952153903922     -13.07059078193404      13.60706268527485     -4.542563017225296     -26.19219734397919      8.996134865599721    -0.4790743143600542     0.2165928884018723
    -119.6052169290764      39.30952153903664      253.7195018319374      -84.1681917903624     -83.42449718665139      28.62441700653183     -49.28726120681445      17.48061077442085     -2.700271882101092      1.086505099178926
     39.78362188538316     -13.07059078193318      -84.1681917903624      28.03251204865367      27.92027459883728     -9.574545520098143       16.3058698107855     -5.793401247963962     0.8955266364659967    -0.3376997076755305
    -40.81857175056589      13.60706268527991     -83.42449718662421      27.92027459882821      300.1801387398167     -101.7571396770669     -177.8326748152822      59.93603960393666       1.43783157528765    -0.3141506793364638
      13.6285276025264     -4.542563017226994      28.62441700652256     -9.574545520095057     -101.7571396770669      34.82591479637397      59.99107827930083     -20.37958711687444    -0.3971945733768295 -0.0006300694475762909
     79.25541463678483     -26.19219734398166     -49.28726120683417      16.30586981079207     -177.8326748152701      59.99107827929675      149.8691266934378     -50.96973952306752    -0.7387504034191028     0.3485661220777451
    -27.17879457695177      8.996134865600558       17.4806107744276      -5.79340124796621      59.93603960393238     -20.37958711687299     -50.96973952306741      17.74864125005381     0.1116048007032037    -0.3071195089557638
     1.448502421353527    -0.4790743143600139     -2.700271882100932     0.8955266364659437      1.437831575287767     -0.397194573376869     -0.738750403419258      0.111604800703257     0.6648997943656422  -0.002056849740884826
   -0.7082152870123656     0.2165928884018585      1.086505099178892    -0.3376997076755193    -0.3141506793365447 -0.0006300694475488976     0.3485661220778184    -0.3071195089557889  -0.002056849740885142     0.8497249672537091

cov*(cov_.inverse()):
     0.999999999999875  3.420874694626264e-15  7.805561752505241e-14 -2.226170636721037e-14  3.294430700462314e-13  1.497319792025803e-14  1.400338178747518e-13  1.222980050563649e-15 -2.371692252312041e-15  4.198030811863873e-16
-5.972999872483342e-14     0.9999999999999604   4.04121180963557e-14  1.165734175856414e-14  1.962874307537277e-13 -2.957053005236965e-14 -2.775557561562891e-15  1.976196983832779e-14 -4.466912950640278e-16  4.440892098500626e-16
-9.603429163007604e-15   5.48172618408671e-15      1.000000000000002  8.215650382226158e-15  6.039613253960852e-14  1.534742385261856e-14    2.7450264283857e-14 -5.148659276699163e-15 -4.188272992311504e-16  1.110223024625157e-16
 2.478017790963349e-13 -2.087219286295294e-14 -1.376676550535194e-13      1.000000000000067 -2.853273173286652e-13 -1.406607035708829e-13 -5.608846720406291e-13 -1.443289932012704e-14  5.616167253474913e-15 -4.440892098500626e-16
-1.643130076445232e-14 -1.199040866595169e-14  1.181277298201167e-13 -1.121325254871408e-14      1.000000000000121  2.163156806456179e-14  1.962874307537277e-13 -8.326672684688674e-16 -2.202231452752557e-15                      0
-1.743050148661496e-14    2.3037127760972e-15  3.441691376337985e-15 -5.551115123125783e-15  2.144118216307334e-13      0.999999999999999  2.292610545850948e-14 -2.089994843856857e-14 -5.188991597515624e-16 -1.110223024625157e-16
 -8.43769498715119e-15 -2.164934898019055e-15 -8.260059303211165e-14  2.353672812205332e-14   3.79585252119341e-13 -7.476658181460039e-15      1.000000000000162 -1.165734175856414e-14 -9.011888457699513e-16 -2.220446049250313e-16
 3.558264793923627e-14 -6.522560269672795e-15 -1.554312234475219e-15   1.24761312392252e-14 -1.398464677393463e-13  5.590241269025353e-14  1.106614799795125e-13      0.999999999999945 -1.246724078141082e-15   3.33066907387547e-16
-5.573319583618286e-14 -2.131628207280301e-14 -1.287858708565182e-13  5.451195050909519e-14   3.61488616817951e-13   6.53860646182558e-15  7.260858581048524e-14  2.098321516541546e-14      1.000000000000002 -8.881784197001252e-16
-1.332267629550188e-15  5.329070518200751e-15  4.307665335545607e-14 -1.088018564132653e-14 -1.743050148661496e-13  3.272989518299241e-15  6.661338147750939e-16 -1.221245327087672e-15 -5.152128723651117e-16      1.000000000000001
