10
2

0.05529848806845277
 0.2543769882898657
 0.9501535374977059
 0.9923117121889512
  1.411528153078163
  1.542081593176852
  1.806780335764237
  2.133212996204912
  3.875131870286042
  7.413906927221258

   0.3679228979598377   -0.2429957824585481    -0.681042778544876    0.4498605123338256    0.3113204994584391   -0.2060755443256457 0.0005938606128391808 0.0007940607558489162 0.0004889483551655581 -0.001799575852188366
   0.4889475317871334    -0.295040643938812  -0.04648460790085492   0.02723054985960518   -0.6743037329404691    0.4164037288084367   0.07737449061633848  -0.08783450979158444    0.1304467720186044   -0.1103781912541049
   0.6194132501797563  -0.05344230151092193    0.5434783806659996  -0.01421011736269915    0.4044089157942511  -0.04526869227926755   -0.2466293098404243    0.2069014075837801    0.1156414036225439   -0.1878762874481645
   0.2801855318365089   0.02891545839873137    0.2172029876333416   0.01599910270089038    0.1339902810283068  -0.02115283572977093    0.3588765195821507   -0.5702598606710327   -0.2583701237544226    0.5779984698705757
  0.04280235700337779  -0.01290235731264127   0.06627065121444738   0.03039968468240149   0.06881770726870161   0.04844249068441588     0.707965616295584    0.3433337350709323   -0.4762541352910137    -0.373753430426787
    0.338901035707033    0.4547277539003444   -0.1567815079676088    -0.234611040585783   -0.3499906897865789   -0.4552074414604432  0.001881219397282346    0.4073849136124011  -0.06567023904320347    0.3142611834198789
  -0.1065862970496878   -0.2061800810789278   0.04261742918898629   0.04294943173201136    0.1609744909455514    0.2485993146248568    0.3441760999738768    0.4725036408101946    0.5140253381734432    0.4988134960756119
   0.1785736581309182    0.2485077431065571   -0.3994189418683519   -0.6412425757851062    0.3367256656166224    0.4551432699312486   0.02171401550001924  -0.08702034689741792   0.03658295838800459   -0.0755373813334117
 -0.05664704964701239   -0.5507655428363913  -0.03099273891196381   -0.2625411229857979  0.008083033127030494    0.0858132670914067   -0.3509061395424944    0.2734046224726522   -0.5682262085325783    0.3088115198818602
  0.01556642117734955    0.4854472952045045   0.01376590788257473    0.5084241346913019   0.01738965094229731    0.5438406805637125   -0.2472080194441253    0.1867006341320311   -0.2885885975726223    0.1734837544161152

22.68846295750719
34.00896804119968
35.56106579963308
 53.4387672695969
50.51863185295209
76.01697490765189
87.21476474122822
131.1401159449225
 103.352392195498
155.9923548501503

 1.509204847637564
0.6645119723230661

   0.05501884866751264   -0.03643937821549929  -0.003617740249972159   0.002349261934243511   -0.05092027093262036    0.03367708045960948 -0.0002315131752780903  0.0001663856013013475 -0.0003545266799896453  0.0003438697621880851
  -0.02353468904364115    0.01558344914440538   0.001361503937405567 -0.0008926148345432233    0.02150575466415053   -0.01424240277872377   0.000592673472545038  -8.66475339081953e-05  0.0001516681069706698 -0.0002827067229122444

 3.004299390503029e-05   0.005573064910272246    0.01073965814803403   0.006095998830175089   0.001429529859387493    0.01137223560519922    0.00574218121734823  -0.005318372844049052     0.2907368016936878     0.1094600919437415
-1.267019341871207e-05  -0.002363131022248977  -0.004883627362075305  -0.002579561160289336  0.0001354877429894758  -0.004923203328440985  -0.002166365982748856   0.002298156629328748    -0.1278067973364793   -0.04746965063078612

cov:
   0.9600402378768492     1.491404357517299  -0.06035953836822053  -0.06632633753155891    0.1915579943495763    0.2947505978121144   0.01030757630443973  0.005240354292972434 -0.008715232383511032   -0.0768919499334044
    1.491404357517299     18.42949687161368  -0.04660619573311428     14.72946649630836    0.2863147470608817     13.64930624068949    -3.896677967206549     2.711240949031573    -3.379637172635189     2.030920616606753
 -0.06035953836822053  -0.04660619573311428       1.1386232625936     1.765300286009471    -0.212206789746586   -0.2725651204600616   0.03296815582853775    0.1111894055995951   0.01379999972061883   0.05949650680833145
 -0.06632633753155891     14.72946649630836     1.765300286009471     17.25453621587678   -0.3103094951529984     13.82420700457688    -5.489365138835796       4.2415472998824    -5.856898673125494     3.734410020304365
   0.1915579943495763    0.2863147470608817    -0.212206789746586   -0.3103094951529984     1.113931862409567     1.706115850003123   -0.0153133222232378   0.03874738983590058  -0.02684661978482075   0.04936391002159909
   0.2947505978121144     13.64930624068949   -0.2725651204600616     13.82420700457688     1.706115850003123     18.02298085039085    -7.446646220048244     5.729737500787265    -8.836727254307235     5.448614954965178
  0.01030757630443973    -3.896677967206549   0.03296815582853775    -5.489365138835796   -0.0153133222232378    -7.446646220048244     6.777748721573294    -3.217212087604363     6.708254328183902     -3.71185301703496
 0.005240354292972434     2.711240949031573    0.1111894055995951       4.2415472998824   0.03874738983590058     5.729737500787265    -3.217212087604363     4.790618089522214    -4.739558117459064     3.537251047734047
-0.008715232383511032    -3.379637172635189   0.01379999972061883    -5.856898673125494  -0.02684661978482075    -8.836727254307235     6.708254328183902    -4.739558117459064     10.83605393526445    -4.424520295978969
  -0.0768919499334044     2.030920616606753   0.05949650680833145     3.734410020304365   0.04936391002159909     5.448614954965178     -3.71185301703496     3.537251047734047    -4.424520295978969     4.799352980234334

cov.inverse():
   48.52696222807498   -31.41136125515612   -81.89607317319975    54.26862948328495    32.63734936648201   -21.73946427157297   0.5953604927653015  -0.5428543767416638     1.01746722510466   -0.998613635759642
  -31.41136125515607    20.79689340598857    54.25110978702413   -35.93938394807009   -21.74362089730241    14.40253196704294  -0.3889389116053276   0.3411000872305078  -0.6697199790603203   0.6914666124084351
  -81.89607317319951    54.25110978702396    152.1345868993324    -100.140911777297   -68.58017909615889    45.55977181151762  -0.2304803784353211  -0.1171347887423553  -0.1968930711656775   0.4738767994364603
   54.26862948328468   -35.93938394806997    -100.140911777297    66.31614738793908    45.50164082630032   -30.15249738794257   0.1455719049873318  0.04780407097506532   0.1288929553408805  -0.3221369683894693
   32.63734936648154   -21.74362089730216   -68.58017909615846    45.50164082630002    39.00777302947691   -25.22768505067488  -0.7649992367846061   0.9801970533278078   -1.272060498479511    0.921573311705853
  -21.73946427157273    14.40253196704278    45.55977181151734   -30.15249738794238   -25.22768505067488    16.72856157016627   0.5033373093394231   -0.655811888507192   0.8439388703403988  -0.6273535861972603
  0.5953604927653178  -0.3889389116053377   -0.230480378435347   0.1455719049873489  -0.7649992367845964   0.5033373093394164   0.5880734465698457  -0.2047407967033774 -0.07001424554488812  0.04132319241714368
 -0.5428543767416997   0.3411000872305312  -0.1171347887422955  0.04780407097502554    0.980197053327785  -0.6558118885071768  -0.2047407967033778   0.7017267460143899 -0.03175239565431259  -0.1591463789816672
   1.017467225104718  -0.6697199790603573  -0.1968930711657825   0.1288929553409501   -1.272060498479461   0.8439388703403657 -0.07001424554488855 -0.03175239565431145   0.5655618745558674  -0.2525282092065226
  -0.998613635759676   0.6914666124084579   0.4738767994365292  -0.3221369683895148   0.9215733117058171  -0.6273535861972366  0.04132319241714458  -0.1591463789816686  -0.2525282092065221   0.7637329802759477

cov*(cov_.inverse()):
    0.9999999999999709 -4.517913820833996e-14  4.082151283668622e-14  8.180608968011427e-14  8.223977054910847e-14  7.688294445529209e-15 -8.569533971325427e-16  2.255140518769849e-17 -1.929012505286209e-15 -4.926614671774132e-16
-6.039613253960852e-14      0.999999999999889  1.831867990631508e-14  1.048050535246148e-13  7.838174553853605e-14  3.641531520770513e-14 -2.359223927328458e-16  6.106226635438361e-16  -1.77635683940025e-15  8.881784197001252e-16
 2.296079992802902e-14 -6.050715484207103e-15      1.000000000000014 -2.463307335887066e-14 -1.637578961322106e-15  -4.98212582300539e-15 -4.163336342344337e-17  2.099015405931937e-16 -9.194034422677078e-17  2.636779683484747e-16
 -4.75175454539567e-14  1.509903313490213e-14 -3.888001032237298e-13     0.9999999999999025 -9.192646643896296e-14  6.572520305780927e-14 -2.775557561562891e-17   3.33066907387547e-16   2.55351295663786e-15   1.77635683940025e-15
-1.158101392562116e-14 -4.510281037539698e-15  1.629599233332613e-14 -2.151057110211241e-16      1.000000000000014   6.99787450209044e-15 -1.457167719820518e-16  1.474514954580286e-16 -7.147060721024445e-16   4.85722573273506e-17
  -1.4210854715202e-14  3.108624468950438e-15  9.059419880941277e-14  2.531308496145357e-14 -4.973799150320701e-14      1.000000000000059 -6.106226635438361e-16  1.887379141862766e-15 -1.998401444325282e-15  8.881784197001252e-16
-1.465494392505207e-14  2.664535259100376e-15  7.771561172376096e-15  2.886579864025407e-15  9.769962616701378e-15 -1.376676550535194e-14                      1  1.110223024625157e-16 -8.881784197001252e-16                      0
 3.730349362740526e-14  9.769962616701378e-15 -4.019007349143067e-14  1.976196983832779e-14 -1.154631945610163e-14 -5.773159728050814e-15 -5.828670879282072e-16                      1  -3.33066907387547e-16  8.881784197001252e-16
 1.243449787580175e-14 -1.243449787580175e-14 -4.973799150320701e-14  8.615330671091215e-14  4.796163466380676e-14 -5.018208071305708e-14  1.110223024625157e-16 -1.110223024625157e-16     0.9999999999999984                      0
 5.684341886080801e-14 -1.953992523340276e-14 -7.949196856316121e-14  4.329869796038111e-14  8.881784197001252e-16 -7.993605777301127e-15  7.494005416219807e-16 -6.661338147750939e-16  1.332267629550188e-15                      1
