8
2

0.05116434450230696
 0.3929124343382364
 0.7110852543060132
 0.8261144872510908
  1.169722671888192
  2.045514135007332
  3.141090250213496
  9.193244162754942

  -0.2146762980261132   0.06048363494736459    0.7624046887493015   -0.2230521345799005   -0.5423520954876987    0.1581478369241608  0.006724694975317982  0.006395113414896509
  -0.6011295290086243    0.1429226160702957    0.2542804316158523  -0.05962783702870102    0.5713227000149789   -0.2110859743824717   -0.3919624947614712    0.1593765506120292
  -0.7136562491031374   0.09872719038481856   -0.3081305215255447    0.2216446690608346   -0.2278881684670674 -0.007299488388043294    0.5203983013476006   -0.1186432908874361
  -0.1214968652614187   0.01012614839285849  -0.09864927031852992  -0.05507472564547296   0.04678790190852464    0.4374536362803244   -0.3605112286966837   -0.8055109752416785
  -0.1157885101549993  -0.03844144377955623   -0.2198817963233371   -0.4688674939820958    0.1385581226721899    0.7103009865239952   0.08688179739611253    0.4308784672208843
  0.01385909812983551    0.0468744881934484    0.1356986808148684    0.8162665695141854    -0.012121724303297     0.454248649328942   -0.1968247022694487    0.2601475124493173
  -0.2322584178333252   -0.6107584798785093   -0.2884987080419554  -0.02110916579679549   -0.4192671929252595   -0.1445418884836589    -0.507178619646249    0.1882697967370655
  0.03078343593617972    0.7677007071312756    -0.315294806441851   -0.0892146024060738   -0.3608215393424677  -0.08515469610687958    -0.376853924946367    0.1511805470965733

22.70203835772733
80.73220797078478
44.44731411565679
 157.243117053318
52.86522873138295
186.9773051412625
 72.6056816536551
260.1618482561338

 3.551002604444871
0.2830120459043468

  0.06827154547254155  -0.01913073265771733    0.1601540993525454  -0.04606056365657587   -0.2350091880520257   0.06649689299344821 -0.007344496087086079 -0.001403407471360577
-0.006891198678562296  0.001927053422866922 -0.008249613202424682  0.002292323603818596   0.01530544033501016 -0.004178424225803054 0.0002616127515483664 7.673894424388997e-06

 0.0006661712195908382   -0.02253198187827491   -0.03071964769013114  8.267567056212554e-05   -0.01007134334445711    0.07665224801076542     0.4240251405673207      1.920025449621394
-3.708062387070117e-05   0.001807568675123267   0.002445307339347158  0.0002266389797945025  0.0008781118182381556   -0.00580153649459156   -0.03146570993019896    -0.1352533066775122

cov:
  0.9549793774327077    3.355953377027442 -0.02113589989579244  -0.1318756651892874  0.02501960335944165 0.009353200048924986  0.03507569789258379 0.003523648326567974
   3.355953377027442    53.51038308993802   -18.69086217438936   -5.467200525036422   -20.89279594836837   -4.604305128553969   -21.42340088846229     8.69488646235866
-0.02113589989579244   -18.69086217438936    9.432330077631242    3.008330858436677    10.81350551806789     2.68851349847726    11.27575552167451   -4.467405948020314
 -0.1318756651892874   -5.467200525036422    3.008330858436677    3.793306719459075    2.645399617383944    1.752510173498961    2.294636298405103  -0.5515320253996088
 0.02501960335944165   -20.89279594836837    10.81350551806789    2.645399617383944    12.84345950311436    3.302312636953332    13.51062829072917   -5.318586211190024
0.009353200048924986   -4.604305128553969     2.68851349847726    1.752510173498961    3.302312636953332    2.510236776292333    3.049051192520361  -0.6885601270230035
 0.03507569789258379   -21.42340088846229    11.27575552167451    2.294636298405103    13.51062829072917    3.049051192520361    14.96255191698875   -5.762924318497512
0.003523648326567974     8.69488646235866   -4.467405948020314  -0.5515320253996088   -5.318586211190024  -0.6885601270230035   -5.762924318497512    3.272423296945234

cov.inverse():
   20.98978276863324   -5.639657783027261   -63.03421987527128    18.26377182798247    42.56314881582826   -12.27005734477885   0.3082590130478703  -0.8741511900436083
  -5.639657783027263    1.595593327482661    17.81171673893833   -5.143514337025691   -12.02719350050496    3.456933645351085 -0.08791363795257427   0.2407168075319634
  -63.03421987527074    17.81171673893818    222.7127966844013   -65.08420770176289   -156.8904348802575    45.55760793943655    1.043774463420959     2.24688087403241
   18.26377182798242   -5.143514337025652   -65.08420770176291    19.45012370744499    45.83889493570226    -13.5865460431404  -0.2310757298757844  -0.6909264124761197
   42.56314881582735   -12.02719350050476   -156.8904348802566    45.83889493570198    114.6178230731159   -33.43574495288845   -3.070498570105925  -0.7026405618965162
  -12.27005734477861    3.456933645351038    45.55760793943638   -13.58654604314035   -33.43574495288852      10.543528957399   0.7351402359067176 -0.09716886099475557
  0.3082590130480652 -0.08791363795262845    1.043774463420272  -0.2310757298755828   -3.070498570105441   0.7351402359065748     1.78099691982851 -0.08004501035351141
 -0.8741511900435336   0.2407168075319421    2.246880874032157  -0.6909264124760457  -0.7026405618963422 -0.09716886099480671  -0.0800450103535093    1.314463653848333

cov*(cov_.inverse()):
     1.000000000000019 -7.690571270091429e-15 -1.797520465807168e-14 -8.464409728681233e-14  2.117151939873274e-13 -7.252624065548496e-14 -2.784014338508278e-15  7.658804146437603e-16
 1.154631945610163e-14     0.9999999999999738 -2.842170943040401e-13 -6.661338147750939e-14  -8.79296635503124e-14  -1.10245146345278e-13 -7.771561172376096e-16                      0
-1.509903313490213e-14  2.953193245502916e-14      1.000000000000011 -1.496580637194711e-13  1.256772463875677e-13  3.247402347028583e-14 -4.385380947269368e-15  2.664535259100376e-15
 3.841371665203042e-14  1.110223024625157e-16 -7.926992395823618e-14     0.9999999999999892  1.073585664812526e-13 -1.634803403760543e-14 -1.366962099069724e-15  -1.77635683940025e-15
-1.199040866595169e-13  2.309263891220326e-14 -7.815970093361102e-14 -2.531308496145357e-14      1.000000000000065 -1.298960938811433e-14 -6.883382752675971e-15  2.664535259100376e-15
 4.285460875053104e-14 -9.409140133698202e-15 -1.001421168211891e-13 -1.643130076445232e-14  1.452171716209705e-13     0.9999999999999831 -1.221245327087672e-15 -7.771561172376096e-16
 8.615330671091215e-14   1.77635683940025e-14 -4.352074256530614e-13 -1.025846074753645e-13  4.654054919228656e-13 -9.103828801926284e-15     0.9999999999999961 -8.881784197001252e-16
 3.597122599785507e-14 -2.242650509742816e-14 -1.714184350021242e-13  1.127986593019159e-13  4.574118861455645e-14 -3.347322419244847e-14 -2.498001805406602e-15     0.9999999999999987
