14
2

0.04018430814046292
0.04273062172010901
 0.3254651039403765
 0.3449324152378401
 0.8874293487450631
 0.8883257927304806
 0.9527874974411343
  1.094565630001676
  1.238421557935055
   1.35635953445054
  2.063894092451372
   3.07254910576674
  4.426966046930586
  6.671258201228205

    0.2480876586992073   -0.09196058927458151    -0.6370739768005456     0.2358357376355181     0.6046179719692539    -0.2230699733206961    -0.2175858629697516    0.07641920782311888  -0.001729250185032002  -0.001920224532000913 -0.0002843567340442255  0.0007783247367743631 -3.256656422143078e-06 -0.0002102796773833269
    0.4112086081269464    -0.1522135596028305    -0.4637988428516878      0.172027797700531    -0.4705463954518379     0.1746601070152083     0.5238192034518248    -0.1914616293652438  -0.006410592308468513 -0.0006341376170195234   0.001714062260192409  0.0007206207680660662  -0.001161918535076303    0.00501010988188047
   -0.2018462452038979    0.07230754007664907   -0.01063226590463921    0.01132596159907989     0.1707388741893261   -0.06030548830359222     0.3029869026790396   -0.07101939708374752    -0.8721585082692662    -0.2432457014801829   0.004581130271036933    -0.0370448647958837   -0.05091451253669246    -0.0184533530931019
    0.5056909692657893    -0.1579571796847086     0.1085805348647527   -0.02818574117217227    -0.3062470558048218    0.08976961795706098    -0.5846731854772976     0.1695868725671332    -0.3758352585463485    -0.1570839816966866     0.1490816050879976    -0.0914492191761994     0.1839507275366422   -0.06276978631868392
  -0.08403020921304803   0.006701259838786481   -0.05043234501854033   0.003770546419525286    0.01276565359332001     0.0740803956567046     0.0137169768917002    0.01833349104398797    0.02166371608303349     0.1577609577520861     0.3134866127718114    -0.8873283308037033    -0.1638600132170321     0.2152391134986629
    0.5700560826895817   -0.02192073432119468     0.4608313797682808   -0.05362625333026373      0.422497905014469    0.09871517111878615     0.3984739287042485     0.2161823468885839  -0.007962938752950123      0.238899403093454   -0.02954602490375485   -0.04497542662207485    0.02130417887352775   -0.07115340356758097
   -0.1760763884648069   -0.02694138500517159     -0.104725842957977    0.01087322045387032   -0.09046349123166943    -0.1182643099328243    0.01066981122623696    0.04621576961255339    -0.1757355242230786     0.7011855835964838     0.4111070493904072     0.1342928885876519     0.2619644071397311    -0.3931317487833156
   0.03758576582813476   0.004167555347851823   -0.01452933759356926   -0.03695110407787757  0.0009932575281999811     0.1181107735964751    -0.0194123583662625     0.1580939694266174   -0.07651457434217271     0.1231095072385892     0.4833527030674123     0.4208996407852029      -0.38405182112767     0.6151253501304539
    -0.216890578426565   -0.05904995663802283    -0.2069999075096031   -0.06316196805601283    -0.1052449265138562     0.1658446234620567      0.155114517676435     0.8593799526034069  -0.002772009770888169   -0.04695606541822053    -0.1961320847761729   -0.03473308749054275     0.2281530194821985    0.08670233568070815
    0.1277317655998495    0.01177186477871369    0.09601639124858341    0.04726342458226244    -0.2759464968090994    -0.8410699275554773    0.05507309892173384     0.1423738728031003   -0.06157647447870004     0.1734329657249466    -0.2389595467903473   -0.06254911699667667     -0.132325818549254     0.2298907293479402
  -0.01338739345810421   -0.01731840345603287   -0.05343892488942419    -0.0928796532507828    0.05434662209208101     0.2414797589599586     -0.144418037679941    -0.2657967902216996    -0.1905842421359371     0.4476871610999363    -0.4799021299897214   -0.01903383667052603     0.3413507550646083     0.5013313698968455
     0.191481553986485     0.5526948919480892    -0.2886134835144318    -0.7118674277986544   -0.03537629898027443   0.002689711000536104   -0.03687618744371824    0.01743367373946454    -0.0282381182267737    0.06071199328266379    -0.0691996368153812   -0.01458421393333118    -0.1889263741896098    -0.1403919109847417
  -0.08699822762443116     -0.635617972340521   -0.03793845344853406    -0.2518914074450382   0.001764167262559219      0.110540564608963   -0.09270496405715502    0.02449680160731832   -0.09454010713121341     0.1953914671427113    -0.2758251039003431  -0.001597498636005436    -0.5721388182656802    -0.2271020415466592
    0.0261554369136666     0.4727785395741551     0.0370961059774924     0.5695939025070761    -0.1086323620486874     0.2437767806687042    -0.1651106674059044     0.1383559899765933    -0.1044806516195731     0.2297868850775815    -0.2630996238675418   0.001353660054623228    -0.4135493991416951    -0.1684827003974005

22.68578064981622
 61.6869073736703
35.55513748121581
96.42669992207256
48.48763557966359
131.3118269924505
57.13242279580292
154.5984657584552
68.41976703778923
185.9260862390931
82.38743831645027
222.3982541318498
96.89409087357902
262.3903772948146

 2.699209189060107
0.3710324409147625

   0.07989450094003879   -0.02959279843017635   0.009588820130777545  -0.003470185880088544   -0.03382235675854125    0.01269730899909928   -0.05415368683396317    0.02029147188534276  0.0004203555621765458  9.305048851066889e-05 -0.0004204021023053808  9.579573136041144e-05  7.752834656874928e-05  -0.001136047804788632
 -0.009800172603121708   0.003627264040900864  -0.002327824323544606  0.0008589275080695868    0.00200118840055393 -0.0007504516447348676    0.01003461792267708  -0.003764198269062232   3.45820680895949e-05  2.649030332243938e-05  2.460926774427972e-05  -3.44677981391295e-05  2.787352937968872e-05  -2.70891487884003e-05

 9.149817134237431e-06  3.320449291982149e-05  -0.004573379427055609    0.01102430173915709  -0.006080303782035704    0.01631812084265846   -0.01098064523230099   0.009203127516994602  -0.004064819504265099    0.01653361279914265     0.0107624050661956    0.02259220932025912     0.3829168173261484     0.2333788746515643
-3.509130888883623e-06  2.828834993821754e-06  0.0006285079218910138   -0.00154610529243007  0.0008189295061034286  -0.002224821765297919   0.001595678464800612  -0.001506043097351304  0.0004978194387198535  -0.002405436160682851  -0.001780880646820164  -0.003038819911776207    -0.0528659820641478   -0.03237865668074844

cov:
    0.9548276331007187       2.63955767659911   -0.08650822447010896    -0.1863955630013655   -0.04481664033184197   -0.09595814696222459   0.003194516380393469    0.02092631830084124   0.001501011509577941    0.06117934777461881   0.006268282830410389   0.007142995235004349    -0.0004653339666236     -0.025201917082274
      2.63955767659911      20.76107003951831    -0.2356460123311894      11.42307218176842     -2.490703608493988      3.715387041557437     -2.507930779088312      2.634195084892325     -1.150548617207252      2.674075805253477     -2.421371494549388   -0.02817217759877844     -2.622462793949722     -1.472418980409368
  -0.08650822447010896    -0.2356460123311894       1.15292984991645      3.096020546823964    0.04537043330545213     0.1002190191372047    0.02573592838921623    0.04862772428345796    0.01853890069363872    0.02236557533048401    0.01977685273749208    0.04512208100586006    0.08235474981247433     0.1636273879090224
   -0.1863955630013655      11.42307218176842      3.096020546823964      20.51808406204707     -2.577577712445147      5.420521956598232     -3.446666028624909      3.287223445797023     -1.919543893210462      4.287132743655124      -4.67050210360569     0.1278936180058974     -6.540611020698005     -2.420491388911778
  -0.04481664033184197     -2.490703608493988    0.04537043330545213     -2.577577712445147     0.8704051995443228    -0.6807863692860813     0.8791637803620626    -0.8849890261256628     0.5087163749975661     -1.076190154239457       1.28223345081313 -0.0005562249473706526       2.12796079514706     0.8523709727922084
  -0.09595814696222459      3.715387041557437     0.1002190191372047      5.420521956598232    -0.6807863692860813      4.519271166941775      -2.16743069480243      1.316978022574285     -1.430310465779209      3.067926179089872     -3.585750268150061     0.0683569827709595     -5.205227676840654     -2.005767163345918
  0.003194516380393469     -2.507930779088312    0.02573592838921623     -3.446666028624909     0.8791637803620626      -2.16743069480243      1.702858356135645    -0.6342261752367001      1.055654548295198     -2.249816519527289       2.65953712350555   -0.03190175571731129      3.977011696407995      1.400683744828796
   0.02092631830084124      2.634195084892325    0.04862772428345796      3.287223445797023    -0.8849890261256628      1.316978022574285    -0.6342261752367001      2.410542772710277    -0.5213213262837216      1.089833526614789     -1.430370843827961    0.02786151317977871     -3.029071394321026     -1.472852569179428
  0.001501011509577941     -1.150548617207252    0.01853890069363872     -1.919543893210462     0.5087163749975661     -1.430310465779209      1.055654548295198    -0.5213213262837216     0.9630834871875419     -1.922062695728392      2.058954896555075   -0.04411361523043325      2.757287343101963     0.8231983213993617
   0.06117934777461881      2.674075805253477    0.02236557533048401      4.287132743655124     -1.076190154239457      3.067926179089872     -2.249816519527289      1.089833526614789     -1.922062695728392      4.583783928254494     -4.400387946730105   -0.02288136969460487     -5.844524896722224     -1.794545291617659
  0.006268282830410389     -2.421371494549388    0.01977685273749208      -4.67050210360569       1.28223345081313     -3.585750268150061       2.65953712350555     -1.430370843827961      2.058954896555075     -4.400387946730105      6.276096735299642     0.1533704525474895       7.18801919407818      2.403376265628901
  0.007142995235004349   -0.02817217759877844    0.04512208100586006     0.1278936180058974 -0.0005562249473706526     0.0683569827709595   -0.03190175571731129    0.02786151317977871   -0.04411361523043325   -0.02288136969460487     0.1533704525474895     0.8641493899392451   -0.05537419858630416    0.05970308073118664
   -0.0004653339666236     -2.622462793949722    0.08235474981247433     -6.540611020698005       2.12796079514706     -5.205227676840654      3.977011696407995     -3.029071394321026      2.757287343101963     -5.844524896722224       7.18801919407818   -0.05537419858630416      15.23693613629257      6.194379377457273
    -0.025201917082274     -1.472418980409368     0.1636273879090224     -2.420491388911778     0.8523709727922084     -2.005767163345918      1.400683744828796     -1.472852569179428     0.8231983213993617     -1.794545291617659      2.403376265628901    0.05970308073118664      6.194379377457273      4.274169671622953

cov.inverse():
    133.7564989888306     -49.2049451625262    -201.4581723295586     74.79055475019595    -14.39068284566945     5.566944184069315     81.74255853429298    -30.48212496826577    -1.624763540729023    -0.600589477179062    0.8601945814394779   0.01345989427591443    0.5426410359305721    0.8857525518427271
   -49.20494516252609     18.24707859518751     74.77669711455142    -27.74961943883939     5.306672656016245     -2.02867683164533     -30.3101594968177     11.29915439972066    0.5426499296835672    0.1798039595035846   -0.3184492774919669   -0.0168722613240651   -0.2009364727547486   -0.3238804691623861
   -201.4581723295447     74.77669711454649     369.5799368519326    -136.7647619297755    -119.0547634476109     43.72538895389228    -47.56016147878623     18.65779350485777      2.07081753137225    0.8544740806726259   -0.2557761474500158    -0.557780062065666    0.4313372153446762     -1.26393534314914
    74.79055475019088    -27.74961943883758    -136.7647619297756     50.73388959644542     44.02926206367134    -16.19472544321659     17.71824132843455    -6.970156703357867   -0.8551514933514132    -0.347384963627084   0.09645674318565862    0.1880807700080534   -0.1501484917922822    0.4391520719078428
   -14.39068284570062       5.3066726560278     -119.054763447561     44.02926206365289      348.996862090468    -128.6795705634154    -214.2758137089292     77.43069102022636    0.5870549637151045   -0.5004672829083224   -0.9317910174568315    0.2414725793417608   -0.2647972575528805    -1.266084446041903
    5.566944184080934    -2.028676831649633     43.72538895387371    -16.19472544320971    -128.6795705634153     48.08943784988296     79.58088942982168    -28.65095342868446   -0.1290477840262774    0.1334723883032893    0.3908196702911258   -0.1278365824704652   0.07131702755631263    0.5250992253836672
    81.74255853431025    -30.31015949682413    -47.56016147882153     17.71824132844763    -214.2758137089111     79.58088942981502      183.558250705114    -66.05363259166309    -2.253015695689017    0.2658677227809756   -0.2100784768805186    0.3972001311095238    -1.352756384564444     1.675452666706435
   -30.48212496827227     11.29915439972308     18.65779350487112    -6.970156703362807     77.43069102021934    -28.65095342868187    -66.05363259166295     24.57473464335875    0.6237670394924669 -0.003887852657111494 0.0004089522179712174   -0.1379805659139464    0.4766465297207853   -0.5317029734543177
   -1.624763540729455    0.5426499296837274      2.07081753137317   -0.8551514933517537    0.5870549637145488   -0.1290477840260731    -2.253015695688954    0.6237670394924458     8.443479901198462     2.334176170430549    -0.583910693152267    0.5167450217186862   -0.1956509645450159    0.3479391698760617
  -0.6005894771792133    0.1798039595036407    0.8544740806729045   -0.3473849636271872   -0.5004672829084101    0.1334723883033211    0.2658677227809346 -0.003887852657096376     2.334176170430549     1.495008489367961    0.1419409900404928    0.1533023061298775   0.01832231899235994  -0.02744077133497582
   0.8601945814395989   -0.3184492774920118   -0.2557761474502373    0.0964567431857407   -0.9317910174567645    0.3908196702911011   -0.2100784768804845 0.0004089522179581474   -0.5839106931522706    0.1419409900404916    0.8118618256046602   -0.2217220711985827    0.0863026143218973 -0.008440480502025956
  0.01345989427583123  -0.01687226132403443   -0.5577800620655637    0.1880807700080154    0.2414725793418283   -0.1278365824704904    0.3972001311094374   -0.1379805659139145    0.5167450217186889    0.1533023061298786   -0.2217220711985832     1.256995182797836  -0.03866931758926574  -0.03572798724216369
   0.5426410359307436    -0.200936472754812    0.4313372153444495    -0.150148491792198   -0.2647972575529904    0.0713170275563538    -1.352756384564278    0.4766465297207243   -0.1956509645450182   0.01832231899235961   0.08630261432189801  -0.03866931758926542    0.6381289977132402    -0.401157754298942
   0.8857525518427968   -0.3238804691624123    -1.263935343149403    0.4391520719079399    -1.266084446041542     0.525099225383533     1.675452666706266   -0.5317029734542574    0.3479391698760633  -0.02744077133497523  -0.00844048050202671  -0.03572798724216304   -0.4011577542989432    0.6994082574832367

cov*(cov_.inverse()):
     1.000000000000156 -8.577860644010116e-14 -3.843869667008448e-13  1.100647351037765e-13  -4.40619762898109e-15 -3.169339790609627e-15  2.423755640634795e-14  3.084338340286763e-15  4.145989107584569e-16 -8.066464163292153e-17  3.664603343001005e-17  3.520404454060433e-16 -4.839878497975292e-16  4.163336342344337e-16
-9.992007221626409e-14     0.9999999999999782 -1.709743457922741e-13 -5.340172748447003e-14 -1.090239010181904e-13  3.708144902248023e-14  9.103828801926284e-14  2.442490654175344e-14  9.992007221626409e-16  1.110223024625157e-16 -4.440892098500626e-16 -2.498001805406602e-16 -1.110223024625157e-16  6.661338147750939e-16
 2.456368441983159e-14 -1.298267049421042e-14       0.99999999999996  4.228561945041065e-14   -1.5931700403371e-14 -8.631984016460592e-15 -1.815214645262131e-14  -5.88418203051333e-15 -1.096345236817342e-15 -2.133709875451473e-16 -2.211772431870429e-17  9.107298248878237e-17 -2.914335439641036e-16 -6.938893903907228e-17
-1.860733789271762e-13 -5.218048215738236e-15  2.566835632933362e-13     0.9999999999998799  2.997602166487923e-13 -1.749711486809247e-13 -1.385558334732195e-13  2.531308496145357e-14  3.108624468950438e-15  1.054711873393899e-15 -7.042977312465837e-16  5.134781488891349e-16 -6.661338147750939e-16 -1.332267629550188e-15
 3.108624468950438e-15 -1.387778780781446e-15 -1.554312234475219e-15  3.930189507173054e-14     0.9999999999999007    1.5931700403371e-14 -4.196643033083092e-14 -3.885780586188048e-16  1.554312234475219e-15  3.885780586188048e-16  1.639313684798083e-16  6.938893903907228e-18  1.665334536937735e-16 -8.881784197001252e-16
 1.798561299892754e-14 -3.463895836830488e-14 -5.195843755245733e-14  2.109423746787797e-15  8.970602038971265e-14     0.9999999999999207  4.707345624410664e-14  3.774758283725532e-14  -3.33066907387547e-16  3.677613769070831e-16 -6.487865800153259e-16   3.33066907387547e-16  6.661338147750939e-16  1.110223024625157e-15
 5.551115123125783e-15  1.998401444325282e-15 -4.107825191113079e-14  2.475797344914099e-14 -4.929390229335695e-14  -5.88418203051333e-15     0.9999999999998486  1.609823385706477e-14  1.665334536937735e-15  2.220446049250313e-16 -3.295974604355933e-17 -1.873501354054952e-16 -2.220446049250313e-16 -7.771561172376096e-16
-3.752553823233029e-14   2.55351295663786e-14  1.127986593019159e-13 -3.441691376337985e-14 -1.865174681370263e-14   1.63202784619898e-14                      0      1.000000000000006 -5.551115123125783e-16  2.359223927328458e-16  -1.35308431126191e-16 -6.938893903907228e-17  2.220446049250313e-16  4.440892098500626e-16
 1.998401444325282e-15 -7.827072323607354e-15  -2.55351295663786e-14  2.486899575160351e-14  -3.26405569239796e-14 -4.940492459581947e-15 -9.992007221626409e-15 -6.106226635438361e-16                      1 -9.367506770274758e-17  4.874572967494828e-16  3.469446951953614e-17 -5.551115123125783e-16 -1.110223024625157e-16
-1.620925615952729e-14  2.242650509742816e-14  7.904787935331115e-14 -6.428191312579656e-14  9.325873406851315e-15  -1.69864122767649e-14  1.199040866595169e-14  3.719247132494274e-14 -8.881784197001252e-16     0.9999999999999998 -2.914335439641036e-16 -2.775557561562891e-17  1.332267629550188e-15  4.440892098500626e-16
                     0 -2.753353101070388e-14 -9.325873406851315e-15  5.062616992290714e-14  8.126832540256146e-14  2.442490654175344e-15  -1.84741111297626e-13  2.531308496145357e-14 -3.774758283725532e-15  -1.77635683940025e-15     0.9999999999999998 -2.498001805406602e-16  -3.33066907387547e-16 -1.332267629550188e-15
  1.07552855510562e-15 -3.989863994746656e-16 -4.246603069191224e-15  1.509209424099822e-15 -3.469446951953614e-16 -4.163336342344337e-17  -1.40165656858926e-15 -6.036837696399289e-16 -2.151057110211241e-16  5.898059818321144e-17 -1.322726650432315e-17     0.9999999999999997 -6.938893903907228e-18  7.632783294297951e-17
-6.750155989720952e-14   -1.4210854715202e-14  4.263256414560601e-14   7.72715225139109e-14 -7.371880883511039e-14  3.641531520770513e-14 -6.750155989720952e-14   1.06581410364015e-14  6.217248937900877e-15  1.193489751472043e-15  -9.71445146547012e-17   3.05311331771918e-16     0.9999999999999991  -1.77635683940025e-15
 2.176037128265307e-14 -8.881784197001252e-15  8.881784197001252e-16   2.90878432451791e-14 -3.286260152890463e-14  1.376676550535194e-14 -6.394884621840902e-14 -6.217248937900877e-15                      0   1.52655665885959e-16  1.249000902703301e-16 -8.326672684688674e-17                      0     0.9999999999999996
