10
2

0.09576048593374488
 0.6941106266342884
 0.7668530530151184
  0.906974757808377
  1.333786922381611
  1.546607090473347
   1.70822253154671
  1.919850618377704
  4.100039759013095
  6.657705223053324

   0.4905534418039552   -0.3888303111276217   -0.6069825176757777    0.4812271066401756   0.03527181224795677  -0.02583033908774186   0.04975221651083539  -0.03617096720998849   0.03404802585414886  -0.03614979689480161
  -0.1015880318906201   0.09826665483424468  -0.09458334481635172   0.04297776675447588    0.8275446458183711   -0.3495641262078317   -0.3525946571436344    0.1714295967406054  -0.05233285658820847    0.0758643055380004
  -0.1674061293710548   0.08578226411188429   -0.1119268441114417   0.01899041788867474    0.2724709165980225   -0.0602444224258523     0.784998279803736   -0.2658032230829043   -0.3145067922574649    0.2967665255906584
   0.7598434488990197 -0.002211352255419686    0.5575484127759657   -0.1021012945862045    0.2622827698787452   0.08700105653066408    0.1499864552058729 -0.007749343829120011   0.02298769566009953   0.04361510864117388
  -0.1364083822927349  -0.06475341439606806  -0.03635405464176354  -0.05166863044247197    0.2296724575808307    0.1571568198036245    0.4369825807414759    0.4428565964801756    0.3813263542820431   -0.6027231957823644
  0.06785287641102133     0.153060533904639   -0.2278754639195384    -0.221751487578124  -0.01829459683017722   0.06643984638421278   0.07537954135343375    0.1876871944222027      0.66163109305081    0.6224582747998805
  -0.2954367323730965   -0.4268529468138051    0.4946467439871465    0.5711219422063833  -0.02057469874579445   -0.1667386755285797   0.06766929703307902   0.06807930894813388    0.2527067852690004    0.2415745748627049
   0.1742483081398979     0.206872207433245  0.003415385123288318   0.01098825180712168   -0.3422911376479426   -0.7152304549951204    0.1771788671752547    0.4899151616321997   -0.1629434771712762  0.005602711900205096
 -0.05180048388754533   -0.5843196730090874  -0.03119982191429271   -0.3597934638977952   0.01398559025985066    0.2303396089789078   -0.0234841384171683    0.4921313350927571   -0.3993719083212512    0.2645143757142648
  0.01050847621037042    0.4875875371547409   0.01813900967607896    0.4981890727885386 -0.005180612988999271    0.4943823385274163  -0.03639571469535167    0.4247337894271946   -0.2521593514772971    0.1545253239944144

22.68818340261294
 28.1806920848571
35.54868601941651
44.28174562996937
68.48322723830347
85.56609625367972
88.30731427801149
110.2335116451522
104.2756081701888
130.5539730665554

 1.251811473953355
0.8011665850408253

   0.07515552194299292   -0.06009419485661731   -0.06994540938575684    0.05593124859180574  -0.001297173210456932   0.001147509316574274  -0.002141884300847963   0.001670209057892702  -0.001665251189797088   0.001514182128208971
  -0.04702489571849878    0.03764480925839744    0.04351271810169123   -0.03480729719493195  0.0008609917961339547 -0.0006802725203056455   0.001446761381348076  -0.001180075412365769   0.001285748568197749 -0.0007891988238559398

  0.001185247327246588  -0.002289330550749799  -0.006127851214523491   0.009857984892526926   -0.01524442290071919  -0.001123755533361031    0.00158176148645489   0.005091846318998298     0.2599503370124635   0.004408224099814047
-0.0007394050847769991   0.001433616240024702    0.00391452351233919  -0.006262127943867259   0.009535269916355159   0.001340280915286899 -0.0008291868195697609  -0.003627177206609652     -0.166026644817184   -0.00138167334189727

cov:
    0.9593199539773943      1.260948311186285   -0.05537007618545203   -0.02902871923812013     -0.178622467926081    -0.2359601785940215 -0.0009042770842109435   -0.03898146237821191   -0.02929946866329427    -0.1215596144789545
     1.260948311186285      17.04072776864996  -0.003237671966460066      13.52437335424522     -0.465542260488467       8.07111346828612    -0.5053940266749736      4.646790342814927     -1.786084589206777       0.76074503828727
  -0.05537007618545203  -0.003237671966460066      1.142290379623664      1.485243351586289    0.01406422072018211    0.04057036834213373    0.04652108756609251    0.06319642282337158    0.01756446371963947    0.03117243825735785
  -0.02902871923812013      13.52437335424522      1.485243351586289      14.26367524351525    -0.2602416825280463       9.15205943332526    -0.6327733959214292      6.396657520387582      -3.13057274474731      1.941535397660548
    -0.178622467926081     -0.465542260488467    0.01406422072018211    -0.2602416825280463      0.962399627656086     0.7840335215880671   -0.03193757435946113    -0.4072006000238572     0.2149747658512917    -0.1811736148809226
   -0.2359601785940215       8.07111346828612    0.04057036834213373       9.15205943332526     0.7840335215880671      13.81391345635768     -1.212050929185785      10.02197999222464     -6.532146286905799      4.188361090122027
-0.0009042770842109435    -0.5053940266749736    0.04652108756609251    -0.6327733959214292   -0.03193757435946113     -1.212050929185785     0.9911540628629263    -0.3207822212040696     0.7902370749806356    -0.5291922073893062
  -0.03898146237821191      4.646790342814927    0.06319642282337158      6.396657520387582    -0.4072006000238572      10.02197999222464    -0.3207822212040696      13.45464372386944     -7.653089275155224      4.919767676981641
  -0.02929946866329427     -1.786084589206777    0.01756446371963947      -3.13057274474731     0.2149747658512917     -6.532146286905799     0.7902370749806356     -7.653089275155224      7.149522113052379     -2.807933723598986
   -0.1215596144789545       0.76074503828727    0.03117243825735785      1.941535397660548    -0.1811736148809226      4.188361090122027    -0.5291922073893062      4.919767676981641     -2.807933723598986      4.034176642675672

cov.inverse():
   27.06382770625515   -20.78346186873874   -31.95724220463897    25.57608540916464    1.844809228015012   -1.238263942254535    2.621139538409555   -1.916386531897583     1.90061270490517   -1.955125375395278
  -20.78346186873875     16.6316631184735    25.61607983817239   -20.47048271473274   -1.314046238869482   0.9951515275567671   -2.078028920367311    1.530932413690042   -1.506868164369918    1.610724567226329
  -31.95724220463894    25.61607983817239    40.70134094009448   -31.81461582860356   -2.378033686881526    1.810120112290477   -3.276161497700816    2.390226098582499   -2.195480478404286    2.344546210763368
   25.57608540916468   -20.47048271473275   -31.81461582860357    25.41813553817803    1.890680333596375   -1.444315525581744    2.580364723874594   -1.911746189202906    1.751370898523589    -1.88295863460761
   1.844809228015015   -1.314046238869481   -2.378033686881525    1.890680333596374    1.828708856262251  -0.6124435081761648  0.03616681394747565  0.03982190098800439 -0.04010216803675592  0.05807469749186381
  -1.238263942254533   0.9951515275567679    1.810120112290478   -1.444315525581744   -0.612443508176165   0.5144762208779154  0.05284862125945529 -0.03922549798683602  0.03767285959173471  -0.0245046519539048
   2.621139538409553   -2.078028920367308   -3.276161497700812    2.580364723874591  0.03616681394747576  0.05284862125945514    1.723068734951505  -0.5391465373875931 -0.07930252624005302  0.02939107168801512
  -1.916386531897584    1.530932413690042    2.390226098582499   -1.911746189202906  0.03982190098800407 -0.03922549798683575  -0.5391465373875935   0.5340430099951198   0.1059882848211326  -0.0505573057263031
   1.900612704905181   -1.506868164369923   -2.195480478404293    1.751370898523594 -0.04010216803675589  0.03767285959173482 -0.07930252624005209    0.105988284821132   0.6057063821523451  -0.2434706280515805
  -1.955125375395274    1.610724567226326    2.344546210763364   -1.882958634607607  0.05807469749186415 -0.02450465195390518  0.02939107168801501 -0.05055730572630318  -0.2434706280515797   0.6974213402789826

cov*(cov_.inverse()):
                     1  2.117750419472486e-14 -1.831867990631508e-14 -2.353672812205332e-14 -3.263882220050363e-15 -2.263380455280739e-15 -4.627374872168133e-16  8.951173136040325e-16 -4.735795089416683e-15  6.522560269672795e-16
-7.993605777301127e-15      1.000000000000017 -9.992007221626409e-15 -2.042810365310288e-14 -3.289035710452026e-15 -5.172945405362839e-15 -2.262079412673756e-15   1.35308431126191e-15  2.858824288409778e-15  4.440892098500626e-16
 1.457167719820518e-14 -7.889522368742519e-15      0.999999999999992  1.318389841742373e-14  4.464744546295307e-16  -6.78168458889683e-16  1.672598691493388e-15 -6.435824095873954e-16  1.357421119951852e-15 -8.604228440844963e-16
-6.217248937900877e-15 -5.240252676230739e-14 -3.019806626980426e-14      1.000000000000022  1.387778780781446e-16  -2.55351295663786e-15  5.447031714567174e-15 -2.636779683484747e-16  6.272760089132134e-15 -1.554312234475219e-15
-1.498801083243961e-15 -1.110223024625157e-15  6.217248937900877e-15  1.443289932012704e-15                      1  5.993469609499869e-16  2.159730727591125e-16 -2.237793284010081e-16   4.85722573273506e-16  1.387778780781446e-16
   1.4210854715202e-14 -2.042810365310288e-14 -5.506706202140776e-14  3.730349362740526e-14   1.52655665885959e-15     0.9999999999999976  3.844147222764605e-15 -3.774758283725532e-15  4.218847493575595e-15 -4.884981308350689e-15
 8.881784197001252e-16  2.109423746787797e-15  1.554312234475219e-15 -8.881784197001252e-16  5.551115123125783e-17 -3.122502256758253e-17     0.9999999999999998  3.989863994746656e-16 -3.885780586188048e-16  1.110223024625157e-16
-2.664535259100376e-14 -1.332267629550188e-14  2.309263891220326e-14 -3.197442310920451e-14 -1.665334536937735e-15 -5.551115123125783e-16 -2.470246229790973e-15                      1  1.554312234475219e-15  1.332267629550188e-15
 1.243449787580175e-14 -8.881784197001252e-16 -4.440892098500626e-15    1.4210854715202e-14  7.494005416219807e-16   6.38378239159465e-16  7.077671781985373e-16  -1.27675647831893e-15     0.9999999999999988  2.220446049250313e-16
 -1.77635683940025e-15 -5.329070518200751e-15 -8.881784197001252e-15  4.440892098500626e-15  6.661338147750939e-16 -2.498001805406602e-16  4.163336342344337e-16 -8.326672684688674e-16  1.332267629550188e-15                      1
