10
2

0.04578323910971158
 0.3667427283058408
 0.8090063036050679
 0.9843165286554171
  1.072285164390436
  1.223543969447211
  1.689969810504667
  3.017690004416107
  3.767783834033631
  7.715237346875444

   -0.2232493930648097    0.07265041944008842     0.7519138218831409    -0.2533727383109337    -0.5329500797530087      0.176839026119761    0.00063785550400138  -0.000155330110479786 -3.549154252497112e-05  -0.001106380956167663
   -0.6881273630855328     0.1892037645584238     0.2171543329790765   -0.06236919422463682      0.585227357717785    -0.1944844305977851    -0.1316121175124269    0.04247183955206254    -0.1868460230764279    0.07269422255758237
   -0.1607064375988354   0.006868963967035354   -0.08982227816656553    0.05820666999384774    -0.1062142951349811   -0.05873256336905688     0.6568240288609331     0.3852100941657979    0.06312868718154595     0.6034478908646456
   -0.5900809399585893  -0.001154740718148348     -0.371520354048697     0.2789223880094778    -0.3775376241308043    0.09469928613458434     0.1807089036723435     -0.452492200307574    0.05417537651191681    -0.2100847348369053
    0.2185172774267101    0.03023393278344086      0.137841096335727    0.02132411209414134     0.1825729878823167     0.2595724037096994     0.1602157528442695    -0.6685267440399426    -0.4170466171575785      0.429703989588456
      0.16504459050596   0.009991698088408392     0.2759863293214267     0.4333101675760171   -0.08811918221678273    -0.6169694073265347     0.2925221235191345   -0.02122028058895027    -0.3819628850942927    -0.2973262775463608
  -0.01015615332354664 -0.0008574896775938354    -0.1850150111737975    -0.5188324438924821    0.07240254786332925     0.2447162239834119     0.4214263109650177     0.1591826873015917    -0.4708159998517183    -0.4546903667571182
   0.01675591076946652    0.02295899713609582    -0.1682769181550659    -0.6253804182492099    -0.1555844770687326    -0.6369988852586331  -0.005279011056532493    -0.3284055372237875     0.1382670506324106     0.1510112040161647
   -0.1612040907409128        -0.708821346556      -0.11373712219927   -0.01159806192846712    -0.2073651277359039   -0.06760311862319043    -0.3400957249661368     0.1621344084242506    -0.4687465638607937     0.2219648717097669
   0.03547085598225637      0.674467092634064    -0.2659356213091261    0.04573748616888748    -0.3257455714556333   -0.01527816115446452    -0.3377468653141323     0.1954607677141507    -0.4217060697037751     0.1859161679531074

22.68815521305363
70.30359637782891
42.44236008349125
131.1346326728093
50.67358630946304
156.4929574476234
70.83370894512136
219.5954212516512
84.84744296687209
262.0612938960169

3.092449681265724
0.324327953367706

    0.1131975012103842   -0.03651255200681972  -0.007066802426678218   0.003324257650591949     -0.105557654827358    0.03623418247507205 -0.0009798416452210298    0.00281137171063453   0.002232414065160897  -0.001541926026319558
  -0.01118189326461467   0.003607816627164816  -0.001261644542519091  0.0002932488773180241    0.01227573376800139  -0.004094789359914365  9.368613369134255e-05 -9.569141442916288e-05 -6.215553058370148e-05  2.645845040715231e-05

 5.991782078882631e-05   -0.02093463562212986  -0.005812321822760386   -0.02027072235011721     0.0106147329578967   0.006008675897530404  -0.001789362033306617    -0.0667647595420737     0.3866757029717183     0.8871447441695333
-1.159337485408266e-05   0.002160413747364394  0.0006057529363962554   0.002105911886502071  -0.001388280516968159 -0.0008093844831770922  0.0003426149883002779    0.00591170632793396    -0.0411085388712118   -0.09344037041382776

cov:
   0.9603950376883721     3.042181194165523  -0.01729512470409006 -0.004538788793588013  -0.04186715283785772  -0.09911593000523375  0.004468371591326559   0.02796516644854258 -0.002394835293417077  0.005220575382137794
    3.042181194165523     34.22164244354256     -9.55234063067463     1.829021410631517    -11.00419126395813  -0.07239773349905167    -10.13027191038693      6.12649845011781    -12.20836556522247     5.278521787192141
 -0.01729512470409006     -9.55234063067463     5.031394178431798    0.6035671987081379      5.84238567730453    0.9480271775071161      5.71974760424468     -2.91000110281487      7.21668946731468    -3.305031105334615
-0.004538788793588013     1.829021410631517    0.6035671987081379     4.816627511618821    -0.237322705825314     2.865659399983571    -1.189279106056814     2.001724333108928     -1.40009547742345   0.06662731730668589
 -0.04186715283785772    -11.00419126395813      5.84238567730453    -0.237322705825314      7.40413770163599     1.538187331265412     7.517617824943629    -3.764517840434222     9.187434522690596     -4.39625793182186
 -0.09911593000523375  -0.07239773349905167    0.9480271775071161     2.865659399983571     1.538187331265412     4.608339260358645    0.7311179954041089     1.445548606811525  -0.06198712282412915    -1.217376534883787
 0.004468371591326559    -10.13027191038693      5.71974760424468    -1.189279106056814     7.517617824943629    0.7311179954041089     9.413607719359954    -4.551853398474665     9.963779474095382    -5.193609046878071
  0.02796516644854258      6.12649845011781     -2.91000110281487     2.001724333108928    -3.764517840434222     1.445548606811525    -4.551853398474665      4.51211533570717    -6.289112752701879     1.939462206496479
-0.002394835293417077    -12.20836556522247      7.21668946731468     -1.40009547742345     9.187434522690596  -0.06198712282412915     9.963779474095382    -6.289112752701879     14.94062499647014    -5.366329753568595
 0.005220575382137794     5.278521787192141    -3.305031105334615   0.06662731730668589     -4.39625793182186    -1.217376534883787    -5.193609046878071     1.939462206496479    -5.366329753568595     4.181470957531372

cov.inverse():
   27.75864076811053   -8.691402458330872    -80.8884925479434    27.17351740942935     54.0512823341321   -17.90276232122769   0.3989285818297759  -0.1520396057513371   0.7968535639566001  -0.2259329964343904
  -8.691402458330884    2.828226914461514    26.37386354855185   -8.866157295904882   -17.63885645484434    5.859108495575512  -0.1371754922599629  0.03446724888303569   -0.257870840877747  0.07135269829811486
    -80.888492547944    26.37386354855198    270.3161703058987   -90.97789823078885   -190.0684544535536     63.0072683610746 -0.09295108657621307  0.04302287443065951   -0.430665122671632  -0.2610155177020444
    27.1735174094295    -8.86615729590492   -90.97789823078878    31.00461392525041    64.00770192956693   -21.43813342785429   0.1058262273344479  -0.1218119750173523  0.06994675814449713  0.08731834413803902
   54.05128233413276   -17.63885645484451   -190.0684544535542    64.00770192956718    138.2607001811951   -45.74052558756114  -0.8860371229402459   0.2394040564182274  -0.8842035853336986   0.6489050133999962
   -17.9027623212279    5.859108495575565    63.00726836107475   -21.43813342785435   -45.74052558756112    15.59358487566214   0.1566426369082943  -0.2597015965199446   0.2824022837462826  -0.1042265485164922
  0.3989285818297681  -0.1371754922599607 -0.09295108657618255   0.1058262273344372  -0.8860371229402709   0.1566426369083027   0.9735850374743905   0.1819651794747017  0.06760356184323181   0.4231711452962128
 -0.1520396057512834  0.03446724888301823  0.04302287443047528    -0.12181197501729   0.2394040564183595  -0.2597015965199886   0.1819651794747017   0.8636818522614346   0.1627871161300205   0.2030481499229392
  0.7968535639566053   -0.257870840877749  -0.4306651226716527  0.06994675814450346  -0.8842035853336833   0.2824022837462777  0.06760356184323095   0.1627871161300212   0.6155857395183109 -0.06590484717996267
 -0.2259329964342948  0.07135269829808408  -0.2610155177023573  0.08731834413814479   0.6489050134002151  -0.1042265485165651   0.4231711452962137   0.2030481499229387 -0.06590484717996245    0.940397665487424

cov*(cov_.inverse()):
    0.9999999999999384  2.067703647190555e-14  1.917569835557797e-13 -3.162877945661613e-14 -1.279388921193725e-13  4.553811754764991e-14  1.031726787337206e-15   -9.6710833785707e-17  8.845463424222988e-16 -1.159662643690496e-15
-6.816769371198461e-14      1.000000000000023  8.970602038971265e-14  2.864375403532904e-14 -1.110223024625157e-14  1.598721155460225e-14  1.332267629550188e-15  8.881784197001252e-16  6.106226635438361e-16 -8.881784197001252e-16
-5.340172748447003e-14 -1.734723475976807e-14      1.000000000000202  4.812816811750054e-14 -4.485301019485632e-14  5.839773109528323e-14  1.332267629550188e-15  1.110223024625157e-16   3.05311331771918e-16  4.440892098500626e-16
 3.404047876909289e-14  6.903332072649704e-15  -4.08006961549745e-15      1.000000000000001  2.998989945268704e-14 -2.058769821289275e-14 -2.151057110211241e-16  4.128641872824801e-16 -4.510281037539698e-17  2.775557561562891e-17
-1.596500709410975e-13  4.773959005888173e-15  -2.26707541628457e-13 -7.771561172376096e-14     0.9999999999999853 -2.509104035652854e-14  2.442490654175344e-15 -7.771561172376096e-16  1.720845688168993e-15                      0
-7.327471962526033e-15   2.92821322744885e-15  1.163513729807164e-13  1.249000902703301e-15 -7.216449660063518e-14      1.000000000000015  2.220446049250313e-16  1.665334536937735e-16  2.636779683484747e-16  2.220446049250313e-16
-5.972999872483342e-14   1.27675647831893e-15  1.574296248918472e-13  3.497202527569243e-15 -1.687538997430238e-14  2.953193245502916e-14                      1                      0 -1.110223024625157e-16                      0
-2.264854970235319e-14  3.802513859341161e-15  1.399991234052322e-13 -3.105848911388875e-14 -1.723066134218243e-13   2.05391259555654e-14  -3.33066907387547e-16                      1 -3.885780586188048e-16  2.220446049250313e-16
 -1.77635683940025e-15  4.274358644806853e-15  -1.13686837721616e-13  1.048050535246148e-13 -1.114663916723657e-13 -3.741451592986778e-14  1.332267629550188e-15  2.220446049250313e-16      1.000000000000002  8.881784197001252e-16
 4.285460875053104e-14 -1.615374500829603e-14  1.509903313490213e-14  6.072919944699606e-14 -2.176037128265307e-14  2.431388423929093e-14 -4.440892098500626e-16  1.110223024625157e-16 -9.436895709313831e-16      1.000000000000001
