10
2

0.1080928463739775
0.6009017197784223
 0.627069884112782
0.9016451999539589
 1.029509659062191
 1.194345691616259
 1.480391205468059
 1.779856417629857
 2.222580695701986
 4.742682779057493

  -0.5991946767115726    0.2092031619899263     0.724712876266918   -0.2552762642557298  -0.02692024354326447  0.001185935692725945  -0.03009733789808075   0.02125908229092702  -0.06169269406975167    0.0305803778364198
  -0.1187187529975369   0.06286526603238403  -0.06618064565119544   0.08143786190972355 -0.008780487693097912    0.6808321637112476   0.02746897824236534   -0.7115462465878777  0.001918142358639185   -0.0166131160592336
   0.6041771113219387   -0.3915796514385375    0.4758179821452704   -0.3314081575258874   -0.2461501762824728    0.2375918031959717   -0.1637173446421657  0.006244252707951946  -0.03864615854697417  0.005061254552344213
  -0.1199136501849083    0.1344364917055149   -0.1175109373678324    0.1060899897989328   -0.1096264171051728    0.6277783432296913    -0.253311889904104    0.6517873861452385    0.1188662205527554   -0.1823105910576181
 -0.01126556947879839    0.0358704889394825 -0.007786940311580476   0.01954760831041531   0.06498874263866711   -0.2204318459511356   -0.6130852200003576   -0.2109090550928233   -0.1029839923650326   -0.7171946004898752
 0.008134125550634206    0.3353447980892993   -0.1444728172874565   -0.2031516631797235   -0.7232699639815255   -0.1660192006134837  -0.05768195441793611   -0.1326715791919521     0.503510345047012   0.01418696859844239
  -0.1663867663851974   -0.3946566001626651    0.1853870875996062    0.6144538657431212   -0.1084612809730579  -0.09277163772820263   -0.4109024573052377  -0.06448602168950512    0.3065386843976509    0.3424967428493878
   0.2489128985446925    0.4799072558367643    0.1437132015552029    0.4264551947556481   -0.3270951053872674  -0.03053666354769757  -0.07977964534567736  0.002594709332707459   -0.6033500401073567    0.1639737365662487
  -0.1873281992584482   -0.3935158265100778   0.07468710122989308    0.2906191530947689   -0.4313026683318013  -0.01399962706903847    0.5252157772191329   0.04602885075601076   -0.1343269716365759   -0.4876308034711924
   0.3500503011848769    0.3552630913342021    0.3855732687386836    0.3486913607982877    0.3073602386384508  0.004797646446767111    0.2776893844983581 -0.003998862302219121    0.4903042797872839     -0.26264330615308

44.26977191467483
130.6332875515909
53.07499543723459
156.6373505907793
63.67027331976249
187.5597156856666
73.65190648644318
218.1373338138263
87.84321759561981
260.5205535562471

  2.95753987855241
0.3385258255895308

    0.2901211325474176   -0.09949162245337816    -0.2796811193484531    0.09441315293276811   -0.00309087018728849  0.0008262079957394289  -0.004232363067012256   0.001888545929284025  -0.002886759778509126   0.002831662174480934
  -0.03332771059685486    0.01138138162658886    0.03215983258148362   -0.01082768394669979  0.0003780752840420751 -9.288521118503661e-05  0.0003993857621777238  -0.000203859588985747  0.0003711909095151354   -0.00025550474156929

-0.004918132418452603 -0.005568649772085683   0.02031536622246646 -0.002424041916905524 -0.002897581389993646  -0.01297992363339895 -0.001935599144720614   0.08892780843738027  -0.05164194648677344   -0.2922568591926232
0.0005650897701668658 0.0006342059497732824 -0.002319733435642075 0.0002890755043777893 0.0003283890070641265  0.001466814241779424 0.0004501043521138805   -0.0102908714172718  0.005596893360589793   0.03324572033198942

cov:
   3.351224402937866    3.576883076710708    3.133170838248654    2.495401199192972     2.54440950245119  0.02723787508875726     1.77882888775449 -0.07924342096920395    3.383925269199819   -1.584122536101741
   3.576883076710708    4.913496033483178    2.838808842278757     2.30573538600348    2.573188930302164  0.05905494755204629    1.379304869253024 -0.07902029975107323    3.252494232898538   -1.239284806437342
   3.133170838248654    2.838808842278757    3.650078060750952     3.54057471882077    2.426457805673691 -0.01089664207459506    2.408435036615913 -0.05754987204021159    3.930496622406175   -2.221920414583689
   2.495401199192972     2.30573538600348     3.54057471882077    4.670374877934115    1.436916649340333 -0.06190812334081101    2.275256631031648  0.01987522759812184    3.117845820613903   -2.113198455505119
    2.54440950245119    2.573188930302164    2.426457805673691    1.436916649340333    4.192883255459998   0.1916861630005389    1.036748411172864 -0.04716641837430994    3.694810377908643   -1.076398445880542
 0.02723787508875726  0.05905494755204629 -0.01089664207459506 -0.06190812334081101   0.1916861630005389   0.6240830655494035   0.1039786500777371   0.2482463364113983  0.02058653589454219 -0.01257103975736293
    1.77882888775449    1.379304869253024    2.408435036615913    2.275256631031648    1.036748411172864   0.1039786500777371    3.953445526862071   0.1581332569049686    2.593951649305167   -2.753601600329762
-0.07924342096920395 -0.07902029975107323 -0.05754987204021159  0.01987522759812184 -0.04716641837430994   0.2482463364113983   0.1581332569049686    0.620420371641717  -0.1328118289948758 -0.06898452016711196
   3.383925269199819    3.252494232898538    3.930496622406175    3.117845820613903    3.694810377908643  0.02058653589454219    2.593951649305167  -0.1328118289948758    7.240565195439737   -2.585550755373367
  -1.584122536101741   -1.239284806437342   -2.221920414583689   -2.113198455505119   -1.076398445880542 -0.01257103975736293   -2.753601600329762 -0.06898452016711196   -2.585550755373367    3.641080505837704

cov.inverse():
    31.75849048168308    -11.28108798890974    -36.39567254131993     12.51961618321779     1.020257680134731 -0.005559000088356138     1.335784798227441   -0.9380533563697119     3.032257198114574    -1.519136395381142
   -11.28108798890975     4.429688832024454     12.42549230940669    -4.319758678270067    -0.415179351835616  -0.02623924521507142   -0.4228170435202068     0.328275719076815    -1.059407033397604    0.4863845612754282
    -36.3956725413199     12.42549230940668     45.60038116823949    -16.16286345708147    -1.902641253317181    0.1546033050219581    -2.048668971132802     1.372644786571567    -3.936139818326549     1.960661322213597
     12.5196161832178    -4.319758678270066    -16.16286345708149     6.170345569188755    0.7884845478615047  -0.00197127115700821    0.6748616676224714   -0.5452402595468686     1.327206869923081   -0.6298378146081243
    1.020257680134734   -0.4151793518356168    -1.902641253317185    0.7884845478615058    0.6828177052334251   -0.1729790908771813    0.1834864912152819  -0.07029203901673028  -0.04580072841911822  -0.09470169006847569
-0.005559000088355311  -0.02623924521507168    0.1546033050219571 -0.001971271157007848   -0.1729790908771813     1.981613408513939  -0.09483914966689025   -0.7705154279221078   0.02193547030399691  -0.03318920464212082
    1.335784798227445   -0.4228170435202081    -2.048668971132807    0.6748616676224723    0.1834864912152818  -0.09483914966689033    0.7219999496711463   -0.1703491821704876    0.1268166410031558    0.2655105417868558
  -0.9380533563697145    0.3282757190768157      1.37264478657157   -0.5452402595468694  -0.07029203901673024   -0.7705154279221077   -0.1703491821704877     2.020148763087358  -0.05853311345859418   0.06924831864551034
    3.032257198114571    -1.059407033397602    -3.936139818326546     1.327206869923079  -0.04580072841911877   0.02193547030399682    0.1268166410031552  -0.05853311345859379     0.706794438052072  -0.08980426208638022
   -1.519136395381139    0.4863845612754269     1.960661322213593   -0.6298378146081226  -0.09470169006847538  -0.03318920464212085    0.2655105417868562   0.06924831864551015  -0.08980426208638002    0.7204102673649234

cov*(cov_.inverse()):
                     1 -4.996003610813204e-15 -2.176037128265307e-14 -1.665334536937735e-15 -3.885780586188048e-16 -2.081668171172169e-17  1.665334536937735e-16  3.608224830031759e-16  2.775557561562891e-16 -8.881784197001252e-16
-1.532107773982716e-14      1.000000000000003  2.042810365310288e-14   3.33066907387547e-16 -4.579669976578771e-16                      0  6.106226635438361e-16  6.522560269672795e-16 -1.013078509970455e-15 -4.440892098500626e-16
 2.131628207280301e-14 -3.108624468950438e-15     0.9999999999999734 -2.664535259100376e-15 -1.665334536937735e-16  -9.71445146547012e-17  4.440892098500626e-16  4.163336342344337e-16  1.110223024625157e-16 -6.661338147750939e-16
-2.220446049250313e-15 -3.774758283725532e-15 -2.309263891220326e-14     0.9999999999999933  2.498001805406602e-16 -6.938893903907228e-17   3.33066907387547e-16  1.942890293094024e-16  2.498001805406602e-16                      0
 8.215650382226158e-15 -1.887379141862766e-15   1.77635683940025e-15 -5.551115123125783e-16                      1  3.469446951953614e-17  7.216449660063518e-16  3.191891195797325e-16  3.039235529911366e-15 -4.440892098500626e-16
 1.734723475976807e-16 -8.586881206085195e-17 -3.469446951953614e-17  1.006139616066548e-16 -8.456776945386935e-18                      1  1.561251128379126e-17  -2.26706674266719e-16  3.946495907847236e-17 -5.204170427930421e-18
  1.77635683940025e-15  -3.33066907387547e-15 -9.769962616701378e-15 -4.440892098500626e-16   3.33066907387547e-16  -9.71445146547012e-17     0.9999999999999998 -8.326672684688674e-17  1.498801083243961e-15 -8.881784197001252e-16
-4.996003610813204e-16  1.040834085586084e-16  1.942890293094024e-16 -2.081668171172169e-17  1.214306433183765e-17  3.903127820947816e-17 -3.469446951953614e-18     0.9999999999999997 -5.377642775528102e-17  2.775557561562891e-17
 1.687538997430238e-14  3.108624468950438e-15 -3.552713678800501e-15 -7.549516567451064e-15 -4.996003610813204e-16 -5.551115123125783e-17 -7.771561172376096e-16  8.881784197001252e-16      1.000000000000004 -6.661338147750939e-16
-1.687538997430238e-14 -8.881784197001252e-16  6.217248937900877e-15 -4.440892098500626e-16 -8.326672684688674e-16 -1.387778780781446e-17  1.110223024625157e-16  5.551115123125783e-17 -1.831867990631508e-15      1.000000000000001
