10
2

0.04078873580335723
 0.2815525957855441
 0.5996039513156334
 0.7333971190468822
  0.927657905714029
  1.265725841792748
  1.562857815849072
  1.782120307369404
  3.167533260947465
  5.774535742970159

   -0.2488237570094347    0.07081082357174236      0.769400418618421     -0.219238413012852    -0.5206698503285198     0.1480603441574538  -0.002094388103660928   0.000601591321274679    0.00251532491226685 -0.0002133447872045714
   -0.6392601487964558     0.1648588147375245     0.2343171457334358   -0.06987893404278529     0.6332677943734707     -0.246747558455137    -0.1267514456908238    0.05233283503033832    -0.1477256056872343    0.04290078064037764
    0.1393627828875734  9.687781385077203e-05    0.08256330380978955    -0.1028877122792804    0.09447840026748168   -0.01029630301406451    0.01303938978348201     -0.671590514141386   -0.04468891892658539     0.7077727736132307
     0.659643346969736    -0.0662004243581284      0.383008922006981    -0.3791445515344888     0.3602722953892171    -0.1462701954567094    -0.1747065652005824     0.2739321491233777    -0.1127825161112784    -0.0238649162211468
   -0.0924291207311191  -0.009856824256039474    -0.1139247407237728    0.03394062953842225    -0.1028804754022653     0.1282046961010248  -0.007751055377429726      0.680866308598436    -0.0125609812021472     0.6974319064682787
    0.1106096424933713   -0.03779313951950736      0.211384137513004     0.4557896840887077    -0.1557259340288803    -0.7618378872442481     0.3411732762052661     0.0654380576155837   -0.04172798437745975    0.08270184065461161
  -0.08143596569662899   0.004104988359068204     -0.113397309286881    -0.5487014966264061    0.08694927996199818    -0.0493823140572294     0.7824976352683179    0.04922119803596178     0.2333349533008443   -0.01580456301193116
   0.03844482225441993    0.02065381878240766  -0.009907006699234883    0.07601352709414538  0.0009765282394827628     0.2422631324349098     0.3391233788585308 -0.0008201485098902265    -0.9029861269765765   -0.05601381204451431
   -0.1959153540394147    -0.4857100368263474    -0.2769662512408909    -0.4670264772884771    -0.3039613793444355    -0.4174537737218072    -0.2933217754615423   -0.02967235388147189     -0.278016349065459  -0.002742834816229673
   0.08724441223192447      0.851787381618906    -0.2286404044989135    -0.2425977306062764    -0.2331606803294052    -0.2519160394519779    -0.1530787785380462   0.004832631169920886    -0.1201356896554449   0.001389643053744219

22.68720705338745
79.48900000526913
37.35426569398668
130.9724831700103
44.36184317754314
155.5642611163885
63.51380037862144
222.3116556519809
73.63966665591589
259.2824890876787

 3.513353746187278
0.2849207631519178

    0.1719754269637923   -0.04895847715004994   -0.03727906336162292    0.01067072231430917    -0.1336515927523891     0.0381741672220183   0.001357020769938377 -0.0004066800219362967   -0.00280019428999839  0.0002788838320906946
  -0.01362889528128916    0.00387910868440052   0.001900855256710152 -0.0005497778684470181    0.01169055745992171  -0.003356176034506786 -7.645998681808286e-05  2.690442115812035e-05  0.0001406670936385855 -1.563863100714484e-05

-3.410753877558044e-06   -0.01754392184239018   0.002653136276961958    0.02398127493049715   0.006697418361667168    0.01628112602931088   -0.07072485142850493    0.05993643307971293     0.2057748832061806    0.03031733893597467
-2.220030717421555e-06   0.001431393493591551 -0.0002095447468809015  -0.001937729871297077 -0.0005511934679703788  -0.001278466086917847   0.005785616518178197  -0.004631243716446185   -0.01659090516688431  -0.002384079163099652

cov:
   0.9602842046783429      3.39668104014764   0.07496933813482608     0.272704023187627  -0.01672397587175364  -0.05805963345967457   0.02316423649677744   0.08082445178392754 -0.000839711715338812   -0.0102586006626299
     3.39668104014764      26.5686587105977    -5.168463616206387    -4.630422946647724    -5.134570926870141    -5.058393396303665    -2.904411058320833    0.2634715895777026    -2.109552633455687   0.03951584557267318
  0.07496933813482608    -5.168463616206387      2.71399224020708     3.365263107125669     2.643661700839658     2.781336032180436     1.833123032044658   0.02488442668924841     1.612078805816898  -0.02031112010837273
    0.272704023187627    -4.630422946647724     3.365263107125669      5.32001658114601     2.997157334390356     3.597616305010598     1.930677228299278   0.07013895577783756      1.73848461244326   0.06847750553961195
 -0.01672397587175364    -5.134570926870141     2.643661700839658     2.997157334390356     2.911469777174423     3.359486913340195     2.127740302566643   0.01966241982047988      1.80939066842547  -0.06677801232122503
 -0.05805963345967457    -5.058393396303665     2.781336032180436     3.597616305010598     3.359486913340195     5.017363215856413     2.279908205981712   0.05227812276215376     1.512171151341285  -0.06695177484252125
  0.02316423649677744    -2.904411058320833     1.833123032044658     1.930677228299278     2.127740302566643     2.279908205981712      3.70971780887336    0.1576588734020515    0.8939852369498064  -0.04387636695859047
  0.08082445178392754    0.2634715895777026   0.02488442668924841   0.07013895577783756   0.01966241982047988   0.05227812276215376    0.1576588734020515    0.6240611857136835   0.07563937989080945    0.2423624964924342
-0.000839711715338812    -2.109552633455687     1.612078805816898      1.73848461244326      1.80939066842547     1.512171151341285    0.8939852369498064   0.07563937989080945     3.991580121514676    0.1302215559564547
  -0.0102586006626299   0.03951584557267318  -0.02031112010837273   0.06847750553961195  -0.06677801232122503  -0.06695177484252125  -0.04387636695859047    0.2423624964924342    0.1302215559564547    0.6208064172229411

cov.inverse():
   43.25662270577057   -11.99068780632754     -116.42298152403    32.90315979429838    73.24507686524754   -20.39156064134749    1.133902090451764   -0.506043391279227   0.6443263896989833   -0.138257518473973
  -11.99068780632756    3.411246440774667    33.19081767732379   -9.425008583693662   -20.87417263818582     5.83832058132065  -0.3253847375088201  0.09283816880893592  -0.1802558861799188  0.07310487455206381
   -116.422981524031    33.19081767732401    356.8568636464326     -101.79319628331   -238.6386147742232    67.53305311061638   -1.446834656598056   0.3907343638563947   0.6326399965085764  0.09324568542421496
   32.90315979429863   -9.425008583693726   -101.7931962833101    29.52824997865098    67.72051375499133   -19.36076177806177    0.450999586971946 -0.09056763577218561   -0.181530377998596  -0.1420662638760581
   73.24507686524827   -20.87417263818602    -238.638614774224     67.7205137549915    168.3126591830596   -48.33661484844331  -0.4650258675564017   0.1516477787051261   -2.031735586991848   0.4875661872435697
  -20.39156064134775    5.838320581320719    67.53305311061672   -19.36076177806185    -48.3366148484434    14.40465618723858    0.115299881791336 -0.09416007050891784   0.6724687177452756  -0.1055760741504268
    1.13390209045173  -0.3253847375088104   -1.446834656597944   0.4509995869719141  -0.4650258675564788   0.1152998817913577   0.6314238625954806  -0.1734390039561669   0.2462898724138837 -0.03454633124356749
 -0.5060433912792042  0.09283816880892939   0.3907343638563202 -0.09056763577216448    0.151647778705178  -0.0941600705089326   -0.173439003956167    1.971258842376687 -0.07647721865280768  -0.7511348406680857
  0.6443263896989261  -0.1802558861799027   0.6326399965087462  -0.1815303779986437   -2.031735586991962    0.672468717745307   0.2462898724138831 -0.07647721865280721   0.5967316065789602  -0.1610886512088973
 -0.1382575184739675  0.07310487455206224  0.09324568542419912  -0.1420662638760537   0.4875661872435796  -0.1055760741504294 -0.03454633124356735   -0.751134840668086  -0.1610886512088973    1.988242488546615

cov*(cov_.inverse()):
    0.9999999999999408  1.488446952496725e-14  1.253261817241169e-13 -3.023688070757924e-14 -6.571999888738134e-15  1.546245770311927e-14 -3.014624140595945e-16  3.989863994746656e-17  4.694595406862234e-16  -4.85722573273506e-17
 2.006467908488574e-14      1.000000000000014 -1.192609379307985e-13  1.402784138848645e-14  2.537900445354069e-14 -3.118338920415908e-14 -2.448128505472269e-16  6.591949208711867e-17 -1.111957748101133e-15 -1.110223024625157e-16
-2.858607447975281e-14  1.481345428266945e-14      1.000000000000151  1.105409166979321e-14  1.743223621009093e-14  1.684459863260379e-14 -4.846383711010205e-16  2.949029909160572e-17  8.912141857830846e-16 -7.632783294297951e-17
-4.604823466980434e-14  2.777292285038868e-15 -7.369105325949477e-14      1.000000000000065  2.397387843799947e-14  1.618236794564964e-14 -2.766883944183007e-16 -1.457167719820518e-16  8.239936510889834e-16 -5.551115123125783e-17
-1.768550583758355e-14  2.811119392820416e-15 -1.589787329558945e-14  6.663419815922111e-14      1.000000000000079 -6.536438057480609e-15  1.058181320345852e-16 -9.020562075079397e-17 -6.852157730108388e-16  1.942890293094024e-16
-2.704954316090635e-14  7.389922007661198e-16  1.609086128229187e-13  4.123090757701675e-14 -5.709321904134868e-14      1.000000000000052 -1.804112415015879e-16 -3.469446951953614e-17  5.429684479807406e-16  -3.05311331771918e-16
-4.203755399334597e-14   9.59995971605565e-15  9.549652735252323e-16  1.935084037452128e-14  8.247916238879327e-14   1.74426445509468e-15     0.9999999999999992  2.220446049250313e-16 -9.280770596475918e-17 -8.326672684688674e-17
  6.38378239159465e-16 -1.179611963664229e-16  -5.64479019082853e-15  1.929012505286209e-15  1.029731855339833e-14 -2.151057110211241e-15 -6.071532165918825e-17                      1  -9.71445146547012e-17 -1.110223024625157e-16
-3.171074514085603e-15  6.768891003261501e-15 -6.801850749305061e-15  1.439126595670359e-14  1.215694211964546e-14  1.336951382935325e-14  4.935288289154016e-16  -1.52655665885959e-16     0.9999999999999998 -5.551115123125783e-17
 2.359223927328458e-16 -2.012279232133096e-16 -3.386180225106727e-15  2.220446049250313e-16  9.992007221626409e-16 -1.942890293094024e-16 -1.387778780781446e-17 -1.110223024625157e-16 -8.326672684688674e-17                      1
