10
2

0.04969094823453191
 0.4164462395317553
 0.8330028330785617
 0.8853163018686313
 0.9872671350124891
  1.485125535120234
  2.389854457726818
  2.670971527930502
  3.561418264094894
  7.095723724432126

  -0.4446241831012494    0.1829076602967536    0.7517556700291852   -0.3084420931408554   -0.3056243655652558    0.1223701225031075  0.001239682892796805 -0.003923534276306291 -0.008428265176649401   0.01059929558049693
  -0.4751426761834822    0.1578664256523732   0.01990539721085996  -0.01171835197873311    0.7347110600409381    -0.295349781237661   -0.2180656118430401    0.1182566994743703   -0.2357551864449073   0.06807703953159666
   0.2211017078450483  0.002821746153107007    0.1665613281204796  0.003561512681804288    0.1358993887833203   0.04421424280377603  -0.08504032670132156    -0.801491587710069   -0.2607794234369434    0.4304656071939298
   0.6770298350765812  -0.05212195094075976    0.4981557256187656  -0.05842392264629066    0.2289541615412013   -0.0934576718171351   -0.2253513208569654     0.404273513934191   -0.0994288315772353   0.04561462489335754
 -0.09775127386836491  -0.01071700894740651   -0.1918024272799206  -0.01617157329110832   -0.1828427630350096    0.2664304200823527   0.05568766606988173    0.4218083382954858   -0.3567740845533541      0.73522266064562
  0.07870996345771171    0.0321520847364368    0.1143104021752284   0.04053575350809344   0.06434331048231572   -0.2269983945864326     0.834095358059867   0.01988888747448077   -0.4503419847456549   -0.1532125960434315
 -0.04608794327260025   -0.1207930789367318   0.01194850703339222   0.06428914014559717   -0.3803858630273048   -0.8640759899534669   -0.1080605004351717  0.002639600555627196   0.08397389941480418       0.2625884555183
   0.1811781079063682    0.4365312540883206   -0.3274719239847659   -0.6993905556623565   -0.1490873470115308   -0.1220531878896104   -0.1650319750148825  -0.03251216865106411   -0.2911480267948525   -0.1733382876469132
  -0.1341610727683331   -0.6689703844672883 -0.006514777190250121  -0.04072701190699013   -0.1564975482706937   0.05052609359975639   -0.2942495294011822   -0.0245500172544304   -0.5605280538988356   -0.3230429423185291
  0.02437296942400074     0.533926801717577   0.03587862110575406    0.6359689589999001   -0.2586914985554015    0.0226760014253144   -0.2648002729731246   0.01376828312653981   -0.3610406030391886   -0.2012207166520249

22.68472389860193
54.88656534484728
35.55446170497775
 86.1797072938092
54.15433114431644
131.2593777734029
65.19205335167453
158.1612744204916
75.96061769387322
 184.840975091623

 2.431430874095917
0.4121978694909079

   0.08968560753988197   -0.03684007230221091   -0.02183939313336147   0.009055549765047383   -0.06717383060548875    0.02658113025814273  1.870078038068582e-06 -0.0005722883909617308  -0.001971617941611651   0.002094111787502524
  -0.01278200599601438   0.005251299312449652 -0.0004408677723067616  0.0001723543227696604     0.0131840720467639  -0.005257284301517502 -3.750237510646853e-05   7.26367571920817e-05  0.0001691183846413525 -0.0001210194099839561

-0.0001037108463193375   -0.01831999349144398   0.006967281793487416    0.02619986635173934    0.01660529659625753    -0.0133517087387167     0.0205856001119506     0.0569688743285311      0.313082071823034     0.2896905766428899
 3.909612054636205e-06   0.003138927076238186   -0.00102424856612089  -0.004414147739585547  -0.002589889293526682    0.00236794390536831  -0.002998975279684668  -0.009616596638255323   -0.05298764990262988    -0.0488151286268616

cov:
   0.9603213148478789     2.355772303832247  -0.04574939596187263  -0.09174694215652236  -0.03299688077224127  -0.07186036467586614   0.01572779956008704   0.06103728973935157  -0.00517488615149611 -0.002410818508250184
    2.355772303832247     21.48142983214647  -0.01730685148559533     15.22476524953173    -5.810982348919209    0.3738933237165591    -4.999632653942709     0.457521060097191    -5.945462603552018    -3.407033759589777
 -0.04574939596187263  -0.01730685148559533     1.111107129238756     2.780763494696831   0.02543114607538506    0.1237507264030468   0.02545477515646805     0.094808993709667  -0.03660853971240439  -0.02219067259875075
 -0.09174694215652236     15.22476524953173     2.780763494696831     23.90518577579173     -7.60118346029369    0.9721137123939108    -7.459062487496318    0.5911384512117387    -9.817905635428138    -5.341498651762254
 -0.03299688077224127    -5.810982348919209   0.02543114607538506     -7.60118346029369     4.854519656868609      1.48138340534959     4.475577192793721   -0.1620672366449754     5.869594829117522      2.78066920429406
 -0.07186036467586614    0.3738933237165591    0.1237507264030468    0.9721137123939108      1.48138340534959     4.635043851914766   -0.1919869046418721   0.05458899234130647   -0.7881541040047655    -1.307707993204075
  0.01572779956008704    -4.999632653942709   0.02545477515646805    -7.459062487496318     4.475577192793721   -0.1919869046418721     6.480193435633875  -0.02439005896456955     6.390537291042095     3.652457620498121
  0.06103728973935157     0.457521060097191     0.094808993709667    0.5911384512117387   -0.1620672366449754   0.05458899234130647  -0.02439005896456955    0.7753368958079544  -0.06469084658412931   0.07726459602156566
 -0.00517488615149611    -5.945462603552018  -0.03660853971240439    -9.817905635428138     5.869594829117522   -0.7881541040047655     6.390537291042095  -0.06469084658412931     11.82912743117188     6.252769568164629
-0.002410818508250184    -3.407033759589777  -0.02219067259875075    -5.341498651762254      2.78066920429406    -1.307707993204075     3.652457620498121   0.07726459602156566     6.252769568164629     4.680092719977606

cov.inverse():
   82.03899168148914   -33.39098180784617   -134.9239235424976    55.50910285645816     53.2830346370863    -21.3239787835514   0.1763019227088137   0.4341653613811026    2.011982110828346   -2.000953555025169
  -33.39098180784617    13.76703846671093     55.6569056961735    -22.8894074893041   -21.97792358921304    8.804374196116113 -0.07558319891557716  -0.2180896148627532  -0.8298802186294899   0.8342656896171442
  -134.9239235424977    55.65690569617361     229.292898366737   -93.90615591831519   -92.74093377273825    37.11301874424367   0.2283393341337576   -1.196858939070462   -2.658435477231398    3.223044540803945
   55.50910285645816   -22.88940748930414   -93.90615591831515    38.61307213235887    38.12323394266135   -15.26510064236736 -0.09679249265178685   0.4447111269161561    1.099200559137516   -1.326384871142929
   53.28303463708684   -21.97792358921324   -92.74093377273887    38.12323394266161    41.10262203487337    -16.4134865617004   -1.130218792551813   0.8699311505711113  0.02738617841969508   -1.077131198764603
  -21.32397878355162      8.8043741961162    37.11301874424392   -15.26510064236747    -16.4134865617004    6.810679369117409   0.4015164969918347  -0.3817957261791989 -0.08225378330069211   0.6099426054120231
   0.176301922708696 -0.07558319891552909   0.2283393341339525 -0.09679249265186708    -1.13021879255189   0.4015164969918659   0.6827241681246521  -0.1358527794325816   0.1821099605648867  -0.1544893796173013
  0.4341653613811559  -0.2180896148627751    -1.19685893907055   0.4447111269161921   0.8699311505711436  -0.3817957261792118  -0.1358527794325809    1.404089438896892 -0.05353853745109628  -0.1258353351173609
   2.011982110828264  -0.8298802186294555    -2.65843547723125    1.099200559137455  0.02738617841962543 -0.08225378330066405   0.1821099605648898 -0.05353853745109814   0.7228915345781831  -0.5074676950730205
  -2.000953555025202   0.8342656896171569    3.223044540803988   -1.326384871142946   -1.077131198764609   0.6099426054120256  -0.1544893796173046  -0.1258353351173598  -0.5074676950730237   0.9324655903529513

cov*(cov_.inverse()):
     1.000000000000024    1.2117043479698e-14 -4.772831435628788e-14   6.18710811750578e-14  -6.23719825787461e-14  1.843447269833653e-14  1.214143802857892e-15 -3.380542373809803e-16 -1.465407656331408e-15  1.761178008985453e-15
 3.907985046680551e-14      1.000000000000017    1.4210854715202e-13  1.154631945610163e-13  4.796163466380676e-14 -3.641531520770513e-14 -2.220446049250313e-16  1.110223024625157e-16  4.440892098500626e-16                      0
 4.212602489062078e-14 -1.233735336114705e-14     0.9999999999999151 -1.086283840656677e-14  2.996561332402337e-14  4.822531263215524e-16  1.383441972091504e-16 -8.977193988179977e-17   8.81239525796218e-16  1.422473250300982e-16
 -1.06581410364015e-14 -4.440892098500626e-15  5.542233338928781e-13     0.9999999999997762                      0 -9.325873406851315e-15 -7.771561172376096e-16 -2.442490654175344e-15  3.552713678800501e-15  2.664535259100376e-15
 2.930988785010413e-14  3.552713678800501e-15 -1.030286966852145e-13 -4.440892098500626e-15     0.9999999999999711  1.865174681370263e-14  2.164934898019055e-15                      0 -1.998401444325282e-15  4.440892098500626e-16
-2.398081733190338e-14 -1.554312234475219e-15  6.128431095930864e-14 -1.354472090042691e-14  6.439293542825908e-15      1.000000000000002                      0 -4.440892098500626e-16  2.220446049250313e-16  4.440892098500626e-16
 5.506706202140776e-14  4.440892098500626e-15 -2.131628207280301e-13  3.019806626980426e-14 -3.597122599785507e-14  2.176037128265307e-14     0.9999999999999991  8.326672684688674e-16 -2.220446049250313e-16  4.440892098500626e-16
 5.329070518200751e-15   1.27675647831893e-15 -1.942890293094024e-16 -2.373101715136272e-15 -1.748601263784622e-15  5.342948306008566e-16  2.602085213965211e-17     0.9999999999999999 -1.873501354054952e-16  1.665334536937735e-16
-6.750155989720952e-14  2.042810365310288e-14 -4.618527782440651e-14 -4.973799150320701e-14 -5.329070518200751e-14   3.68594044175552e-14  7.771561172376096e-16 -8.881784197001252e-16     0.9999999999999982   1.77635683940025e-15
-3.552713678800501e-15  2.176037128265307e-14 -7.283063041541027e-14  2.664535259100376e-14 -2.575717417130363e-14  1.643130076445232e-14                      0  1.110223024625157e-16 -1.332267629550188e-15     0.9999999999999991
