8
2

0.005834561538276637
 0.01570097514779348
 0.03804978526792278
  0.3599586669870228
  0.4926600376547554
  0.7497809953764362
   3.357418703925591
   5.648350410184576

   0.4106716073118148   -0.1363557331482038   -0.7033681017023564    0.2316658430176254    0.3542193554794915  -0.09694069156730305   -0.3598017783801782  0.005833221126481149
   0.2626525932533372  -0.09158384279866248   -0.3082787856485054    0.1081163125823732  -0.09752223920705023   0.05798762737902436    0.8941633042879791  -0.05915996504391996
  -0.2904626703145726    0.1006786679399695    0.1229456667946501  -0.03803042871511983    0.8295939784358985   -0.2982463464328567    0.2658503839196942    0.2026815572167962
  0.06592420839604955    0.0100726810190099   0.03886587975489143   -0.1893818486644533    0.3667042266380901    0.8969010116824601 -0.009369124966348197    -0.138511023163722
   -0.798428230901333   0.08230414779568833   -0.5324776535599119    0.1130354360343902   -0.1225860103011986    0.1293486690703768   0.01298199930746766    -0.165837226211055
   0.0683636841946532   0.08213320908830093     0.108019907165336  -0.04274492143494237    0.1470720537610031   -0.2264830766846413 -0.001372762523446408   -0.9498202232510837
  -0.1190955723037026   -0.4808336357328271    0.3088571366208523    0.7953220988167823   0.07324433416010255    0.1278612267172568 -0.008878441364395201  -0.06995166325672436
   0.1315404635352371    0.8473848232433731   0.05493475682747825    0.5001885874811685   -0.0172525582680512   0.09738312974728297   0.00110222609045406   0.04058666784929189

23.28587860287161
64.61116333007813
36.04334807506783
   102.1845703125
55.04747369709392
158.2049942016602
74.63874261014864
218.1980056762695

2.942928213396487
 0.33996371445873

  -0.618056584627138   0.2169577246330037   0.6388326054815123  -0.2166625963255694   0.8154489047242313  -0.3357502732983139  -0.7078295330980993   0.2271418618871493
 0.07706232670920847 -0.02703341550231772 -0.08167852827063714  0.02770054188820311 -0.09492006249231735  0.03944607490259625  0.08716392676194898 -0.02727620901493662

-6.996694205041751e-06 -0.0002829844596851774   0.001335778702977002  4.730621959969921e-05   -0.01057586783193931      0.019695073541671    0.01658974419867125    -0.2889551866748436
 1.029212571948348e-06  3.500290273797345e-05  -0.000157904944759902 -1.029714163938707e-05   0.001277300516369893  -0.002285316421989874   -0.00169023673997476    0.03399781009359427

cov:
   0.8699746055142072     4.188927023723046  -0.07650092605099927     1.006275482876715   -0.1385414319117695    0.2110504595988851   0.01383725733088442    0.2585982584641425
    4.188927023723046     25.52054523258644   -0.1944486398580695      9.21184003235831   -0.8584685939457868     1.932972615171453   0.07812434904711614     1.429079422570072
 -0.07650092605099927   -0.1944486398580695     1.247206785594593     3.627395612340704    0.2515314128023866     0.589819014682493  -0.03079900968789678   -0.2093073741310125
    1.006275482876715      9.21184003235831     3.627395612340704     15.12089007474716    0.3653846436058099     2.687320664979046  -0.06138123987523045   0.04221832590410587
  -0.1385414319117695   -0.8584685939457868    0.2515314128023866    0.3653846436058099    0.1042026775772771    0.0716444483619371 -0.008588442117429323   -0.1600269230245668
   0.2110504595988851     1.932972615171453     0.589819014682493     2.687320664979046    0.0716444483619371    0.6241014465340438  -0.00997913667523358    0.1248202893068073
  0.01383725733088442   0.07812434904711614  -0.03079900968789678  -0.06138123987523045 -0.008588442117429323  -0.00997913667523358  0.001284485170501979  0.008871520919678945
   0.2585982584641425     1.429079422570072   -0.2093073741310125   0.04221832590410587   -0.1600269230245668    0.1248202893068073  0.008871520919678945    0.6241014465340405

cov.inverse():
 5294.977391352335 -1762.968667198366 -8836.513473299099   2917.07386006998  4003.438697767303 -1047.836836531001 -3441.225474087237 -32.96405815165667
-1762.968667198366  587.2819695495601  2940.245833786051  -970.751739829019 -1324.901669607158  346.0910510978544  1127.490928281408  12.50600410014864
-8836.513473299046  2940.245833786028  14929.94454654642 -4925.333415065049 -7125.965347632417   1905.06402030535  6338.494994137406 -29.19404268782599
 2917.073860069969 -970.7517398290129 -4925.333415065048  1625.361424537208  2345.398083906534 -627.6648836105488 -2063.361126403383  8.620034533143949
 4003.438697767137 -1324.901669607102 -7125.965347632194  2345.398083906461  4200.851622290564  -1200.12260112485 -3945.281217062563  199.6810248209289
-1047.836836530935  346.0910510978318  1905.064020305249 -627.6648836105159 -1200.122601124831  357.5048217149705  1180.102530360869  -72.9448666483041
-3441.225474086868  1127.490928281285   6338.49499413684 -2063.361126403197 -3945.281217062392  1180.102530360841    7094.9267874732 -239.0132559918274
-32.96405815168973  12.50600410015964 -29.19404268777033  8.620034533125594  199.6810248209027 -72.94486664829718 -239.0132559918038  45.43760261159059

cov*(cov_.inverse()):
     1.000000000001259 -9.281464485866309e-14  3.884004229348648e-12 -2.315925229368077e-12  1.918465386552271e-13   1.70530256582424e-13 -7.247535904753022e-13  1.598721155460225e-14
 1.598721155460225e-12      0.999999999999428  2.387423592153937e-12 -2.131628207280301e-13 -9.663381206337363e-13 -3.979039320256561e-13 -3.979039320256561e-13                      0
-2.429167977879843e-12  1.656452752740734e-13      1.000000000003651  2.637889906509372e-13   -1.4210854715202e-13  4.618527782440651e-13 -8.668621376273222e-13 -8.881784197001252e-15
 5.504485756091526e-13 -7.993605777301127e-15  -4.00812716350174e-12      1.000000000002323 -3.002043058586423e-13 -5.719869022868806e-13  1.641353719605831e-12  1.176836406102666e-14
-7.283063041541027e-13  7.016609515630989e-14 -5.329070518200751e-13 -1.569855356819971e-13      1.000000000000107  3.730349362740526e-14  -1.56319401867222e-13 -5.329070518200751e-15
-4.192202140984591e-13  2.793321129956894e-13  1.714184350021242e-13  5.633271626948044e-13    1.4210854715202e-13      1.000000000000163  7.425171588693047e-13  4.440892098500626e-15
 5.201394870368858e-14 -3.927413949611491e-15  2.819966482547898e-14 -3.011479954295737e-15  3.552713678800501e-15 -7.327471962526033e-15      1.000000000000016  1.110223024625157e-16
 1.019628825815744e-12 -3.552713678800501e-15  4.689582056016661e-13 -2.797762022055394e-13  2.273736754432321e-13 -9.237055564881302e-14                      0                      1
