8
2

0.1796118467211474
0.6589610984940235
0.8966990450847395
 1.504143466088588
 2.028991848831398
 2.296891382250963
 3.604655373293952
 7.479874335926517

 -0.4687708736290863   0.3370718147465403   0.6483292147213031  -0.4686337888779291 -0.08541812450885804  0.06499438227886579  -0.0916539525323516  0.08226231375330313
 -0.3887540927865946   0.1386925756866552  -0.2174441312430371  0.07452282187158651   0.7708832799310266  -0.3252152149905903  -0.1835606249575146   0.2075537357552087
  0.6852136976829541  -0.0475637831837983   0.5598394487700082  -0.0040037199703228    0.443854727598458 -0.06344129930981902 -0.08845926617920744  0.07698556631996568
  0.1812436124918583  0.07572837905432436  -0.1208681231548804 -0.05313256394645267  -0.3754664398438839  -0.2951668391662109  -0.4456618252812438   0.7192154198046478
 -0.3296535787417491  -0.4164533985246217   0.4496875134888484    0.661886220323307  -0.1402871358812218  -0.2119838571094935  0.03010620236333132   0.1098127353674318
  0.1120975489905248   0.4609571150780848  0.03960560976351316    0.149948760014625  -0.2012080597086668  -0.6691824640482894  -0.1023300513369451  -0.5021335974882133
-0.07424402335006774   -0.548101172748985   -0.019474809482816  -0.2928419930715375 0.002423391622720329 -0.06234627871660085  -0.6725330318545732  -0.3895428321574033
0.002747243548964203   0.4157163331351008  0.01382878215223645   0.4750317774919705  0.01701791571224562    0.549757354179785  -0.5364578677786008  -0.1049578788995142

35.57095720053475
 48.9209755365108
 50.4967705815575
69.15630152617264
68.08129505578891
93.10489968134989
 96.5563970622017
132.0016934960825

 1.355587724416059
0.7397792891688045

   0.08349447164784753   -0.06163406773001504    -0.0809361373984429    0.05963895878545966  -0.001511491241416908  0.0009648332275482505   -0.00146583661895001   0.001404098419706797
  -0.04216067484946853    0.03111818159885719    0.03979885433234877   -0.02930206780917587  0.0009355595753265357 -0.0004591215495562079   0.001665075676044405  -0.001528457165811889

-0.004513080679772758 -0.008633320570688626   0.01133637368309559   0.04304320968501874  0.005513521652965465  -0.07497018547348117    0.1568218189148779    0.1657157975857699
 0.002238852126688019   0.00439264049660074 -0.006264876944372031  -0.02397164281148797 -0.002923253810779312   0.03965531986314341  -0.08593225916712441  -0.08492070377908617

cov:
    1.110277014581522     1.406768420723133   -0.2801567072860828   -0.4835497714614183   0.03341548178462395  -0.06548968613160411    0.2658464748707585    0.2147209801163022
    1.406768420723133     15.43427465641064   -0.2624846281359731     12.35450498985187   0.09395231925478917     11.89970950565338    -8.073185320842706   -0.9426707295390935
  -0.2801567072860828   -0.2624846281359731     1.175554202551285     1.694190102424591  -0.06129742414007215 -0.006917254559956972   -0.1130570846398175  -0.06415608331746429
  -0.4835497714614183     12.35450498985187     1.694190102424591     15.67741867420664  -0.02842298207892213      13.7654833724994    -11.64820389491122       -1.486506518335
  0.03341548178462395   0.09395231925478917  -0.06129742414007215  -0.02842298207892213     1.046522848576629     1.473304312999912   -0.1549006815297185   -0.1568263904664106
 -0.06548968613160411     11.89970950565338 -0.006917254559956972      13.7654833724994     1.473304312999912     19.75390292985179    -15.29276325967681    -1.749188922920653
   0.2658464748707585    -8.073185320842706   -0.1130570846398175    -11.64820389491122   -0.1549006815297185    -15.29276325967681     22.50777085496609     6.091517694579398
   0.2147209801163022   -0.9426707295390935  -0.06415608331746429       -1.486506518335   -0.1568263904664106    -1.749188922920653     6.091517694579398     5.161864093651321

cov.inverse():
   7.787324342190709   -5.010276023947865   -8.793747562299892    6.687137240140938   0.9061581016861709  -0.7278365737731063    1.384291796140277   -1.275177686631018
  -5.010276023947864    3.680142412359554    6.626325823992369    -4.91221464724629  -0.6884568125527183   0.5387812313023325   -1.013559955956653   0.9059971778389836
  -8.793747562299885    6.626325823992366    13.58389130472284   -9.381297661024792    -1.79038979592342    1.412677085450449   -1.784412078415991    1.573232261829068
   6.687137240140934   -4.912214647246292   -9.381297661024794    6.943018618906596    1.351557239256373   -1.039741586830805    1.323357414656909   -1.165372456447529
  0.9061581016861743  -0.6884568125527198   -1.790389795923423    1.351557239256377    1.914491410225043  -0.7025757511958123 -0.05547674761757112  0.08909914035044657
 -0.7278365737731087   0.5387812313023332    1.412677085450449   -1.039741586830806  -0.7025757511958116   0.5195231609306352  0.02733122536655544  -0.0307452190523813
   1.384291796140274   -1.013559955956651   -1.784412078415988    1.323357414656906 -0.05547674761757228  0.02733122536655619   0.4776685897011763  -0.4398819162777625
  -1.275177686631017    0.905997177838982    1.573232261829066   -1.165372456447527  0.08909914035044698  -0.0307452190523817  -0.4398819162777622   0.6075722665624578

cov*(cov_.inverse()):
    0.9999999999999989  1.304512053934559e-15 -9.992007221626409e-15   7.66053886991358e-15 -1.262878690511116e-15  7.702172233337023e-16  2.636779683484747e-16  1.609823385706477e-15
  5.10702591327572e-15                      1 -8.881784197001252e-16  9.547918011776346e-15  1.387778780781446e-17 -5.551115123125783e-17 -7.216449660063518e-16  1.110223024625157e-16
-5.828670879282072e-16 -4.864164626638967e-15     0.9999999999999926  7.216449660063518e-16  1.222112688825661e-15  4.115631446754975e-16  1.415534356397075e-15 -1.117161918529064e-15
-3.552713678800501e-15 -3.996802888650564e-15  3.108624468950438e-14     0.9999999999999873  3.358424649491099e-15  2.588207426157396e-15  9.992007221626409e-16 -5.551115123125783e-16
 -3.05311331771918e-16  2.775557561562891e-16  2.775557561562891e-17  9.992007221626409e-16                      1 -2.602085213965211e-16  1.387778780781446e-17  2.914335439641036e-16
 1.376676550535194e-14 -6.439293542825908e-15  3.108624468950438e-14 -2.176037128265307e-14 -5.551115123125783e-17     0.9999999999999994 -2.109423746787797e-15 -6.661338147750939e-16
-1.509903313490213e-14  7.993605777301127e-15   1.06581410364015e-14 -7.993605777301127e-15 -1.665334536937735e-15  2.831068712794149e-15     0.9999999999999978  3.552713678800501e-15
 5.329070518200751e-15 -4.440892098500626e-15 -8.881784197001252e-15  6.217248937900877e-15  7.771561172376096e-16 -3.608224830031759e-16  1.332267629550188e-15                      1
