10
2

0.04203783593148204
0.04899712768940297
 0.5654052422513842
  0.946969573335662
  1.068934422591519
  1.221020008069834
  1.823731706459395
  3.048691564477636
  3.392166706501175
  7.160884510513633

   0.06429736794176819   -0.01907345624985872    -0.5333725464964428      0.156468767604838     0.7442967650661648    -0.2204211772504479    -0.2780517584677717     0.0815387271432992   0.002375350012427951  -0.001773861123786945
    0.3845377136891708     -0.114736747629022    -0.6347158183851861      0.187903248288762    -0.2888350944223427    0.08380387115050027     0.5319995930140381    -0.1652820169781951  -0.001778466625673514 -0.0008654661062394461
   -0.7855036963335472     0.1493986551805889    -0.1203021303126478    0.07858180068136468     0.1393320270072756   -0.07578652425295132     0.4731738908934567     -0.136889931857519    -0.2380159727695116     0.1248009781674551
    0.3182566173075553    0.02255256816929955     0.1880188935651022    -0.2936781108475323     0.3518246847157513     0.3049830284223385      0.199071323355698    -0.1424578032401373    -0.6986201385007738    -0.1087069375618088
   -0.2633169470117121    0.01096243952413104    -0.2025619167703017    0.06472162405874597    -0.0806409320508074     0.4265417430035412    -0.2065466678187474   -0.07245710917342844    0.02548209361578784    -0.8051844989760339
     0.123063995208717   -0.02363096929672582     0.2775599238537316     0.6595392659759326   -0.08484486433747997    -0.4943562057532903   0.005451790084984242   -0.09293274524341522    -0.3363586892603199    -0.3144442422971684
  -0.02460852160094223    -0.0329345253894458    0.02033486082417211     0.2040847078389799    0.00779165813534223     0.2183760166475297    -0.3287895944155931     -0.843609456651183     0.0390521764363474     0.2952833949759082
    0.1497226436773277     0.3980051025021212     0.1089793759514719    -0.3527059215091017     0.1751027065593871    -0.3887612584680051      0.263195185877153    -0.4057766212299463     0.3879988918751723    -0.3415132657307496
   -0.1399255028267846    -0.4350061047269466    -0.2460185973197885    -0.4907932379790358    -0.2830579556693675    -0.4656859095685452    -0.2484710635177159    -0.1742666013772017    -0.3053617291700427   -0.08631172454835337
   0.05109898830713852     0.7837355752989108    -0.2682160454004615   -0.04095109748623802    -0.3079894580041238   -0.06017048380454449    -0.3071437923308452    0.08008279365510192    -0.3101112548716406     0.1188825270647193

22.68662199556562
76.32154904753423
39.13296860838843
131.2528696338675
46.50962078419045
155.9473213731044
55.17618781933256
185.0128175319967
66.00273166326906
221.5730803516994

 3.357986947399611
0.2987398006436378

   0.09091446193163583    -0.0269994061293502    0.03378297326075236   -0.01017561603464821   -0.01604110434840962   0.003333575883774092    -0.1108351595729904    0.03031042273877144 -5.498251967070867e-05  -0.003656800161190552
  -0.00806079911745592   0.002392863911254948    -0.0036043491081906   0.001145309339425772   0.002236185769504676 -0.0006268943073540483   0.009520583021260244  -0.002725952327754183 -5.017386915518661e-05  5.129605185603199e-05

 1.302599357528342e-05 -0.0001064836778894825   -0.04470306471053183   0.006360045024893562  -0.006149722531306835    0.01781942031994298    0.02545904994841671     -0.317976088408102     0.2449146666672119     0.8016184238036713
 8.316498711699686e-07  9.472829528900194e-06    0.00398592467554629 -0.0005531500890210394  0.0007927168263636458  -0.001293234966298838   -0.00218489549452035    0.02936063519467424    -0.0208164795725151    -0.0712007347476509

cov:
   0.9597995445830921     3.271735778978865   0.03839981603877939     0.173570451350269  -0.03429429827898683  -0.07965013563195669  -0.00996554378292102 -0.006883359880766824  0.006832646789275855    0.0732554917323664
    3.271735778978865     35.15919966823412    -9.160925524862682   -0.5408666356760806    -10.29811031848054    -1.523924782665798    -10.06659798192234       2.6750351353731    -9.516734924878982     3.918819090941142
  0.03839981603877939    -9.160925524862682     4.696701284099938     1.814122976209087     5.252430139248995     1.517979396361329     5.236978685914911    -1.116440259294529     5.271532247638175    -1.683566754592978
    0.173570451350269   -0.5408666356760806     1.814122976209087     4.885264289630052     1.498095561607313     3.642170326081061    0.9119181694454997     1.510884748518468    0.9794272344143293     1.220818573431036
 -0.03429429827898683    -10.29811031848054     5.252430139248995     1.498095561607313     6.207803184872767      1.95574428959126     6.181384197977521    -1.411809730526475      6.33389554543538    -2.059338537565875
 -0.07965013563195669    -1.523924782665798     1.517979396361329     3.642170326081061      1.95574428959126     4.901986819448992     1.027808697861816     1.537680747833989     1.294537542526572     1.350751680748117
 -0.00996554378292102    -10.06659798192234     5.236978685914911    0.9119181694454997     6.181384197977521     1.027808697861816      6.70797398573966   -0.8631942229375469     6.494226849701667    -2.597001512420973
-0.006883359880766824       2.6750351353731    -1.116440259294529     1.510884748518468    -1.411809730526475     1.537680747833989   -0.8631942229375469      4.61887187189502    -2.089900297735288     1.239421575933386
 0.006832646789275855    -9.516734924878982     5.271532247638175    0.9794272344143293      6.33389554543538     1.294537542526572     6.494226849701667    -2.089900297735288      8.03384306258773    -2.587573769849789
   0.0732554917323664     3.918819090941142    -1.683566754592978     1.220818573431036    -2.059338537565875     1.350751680748117    -2.597001512420973     1.239421575933386    -2.587573769849789     3.088248837848475

cov.inverse():
   66.05137684154174   -19.42289536939235   -120.6363716247733    35.53154425883781   -19.38387205151924    5.556612611751024    74.06236931272498   -23.21077938149381    0.114182871257166  -0.3953187978001377
   -19.4228953693923    5.806097297894765    36.04337078151342   -10.64888149665639    5.858833015956669   -1.644113271820214   -22.18132968713982     6.95121965031508 -0.04083438394864832   0.1008891970708849
  -120.6363716247791     36.0433707815152    328.9733943575206   -96.87657315703022   -148.2511679490273    44.30312741597262   -56.82186459619503    19.09866542137942  -0.3578366805126846   0.7776752269696194
   35.53154425883938   -10.64888149665689   -96.87657315703026    29.01889123472147    43.17724225241369   -13.22210897933459    17.04277476406351   -5.778200883139778  0.09499189098674478  -0.3085689997595381
  -19.38387205150869    5.858833015953421   -148.2511679490506    43.17724225242051    348.4529621946296   -102.8294455548776   -180.8043735846704    54.11673177616904   0.8707048790338903  -0.5608525100707165
   5.556612611747862   -1.644113271819257    44.30312741597932   -13.22210897933655   -102.8294455548774    30.91300769087123    53.10691946287375   -15.98369013131125  -0.4194329719443198 -0.03480015902537841
   74.06236931271977   -22.18132968713823   -56.82186459617726    17.04277476405828   -180.8043735846826    53.10691946287742    162.4695091561532   -49.60228954930407   -1.265492870246976   0.3545965988776508
  -23.21077938149233    6.951219650314633    19.09866542137426   -5.778200883138258    54.11673177617268   -15.98369013131235   -49.60228954930414    15.46748830527942   0.4415908827891736  -0.0462673972687393
  0.1141828712572468 -0.04083438394867228  -0.3578366805128379  0.09499189098679003   0.8707048790338663   -0.419432971944313   -1.265492870246881    0.441590882789144   0.8290751958806437  0.03379365169463138
 -0.3953187978001059   0.1008891970708754    0.777675226969558  -0.3085689997595198  -0.5608525100707227 -0.03480015902537691   0.3545965988776862 -0.04626739726875038  0.03379365169463142   0.7373969104109721

cov*(cov_.inverse()):
    0.9999999999998485 -2.029799939240462e-14 -8.407163853973998e-14   8.12579170617056e-14  2.568223411714143e-13 -2.236535609489998e-14 -6.503825256132245e-14  1.702154042715343e-14   -6.2753621743461e-16 -1.734723475976807e-16
-5.639932965095795e-14     0.9999999999999737 -5.639932965095795e-14 -2.664535259100376e-14 -7.149836278586008e-14  1.376121439022882e-13  2.002842336423782e-13  7.827072323607354e-15  -3.33066907387547e-16                      0
 6.439293542825908e-15 -4.726774527341604e-14     0.9999999999997904  8.615330671091215e-14  3.946842852542432e-13 -1.422473250300982e-14  2.786659791809143e-14 -4.203581926986999e-14 -9.506284648352903e-16  4.440892098500626e-16
-5.473399511402022e-14 -3.760880495917718e-15 -1.310063169057685e-14     0.9999999999999574 -7.294165271787278e-14  4.066191827689636e-14 -4.307665335545607e-14  4.440892098500626e-16 -1.595945597898663e-16   3.33066907387547e-16
-1.598721155460225e-13 -3.980149543281186e-14 -7.416289804496046e-14  6.994405055138486e-14      1.000000000000191 -1.177946629127291e-13 -1.154631945610163e-13  7.790990075307036e-14  3.191891195797325e-16 -2.220446049250313e-16
-2.531308496145357e-14 -2.747801985947262e-15 -3.552713678800501e-14 -4.940492459581947e-15  1.058042542467774e-13     0.9999999999999393 -5.517808432387028e-14  7.396860901565105e-15  3.261280134836397e-16  5.551115123125783e-16
-2.007283228522283e-13 -3.774758283725532e-14  9.325873406851315e-15  3.319566843629218e-14 -7.571721027943568e-14 -7.627232179174825e-14     0.9999999999999722 -2.733924198139448e-14 -5.689893001203927e-16  4.440892098500626e-16
 7.360778653264788e-14  1.390554338343009e-14  1.521005543736464e-13 -2.992051051364797e-14 -9.170442183403793e-14  6.119410533855785e-14  9.442446824436956e-14     0.9999999999999926                      0   3.33066907387547e-16
-6.261657858885883e-14 -6.267208974009009e-14  -3.47721851312599e-13  9.570122472268849e-14  3.725908470642025e-13 -2.245426067304379e-14 -2.771116669464391e-13  3.096134459923405e-14                      1 -8.881784197001252e-16
  2.55351295663786e-14  8.493206138382448e-15  7.327471962526033e-14 -3.730349362740526e-14 -9.325873406851315e-15 -9.992007221626409e-16  3.219646771412954e-14 -1.013078509970455e-14  2.498001805406602e-16                      1
