10
2

0.1634430452933818
0.7937185421437079
 1.006376797414527
 1.055418162847114
 1.336897738294088
 1.714473095681557
  1.88099450730096
 2.317044411993287
 3.212548854233894
 7.670034913187986

    0.5325047561459308    -0.2907000965518726    -0.6901817649679155      0.376675188734353    0.03611007679055208   -0.01323776664278651    0.03934856762888454   -0.04332169841812711    0.07671152364209358   -0.05392734691352582
   -0.6688168651036881     0.1144403391428203    -0.5174588476056152    0.08097092988208392     0.3352530867511043    -0.2641674930302206     0.1735579732512959    0.02341078101787371    -0.1182272397427326     0.1960618467838301
   -0.2291526275803126   -0.01366582630315974    -0.1587992710373851  -0.006361752908227355   0.002519912403265595    0.09920125421114004    -0.4264604548279838     0.5610208960518321     0.2871941625634731    -0.5771515805552392
    0.3392611534190134   0.006105038762584771     0.2682218506745342    0.03367390666667451     0.5107156059784426    -0.5628024594036564     0.0310841362426897     0.4577432654963126    -0.1472138559909634    0.04520648828871713
  -0.02954651156803457   -0.01446957944420679   -0.01132022752612222  -0.002219245652406395    -0.3259585580410567   -0.07211582347970112       0.66361000047355      0.182171415416987    -0.3944203101149854    -0.5081366454126921
   0.03529425808282683   -0.01115228188573926   0.000329968554528191   0.006648856352622168     0.1057539173050135     0.5831864489028988     0.3761046984094773     0.5533054116214263     0.1495083655413233     0.4211186608471199
  -0.06644355441359473    -0.1149255100934915 -0.0003103975635443252   -0.03121131200456879    -0.5416876507829739    -0.5051280877935878     0.1587497004029135     0.1765558025030174     0.5514165880282869     0.2690530996771907
    0.2680386119702874     0.3890260736136392    -0.3977976412069861    -0.7060795756758855    -0.1633384340203188   -0.05042195963835443    -0.1344460103882156     0.1345924464147275     -0.198229348134901     0.1237543419849959
   -0.1514608891594163    -0.7093108720686384 -0.0003232951243548789    -0.1287364460470096     -0.211394249360539   -0.01014881422390931    -0.2882347103203104     0.1948886255134567    -0.4852571588313117     0.2367248336821992
   0.01396793879527218     0.4839091052645644    0.01881175250870092     0.5781352685567164     -0.378469673477725   -0.01859882551433294    -0.2780380457301976     0.2161015163199451    -0.3453049158457496     0.2102781219169738

35.55588276652055
63.54903343820945
50.51250836362509
90.36288596726064
72.45335417491084
129.7952218015658
87.25510771412668
156.0052672098848
 103.358197830871
185.4398508734158

 1.792564884721817
0.5592490246999635

    0.1091352964143531   -0.06099130003781399    -0.1063740663824866    0.05923797614996987 -0.0008313585375060895  0.0001638043112635358 -0.0008227138516471047  0.0005963740529718233  -0.001496470293416997   0.001295622865620965
  -0.03335775901135354    0.01864240426702338    0.03217896034367668   -0.01791858271869681   0.000345075034138731 -0.0001516638019333776  0.0006807773858497629 -0.0001528071123899611  0.0003850975465614361 -0.0004442728231288101

 0.004576073896503003  -0.01269459871565735 -0.008241954626709359    0.0112788088336063 -0.002708811374109655   0.01540502470654567 -0.007755824473106383   0.03644962494329615    0.2136408438975214    0.3362120219481246
-0.001390176067032148  0.004081824266967554  0.002400357487373683 -0.003385650969823653  0.001407677645824993 -0.004420119471661062  0.002429965210028796   -0.0114336286408323  -0.06671096471619054   -0.1044347447993963

cov:
    1.125558277906699      2.04596252519276   -0.2093399459829788   -0.3461703204886264   -0.0084034654588417  -0.01350879621534628   0.03342015445385655    0.1051929395201076   0.02485547768190231   0.05576608914694568
     2.04596252519276     19.83914237540209   -0.3204406568053846     15.94188655434507    -9.315406075696922   -0.3964880607002603    -6.161735096025452     4.909168651498308    -6.924916786648089     4.424544510428079
  -0.2093399459829788   -0.3204406568053846     1.157698534280856     2.126013645014024  -0.01978708760922029   -0.0080304546377212  -0.01227373194575022  -0.01258058724955493 -0.002702195099036102   0.02142896250782395
  -0.3461703204886264     15.94188655434507     2.126013645014024     22.52357947566091    -11.87245501655038   -0.3958450923579755    -8.563502160587444     6.585680216223031    -10.41717587709929     6.363618252062525
  -0.0084034654588417    -9.315406075696922  -0.01978708760922029    -11.87245501655038     10.65345963218218     1.296148833151863     6.416636949813726    -5.360519883429785     8.032298025084271    -5.329974237667343
 -0.01350879621534628   -0.3964880607002603   -0.0080304546377212   -0.3958450923579755     1.296148833151863     2.353605805097295    0.5550461241626745   0.08169380390875632  -0.05527221432411231   -0.1007765897411074
  0.03342015445385655    -6.161735096025452  -0.01227373194575022    -8.563502160587444     6.416636949813726    0.5550461241626745     6.998615417385553    -3.508641805672327     7.099884021284845    -3.946773690286381
   0.1051929395201076     4.909168651498308  -0.01258058724955493     6.585680216223031    -5.360519883429785   0.08169380390875632    -3.508641805672327     4.858629950450458    -4.963676007475256     3.624449422110725
  0.02485547768190231    -6.924916786648089 -0.002702195099036102    -10.41717587709929     8.032298025084271  -0.05527221432411231     7.099884021284845    -4.963676007475256     11.19192219838461     -4.71065568505458
  0.05576608914694568     4.424544510428079   0.02142896250782395     6.363618252062525    -5.329974237667343   -0.1007765897411074    -3.946773690286381     3.624449422110725     -4.71065568505458     4.864647255768294

cov.inverse():
   11.49783737341879   -5.879095783170794   -13.11064301777279    7.401787966494894   0.5305625751248476  -0.1619798060172087   0.6940859258262604  -0.8717145076625712    1.539954199731431   -1.127611804338441
  -5.879095783170788    3.269243260244793    7.391685885903129   -4.120587868995127  -0.3098752121807554   0.1033138082372516  -0.3949175744422284   0.4594491086732626  -0.8600787317586774   0.6186971660264267
  -13.11064301777281    7.391685885903133    18.37582096125383    -9.73677704158545   -1.071626497012796   0.4122199660079069   -1.079120486512437    1.111284472494805    -1.94825294938731     1.32775430942934
   7.401787966494894   -4.120587868995129   -9.736777041585452    5.423211265660995   0.5935041346162599   -0.225808801185152   0.5979308578877629   -0.616075094021749    1.084914104348663  -0.7481628591967542
  0.5305625751248525  -0.3098752121807578   -1.071626497012801   0.5935041346162625   0.6193012733772602  -0.3029348477628733  0.03872400682291331    0.115340384117142 -0.01492053944978264   0.1073941053282065
 -0.1619798060172099   0.1033138082372523   0.4122199660079084  -0.2258088011851528  -0.3029348477628734   0.6026236459798506  -0.1229379121534931 -0.08897684003954452  0.08337276751421993 -0.07068061054137635
  0.6940859258262663  -0.3949175744422314   -1.079120486512444   0.5979308578877667  0.03872400682291359  -0.1229379121534933   0.6005828054602497  -0.1442971934028915  -0.1270402092769105  0.08544770548383815
 -0.8717145076625731   0.4594491086732638    1.111284472494808  -0.6160750940217504   0.1153403841171421 -0.08897684003954458  -0.1442971934028911   0.7093747658704984 -0.03014985218269219   -0.157137866059791
   1.539954199731428  -0.8600787317586753   -1.948252949387304     1.08491410434866 -0.01492053944978358  0.08337276751422026  -0.1270402092769115 -0.03014985218269153   0.5561135358531404  -0.2027357209863927
  -1.127611804338436   0.6186971660264242    1.327754309429335  -0.7481628591967507   0.1073941053282072 -0.07068061054137648  0.08544770548383884  -0.1571378660597916  -0.2027357209863922   0.7349037417824846

cov*(cov_.inverse()):
    0.9999999999999787 -2.969846590872294e-15  7.799316747991725e-15   3.95516952522712e-15 -6.678685382510707e-16  8.673617379884035e-19 -5.204170427930421e-16 -5.360295540768334e-16 -5.030698080332741e-16 -3.885780586188048e-16
 5.329070518200751e-15      0.999999999999992  2.131628207280301e-14  1.332267629550188e-15   1.27675647831893e-15 -4.996003610813204e-16 -4.440892098500626e-16  1.110223024625157e-15 -1.110223024625157e-15                      0
 1.054711873393899e-15  2.957703526540456e-15     0.9999999999999981  1.183081410616182e-15  9.107298248878237e-18  3.903127820947816e-18   3.11599704372334e-16   3.50414142147315e-16 -1.778091562876227e-16 -4.510281037539698e-17
 3.197442310920451e-14  1.243449787580175e-14  -1.77635683940025e-15     0.9999999999999876 -6.661338147750939e-16                      0  1.110223024625157e-16  2.109423746787797e-15                      0  8.881784197001252e-16
-3.730349362740526e-14  6.661338147750939e-15 -6.217248937900877e-15 -7.549516567451064e-15     0.9999999999999986 -1.665334536937735e-16 -8.326672684688674e-16 -9.992007221626409e-16  4.440892098500626e-16 -8.881784197001252e-16
-7.771561172376096e-16 -2.914335439641036e-16  2.498001805406602e-16 -4.996003610813204e-16 -2.081668171172169e-16                      1  3.295974604355933e-17 -7.979727989493313e-17  9.367506770274758e-17 -2.775557561562891e-17
                     0 -2.664535259100376e-15  -1.77635683940025e-15  3.108624468950438e-15  1.110223024625157e-16 -1.665334536937735e-16      0.999999999999999 -1.998401444325282e-15  1.332267629550188e-15  -1.77635683940025e-15
 9.769962616701378e-15 -2.664535259100376e-15  3.552713678800501e-15  3.108624468950438e-15 -1.665334536937735e-16 -5.551115123125783e-17  2.220446049250313e-16                      1 -6.661338147750939e-16 -4.440892098500626e-16
-2.664535259100376e-15 -7.549516567451064e-15 -2.664535259100376e-15  2.220446049250313e-15                      0 -7.771561172376096e-16                      0 -1.221245327087672e-15                      1 -8.881784197001252e-16
 4.440892098500626e-15  8.881784197001252e-16  8.881784197001252e-15  3.552713678800501e-15 -1.110223024625157e-16  2.775557561562891e-16  1.665334536937735e-16  2.220446049250313e-16                      0                      1
