10
2

0.04325866747670452
0.04751769785511166
 0.5562294964749722
 0.9686474218840182
  1.046786373827212
  1.281748767372056
  1.811681432833664
  2.721500081789225
  3.218978684612584
   7.83809658824133

  -0.01644741263047207   0.004447257501159228    -0.2776340838252134    0.06929558216848823     0.7884009347150754    -0.1965688083579719    -0.4917860201160999     0.1254999046153239    0.00203046808531748  -0.001993386398646984
    0.5343926475749208    -0.1334016745044005     -0.753134226662028     0.1858062235698791   -0.07355318373756023     0.0151842562789331     0.2892138012135588   -0.07482648046078708  0.0008745209267622988  -0.002890175791614766
    0.7053742104454206    -0.1170594474538068     0.3076029389750631    -0.1024682444574283    -0.1915024205265385    0.06436936596164643    -0.5122023066245205     0.1248121092833604     0.2220084565323981    -0.1248654762657006
    0.3586047287969587   0.000785330093087905     0.3520511993387389    0.07382414267761125     0.3264033435552056    0.08487975043318495     0.2281787063971497    -0.2278338827911373    -0.7206728306551798    -0.0701793201751605
   -0.1834711964834392    0.02427264264220797    -0.2199696513150523    -0.1831558729689367   -0.04867314362169742     0.4444722267205757    -0.1591895474357103   -0.04254927797911309    -0.1465167392567616    -0.7970400833017693
   0.07090027600960398    0.02582138938539656    -0.1600856474171037    -0.8112881212361177   -0.02071394139658797    -0.1291446399833396     0.1011045269371084      0.432992221622966    -0.2701406659985125     0.1506744914054503
  -0.03790732789987351     -0.015262566456337    -0.1451464185297268    -0.3199388188953145     0.0110028631811228     0.4545744212745336    -0.2835176526429739    -0.6095021802274379  -0.006395876584049413      0.465001845301504
   0.03164817980957375     0.0639054130385228    0.05990360496814424     0.1956685122864024     0.1963117468572469     0.7259084896262947     0.1552930789268296     0.5410739279260521    0.09340790200749675     0.2489105723820305
   -0.2096456759302612    -0.5179935766934749    -0.1259643460035985     0.2731305127387001    -0.3412785103797417 -0.0008139280344105905    -0.3799906512767997     0.2260422539357426    -0.5025108655850393      0.181072366295975
   0.05408734834749414     0.8334210134030761    -0.1503713201839479     0.1942746597554814    -0.2680914893714125   -0.04434584540018462    -0.2750102370475149    0.08076337165904768    -0.2749759645164594     0.1025917218292594

22.69219509157964
90.67894171386439
32.97485488596931
131.5162542253373
46.53509568295959
185.4081516746319
 55.1756444801081
219.8584442498262
65.87171217370896
262.7966050553415

 3.991960477239497
0.2512433153588208

   0.09787649710775602    -0.0245040821947859    0.04358424625492121    -0.0107598540869616   -0.02063293897389178   0.003197352854995643    -0.1237763103591686    0.02753329872561597 -9.111674249489589e-06  -0.003976277407578054
 -0.005064182194455981   0.001269114300737382  -0.004896034946074172   0.001244479159944778   0.002614000625367843 -0.0005955878516421335   0.007473755837990551  -0.001771933037586451 -2.380407632760579e-05  4.723474509518062e-05

 6.151825306013319e-05 -3.506805897287931e-05    0.04885403091619524   0.008383974551561193  -0.002235806402767282    0.01130964436398441    0.03764282613935343   -0.03708456481666199     0.4489338687016529      1.073602676419831
-3.472672274944556e-07  7.080132134505772e-06  -0.003079557114672122 -0.0004890883976462477  0.0002942320099569537 -0.0008664750470787702   -0.00253949989584932   0.001209289072540038   -0.02850195708493939   -0.06755858944519978

cov:
   0.9676648106936868     3.884178859665327   0.01632696157108201   0.08292401703807833  -0.02953801546062838  -0.09375845174364596 -0.007557733120320991  -0.01052781630004007  0.004539882753845298   0.07496799251617867
    3.884178859665327     45.48998982986325    -7.010867849653768     8.554296685493769    -11.79761809889211    -1.941337696654008    -11.93509905434617     3.221189884809792    -11.36151907864512     4.365190354625685
  0.01632696157108201    -7.010867849653768     1.891406081898471    -1.640207885262219     3.110465951467801    0.4773217655646376     3.278701665066598    -0.677651863629705     3.130088881427751    -1.177761928676376
  0.08292401703807833     8.554296685493769    -1.640207885262219     4.837811549657392     -3.82656904282416    0.1298176720984142    -3.905713136840883     2.439525080773114    -4.229531396292093     1.567595049549457
 -0.02953801546062838    -11.79761809889211     3.110465951467801     -3.82656904282416     6.024046915174823       1.8077339840639     6.193339879094827    -1.454282388059779     6.224707145087361    -1.928055097139724
 -0.09375845174364596    -1.941337696654008    0.4773217655646376    0.1298176720984142       1.8077339840639     4.953874731942484     1.073551550785296     1.649461571678188     1.179034294914058     1.322786110674619
-0.007557733120320991    -11.93509905434617     3.278701665066598    -3.905713136840883     6.193339879094827     1.073551550785296     6.760269198076727    -1.054416544778027     6.529029567052272    -2.423885181582136
 -0.01052781630004007     3.221189884809792    -0.677651863629705     2.439525080773114    -1.454282388059779     1.649461571678188    -1.054416544778027      4.68139051640816    -2.176925361733639     1.154941130709212
 0.004539882753845298    -11.36151907864512     3.130088881427751    -4.229531396292093     6.224707145087361     1.179034294914058     6.529029567052272    -2.176925361733639     7.972537892486647    -2.413536864380634
  0.07496799251617867     4.365190354625685    -1.177761928676376     1.567595049549457    -1.928055097139724     1.322786110674619    -2.423885181582136     1.154941130709212    -2.413536864380634     2.897782621324571

cov.inverse():
   128.4050209821935   -31.86960088610461      -174.9366244024    43.15579090216431   -24.63475268259083     5.41843144233296    71.73352856447205    -18.5843569925989   0.4431166332019377   -0.845931431199785
   -31.8696008861046    7.975178929946301    43.71835800480208   -10.79882035465113    6.305684077612386   -1.377140018619445   -18.04592558653944    4.674853912679889  -0.1167085404598168   0.1902405641498254
  -174.9366244023951    43.71835800480088    292.9054896606815   -72.20310114407914   -92.48629897922828    24.10397252645258   -23.88684435082991    6.372168662252483  -0.5790663977844569    1.233607072932831
   43.15579090216313   -10.79882035465084   -72.20310114407914    18.37128768779241    23.24387589063757   -6.079971162035232    5.773591465276297   -1.696235173042732   0.1637903604295451  -0.2506524851754157
  -24.63475268260334     6.30568407761554   -92.48629897920982     23.2438758906331    334.8086844310719   -83.31831035581214   -216.1961180908034    55.15618083856475   0.4689665136603313  -0.6575602149460202
   5.418431442336093   -1.377140018620226    24.10397252644801   -6.079971162034127   -83.31831035581223    21.09599491929279    53.42148306065866   -13.76352017674303  -0.2561002993661923 -0.08880913254554236
   71.73352856447984   -18.04592558654135   -23.88684435084305    5.773591465279473   -216.1961180907979    53.42148306065724    167.2632283696623   -42.73995349396716  -0.9375643819252829   0.4263376456476243
  -18.58435699260092    4.674853912680385    6.372168662255906   -1.696235173043559    55.15618083856331   -13.76352017674265   -42.73995349396716    11.27557113842801   0.3029279179533166 -0.06466045725134097
  0.4431166332019038  -0.1167085404598086  -0.5790663977844167   0.1637903604295359   0.4689665136603472  -0.2561002993661962  -0.9375643819253062   0.3029279179533224   0.8061839523687044  0.03581278821475275
  -0.845931431199758   0.1902405641498187    1.233607072932827  -0.2506524851754149  -0.6575602149461118 -0.08880913254551957   0.4263376456476924 -0.06466045725135848  0.03581278821475231   0.7326186929990917

cov*(cov_.inverse()):
      1.00000000000011  3.093011957666647e-15  4.375666495803898e-14 -8.056055822436292e-15 -1.824027040520093e-13  1.351002643090737e-14 -9.278688928304746e-14  2.866977488746869e-14  9.857566152238206e-16                      0
 1.296740492762183e-13     0.9999999999999978  2.096101070492296e-13  -7.30526750203353e-14 -1.243449787580175e-13 -3.391731340229853e-14 -3.743672039036028e-13 -3.086420008457935e-14  8.326672684688674e-17  8.881784197001252e-16
 6.328271240363392e-14  -6.38378239159465e-15      1.000000000000043 -2.886579864025407e-15 -1.327826737451687e-13  7.040201754904274e-14  1.332267629550188e-15 -4.649058915617843e-15  1.179611963664229e-16  5.551115123125783e-16
-3.730349362740526e-14 -1.815214645262131e-14 -8.482103908136196e-14      1.000000000000017  1.101341240428155e-13 -2.028932577502474e-14 -4.918287999089443e-14 -3.975986206938842e-14 -2.081668171172169e-17 -4.440892098500626e-16
 1.836308882730009e-13  6.661338147750939e-16 -4.352074256530614e-14  -7.66053886991358e-15     0.9999999999998126  1.861844012296388e-13  1.075806110861777e-13  2.373101715136272e-15  -3.05311331771918e-16 -2.220446049250313e-16
 2.797762022055394e-14 -3.497202527569243e-15  1.976196983832779e-14 -7.105427357601002e-15 -2.219335826225688e-13      1.000000000000021  8.804068585277491e-14 -5.287437154777308e-15 -1.387778780781446e-16  -3.33066907387547e-16
 1.887379141862766e-13 -7.549516567451064e-15  1.447730824111204e-13  2.442490654175344e-15 -5.475619957451272e-13  1.837419105754634e-13     0.9999999999999325  4.082845173059013e-14  6.106226635438361e-16  8.881784197001252e-16
-1.909583602355269e-14  8.049116928532385e-16   1.48769885299771e-14 -9.825473767932635e-15 -7.482903185973555e-14 -1.634803403760543e-14  3.169686735304822e-14     0.9999999999999808  6.938893903907228e-18  1.110223024625157e-16
 1.332267629550188e-13 -1.704192342799615e-14  8.526512829121202e-14  -2.55351295663786e-15 -3.395062009303729e-13  1.317002062961592e-13  2.255973186038318e-13  1.637578961322106e-15                      1  2.220446049250313e-16
-4.352074256530614e-14  1.643130076445232e-14  4.307665335545607e-14  4.329869796038111e-15  1.569855356819971e-13 -5.384581669432009e-14 -8.881784197001252e-15  -2.28428387316626e-14  1.942890293094024e-16                      1
