10
1

0.3431251735958084
0.9232013927419778
0.9327956508025352
0.9852205096644726
 1.060081823352093
 1.197874746619074
 1.540253806611271
 1.579993844109984
 8.416074300773985
 56.60102258434122

    0.3067972495744066    -0.5534528898267953    -0.3672267027437604     0.6764499002700358    0.01473103916295318   -0.02806074039921627    0.02318799902188099    -0.0409648988278106    0.02993876183335353   -0.05485328842697297
    0.3901832035021819   -0.07010525320749038     0.2810018011125651   -0.08391467330578675    -0.5363922339158104     0.2320451532786674    -0.2739559440864367     0.1182389082799134     0.5344242683975107    -0.2015823836646474
   -0.1534697398629433    0.01363113822965968    -0.1022231802443006    0.02526570308971294     0.4991831582415896    -0.1973308130913362    -0.7149615810945598     0.2609576748283232     0.2961229892042042    -0.1004600726133577
    0.7521249303532016    0.08142098029190931     0.3946447771970312   -0.05600293688462887     0.4263367320983505   -0.09426388094023046    -0.0124232919542398   0.008780069525181108    -0.2738789501901145     0.0539266951851928
   0.02848997987432311  -0.002370044483681989   -0.09851150292859813  -0.008675053790016743    -0.4202657662180445    0.01026700451502616    -0.5725108202485722   0.008266003176715522    -0.6962231077346778   -0.01051777913346218
    0.3982492862040455     0.2953932233931663    -0.7794207606609383    -0.3635279750796832   -0.01649482751315106    0.02495880744295334     0.0468687834692474    0.02132587721380037      0.101775938329298    0.02421156474197349
   0.07018983444414073     0.2269358677886112    0.05242377137785381     0.1812789792569933    -0.3002763195756483    -0.7614999562680651   -0.03019011176959303   -0.08434886225751476     0.1795594444709155     0.4445754828149384
   0.00289766804829294    0.01094826757068413   0.003366979238103923    0.01081610103926432     0.1185671057590771     0.3350939131450231     -0.286719427669585    -0.7714155155234302     0.1531765706115319     0.4155049164492631
 -0.006201060066899597    -0.7188180173226151  -0.005256286996673091    -0.5568723432482613  0.0003183983074376483    -0.1436039214391645   0.001108099523935242     0.1198743265136873   0.002463225023936735     0.3716563364847416
 8.969563785653337e-05     0.1624133616335385  5.048862342915744e-05     0.2372455838905475 -0.0001078825535851465     0.4289778070208584 -0.0001835071857997284     0.5468782659798676 -0.0004325137277386983     0.6589676723434087

22.68296755952801
10.48285116438727
35.55801074917189
16.72238070389158
68.34052508363425
32.66067723412816
88.51779030967394
42.49112452865648
107.7055775198895
51.87672231126171

0.4841264765310355

  0.00792412883356078  -0.01641133844223404 -0.001477695064896459  0.002875588663988513 -0.001441144427146292  0.002988822651266361 -0.002095509064580636  0.004499729226911525 -0.003030849526877041  0.006137340684129142

 0.001558389728092936  0.002813943891197629 -0.001189356470308212  0.004086422082693151  0.004836856487888504 -0.002366712666118754 -0.006404356690025562 -0.000210746134364643    0.8878571507057963     18.60226799644292

cov:
     0.95337600391592    0.5833029824306567  -0.05552927780672764   0.08728224269935556  -0.00545095179603528    0.1102424293659409 -0.003051769974658193    0.1067266473703202  0.004986797442219177    0.1004183934120118
   0.5833029824306567     121.3993897924566   0.02921744571194407     151.6968570308794   -0.1659335084930297     230.1049977620185   -0.1492032377804184     278.3901842072516   -0.2566238607396499     324.2310318481471
 -0.05552927780672764   0.02921744571194407     1.134562115649499    0.6028205385565337   0.01830177736692268    0.0401401596710514 -0.003426087783615667   0.01232874294464811   -0.0186715290742034  -0.01522567293426698
  0.08728224269935556     151.6968570308794    0.6028205385565337     202.6167858612098   -0.1804560631394451     331.3626056255317   -0.2163775955482315     410.8561361991966   -0.4052775711245122     486.3889945463744
 -0.00545095179603528   -0.1659335084930297   0.01830177736692268   -0.1804560631394451     1.086415266586069    0.2538614049863406   0.01561160222409035   -0.2961077096924697   0.01504736486343259    -0.337950407498706
   0.1102424293659409     230.1049977620185    0.0401401596710514     331.3626056255317    0.2538614049863406     592.7528762828933   -0.3840621410716633     749.8445157421875   -0.7402889013123103      901.360585765769
-0.003051769974658193   -0.1492032377804184 -0.003426087783615667   -0.2163775955482315   0.01561160222409035   -0.3840621410716633     1.088022298608933   0.05204080390287545   0.02710867505448076   -0.5703202807997342
   0.1067266473703202     278.3901842072516   0.01232874294464811     410.8561361991966   -0.2961077096924697     749.8445157421875   0.05204080390287545     960.7344328475924   -0.9525055629702955     1156.749722696411
 0.004986797442219177   -0.2566238607396499   -0.0186715290742034   -0.4052775711245122   0.01504736486343259   -0.7402889013123103   0.02710867505448076   -0.9525055629702955     1.088315450021017   -0.6204467970459879
   0.1004183934120118     324.2310318481471  -0.01522567293426698     486.3889945463744    -0.337950407498706      901.360585765769   -0.5703202807997342     1156.749722696411   -0.6204467970459879      1401.89013090245

cov.inverse():
   1.701282672456982   -1.324899053496267  -0.7217295699380749      1.5807570739283  0.01115237473566595 -0.02006826708006204  0.04875345671539678 -0.08911532191745564  0.07431343301090597  -0.1556617956202671
  -1.324899053496267    2.704378085592479    1.579499651955951   -3.229049481406853  -0.0122617587137129   0.0370459854751267 -0.09201243183032835   0.1794006721033108  -0.1627872525600954   0.3230045111765262
 -0.7217295699380775    1.579499651955957    1.843693778964917   -1.961032221790274 -0.06877793481348619   0.1180649133768306 -0.06002860151740334   0.1244464650104091 -0.05340217712509474   0.1364865514179387
   1.580757073928305   -3.229049481406865   -1.961032221790273    4.009253372873258   0.1123358614345268   -0.246339444600304   0.1291439595010116  -0.2560919099301647   0.1377516672660145  -0.2744974527445017
 0.01115237473567867  -0.0122617587137389 -0.06877793481350178   0.1123358614345587    1.014056872340961  -0.1959872480057847  -0.0365470115346237   0.0447311948224251  -0.0392497314734837   0.0531742365309778
-0.02006826708008893  0.03704598547518165   0.1180649133768636  -0.2463394446003715  -0.1959872480057846   0.4140578644915724  0.05002483418254211 -0.09427722335084499  0.05613486616799804  -0.1115308606851522
 0.04875345671537998 -0.09201243183029406 -0.06002860151738215   0.1291439595009683  -0.0365470115346261  0.05002483418254727    1.006776779792873  -0.1744523825897841 -0.06756097388662785  0.08862358050374179
-0.08911532191742237   0.1794006721032428   0.1244464650103668  -0.2560919099300784  0.04473119482242992 -0.09427722335085535  -0.1744523825897841   0.3510517580542374  0.09273516841608466  -0.1817005622051479
 0.07431343301091226  -0.1627872525601083 -0.05340217712510247   0.1377516672660304 -0.03924973147348419  0.05613486616799908 -0.06756097388662599  0.09273516841608091   0.9823198047046415  -0.1223633312540317
 -0.1556617956202793   0.3230045111765513   0.1364865514179536  -0.2744974527445323  0.05317423653097883  -0.1115308606851544  0.08862358050373804  -0.1817005622051403  -0.1223633312540317   0.2428908992243068

cov*(cov_.inverse()):
    0.9999999999999997 -6.245004513516506e-17 -5.724587470723463e-17  2.463307335887066e-16                      0  1.734723475976807e-18 -3.469446951953614e-18 -1.387778780781446e-17 -3.469446951953614e-18  2.081668171172169e-17
-3.552713678800501e-14      1.000000000000057  7.105427357601002e-15    1.4210854715202e-14 -7.105427357601002e-15  3.552713678800501e-14 -3.552713678800501e-15   -1.4210854715202e-14 -7.105427357601002e-15                      0
-1.604619215278547e-16  1.275021754842953e-16                      1 -4.250072516143177e-17 -1.919037845299343e-17  2.081668171172169e-17  3.469446951953614e-18  5.767955557622884e-17  -2.40692882291782e-17   2.38524477946811e-17
                     0 -5.684341886080801e-14   -1.4210854715202e-14      1.000000000000057 -7.105427357601002e-15  2.131628207280301e-14  7.105427357601002e-15 -2.842170943040401e-14   -1.4210854715202e-14    1.4210854715202e-14
 6.938893903907228e-18 -1.110223024625157e-16  2.081668171172169e-17                      0                      1 -5.551115123125783e-17 -6.938893903907228e-18  1.387778780781446e-17  6.938893903907228e-18 -1.387778780781446e-17
-5.684341886080801e-14 -5.684341886080801e-14                      0  -1.70530256582424e-13    1.4210854715202e-14     0.9999999999999716   -1.4210854715202e-14 -2.842170943040401e-14   -1.4210854715202e-14  2.842170943040401e-14
-5.551115123125783e-17  2.775557561562891e-17  8.326672684688674e-17 -1.110223024625157e-16  3.469446951953614e-18 -1.387778780781446e-17     0.9999999999999997  4.163336342344337e-17  1.387778780781446e-17 -2.775557561562891e-17
  1.13686837721616e-13  5.684341886080801e-14 -8.526512829121202e-14  2.273736754432321e-13   -1.4210854715202e-14  2.842170943040401e-14   -1.4210854715202e-14      1.000000000000028                      0                      0
 1.110223024625157e-16 -2.220446049250313e-16 -1.249000902703301e-16 -2.775557561562891e-17  6.938893903907228e-18                      0 -2.081668171172169e-17  4.163336342344337e-17                      1 -5.551115123125783e-17
 5.684341886080801e-14  -1.13686837721616e-13 -8.526512829121202e-14  2.842170943040401e-13                      0  5.684341886080801e-14                      0  2.842170943040401e-14                      0                      1
