8
2

0.1284285001286235
0.8082419068801541
0.9953262653504991
 1.400169005236816
 2.131145552096018
 2.291527148096847
 4.068736406962446
  7.19653957184841

 -0.5617432577994526   0.2973475806930666   0.6760153878497854  -0.3609018645702923 -0.05669587381599007  0.01414375312311931 -0.06576216559847896  0.03229299968197257
  0.6636374583030701 -0.06543840522484974   0.5224230775020091 -0.08687165801234192  -0.4334785405024775  0.08537913425246446   0.1604975112471243  -0.2321161119522016
 -0.3816053335575577 -0.04104029356730335  -0.2867364091541301  0.03775392339137844  -0.6706970256379954  -0.2818693012633032   0.2228756437082001  -0.4359949321788348
  0.1557974954552324  0.02253879972302535   0.1668128486147698  0.08779721301278498   0.1143867205664428  -0.9221202187002651  -0.2733200485419712  0.03987978596206894
 -0.1362573622402191  -0.2630575847919696   0.2227418153907204   0.3408405359967362    0.358283449620095   0.1295112849563802  -0.2481236866447644  -0.7346719566852541
  0.2273689468173623   0.4811030086828057  -0.3291483975319425  -0.5642208971716812  0.09531984767665819  0.02937859482384282  -0.3322076334983297  -0.4121267786822012
-0.05903208780442065  -0.6270489881747505 -0.04181172661992001  -0.3289139397099241  -0.2769386302409008  0.09173707646541907  -0.6185553632647329   0.1602209264682218
  0.0196685518570408   0.4596303914422463  0.01822702064837434   0.5571064335657558  -0.3630636338467425   0.1915786809332045  -0.5394445957775751    0.134666935825696

22.65967510803347
42.24946263997102
35.55506139573085
66.04820465344037
70.54609047597876
130.7418110579895
100.4191254754881
 185.951844469249

 1.845752281911477
0.5436091767179893

    0.1232925039413678   -0.06679024003614885    -0.1182514702993986    0.06431327690739407   -0.00203647134415449  0.0002802681260379296  -0.002541066138910222  0.0009193080206407142
  -0.03379335012337261    0.01831696858819523    0.03168990151162591   -0.01725097555688276  0.0008573937271539936 -0.0001304153502580998   0.001084259488294243 -0.0007730151847648024

-0.003166050132050154    0.0124858893659174 -0.007581833709698256  0.007574784925380711  -0.01992495267523202 -0.006224144005424279    0.3427148913134289    0.3981502834135366
0.0008565558975482901 -0.003658460301035256  0.002423628089330253 -0.002331445960943709  0.007058798027501816  0.002456185108385011   -0.1024003130437931    -0.119320362472452

cov:
  0.9182702323913325    1.809457766262806 -0.09182865763831975 -0.01742470962041848  -0.1060149952727154 -0.07777995071413087  -0.2856468931577608  0.01927977558183443
   1.809457766262806    18.98694307585965  -0.2297314336573218    14.84752829900575   -5.904389338256558      3.4947428809412   -6.991313956819673    1.408630965286123
-0.09182865763831975  -0.2297314336573218    1.162211484008731    2.057884475764829   0.1260313396379008 0.005391050048021393   0.1434415033246576  0.04334690356691361
-0.01742470962041848    14.84752829900575    2.057884475764829    20.08783707294976   -8.675642558936005    4.967292235546456   -11.64361072789565    3.100375685130283
 -0.1060149952727154   -5.904389338256558   0.1260313396379008   -8.675642558936005    9.321208410386319    -3.84109823731224    12.15427777987772   -4.304150484352504
-0.07777995071413087      3.4947428809412 0.005391050048021393    4.967292235546456    -3.84109823731224    3.871330566232658   -6.048088017867594    1.120467233020714
 -0.2856468931577608   -6.991313956819673   0.1434415033246576   -11.64361072789565    12.15427777987772   -6.048088017867594     22.4766426855906   -3.998121077419708
 0.01927977558183443    1.408630965286123  0.04334690356691361    3.100375685130283   -4.304150484352504    1.120467233020714   -3.998121077419708    4.934128743191244

cov.inverse():
   19.97938177496706   -10.14471318785276   -22.38986053475729    12.16239051218835    1.752231063917018  -0.3625399593794454    2.290243780941159   -1.160840666225598
  -10.14471318785276    5.456167882291064    12.10718980726979   -6.552134223274864   -0.954327433346425   0.2409189274280127   -1.211420398127581   0.6238615345676986
  -22.38986053475729    12.10718980726979    28.25370024991554   -14.81168447270075   -2.454365756533941   0.6554405712130658    -2.64470082963463    1.256957802584677
   12.16239051218836   -6.552134223274867   -14.81168447270076    8.012532002280539    1.296010481203414   -0.366069878709093    1.437410491774525  -0.7031500987742701
   1.752231063917032  -0.9543274333464331    -2.45436575653396    1.296010481203424    0.980442799187882  0.03962592288750802 -0.05876171755046704   0.2714602178385567
 -0.3625399593794387   0.2409189274280094   0.6554405712130584   -0.366069878709089  0.03962592288750918   0.5422847660767252  0.01537199878779262   0.0807780697394978
   2.290243780941158   -1.211420398127579   -2.644700829634624    1.437410491774522  -0.0587617175504694  0.01537199878779213   0.4531797514780379  -0.2306100401404929
  -1.160840666225591   0.6238615345676944    1.256957802584667  -0.7031500987742649   0.2714602178385581  0.08077806973949785   -0.230610040140492   0.4914796561534902

cov*(cov_.inverse()):
    0.9999999999999639  2.688821387764051e-15 -2.779027008514845e-15 -7.042977312465837e-16  7.138387103644561e-16  -5.18031798013574e-16 -2.603819937441187e-15  1.571659469234987e-15
 4.218847493575595e-15      1.000000000000006 -9.992007221626409e-15 -7.771561172376096e-16  8.326672684688674e-16  1.249000902703301e-16  3.885780586188048e-16  2.220446049250313e-16
 -2.62984078958084e-15 -2.688821387764051e-15      1.000000000000001  4.635181127810029e-15  -1.43982048506075e-16  1.708702623837155e-16  3.833738881908744e-16   3.95516952522712e-16
 2.220446049250313e-14  7.549516567451064e-15 -1.865174681370263e-14      1.000000000000002 -1.221245327087672e-15  9.992007221626409e-16  1.665334536937735e-15                      0
 4.440892098500626e-15 -4.884981308350689e-15  -1.06581410364015e-14  1.287858708565182e-14      1.000000000000004 -3.885780586188048e-16                      0                      0
 2.087219286295294e-14  1.665334536937735e-15 -1.088018564132653e-14  1.110223024625157e-16  8.881784197001252e-16                      1  2.331468351712829e-15 -6.661338147750939e-16
-2.220446049250313e-14 -6.217248937900877e-15  8.881784197001252e-16  2.042810365310288e-14 -4.440892098500626e-16  3.885780586188048e-16     0.9999999999999997 -1.998401444325282e-15
 6.217248937900877e-15 -2.664535259100376e-15 -3.552713678800501e-15 -2.220446049250313e-15  2.220446049250313e-16 -1.665334536937735e-16  1.110223024625157e-15                      1
