12
2

0.02245275595957728
 0.0278398604106544
 0.2029091949877534
 0.2702104441163484
 0.4994652142465302
 0.5935379319939548
 0.8150568352377329
 0.9247419417631511
  1.334072226327618
  2.536837235232617
  2.897489558318192
  4.231021042147941

    0.2036303155811479   -0.08651230831721871    -0.5469740797471899     0.2310312599704048     0.6517526999723668    -0.2685852869005473    -0.2929365342668338     0.1255090554905466  0.0006530736348870108  0.0002475517067350978  -0.002663639797003185   0.001634302312870204
    0.4062068705286318    -0.1729530228194741    -0.5488803600530768     0.2314137880137604    -0.3649044046948934     0.1515850083965176     0.4991696389873853    -0.2119158957308114   0.006625015256030885  0.0007185412018575872   0.001886677954677982  -0.001165302221887625
   -0.1553820277815793    0.05936177622429278  -0.003428734160380153    0.00332299658411799      0.171637654511971    -0.0263612084703238     0.2505180787247444   -0.08700044564463973    -0.9277770988639328    0.09936588763025614   -0.03321679649402162  -0.008929893773362922
    0.3389403015252227    -0.1242159972367094   -0.05111027130183016   0.006652750436251273    -0.4940529784781808    0.01223250790248462    -0.6189328253002864     0.2818982747726347    -0.3645232412734049   -0.09640567182213054     0.1309284523637149    -0.0306165500756806
   -0.4915177033707311     0.1806293205980652    -0.3465722985241361    0.08781854894835459    -0.3575389387347365    -0.4097610275135624    -0.1756790260420047    -0.1920279417772673    0.01409288387276446    -0.0690116866209672    -0.3620981236379229     0.3136983005480056
    0.3682319356297365   -0.09836874894076041     0.2274355415546936   -0.08555572120641307      0.179723020246415     0.1710794093150104    -0.1806311650814375    -0.5175374037249439   -0.06590970117558254    -0.2940423943847846    -0.3155292974348232     0.4932314441774541
  -0.09141293457369849    0.06729424434567916   -0.01320440669633391    0.03013268574808451  -0.001745587746180308    -0.1858620021147004   -0.08952132902769157    -0.5003182543532421   -0.02074641611155718    -0.5552255170513454     0.3768958572609022    -0.4923376831814836
    0.1542943590786408   0.006290526281817068     0.1094756935424258    0.03990187552897363   -0.06129085664738481    -0.2258137777544419    -0.2164185204938381    -0.5095404200912319    0.03573300897561256     0.7515024229257736     0.1328111540350773    -0.1329970060061609
   -0.4270177249357507    -0.1215068992586299       -0.3079192743562   0.004895160842113869     0.0645869830496508     0.7314912262783896    -0.2917858362207162    -0.1899374702533366   0.001349665829223433      0.121219636141498     0.1769731250695732    0.03964941103642146
     0.217754227367996     0.6008718733336743    -0.3167855114682101    -0.6831527117718029    0.02113084399739735    0.09610891111854727   -0.02167376957381778   -0.01690912683363177   0.004773408038545651    0.03877353530105626   -0.05837141472123293   -0.09546150889049865
   -0.0514858663810678    -0.1236997671855555    -0.0686673116813647     -0.271648030784147   -0.00162922885587624    -0.2265835215178997       0.12111125842456    0.01271658808181807   0.005574502290108362   -0.01091803132998594     0.7065281158841544     0.5814078333496383
    0.1129037199469677     0.7111015557272014     0.1142128862829569     0.5787664935166292 -0.0008032970156515444     0.1602315267727004    -0.0237120776334587    0.03331744966194412   0.001581824287422424   -0.01613039257045757     0.2397331102184367     0.2202052035049065

22.51287042697246
48.62719192283292
35.74927079251751
 79.7573769392981
49.89204655312334
113.0255096288958
56.88830983581534
129.4809749490774
80.12556012364435
187.3804285017049
95.73535291671831
221.4226749171305

 2.351881174724299
0.4254917245752006

   0.07467781988550198    -0.0318883784336474    0.01269618175069866  -0.005324325491071953   -0.07200097972501111    0.03045189091783822   -0.01590506094340853   0.006681427311474044 -0.0008095881433981232  7.948486652367488e-05  0.0001110316475099291  -0.000251144858599308
  -0.01337468399062977    0.00570216432762377  -0.002470207792696776   0.001035888936822444    0.01288800171021574  -0.005452645217005565   0.002970666703743221  -0.001262913860040652 -0.0001211059831156383  -6.52473350859464e-05 -0.0001117777108880436  9.388280247295429e-05

 -2.00734944653645e-05  3.811620008648378e-05  -0.001256854418201282   0.005590670111750383  -0.008155707824731994    0.00899539779607836   -0.01103797549610836   0.008681830069203568   -0.01946073315973091   -0.01049215309557925   -0.06735327339339145    -0.1856434778412419
 3.634541567102192e-06 -6.668308279857631e-06  0.0002366254814393028  -0.001000591178198649   0.001489463536069463  -0.001594857958167394   0.001977956524222426  -0.001621010063625302   0.003518295338218651   0.001856281845538084    0.01179834471184167    0.03330323282099168

cov:
     1.023607081968539      2.383414569372361     0.1363777515314194     0.3079336748502535     0.0254086847265905    0.05497411276595709    0.04930187125273489      0.109536439766365 -0.0009357307145501142    0.03449873907375058   -0.03559785964747184    0.06701499588383537
     2.383414569372361      11.54635201962217     0.3438719356912715      5.015322717046187    0.04138467182687119      2.454388040419323    -0.4489893329955739     0.3680341843045769    0.03573513514021921   -0.08285898158395387      2.064940988421951      1.796226133334482
    0.1363777515314194     0.3438719356912715      1.146803242827191      2.718829235097505   -0.03779294625821848    -0.1089838678725455     0.0691726120373846     0.1301894898637726   -0.01193439162707349    -0.1141866016892431     0.1195317892801363     0.2923194439728544
    0.3079336748502535      5.015322717046187      2.718829235097505      9.626047215678087    -0.1125274613164255      1.735149584939332    -0.4369297635927661     0.3729714597725643    -0.0145020690099778    -0.2897884124844655      1.144399122275078      1.353176768266549
    0.0254086847265905    0.04138467182687119   -0.03779294625821848    -0.1125274613164255    0.07616726514503691     0.1566208581379346   0.001735941470663403   -0.02382116454732986  1.779653169077094e-05   -0.02743832905076412 -0.0007441586361707502  -0.007710705733279038
   0.05497411276595709      2.454388040419323    -0.1089838678725455      1.735149584939332     0.1566208581379346      2.021226136271915    -0.6324847808263547   -0.03744394054891463   -0.01042684339970877    0.06887013120726822    -0.5160973178965632    -0.3976717881824401
   0.04930187125273489    -0.4489893329955739     0.0691726120373846    -0.4369297635927661   0.001735941470663403    -0.6324847808263547     0.3831185618972956     0.2514479652024801   0.008733122891068614     -0.151555874855924     0.5155577994986555     0.5004670657182966
     0.109536439766365     0.3680341843045769     0.1301894898637726     0.3729714597725643   -0.02382116454732986   -0.03744394054891463     0.2514479652024801     0.5853039750430359 -0.0009504826281282451    -0.1443202686903219    0.05949082324709453     0.3064318851818252
-0.0009357307145501142    0.03573513514021921   -0.01193439162707349    -0.0145020690099778  1.779653169077094e-05   -0.01042684339970877   0.008733122891068614 -0.0009504826281282451    0.04855494472938497    0.03648545376986769    0.04118763456609214    0.02413635306427218
   0.03449873907375058   -0.08285898158395387    -0.1141866016892431    -0.2897884124844655   -0.02743832905076412    0.06887013120726822     -0.151555874855924    -0.1443202686903219    0.03648545376986769     0.7619604078044682    -0.1261765441223766   -0.09233278492324735
  -0.03559785964747184      2.064940988421951     0.1195317892801363      1.144399122275078 -0.0007441586361707502    -0.5160973178965632     0.5155577994986555    0.05949082324709453    0.04118763456609214    -0.1261765441223766      5.475889404836081      4.220249865086733
   0.06701499588383537      1.796226133334482     0.2923194439728544      1.353176768266549  -0.007710705733279038    -0.3976717881824401     0.5004670657182966     0.3064318851818252    0.02413635306427218   -0.09233278492324735      4.220249865086733      4.053929497039396

cov.inverse():
   298.8087702228345   -126.8019133521501   -507.8231282069178    214.3434677331624    69.94019464143121   -28.08597385157851    139.6695250321102    -58.8719614768516    5.457635761655776  -0.3331433254243579   0.9545059865767085  -0.1327078142075027
  -126.8019133521499    53.99695246572779    216.1112300309293   -91.23938897954585   -29.64251831480407    11.81048848593788   -59.77668870164924    25.10885611653834   -2.280843483455004  0.08073917720808425  -0.3878843363457011  0.04591042688040878
  -507.8231282068907    216.1112300309179    982.9185652395971   -414.6891425413808   -447.8056971989386     184.583755306822   -35.10311559802151    13.61905686461647   -5.125497337798593  -0.7278480768816427    1.741901505208725   -1.055920659005688
   214.3434677331511   -91.23938897954106   -414.6891425413806    175.1276037246712    189.5281852328104   -78.02919967952974    14.72153614521874   -5.722452062951424     2.19032956535426    0.380270155696542  -0.6841023966165292   0.3581841642599347
   69.94019464135313   -29.64251831477077     -447.80569719881    189.5281852327562    1019.079402009566   -418.0789656129038   -608.3355518323349    259.8065261436475   -3.732191021477848   0.9493453496283419   -5.002757850098365    2.645320125334731
  -28.08597385154587    11.81048848592402    184.5837553067686   -78.02919967950723   -418.0789656129037    173.9383850580146    253.5912233429496   -107.9510492219323    1.422430538230349 -0.09312144366255966    2.187277730004809   -1.199760203190422
   139.6695250321605   -59.77668870167067   -35.10311559812075    14.72153614526064   -608.3355518322851     253.591223342929    498.8088378281009   -211.7039122673728    1.349607156797361    1.804613895556784    1.764333096256846   -1.866851273696809
  -58.87196147687294    25.10885611654744    13.61905686465856   -5.722452062969198    259.8065261436266   -107.9510492219237    -211.703912267373    92.07025814365328   -1.015560049952132  -0.2746307045196325   -0.241252283074851   0.1074444155422083
    5.45763576165624   -2.280843483455202   -5.125497337799739    2.190329565354745   -3.732191021476692    1.422430538229871    1.349607156796913   -1.015560049951938    22.79926691805994   -1.651381968027769   0.1404595553619281   0.2818630978512519
 -0.3331433254244692  0.08073917720813148  -0.7278480768814642   0.3802701556964664   0.9493453496283476 -0.09312144366256214    1.804613895556712  -0.2746307045196025    -1.65138196802777    1.765396381259133 -0.07679005744079816  -0.1840878461392214
   0.954505986577019   -0.387884336345833    1.741901505208147  -0.6841023966162849   -5.002757850098159    2.187277730004721    1.764333096256906  -0.2412522830748755   0.1404595553619315 -0.07679005744079763    1.403689113574707   -1.199561320093067
 -0.1327078142075493   0.0459104268804282   -1.055920659005514   0.3581841642598614    2.645320125334433   -1.199760203190297   -1.866851273696642   0.1074444155421367   0.2818630978512527  -0.1840878461392217   -1.199561320093067    1.537697005380888

cov*(cov_.inverse()):
     1.000000000000007 -8.862658870678608e-14 -7.400885460029372e-13  9.113196308696558e-14 -1.150746165023975e-13 -9.416079027602109e-14  6.414313524771842e-14 -3.894193995046535e-14  4.024558464266192e-16  3.781697177629439e-16 -1.665334536937735e-16  2.498001805406602e-16
-2.089994843856857e-14      1.000000000000002 -1.025846074753645e-13 -2.164934898019055e-14 -1.154631945610163e-14  5.595524044110789e-14  1.230127111284673e-13 -1.995625886763719e-14 -4.440892098500626e-16  2.220446049250313e-16 -4.440892098500626e-16  4.440892098500626e-16
-1.729172360853681e-13 -2.118097364167681e-15      1.000000000000131  2.138567101184208e-14 -2.291500322826323e-13  1.104671909502031e-14  2.042810365310288e-14 -6.862566070964249e-15  -1.27675647831893e-15 -2.498001805406602e-16  5.551115123125783e-16 -1.110223024625157e-16
-6.106226635438361e-16  2.095545958979983e-15 -1.172395514004165e-13      1.000000000000162  1.123545700920658e-13  2.176037128265307e-14  3.508304757815495e-14 -2.134403764841863e-14  3.885780586188048e-15 -2.775557561562891e-16 -4.440892098500626e-16                      0
-1.027823659516258e-16  9.128982292327947e-16  6.246739236992482e-15 -1.864827736675068e-15     0.9999999999999714  2.336672522140759e-15  6.772360450213455e-15 -5.159934979293013e-15  5.204170427930421e-18  1.756407519426517e-17  3.348016308635238e-16 -6.418476861114186e-17
 3.046590757449508e-13 -4.310093948411975e-14 -1.648681191568357e-14  3.105848911388875e-14  3.852473895449293e-13     0.9999999999999816 -3.386180225106727e-14   4.15639744844043e-14  1.498801083243961e-15  2.775557561562891e-16 -1.665334536937735e-16  1.110223024625157e-16
-3.864963904476326e-14  3.747002708109903e-16 -8.837375276016246e-14  1.784683512084939e-14 -9.192646643896296e-14 -3.153033389935445e-14      1.000000000000009  2.983724378680108e-15 -4.718447854656915e-16 -1.249000902703301e-16  2.220446049250313e-16 -2.220446049250313e-16
-1.518229986174902e-14 -1.080906197881149e-14 -6.894484982922222e-14  1.393329895904571e-14 -2.731148640577885e-14 -3.608224830031759e-15  3.730349362740526e-14     0.9999999999999823 -2.081668171172169e-16  1.110223024625157e-16  5.551115123125783e-17 -1.110223024625157e-16
 1.177877240188252e-15  1.180696165836714e-15  8.881784197001252e-15 -2.404326737703855e-15  2.248201624865942e-15  9.402201239794294e-16  3.261280134836397e-16  6.370771965524824e-16     0.9999999999999999  6.938893903907228e-18  -2.42861286636753e-17                      0
 4.251807239619154e-15   7.37257477290143e-17 -2.026157019940911e-15 -1.011690731189674e-14  -2.09277040141842e-14  3.275157922644212e-15 -4.524158825347513e-15  3.642919299551295e-16 -2.775557561562891e-16                      1  -3.33066907387547e-16  4.718447854656915e-16
-2.653433028854124e-14  5.029310301551959e-14  3.952393967665557e-13  -1.27675647831893e-13  1.012523398458143e-13  4.796163466380676e-14  5.329070518200751e-14  4.296563105299356e-14                      0                      0     0.9999999999999973  8.881784197001252e-16
 4.873879078104437e-14 -2.983724378680108e-14  1.891820033961267e-13  1.332267629550188e-14  -1.06581410364015e-14  6.306066779870889e-14  1.527666881884215e-13 -1.687538997430238e-14   1.77635683940025e-15  1.110223024625157e-16 -8.881784197001252e-16                      1
