8
2

 0.603074579845517
0.6402440939609335
0.8260681899920895
 1.000316873647349
 1.191348938132847
 2.080575272953158
 3.505867070281099
 4.421472778247559

 -0.1055631913889645  0.03044194652156439  -0.4633335027598388  -0.1394428748159232   0.6950033174176853  -0.4871227479576409  -0.1197796812070079   0.1383549622156037
  0.3307588141020397 -0.06900393935449438  -0.6557501989332636  -0.2123737344123341   -0.147174586691968   0.1734642947030058     0.39030736725566   -0.454572409346752
 -0.8917191528082858   0.1780003617277924  -0.1194120086393649  -0.2580962014134157 -0.08229367162978145   0.1938567069884433   0.1736879498541052  -0.1332657930193991
  0.1506819001632685 -0.01286627962143043  -0.1467123143815647   -0.605818188549042 -0.02321548521941641   0.4728139953179062  -0.4210049360412841   0.4327263037420693
 -0.1293531528655913 -0.01995249727655421  -0.4719069748597576   0.7037942217420136 0.008221752536834765   0.4032591192775881  -0.1532501982917805    0.280492464151255
 0.09374158085159351   0.1726582994312694   0.2794753801652366  0.05795612262807776   0.6559305383684664   0.5308878077710251 -0.01334356557287166   -0.409477033595162
 -0.1740498890683793  -0.6552899678528999  -0.0366894882189799  0.01096539895874209 -0.05463248682683261 -0.04194018773338654   -0.565351748650994  -0.4631080305498959
 0.07598586035643819   0.7091178617411177  -0.1318378217175896  0.05493902212546344  -0.2338838294328419   -0.158963230984177  -0.5316145720527713  -0.3292316693520017

35.47963638640761
70.01637261999294
67.52118168244797
133.1856497125645
79.58097573133597
157.7135237282358
94.23610972788211
185.6676814722019

 1.947559641124969
0.5140606350138346

   0.03799835794456544   -0.01835445556067617    -0.0132162052920588   0.001353167226594128   -0.01790594016459475   0.009598203539436032   -0.01374862626631612   0.005341720708148759
  -0.01004909002981238   0.004838342495308834   0.003293487849771874 -0.0003573286686016912   0.004474744638490151  -0.002407478977031524   0.003421567078248168  -0.001113294436908944

-0.004862467126721367  0.007673492147672851  -0.02435285063850218   0.02014739000312678   0.01414886529945476  -0.05140677123241931     0.144891541838265 -0.001934260953505013
 0.001255045921552009 -0.002039787088326272  0.006434130615638237 -0.005010782064373775 -0.003368078340237952   0.01238179863224048  -0.03820737061467552  0.001900905091569617

cov:
    1.161229382715833     2.408167524343694    0.0621145002023525 -0.005273397916381866   0.03404055478058672 -0.009474010194257875    0.3308061508446993    0.3633804825472396
    2.408167524343694     15.26193665953639    -1.309094186917223    0.6775921183978707    -2.310100155213676    -1.473359550033273    -2.807694950701183     -1.15546123805532
   0.0621145002023525    -1.309094186917223     1.296132615330485   -0.3572644498988568     1.348026902873599    0.7510362633883135     1.674530376673521    0.4203430628608993
-0.005273397916381866    0.6775921183978707   -0.3572644498988568     1.216311284289482  -0.07965590540089576     0.048463390088126   -0.6068736576224224   -0.4448569647864606
  0.03404055478058672    -2.310100155213676     1.348026902873599  -0.07965590540089576     3.158324841704141     2.111625542153864      2.71685476317269    0.7167543496283061
-0.009474010194257875    -1.473359550033273    0.7510362633883135     0.048463390088126     2.111625542153864     2.314436039192002     1.697889386843901    0.6116460595465388
   0.3308061508446993    -2.807694950701183     1.674530376673521   -0.6068736576224224      2.71685476317269     1.697889386843901     9.753167542827027     6.325465175662342
   0.3633804825472396     -1.15546123805532    0.4203430628608993   -0.4448569647864606    0.7167543496283061    0.6116460595465388     6.325465175662342     5.883726787412694

cov.inverse():
   1.502063023987952  -0.2814636041767132  -0.2116255183941446  0.05232168037382307  -0.2031173062522998  0.07395064621654196  0.07895634995228262  -0.1967956332767776
 -0.2814636041767131    0.128585935654612  0.05729938151885475 -0.04162932567088003  0.08225570250501722 -0.01350953707009811 -0.01252955951257163  0.04024849813799577
 -0.2116255183941435  0.05729938151885456    1.857640698398648   0.4207073652669723  -0.5907987131901082   0.1412184629015496  -0.3850951803649795   0.3947164927451003
 0.05232168037382342 -0.04162932567088006   0.4207073652669716   0.9778245131744034   -0.132881356046968 -0.05609878664279295 -0.04526398319551911   0.1031503562230466
 -0.2031173062523006  0.08225570250501733  -0.5907987131901037  -0.1328813560469672    1.493887206683187  -0.9426179154114102  -0.3742413552427596   0.3792028769165612
 0.07395064621654256  -0.0135095370700982   0.1412184629015479 -0.05609878664279343  -0.9426179154114109    1.185439681889345   0.1370804644009533  -0.1773263555559762
 0.07895634995228271 -0.01252955951257171  -0.3850951803649806 -0.04526398319551933  -0.3742413552427589   0.1370804644009526   0.6894784906512835  -0.6931508656863324
 -0.1967956332767774   0.0402484981379957   0.3947164927451005   0.1031503562230466   0.3792028769165591  -0.1773263555559739  -0.6931508656863324   0.8870492449255549

cov*(cov_.inverse()):
    0.9999999999999996  -1.35308431126191e-16 -2.775557561562891e-17 -5.551115123125783e-17 -1.387778780781446e-16  1.387778780781446e-17  5.551115123125783e-17  5.551115123125783e-17
-3.885780586188048e-16                      1                      0 -6.938893903907228e-17  5.551115123125783e-17 -2.775557561562891e-17  1.110223024625157e-16                      0
 1.804112415015879e-16 -2.081668171172169e-17     0.9999999999999997  2.081668171172169e-16  -6.38378239159465e-16  -9.71445146547012e-17  4.440892098500626e-16  8.881784197001252e-16
 4.163336342344337e-17  3.122502256758253e-17 -1.110223024625157e-16     0.9999999999999999  5.551115123125783e-17  2.775557561562891e-17  5.551115123125783e-17 -5.551115123125783e-17
 -6.38378239159465e-16   1.97758476261356e-16  1.665334536937735e-15  4.163336342344337e-17      1.000000000000002  -1.27675647831893e-15  1.110223024625157e-16  1.554312234475219e-15
  9.71445146547012e-17 -1.040834085586084e-17  6.106226635438361e-16 -1.665334536937735e-16 -5.828670879282072e-16                      1  6.661338147750939e-16 -1.221245327087672e-15
-2.220446049250313e-16 -1.110223024625157e-16                      0                      0  4.440892098500626e-16 -6.661338147750939e-16                      1  8.881784197001252e-16
-6.661338147750939e-16 -2.775557561562891e-17  8.881784197001252e-16  1.110223024625157e-16  4.440892098500626e-16 -2.220446049250313e-16 -8.881784197001252e-16      1.000000000000001
