8
2

0.3025170384331599
0.5973789371642857
0.8614687284347499
  1.11682836458408
 1.392003322760611
 1.762232419254298
 3.654466062328928
  4.41070817291503

  0.3905323219877938  -0.1679541991356501  -0.7884171414658913   0.3031150944874235   0.2552819861486141  0.02303755879927859   0.1904346165776854 -0.06189166546196172
   0.471694294528984 -0.07984077861222792  0.08612153707232931    0.080006046974718  -0.7985476579855457  -0.1862374142219757   0.2237746015863284  -0.1867464779688472
   0.720732818306941 -0.05130009936396566   0.3972088038779783  0.03633901205155791   0.2666084612811214   0.3204639452070625   -0.235540934371532   0.2992664417814793
 -0.2043644921706706 -0.02238002974701247   0.0831239980346275   0.7668881675159778  -0.1403358323403075  -0.1921330836847714 -0.08828156552314319   0.5461724321008783
 -0.1711174440750955 -0.08052418009698174   0.2374977776932668   0.4307481933877765  0.01593910613928439   0.6565026972668372   0.3408512801471484  -0.4181579061021567
  0.1343384528364144  0.02144051957771631   0.3065034449267765   0.3057010898425083   0.3798786839735951  -0.5846806798895005 -0.09064896994420664   -0.547466362803572
 -0.1132160667051908  -0.6754521957524682 -0.09307801247023521  0.03302352983033797  -0.1670927740168949   0.1108005489487259  -0.6600561809917175  -0.2128883856008578
 0.06018703854913961    0.706473469374598   -0.217448813289438   0.1794284556815784  -0.1841104647699152   0.2001214226477712  -0.5388092658099822  -0.2313731367038703

22.74729411535313
 53.6433911506406
56.29614877536969
129.6161569916042
67.93275586585354
157.2408953191255
 96.3874861393686
221.7038124106981

 2.265542459223498
0.4420519336288343

    0.0676498318546357    -0.0296946570836891   -0.06936197161083461    0.02917476388997317    -0.0038861117625236  -0.002470975677794987 -0.0002715035911634062  0.0001886377816162004
  -0.01295959575253652   0.005689962531428665    0.01300661553299322  -0.005507379569748415  9.010199750521798e-06  2.659129865475546e-05  0.0001597827532331701 -1.440718750032898e-05

  0.008586441223793727    0.01217216810975902    0.01638787416206666    0.00573086408623608   -0.02896207606597519    -0.0124212370854136     0.2715417689191149    0.07264716962473455
 -0.001638747665926025  -0.002091720653913911  -0.003485862571381483 -0.0008102383277126038   0.004949339350442476   0.002065949431224718   -0.05167796513708347   -0.01275703637861037

cov:
  0.8853925927725904    1.842970186663174    0.112833061138248 -0.00687504152942949   0.2433453482170998  -0.2049469126197421   0.1572819804863869 -0.05156814195995521
   1.842970186663174    15.82426604891652   -2.173405718128091    2.091579580935125  -0.9877067379153855    1.607712709686802   -1.508273800581326   -1.251149936037233
   0.112833061138248   -2.173405718128091    1.621858178612078  -0.2400748285294234    1.376550789590373   -1.171553000214529    3.084958515319613   0.6734589291943452
-0.00687504152942949    2.091579580935125  -0.2400748285294234    2.035862684671808  -0.4851875216413244   0.5604903492357362   -2.052599882221613   -1.246825487343215
  0.2433453482170998  -0.9877067379153855    1.376550789590373  -0.4851875216413244    1.791789356221082   -1.482864388237709    3.215941846551447   0.6604105962163327
 -0.2049469126197421    1.607712709686802   -1.171553000214529   0.5604903492357362   -1.482864388237709    2.974497899732636    -2.52557795132326  -0.8011438062476771
  0.1572819804863869   -1.508273800581326    3.084958515319613   -2.052599882221613    3.215941846551447    -2.52557795132326    11.78909771456206    4.051428988024797
-0.05156814195995521   -1.251149936037233   0.6734589291943452   -1.246825487343215   0.6604105962163327  -0.8011438062476771    4.051428988024797    3.367652781012444

cov.inverse():
   3.045519806980049  -0.8524540277659328   -2.886070781315345    1.284346567154255   0.3316547027989713   0.1112592748346383   0.8640518276894242  -0.2954663439922857
 -0.8524540277659335   0.3933570024313908    1.387769708346623  -0.6014030113289491  -0.3020285994230827 -0.04897288449521655   -0.382665156181531   0.1408422765967446
  -2.886070781315345    1.387769708346623    7.093592232772012   -2.440745318276372    -2.21596001460241 -0.06494581163472525   -1.675093011827018   0.5834880336967527
   1.284346567154256  -0.6014030113289495   -2.440745318276372    1.622770073219955    0.632097393509748   0.0226173636969974   0.6753483792621539  -0.0459106753790348
  0.3316547027989752  -0.3020285994230844   -2.215960014602417   0.6320973935097504    2.661007239532148   0.5483468955378002 -0.03914181101207759   0.2257419668479698
  0.1112592748346389 -0.04897288449521678 -0.06494581163472636  0.02261736369699777   0.5483468955378005   0.6064579422383214 -0.03542419478679774  0.08422714783506761
  0.8640518276894236  -0.3826651561815305   -1.675093011827014   0.6753483792621526 -0.03914181101208045  -0.0354241947867981    0.727746766398023   -0.420177098133422
 -0.2954663439922849   0.1408422765967441   0.5834880336967502 -0.04591067537903396   0.2257419668479715  0.08422714783506778  -0.4201770981334217   0.6923200895072469

cov*(cov_.inverse()):
     0.999999999999999   3.37403716077489e-16 -6.140921104957897e-16  3.807718029769092e-16 -4.284766985662714e-16 -1.101549407245273e-16 -4.163336342344337e-17   4.85722573273506e-17
 4.996003610813204e-16     0.9999999999999998 -5.551115123125783e-16  4.163336342344337e-16 -5.551115123125783e-17  6.938893903907228e-17                      0  1.110223024625157e-16
-8.604228440844963e-16 -1.387778780781446e-16      1.000000000000003  1.422473250300982e-16 -1.110223024625157e-15 -2.012279232133096e-16 -2.220446049250313e-16  1.665334536937735e-16
 5.551115123125783e-16  -3.05311331771918e-16  6.661338147750939e-16                      1  1.110223024625157e-16  5.551115123125783e-17   3.33066907387547e-16 -1.110223024625157e-16
 7.216449660063518e-16 -7.494005416219807e-16 -1.498801083243961e-15  1.866562460151044e-15                      1  -9.71445146547012e-17  5.551115123125783e-16 -4.996003610813204e-16
-4.163336342344337e-16  5.551115123125783e-17  7.771561172376096e-16 -6.869504964868156e-16  1.110223024625157e-16     0.9999999999999999  1.110223024625157e-16  1.110223024625157e-16
-2.220446049250313e-15  4.440892098500626e-16  7.993605777301127e-15  8.326672684688674e-17 -3.108624468950438e-15                      0     0.9999999999999993                      0
-1.110223024625157e-16  2.220446049250313e-16                      0 -1.665334536937735e-16  1.110223024625157e-16  5.551115123125783e-17 -2.220446049250313e-16                      1
