12
2

0.03901129586557222
0.04211899364945963
 0.2962543763250013
 0.4812230321118573
 0.7882525922937434
 0.8786246794745303
 0.9291194340785023
 0.9663173628516271
  1.507092027615085
  1.533462452126298
  3.563293215334524
  5.637384781835431

     0.156152272181677      -0.04866065086098    -0.6705336883104027     0.2094222629666398     0.6474210762251326    -0.2020277006978366    -0.1345178560750327    0.04135331296266657  0.0006659260949174363 -0.0006570582633691899  0.0004541449345673256 -0.0001557194364435342
    0.3422370685508557    -0.1063632970172698     -0.480315699116131     0.1504288302843394    -0.4570318628297201     0.1409005090258004     0.5969874803132907    -0.1818700443217806  -0.005076230376425353  0.0005602334663554938  0.0006524437425361142  0.0005336124438364248
  -0.02981377547924635    0.01387630518654442    0.01418590633461436   -0.02087136788974342    0.04141571886597628  -0.005224384415029334    0.06200842504860787   0.002279265706891335    -0.9520951301736104    -0.2763832315436529    0.07560555393523737   -0.06403053845139867
    0.6698108369474699    -0.1523787435671251   0.002845355769607223   -0.03476745548401238     -0.264093520700982    0.07677903718620285    -0.6104364802807121     0.0334740242211707   -0.02023358561297621   -0.09546867846626707     0.2385130581284688    -0.1054112364558735
    0.1187480094986524    -0.0179666838898468    0.02966783508766549   0.001697784787770616   -0.03049644400043468   -0.06052673471802471   -0.05428017930979408    0.01198247322438551   -0.04842305129516256    -0.1197151610612018     -0.122260624967596     0.9723093320817465
    0.5492669595856501   -0.03320848065935127      0.444173911234236    0.04622218736190511     0.4103347529744756     0.1132225049411635     0.4137104733800354     0.3333438254476247   -0.01798026114752742     0.1599419117972592   -0.08500275206185152   -0.03431428599938252
   -0.1004173804874683   0.001059427718713948   -0.09333065010341678    -0.1711388176675219    0.03912178170014688     0.1699639956672699    0.02202430454326093     0.0301050900672387    -0.1499116789075901     0.6753063670254945     0.6385246521132898     0.1840666452890654
 -0.008488161879740067   -0.04827750108637759     0.1647113455624152     0.5743818098630229    -0.2422233953947223    -0.6978768618841917     0.0064643644324007     0.1447617349490712   -0.07552578025470719     0.2371523512478009     0.1073724029559386   -0.01940859328819631
   -0.2185380018451131    -0.0845182773998312     0.0368065107260786     0.5490174091897331    0.02691133411960167     0.4418671704406356    0.01790346647060413     0.3252033264811182      0.136137702151417    -0.3885522138398469     0.4090416859270577    0.05876237038575817
  -0.09226009613317289   -0.05067263142101758    -0.2669471175341888    -0.3690882973406066    -0.2279226100512053    -0.1384064401577678    0.03522833498521909     0.8361450335311585   0.009278743747794999   -0.04570776103576152   -0.08565047760997102   -0.02091683387036286
   -0.1398603323164385    -0.5303830201304178   -0.03372035190671662      0.254486481104172   -0.06160982212874832     0.3531389986273413    -0.2142183077806739     0.0763035422198574    -0.1839006774974059     0.4005862990931974    -0.5085785230628129  -0.008770142545338968
    0.0846886079031965     0.8173937298024208    -0.1082055435061967     0.2609925390714335    -0.1205451825575709      0.248790581019644    -0.1641723142840379     0.1422869352580493   -0.09896710908321042     0.2208457105346585    -0.2503513083165142 -0.0008221876977536636

22.68629443734635
73.36825735599871
40.79909227270703
 131.544040080582
48.52088597317117
156.3375445990125
57.16334842055063
184.0586130960669
68.32711273387167
 220.881202758756
82.14410848790558
263.4411950141601

 3.213025664981461
0.3116243091456145

    0.1064525901052532   -0.03312789618841332  -0.009087766678812297   0.002997118681798912   -0.03738222023035142    0.01173149210422089   -0.05967849341757318    0.01918695984631607   0.001664662979885032  4.501827201647886e-05 -0.0001695134171495056   0.000143129610578106
 -0.009146386419350812   0.002845603074973843 -0.0009631901815577069  0.0003136767813936425   0.002288674590926299 -0.0007155003206479956   0.007798471763222114  -0.002454954648956656 -4.689157283656377e-06  5.771455069426175e-06  1.607375561754302e-05 -1.804169940079266e-05

 1.096710103631588e-05  4.325744680781875e-05 -0.0009400333454955981    0.02870908934215645    0.01052853199141256       0.01802966305471  -0.009405998322328043   0.003775990171582141   -0.02193163491343907    0.03301342632355297     0.3078049211600856     0.1125783668489634
-5.774314321829312e-07  1.831150902207735e-06  7.668213624977364e-05  -0.002795194794365929  -0.001034201654029657  -0.001748764281602978  0.0008934804596710476 -0.0003683089799346952   0.002235937094502019  -0.003200141891727358   -0.03014475443488865   -0.01106891444720024

cov:
   0.9594443887955789     3.155887828434898  0.005567444624442306   0.08288561591748173    -0.049865287814196    -0.100512556598924 -0.003033033444505506   0.04818692473657712 -0.007628670524165018      0.07028394968541  -0.01957973999982312   0.01393625598490373
    3.155887828434898     24.83599307381074    -2.578185820575282     4.978466656880726    -2.684309586283853     4.042981738046865    -2.818462530572723     3.003930190095724    -1.355826968262221     3.109439433972562    -3.155772666578989   0.02362504787315596
 0.005567444624442306    -2.578185820575282    0.7439970719588175   -0.6112508205386463    0.6855691198835321   -0.9661028760770403    0.7750349708093609   -0.8851488262800824    0.4168290936752064   -0.9004467549482724     1.100530987490106   0.01281751084192727
  0.08288561591748173     4.978466656880726   -0.6112508205386463      4.32745728646843    -1.086495804530962     3.479698203624583    -2.042308239150012     1.191352980406769    -1.270531715271948     2.715591028980574     -3.17739608767643   0.01943681843359044
   -0.049865287814196    -2.684309586283853    0.6855691198835321    -1.086495804530962    0.8377768079235324   -0.9325888522297957    0.9470258563248778   -0.9612555904604411    0.5313669774219087    -1.131729193521928     1.386187850169851   0.01233855173251515
   -0.100512556598924     4.042981738046865   -0.9661028760770403     3.479698203624583   -0.9325888522297957     4.532365266305325    -2.225528881411592     1.460687401545881    -1.445913897459014     3.128665259941097     -3.79631178821687   0.01820280219534615
-0.003033033444505506    -2.818462530572723    0.7750349708093609    -2.042308239150012    0.9470258563248778    -2.225528881411592     1.664570539704114   -0.7648370918004405     1.013113969988841    -2.180019351001242     2.655488011460406  0.002984694423614617
  0.04818692473657712     3.003930190095724   -0.8851488262800824     1.191352980406769   -0.9612555904604411     1.460687401545881   -0.7648370918004405     2.708111911142158    -0.526324576776167     1.098948106227741     -1.48087110367588  -0.01019815737819039
-0.007628670524165018    -1.355826968262221    0.4168290936752064    -1.270531715271948    0.5313669774219087    -1.445913897459014     1.013113969988841    -0.526324576776167    0.8890629908734058    -1.830305564882829     2.006760393304298 -0.004607385198451287
     0.07028394968541     3.109439433972562   -0.9004467549482724     2.715591028980574    -1.131729193521928     3.128665259941097    -2.180019351001242     1.098948106227741    -1.830305564882829     4.418982011156907    -4.308134865011688  -0.06965982911138362
 -0.01957973999982312    -3.155772666578989     1.100530987490106     -3.17739608767643     1.386187850169851     -3.79631178821687     2.655488011460406     -1.48087110367588     2.006760393304298    -4.308134865011688     6.064512462885011    0.1436379940871973
  0.01393625598490373   0.02362504787315596   0.01281751084192727   0.01943681843359044   0.01233855173251515   0.01820280219534615  0.002984694423614617  -0.01019815737819039 -0.004607385198451287  -0.06965982911138362    0.1436379940871973    0.6307191758050298

cov.inverse():
    84.44456756231669     -25.9661906994919    -161.1196553469553     50.42201546478786    -22.22828847565193     6.692236861571269     99.86049726650006    -30.57668588617761   -0.6616917016877184  -0.09602270143142673    0.6465013950711067  -0.06074097843145419
   -25.96619069949119     8.087362288599662     50.21245514084958    -15.74400730472616     6.880860549533166    -2.028245768448781     -31.0939242350711      9.50860226383937    0.1516088740533011  -0.00391980508726034   -0.1947748318658346  0.005423021248518387
   -161.1196553469509     50.21245514085064     425.8099726292353    -132.8073609878622    -161.2906160840705     50.80539868687698    -102.1331548378209     31.14659540047577    0.9190611330967882    0.1441756554777532   -0.4478777307578041  -0.08080009263559407
    50.42201546478673    -15.74400730472657    -132.8073609878631     42.17190868305158     50.27313075022622    -16.18172697015506     32.20574521895114    -9.683750189462639   -0.1003516823464555  -0.01850498239968869   0.09813451915320848   0.02435005182890658
   -22.22828847565868     6.880860549533519    -161.2906160840593     50.27313075022203      393.789986253153    -122.0661327506959    -210.0790525166465     64.47179564469235     1.172456704828984   -0.3883743893801759   -0.2327491573537528   -0.1635350634989578
    6.692236861572751    -2.028245768448694     50.80539868687565    -16.18172697015442    -122.0661327506974     38.71910072318288     65.12628137794945    -19.96089604575211   -0.3925545566003086   0.04732607817875829    0.1795353957169808 -0.004674117874931758
    99.86049726650256    -31.09392423507186    -102.1331548378286     32.20574521895355    -210.0790525166412     65.12628137794775     214.6725175384024     -64.7520592290271    -2.391367469782128    0.4063901230073929   -0.4019134381954923      0.32749540467466
   -30.57668588617766     9.508602263839384     31.14659540047577     -9.68375018946265     64.47179564469241    -19.96089604575211    -64.75205922902713      20.2863764080215    0.5064641666599236  -0.03768398504601725  0.005676833919818521  -0.06757327401549343
  -0.6616917016877373    0.1516088740533066    0.9190611330967167   -0.1003516823464337     1.172456704829197   -0.3925545566003744    -2.391367469782256    0.5064641666599613      10.3924417976443     2.843856249828181   -0.9184153173311177    0.6004189002518523
  -0.0960227014314641 -0.003919805087248924     0.144175655477767  -0.01850498239969338   -0.3883743893800554   0.04732607817872105    0.4063901230072938  -0.03768398504598729     2.843856249828183     1.636405165788581    0.1102144048227612    0.1800155028136897
   0.6465013950711087   -0.1947748318658352   -0.4478777307578594   0.09813451915322495   -0.2327491573536581    0.1795353957169518   -0.4019134381955339  0.005676833919831167   -0.9184153173311176    0.1102144048227614    0.9283473350341929   -0.2055014301598036
 -0.06074097843144572  0.005423021248515734  -0.08080009263562264   0.02435005182891565   -0.1635350634989369 -0.004674117874938397     0.327495404674659   -0.0675732740154931    0.6004189002518528    0.1800155028136899   -0.2055014301598034     1.659282111883724

cov*(cov_.inverse()):
    0.9999999999999272   2.63631889756144e-14  2.007656194069618e-13  -6.22915889876563e-14 -3.426686018270786e-14 -9.047531604119974e-16 -8.072969376327066e-14  3.214225760550526e-15  4.423544863740858e-16  4.844215306665234e-16  9.410874857174178e-17  1.387778780781446e-17
-9.982899923377531e-15     0.9999999999999951  7.296442096349498e-14 -2.732514735315217e-15 -1.130822865902381e-13 -1.734303347634969e-14  -1.45922336713955e-13 -1.268733382242537e-15  1.002670169114595e-15  4.154662724964453e-16 -4.137315490204685e-16  6.938893903907228e-18
-4.773091644150185e-15 -3.690082094054414e-15      1.000000000000012  -5.94175316587231e-15  2.117967259906983e-14 -8.150781210993635e-15  4.786622487262804e-14  5.872038966181492e-16 -7.892991815694472e-17  3.230922474006803e-16  4.037568890336019e-16   2.42861286636753e-17
 1.852511199995632e-14 -5.372763865751917e-15 -1.620882247865829e-13      1.000000000000061  1.002483686340927e-13 -3.752884504895637e-14   4.01276234462955e-14  4.284983826097211e-15 -9.367506770274758e-17  1.821459649775647e-17 -8.673617379884035e-19 -2.220446049250313e-16
-9.409682234784444e-15  -1.04011038063595e-14  7.470152968425126e-15 -1.507344596363147e-14      1.000000000000069 -2.222842136051506e-14  -1.62829819072563e-14  2.200605149493828e-15  1.325328735646281e-15  2.268150944839675e-16 -3.655929725621121e-16  7.632783294297951e-17
 5.925034768372583e-14  -3.59026095528639e-14 -1.355450040402273e-13  4.348859597089194e-14  3.851910110319601e-14      1.000000000000001 -2.625677453238495e-14  4.649926277355831e-15 -1.975850039137583e-15 -4.640385298237959e-16 -6.934557095217286e-16  9.367506770274758e-17
 1.844775417494948e-14 -7.804703877536262e-15  2.186534915800398e-14  1.499126343895707e-14 -1.032676006339217e-13 -6.989155144931404e-15     0.9999999999999885 -1.404556809400659e-15  5.869870561836521e-16  1.693523793422358e-16  -9.69276742202041e-17  1.786765180256111e-16
 3.503003009192041e-14  4.971310906334847e-15 -1.711597443637691e-14  6.704977285193481e-15  -2.74199066230274e-14  5.134578200984008e-15 -2.119094830166368e-14      1.000000000000009  2.931682674400804e-16 -1.860490927985126e-16  5.039371697712625e-16 -1.283695372222837e-16
 6.234758802986518e-15  1.380389265349599e-15 -1.044569162070297e-14 -3.666148331096797e-15  1.806389239578099e-14  4.237201003476701e-15 -3.236625377434077e-14  1.442216571861943e-14      1.000000000000001 -2.362476533845914e-16 -1.209969624493823e-16 -8.326672684688674e-17
 9.867107131356079e-15  2.855777680305094e-14   1.05309858056124e-13 -2.491930273240683e-14 -1.778091562876227e-14  5.041052211079977e-15 -4.211214710281297e-14  1.882001499087238e-14  4.288236432614667e-15      1.000000000000001  3.174543961037557e-16 -2.775557561562891e-17
-3.579775365025739e-14  7.275104997594983e-15  2.800884524312153e-14  1.906287627750913e-14  7.165448789869799e-14 -1.705590963602122e-14  3.697736561392162e-14  1.132600957465257e-14 -3.885780586188048e-15  -5.93275428784068e-16      1.000000000000001  2.775557561562891e-17
  5.48172618408671e-16   7.32920668600201e-17  4.163336342344337e-16  4.614364446098307e-16  1.110223024625157e-15 -8.131516293641283e-16  1.082467449009528e-15  1.040834085586084e-16  1.665334536937735e-16  5.551115123125783e-17  1.387778780781446e-16                      1
