10
2

0.04338031585774016
0.04811995817094761
 0.5395127102418059
 0.9682171787518591
  1.091093487132014
  1.308438294031772
  1.762924373399445
  2.730349678676488
  3.147062563622105
  7.760619564135012

  -0.03283486740466134   0.007823886833871762      0.580280880212211    -0.1464331416657015    -0.7509057390226461     0.1884300087134052     0.1961453108256122   -0.05341206333809467 -0.0009795083806744224  7.330024999999036e-05
    0.5772457973741484    -0.1439920903925884    -0.5765656195659939      0.141600767074116    -0.3742500541239798    0.08919691832408004     0.3690314964959895   -0.09676446185863512  0.0004632377115504658   -0.00280394229727342
     0.649024176726653    -0.1110134399289442     0.2296813421596722   -0.09146298662264274   -0.01089797660358639   0.004691425023017976    -0.6344589396774694     0.1659451858471937     0.2479935807656962    -0.1166494535560322
     0.424706698339164  -0.008011765883297689     0.4358005816380729     0.1859201810002662     0.3022773106830409    -0.2470999803098814     0.2766093564485787    -0.1339258068721351    -0.4625628096774906     0.3663719254980156
  -0.09879607911244906  -0.009027705922229349  -0.005877499590850438     0.2808819316631523    -0.1532558876400654    -0.3547925023591257   -0.01010161916125223    0.08147729309396928     0.5852905628243252     0.6423067094341414
   0.05391547183232791    0.02996389804718122    -0.1666093431915895     -0.774022230488319   -0.02974354659341907    -0.1724911992541346    0.09436212048486693      0.442677478616905    -0.1560780801866224     0.3308479723773795
  -0.01598262676918902   -0.03344363773880196    -0.1097778274420466      -0.25996580665778    0.05500741460119141      0.463989728850912    -0.2758047145238263    -0.6229999060121697   -0.03426724840172955     0.4850866260877638
   0.04302985234859139    0.03350844726330562    0.08409443456019312     0.2249325708583911     0.2066302251398127     0.7230045268140119     0.1685219580884702     0.5388475289484617    0.07769724281866505     0.2216626114696734
     -0.21502939419244    -0.4993512416385748    -0.1355722651714335     0.2852458746028445    -0.2852341223590615   -0.03810981142403341    -0.3964907896352477     0.2335568583286016     -0.524550271533252      0.186943967694481
   0.05557700097422663     0.8451299322188101    -0.1512429101032193     0.1950066724339363    -0.2305096827088782   -0.01877035668313884    -0.2749778168403695    0.08169220389400816    -0.2743066782092892     0.1036675683430657

22.69243062994801
90.67954419929769
32.97493603412008
131.5158744993852
39.19015554296283
156.1730504418528
55.17573796944534
219.8574575084162
65.87209176491018
262.7961384450475

 3.991933138132198
0.2512452819352924

   0.09197471506563541   -0.02290003589001171    0.02881598183378349  -0.006780129511296574    0.02285510703765122  -0.007180701442584165    -0.1455799294468798    0.03296415069923155 -0.0003583393033344869  -0.004405239569363331
 -0.004920838321066295   0.001228467695087576  -0.004033423444576341   0.001016940958298732 -0.0001350412127383149  9.544181755561121e-05   0.009176018060602595  -0.002206197277950719 -2.129935451920589e-05  5.187311375983816e-05

-6.457670871704013e-05 -6.316791673617543e-05    0.04874080699886345    0.01227528716712897   -0.01284727800366866   0.008101545598383034    0.04136885969897503     -0.030979956795012     0.4393057072647691      1.042534924866751
-5.291079405454535e-07  7.202985600414727e-06  -0.003069916987398345 -0.0008159149973546339  0.0006186407763786799 -0.0007641622311403422  -0.002727512769797377  0.0009503171583951769   -0.02789107355531702   -0.06563605552460168

cov:
   0.9676368985738241     3.884186624907353   0.01630817000805799   0.08278869235756539   0.03254215356603612    0.1556301325096321 -0.007623418557158939  -0.01097348174133616  0.005002869834946874   0.07470482232152213
    3.884186624907353     45.50371962647615    -7.014315130992421     8.557093404743354    -10.27803951023821   -0.6379120370704532    -11.94143028545595     3.219911625515667    -11.36382405863501     4.368154182306398
  0.01630817000805799    -7.014315130992421     1.892234155757507    -1.641292674683389     2.725455081918291    0.4682360174020636     3.280340156378863   -0.6777528529685969     3.131387862054041    -1.178833843488683
  0.08278869235756539     8.557093404743354    -1.641292674683389     4.837882513876204    -3.169810873378178    0.5760819309750254    -3.907484781081171     2.439035058274037    -4.230259814473673     1.568761419348802
  0.03254215356603612    -10.27803951023821     2.725455081918291    -3.169810873378178     4.450177301374714     1.564413723961513     5.226849818590452     -1.14611434524629     5.173147525749321    -1.572790370725861
   0.1556301325096321   -0.6379120370704532    0.4682360174020636    0.5760819309750254     1.564413723961513     4.859710817672576    0.8827057420388791     1.691491111680619    0.7838151414575278     1.252464380958122
-0.007623418557158939    -11.94143028545595     3.280340156378863    -3.907484781081171     5.226849818590452    0.8827057420388791     6.763681432839854    -1.054027189871451     6.531649463060226    -2.426017202305959
 -0.01097348174133616     3.219911625515667   -0.6777528529685969     2.439035058274037     -1.14611434524629     1.691491111680619    -1.054027189871451     4.681256226405876    -2.175980105045475     1.155077688290218
 0.005002869834946874    -11.36382405863501     3.131387862054041    -4.230259814473673     5.173147525749321    0.7838151414575278     6.531649463060226    -2.175980105045475     7.973519690723581    -2.415283280814779
  0.07470482232152213     4.368154182306398    -1.178833843488683     1.568761419348802    -1.572790370725861     1.252464380958122    -2.426017202305959     1.155077688290218    -2.415283280814779     2.899323467932736

cov.inverse():
    146.1308412129102    -36.27023332035634    -153.1500157555227     37.68431428317696    -80.06471701340939     18.87354112129705     87.29982126412656    -22.87293145149395    0.4342480048852536   -0.8424614651262624
   -36.27023332035608     9.067275766758957     38.17856332575376    -9.404516988207204     20.16464685158366    -4.763426921111483    -21.87167368567689     5.738750701081606   -0.1073625221578273    0.2047523454535687
   -153.1500157555155     38.17856332575247     322.9048894406961     -80.3165619836887    -138.2180473112075     35.79330874995067    -31.76939015912692      7.67422792705695   -0.4144773447907369    0.7462342522849601
    37.68431428317512    -9.404516988206881    -80.31656198368871     20.57291667963001     35.57743079484798    -9.282098217741337     7.529549358139517     -1.94549123572393    0.1327552328021729  -0.09405986304687587
    -80.0647170134197     20.16464685158591    -138.2180473111916     35.57743079484399      360.252574692285    -89.60657338102092      -137.78710289244     36.88169537028129    0.1026081371348776     0.466959134989033
    18.87354112129946       -4.763426921112     35.79330874994727    -9.282098217740486    -89.60657338102133     22.63135218215381     33.74271687210549    -9.148216032185637   -0.1084917290540135   -0.3307132635155339
    87.29982126412955    -21.87167368567764    -31.76939015913534     7.529549358141626    -137.7871028924345      33.7427168721041     80.77288845498049    -21.30849304210191    -0.691829661390553   -0.1100726074339372
   -22.87293145149479     5.738750701081813     7.674227927059193    -1.945491235724494     36.88169537027989    -9.148216032185278    -21.30849304210195      5.96293410898618      0.21535345695611   0.04909022657845311
    0.434248004885232   -0.1073625221578219   -0.4144773447905837    0.1327552328021343    0.1026081371347096   -0.1084917290539712   -0.6918296613905176    0.2153534569561001     0.772334530581716 -0.008552483561774482
  -0.8424614651262234     0.204752345453559    0.7462342522848704  -0.09405986304685354    0.4669591349890784   -0.3307132635155456   -0.1100726074339317   0.04909022657845185  -0.00855248356177442    0.6898255737403154

cov*(cov_.inverse()):
    0.9999999999998239 -3.877800858198555e-14 -1.278144257099711e-14  2.953800398719508e-14  6.068756608357262e-14 -3.080175003944419e-14  6.107961358914338e-15  1.401786672849958e-14 -1.084202172485504e-16  1.665334536937735e-16
-4.196643033083092e-13     0.9999999999998326 -2.158273559871304e-13   5.92303983637521e-14  4.334310688136611e-13 -7.327471962526033e-14  1.957878303926464e-13  2.095545958979983e-14  8.187894806610529e-16                      0
-1.370015212387443e-13  -1.84297022087776e-14     0.9999999999999775  1.572353358625378e-14 -7.982503547054876e-14 -1.360023205165817e-14  2.731148640577885e-14  6.911138328291599e-15 -5.828670879282072e-16  2.220446049250313e-16
 6.439293542825908e-14  5.384581669432009e-15 -5.706546346573305e-14       1.00000000000001  1.462163723431331e-13 -1.043609643147647e-14  2.814415367424772e-14  2.914335439641036e-16  -7.28583859910259e-17  2.220446049250313e-16
-2.031708135064036e-13 -3.885780586188048e-15 -8.215650382226158e-15 -7.244205235679146e-15     0.9999999999997061  2.065014825802791e-14  1.043609643147647e-14  1.505739977147869e-14 -7.459310946700271e-17                      0
-1.310063169057685e-14 -1.426636586643326e-14  1.876276911616515e-14  5.162537064506978e-15 -1.441069485963453e-13      1.000000000000024  1.790234627208065e-14 -1.011690731189674e-14 -2.185751579730777e-16 -2.220446049250313e-16
 -1.13242748511766e-13  1.876276911616515e-14  -7.72715225139109e-14 -1.587618925213974e-14 -2.131628207280301e-14 -6.716849298982197e-14     0.9999999999998901  2.088607065076076e-14  3.365363543395006e-16 -2.220446049250313e-16
 2.875477633779155e-14  3.275157922644212e-15  2.509104035652854e-14  2.151057110211241e-15  1.532107773982716e-13 -6.328271240363392e-15  -2.99482660892636e-14     0.9999999999999986 -5.204170427930421e-17                      0
 -1.55875312657372e-13  2.220446049250313e-16   1.84297022087776e-14  1.731947918415244e-14  8.215650382226158e-15 -2.076117056049043e-14 -2.936539900133539e-14  3.780309398848658e-14                      1                      0
 7.771561172376096e-14 -8.104628079763643e-15 -2.398081733190338e-14   2.55351295663786e-15  1.183497744250417e-13                      0 -2.181588243388433e-14  1.415534356397075e-15  6.591949208711867e-17                      1
