8
2

0.2732094731178086
0.6403363396603348
0.8430911610094464
 1.470673118431564
 2.044876203845387
 2.859313265468846
 4.070864292569357
 7.355364492107178

 -0.4273016373863081   0.1623722049464706   0.7711873008936516  -0.3053481795666482  -0.2442743566299986   0.1065960465975231  -0.1640277474946303  0.07171773503197849
  0.3595150814816974 -0.04251666521169396  0.06178024809089715 -0.01918112621026379  -0.5822967131560065   0.4817071530364186   0.3450544137562681  -0.4178309859479034
  0.7960220482597676 -0.04147897000779104   0.4060134890425173  0.03390503604372151  0.08460636968481061 -0.05925240793932852   -0.294249643638236    0.318402183658864
  0.2008666224445188  0.09732950645587296  -0.1671276672297456   -0.840796935978961  0.02272202090316491  -0.3538129180948087 -0.04091052584604257  -0.2965381595778746
-0.01419187644765609  0.03976815373145361  -0.1476402654339229  -0.2182402808609027   0.4312807554367216   0.7513310685938053  -0.4098842638313228  -0.1014102659651282
 0.04140513818600793   0.1189883487316737   0.3148339632985581   0.3377125552451182   0.3421844905046867  -0.2132805840981526  -0.1234633320638066  -0.7701526897453145
 -0.1103689956889979  -0.8098794754717481 -0.04486837780094159  0.00292643715119052  -0.2614151388996512 -0.09820669544808126  -0.4754322115766396  -0.1608538683336797
0.008161219978539998   0.5375774962596128  -0.2928198997641598   0.1913592966570254  -0.4713330649525883 -0.09093698635629067  -0.5970692872585479 -0.04081456230501312

22.71332348184619
55.27870600686144
 54.9524112887252
131.0753751840165
77.94798179699802
186.7394357709741
 92.5585359052304
220.4422696697178

 2.358564372564371
0.4255110576190915

   0.07587507801558499   -0.03190132733832448   -0.07963487475978392    0.03170830146859848  -0.001645493713361579   0.002536387246284655 -0.0006004783565913569   0.001875168237765593
  -0.01371236702455178   0.005712173716455112    0.01392164655251207  -0.005561110400902876  0.0001126176375754113 -0.0002411763990771525 -7.360631251448666e-05  2.919909921831509e-05

 -0.00804593411906789   0.00996200983514417   0.02199788579492666 -0.005799783307294837   0.01565468977803788   -0.1430071706957389    0.3528625816430044    0.7402730105354921
 0.001431812742178613 -0.001814494570138785  -0.00400443554627464 0.0005037807378682369 -0.002196948996636145    0.0220207171985718  -0.06179881798076436    -0.117414679692448

cov:
  0.8246231584424074    1.763938950131986    0.209742903681233  -0.1327780306224071   0.3399637853506301 -0.09694465184541831   0.4603152451758342 0.008939850186687366
   1.763938950131986    26.65113529805321   -7.671252950911251    5.637032293390293   -9.785502375125303   -1.489106528991768   -11.18027899262643   0.1420905737595571
   0.209742903681233   -7.671252950911251    5.797271590922262   -1.734034114821122    8.263129158684173   0.6299544074992557      9.6766819183156  -0.9609386842357359
 -0.1327780306224071    5.637032293390293   -1.734034114821122    4.649793835632052   -4.370226732099174   -1.584957790134253   -6.102902036631612   -1.915621781547576
  0.3399637853506301   -9.785502375125303    8.263129158684173   -4.370226732099174    15.03613112456306    3.364697438950827    16.10108815856551  -0.4968200458963397
-0.09694465184541831   -1.489106528991768   0.6299544074992557   -1.584957790134253    3.364697438950827    3.708827642931651    2.749322876188149    1.618469355912236
  0.4603152451758342   -11.18027899262643      9.6766819183156   -6.102902036631612    16.10108815856551    2.749322876188149    23.97567853804011    3.436593864066797
0.008939850186687366   0.1420905737595571  -0.9609386842357359   -1.915621781547576  -0.4968200458963397    1.618469355912236    3.436593864066797    5.745408921962151

cov.inverse():
   3.672449280599678  -0.9982605112368195   -3.919028374518889    1.693515276321393   0.9866074615357077  -0.2900603599523291   0.9120476810544387  -0.4503624176965063
 -0.9982605112368197   0.4114488778553327    1.642408988946737  -0.6974529962898888  -0.4577328773348655   0.1774033753989317  -0.3656527937662117   0.1626910874569615
  -3.919028374518888    1.642408988946738    8.240795311472823    -3.05362833086925   -2.563705360966158    1.133400910875613   -1.793360881842721    0.857370635136241
   1.693515276321391  -0.6974529962898884   -3.053628330869248    1.604488828649008    1.011621880897438  -0.3722401902648622   0.6708210716051441  -0.1700627997072362
  0.9866074615357068  -0.4577328773348637   -2.563705360966146    1.011621880897434    1.703680402740495  -0.9727905138121035 -0.02342843721550189   0.3536578372505193
 -0.2900603599523247   0.1774033753989303    1.133400910875606  -0.3722401902648598   -0.972790513812103   0.9222545585220655   0.1357446266168162   -0.363594417035956
   0.912047681054438   -0.365652793766213   -1.793360881842728   0.6708210716051475  -0.0234284372154971   0.1357446266168134   0.8356784462021878  -0.6087806539028972
  -0.450362417696511   0.1626910874569633   0.8573706351362491  -0.1700627997072396   0.3536578372505155   -0.363594417035954  -0.6087806539028982   0.7545705715293433

cov*(cov_.inverse()):
     1.000000000000002  2.242130092700023e-16 -2.334070436926794e-15  4.625206467823162e-16 -3.282530497417113e-15 -5.442694905877232e-16  2.612493554821071e-15  6.002143226879753e-16
-2.775557561562891e-15                      1  2.650657471292561e-15  1.429412144204889e-15   1.52655665885959e-15  8.951173136040325e-16  1.512678871051776e-15  6.106226635438361e-16
 1.332267629550188e-15  -3.05311331771918e-16      1.000000000000003 -4.968248035197576e-15 -4.884981308350689e-15  -3.33066907387547e-16  2.220446049250313e-16  7.771561172376096e-16
 5.551115123125783e-16 -4.996003610813204e-16  -3.33066907387547e-15      1.000000000000001  2.442490654175344e-15  5.551115123125783e-16 -1.110223024625157e-15 -1.110223024625157e-15
 2.747801985947262e-15  1.054711873393899e-15  -3.05311331771918e-15 -5.301314942585122e-15     0.9999999999999962 -1.831867990631508e-15  8.881784197001252e-16  2.442490654175344e-15
  3.33066907387547e-16 -3.885780586188048e-16 -8.881784197001252e-16                      0  4.440892098500626e-16     0.9999999999999997  6.661338147750939e-16 -2.220446049250313e-16
 1.332267629550188e-15 -6.661338147750939e-16 -1.554312234475219e-14  2.220446049250313e-16 -6.661338147750939e-15  4.440892098500626e-16     0.9999999999999987  3.552713678800501e-15
-1.332267629550188e-15   3.33066907387547e-16  3.552713678800501e-15  1.110223024625157e-16 -4.440892098500626e-16 -4.440892098500626e-16                      0                      1
