10
2

0.05308522674779684
 0.2648709999125554
 0.9381535232461891
  1.001881841528417
  1.364661981047223
  1.660698744721413
  1.853419457603564
  2.420776209381746
  3.902789792096591
  7.878136199443238

   0.3851644485736229   -0.2145751910658329   -0.7128216691726872    0.3971203186519242    0.3266706221846252   -0.1818484419194104 0.0008175319756148578 0.0007192204965447168 0.0003819973019263999 -0.001634815003958289
   0.5143641518131189   -0.2597494275397282  -0.04515561972636167   0.02295689903900477   -0.7025426476907339    0.3622057701533981   0.07017011596805517  -0.08805595472449131    0.1324410399998831   -0.1020597268544769
   0.6555646089733398  -0.04793267475801005    0.5682913533035056  -0.01522261267141843    0.4254306501352749  -0.05096829819852974   -0.1837526859499408    0.1247023278586442   0.06612244141471166  -0.08645119463894108
   0.1758837850416053   0.03476030987311007      0.12749870463653   0.01361986293924071   0.06941704167892213  -0.02042540066831755    0.3963737420669009   -0.5814619881185868   -0.2737823359846455    0.6131984323809262
 -0.06341707721931009 -0.004260697819542848  -0.05176577325682454  -0.01123799405374085  -0.03541166582769541  -0.02129496467385641    -0.711315705062688     -0.38658835373303    0.4718994805914418      0.33665555704511
   0.1888466639934738    0.2789888536451731    -0.109044037688032   -0.1827558782541565    -0.198837896407643   -0.2598108643372442    0.1103590536609042    0.5911867718926275    0.2332403362013374    0.5639961659053893
  -0.2402208884346534   -0.4303860373401644    0.1176728156268933    0.1834950479084567    0.2817289926753888    0.4457442443199354    0.3237791413370217    0.1772208804735373    0.4937195974795507    0.2269054627889008
   0.1559542556814684     0.253058153521543   -0.3475183602142649   -0.6699942372267161    0.3054208939088239    0.4800991761920892   0.04185408786762512  -0.08698646237167544   0.05836960261368467  -0.07399994077869028
 -0.06659083857079552   -0.5802397538360333  -0.03568050325903389   -0.2627336322531601  0.007837657845994384    0.1194464051988155   -0.3495334254314782    0.2592782172372279   -0.5446848165785397    0.2969447709975322
  0.01519445405591515    0.4681668780285016   0.01326491872924123    0.5061951492355545   0.02012702840099659    0.5668486614940822   -0.2393550249081298    0.1828810646593625   -0.2866923528389422    0.1718374128604203

22.68433359460995
40.48210720012935
35.55591080216978
63.55796293730972
50.51228323080943
90.37131046059979
87.24286611114799
156.0029679896453
103.3480499799979
185.4401410163464

 1.792560600585448
0.5592459586511108

   0.06624716129182623   -0.03693046697755577    -0.0053563750242244    0.00296331502239267   -0.06052739587432145    0.03368748451198329 -0.0001528140817217222  0.0001597809715149835 -0.0003154837688500239  0.0002718902700192146
  -0.02009153597926574    0.01120261965438822    0.00130633575372576 -0.0007182838789714757    0.01841792604107367   -0.01024871993635645  0.0004563882338580143 -3.951104869937436e-05  4.173453316739785e-05 -0.0001519145496343567

 3.532762089118246e-05   0.006918026607396741    0.01289113156674363   0.004954014296736943  -0.004440265348131669    0.01569258701700613  -0.007755532168381868  -0.008847790946900008      0.309608528760121     0.2002445121996635
-9.800756165960681e-06  -0.002098715469346155  -0.004110168027490263   -0.00140572478785805  0.0007301916223016196  -0.004766736587993409   0.002659956357822102   0.002753441147611101   -0.09653308957358889   -0.06207478042922836

cov:
    0.9567574016636083      1.731146329061905   -0.06868433864787808    -0.1188600178850012     0.1910248918991874     0.3314111302627646   0.007851710299956282   0.003419742891193418    -0.0116223683952281   -0.08533589027677134
     1.731146329061905       19.9660032423788   -0.09030893804582961      15.62553474167625     0.3963316670543092      15.26329576879771     -4.171447413101223       3.06540607348439     -3.998809825109488      2.381603377946174
  -0.06868433864787808   -0.09030893804582961      1.125523069350051      2.047461895958629    -0.2093477699862252    -0.3444856801465426     0.0325290697566917     0.1061512813961888    0.02267465497450889    0.05600633376821587
   -0.1188600178850012      15.62553474167625      2.047461895958629      19.79403815935429    -0.3251721148802209      15.85883103238256     -6.114007225806067      4.861569826063502     -6.877062008792819      4.361907446405677
    0.1910248918991874     0.3963316670543092    -0.2093477699862252    -0.3251721148802209      1.155812528210538      2.118383308909138   -0.01071849102624028   -0.01295443412568501 -0.0007418026411962384     0.0211559479539883
    0.3314111302627646      15.26329576879771    -0.3444856801465426      15.85883103238256      2.118383308909138      22.39216778994267     -8.492239481299523      6.528193671935171      -10.3368713083799      6.296230751224103
  0.007851710299956282     -4.171447413101223     0.0325290697566917     -6.114007225806067   -0.01071849102624028     -8.492239481299523      6.950686414763307     -3.481331686096206      7.049237665202077     -3.916312861795229
  0.003419742891193418       3.06540607348439     0.1061512813961888      4.861569826063502   -0.01295443412568501      6.528193671935171     -3.481331686096206      4.847806859072347     -4.927620995113273      3.609454810065028
   -0.0116223683952281     -3.998809825109488    0.02267465497450889     -6.877062008792819 -0.0007418026411962384      -10.3368713083799      7.049237665202077     -4.927620995113273       11.1226487698675     -4.677525855907704
  -0.08533589027677134      2.381603377946174    0.05600633376821587      4.361907446405677     0.0211559479539883      6.296230751224103     -3.916312861795229      3.609454810065028     -4.677525855907704      4.857771634092355

cov.inverse():
   56.97012257149902   -31.20299603776597   -97.33554642819995    54.39547812453339    39.80294462973625   -22.27651287496194   0.5705085554009607  -0.5184467406939398    0.993740367914268  -0.9205937856469936
  -31.20299603776597    17.42271360420671    54.37809945566185   -30.37833581648493   -22.33575080336917    12.44596296988849  -0.3127727769806674   0.2705599086603927  -0.5507564718671683   0.5429349402677167
  -97.33554642819895    54.37809945566129    180.7504407296988    -100.419915567003    -81.8950478776047    45.72731220052121  -0.2954724897853485  -0.1205563611172959  -0.1816250982956368   0.4811278376082492
   54.39547812453281    -30.3783358164846    -100.419915567003    56.07766972872167    45.79189307531735     -25.518252797935   0.1602912811437145  0.04208090765255889   0.1007635971085916  -0.2765047701974214
   39.80294462973489   -22.33575080336844   -81.89504787760315    45.79189307531649    45.16772471048878   -24.65226877308973  -0.6352700680320208   0.9601450787981263   -1.251572462585954   0.8010234123944844
  -22.27651287496117    12.44596296988807    45.72731220052034   -25.51825279793451   -24.65226877308972    13.73606864621927   0.3503477830999833  -0.5281167151097753   0.6954485711992208  -0.4585945911413343
  0.5705085554010003  -0.3127727769806897  -0.2954724897854237   0.1602912811437565  -0.6352700680319857   0.3503477830999637    0.581174090371636    -0.16276730546536 -0.09969470615747328  0.06500174717802251
  -0.518446740693998   0.2705599086604251  -0.1205563611171869  0.04208090765249807   0.9601450787980755   -0.528116715109747  -0.1627673054653598   0.6875666667319648 -0.03164286441170611  -0.1704025161681185
  0.9937403679144702  -0.5507564718672803  -0.1816250982960076   0.1007635971087986   -1.251572462585784    0.695448571199126 -0.09969470615747297 -0.03164286441170614   0.5613619391618618  -0.2131693043076275
 -0.9205937856471496   0.5429349402678034   0.4811278376085391  -0.2765047701975832   0.8010234123943494  -0.4585945911412589   0.0650017471780223  -0.1704025161681183  -0.2131693043076268   0.7308947979174273

cov*(cov_.inverse()):
     1.000000000000059 -2.185751579730777e-15  9.034439862887211e-15  1.076222444496011e-14  5.069555886194621e-14 -3.214095656289828e-14  4.076600168545497e-16 -2.116362640691705e-16  -1.47798440153224e-15  8.396061623727746e-16
  8.43769498715119e-15      1.000000000000022 -1.554312234475219e-14 -1.036948304999896e-13  5.972999872483342e-14 -1.909583602355269e-14   3.33066907387547e-16 -2.775557561562891e-16 -1.443289932012704e-15 -6.661338147750939e-16
-1.765254609153999e-14  1.498107193853571e-14      1.000000000000107 -4.103661854770735e-14 -2.540329058220436e-14  5.186823193170653e-15 -4.597017211338539e-17  1.700029006457271e-16 -1.595945597898663e-16  1.387778780781446e-16
 4.440892098500626e-14  3.552713678800501e-14  9.237055564881302e-14      0.999999999999895 -4.307665335545607e-14  1.953992523340276e-14  2.220446049250313e-16  7.771561172376096e-16                      0 -4.440892098500626e-16
  1.53106693989713e-14 -3.812922200197022e-15   6.18255446838134e-15  5.440960182401255e-15      1.000000000000001  -7.89993070959838e-15  1.242495689668388e-16 -3.079134169858833e-16  2.671474153004283e-16 -4.510281037539698e-17
 1.039168751049147e-13  -5.46229728115577e-14  1.909583602355269e-14 -6.439293542825908e-15  1.225686219186173e-13      1.000000000000036  -1.27675647831893e-15  8.881784197001252e-16  1.554312234475219e-15 -8.881784197001252e-16
 2.131628207280301e-14 -1.865174681370263e-14  5.995204332975845e-15 -9.325873406851315e-15 -4.218847493575595e-14 -6.883382752675971e-15      1.000000000000001 -5.551115123125783e-16  4.440892098500626e-16 -4.440892098500626e-16
 4.929390229335695e-14  4.440892098500626e-16 -4.374278717023117e-14  1.088018564132653e-14  3.286260152890463e-14 -9.103828801926284e-15 -2.775557561562891e-17      1.000000000000001  7.771561172376096e-16 -4.440892098500626e-16
-3.907985046680551e-14  -1.77635683940025e-14 -3.463895836830488e-14  1.554312234475219e-14 -1.199040866595169e-14   1.06581410364015e-14  9.436895709313831e-16 -1.110223024625157e-16     0.9999999999999999  8.881784197001252e-16
 2.398081733190338e-14 -7.105427357601002e-15  1.287858708565182e-14 -2.398081733190338e-14  1.998401444325282e-14  -1.06581410364015e-14 -1.110223024625157e-16 -1.110223024625157e-16  4.440892098500626e-16     0.9999999999999996
