8
2

0.7288449861485351
0.8380585126632637
0.9681616155339482
 1.126588720625664
 1.331217596654057
 1.956968731656798
 3.512104240692373
 6.731151893592338

  0.7321776298728609   -0.143357119034652  -0.5986562958598015  0.09921349393893848   0.1388646017132662  -0.1926499113437986   0.1345769702170434 -0.02497298382528664
  0.5287091093838284 -0.07093642207290557   0.4658523907171278   0.1978346646633883  -0.1316117726157578   0.6614952000549533  0.06163508071929776  0.02410924380057453
  0.1674555033246596  0.04415232898582526   0.2638551364132531  -0.1149942186820478   0.5284051238650818  -0.1760092636663576  -0.2710305924569988   0.7095894623221403
  0.1531572218620127 -0.02231826718649964   0.2753565490336691   0.3292332531815467  -0.6389305197525762   -0.557425490376885  0.03610972824477567   0.2675251341050931
 -0.3430957337887636  -0.1194811218913185  -0.2477590655977933   0.6068268320046886   0.1301013347138353   0.2233073698786148   0.4513197808672935   0.4097610730685337
  0.0107294566662363  0.02481748226667794  -0.1607787766720779  -0.6602910520482297  -0.3580076589886441   0.1768229080844869   0.4415594678303656   0.4278133875205897
  -0.121701100951137  -0.7131359414285077   -0.231585190100499 -0.03673186447439222  -0.2456976542516787   0.1900953949623951  -0.5422934579997497    0.176236346559089
 0.01559339632639439    0.669712408701608  -0.3718673923527377   0.1543619623598525  -0.2654950116445824   0.2575633752957353  -0.4588923169637506   0.2042559928938216

22.74158337891945
 52.0815115739955
70.41212016675166
155.3480464506914
86.30242028377504
186.9004203266001
101.3854982228213
221.4069310152594

 2.148378944061036
0.4662333505906809

   0.03631317812996671   -0.01593865525645562   -0.01392688104790918   0.002237106056674947  -0.004852751652941228   0.007299818747547273   -0.01044843643936385   0.007642304292018747
 -0.007943257990176157   0.003496033620515216   0.003126607312436868 -0.0005544058245722936   0.001326926228468384  -0.001762817729137057   0.002127731775951991  -0.001563803435758209

   0.01793107121229473     0.0135497095105615   0.005484235828691584    0.00446467850150785   -0.01122082804641415   0.009344688642901477     0.2427886340413473     0.2238438484773069
 -0.003928100502559063  -0.003053857737104671 -0.0009016912554731697  -0.001044412240055257   0.002294922775509097  -0.002494451178952837   -0.05329574111085753   -0.05133140258313827

cov:
  0.9399184941553062    1.537855459332858    0.264038576652987 -0.07389134144419157  0.05132187243946545  -0.1971789047459705    0.273303950593065  -0.1891904283058536
   1.537855459332858     26.6391147066775   -9.183991029843929    4.784265969176025   -5.920434102165914    6.102980306788751   -9.233344317061414    4.623998245665772
   0.264038576652987   -9.183991029843929    7.639101667227532   -2.235944249705156    5.158588387808016   -5.050200354215671    8.733762708035901   -4.103394553960355
-0.07389134144419157    4.784265969176025   -2.235944249705156    3.601192431920067   -1.035217909416067    1.376048476732477   -3.535026090618721   0.7448558989920704
 0.05132187243946545   -5.920434102165914    5.158588387808016   -1.035217909416067    5.261408671898591   -3.575833767661597    6.502942355856227   -3.352787268517953
 -0.1971789047459705    6.102980306788751   -5.050200354215671    1.376048476732477   -3.575833767661597    4.410009142899737   -6.115097599701503    2.956145453377991
   0.273303950593065   -9.233344317061414    8.733762708035901   -3.535026090618721    6.502942355856227   -6.115097599701503    14.35907421189103   -4.543259102624482
 -0.1891904283058536    4.623998245665772   -4.103394553960355   0.7448558989920704   -3.352787268517953    2.956145453377991   -4.543259102624482    3.835425735470619

cov.inverse():
    1.523226683660152   -0.2153267835895237   -0.3444084690761811    0.1859389596296142    0.0857635452562588   0.08919479007288682    0.1068755992749666   0.06297780647752924
  -0.2153267835895236    0.1076693427662332    0.1456477576080021  -0.09874872506483302   0.01113205690030724  -0.03440300347377703  -0.05894248783339215   0.00100011683320638
  -0.3444084690761802    0.1456477576080022     1.166453761592585 0.0007728118411374577   -0.2300322532389051    0.4410605257842599   -0.2469280278056956    0.2216870794841371
   0.1859389596296134  -0.09874872506483294 0.0007728118411378254    0.4960376531481792   -0.1356002211877408   0.07363555870749292    0.1635781989681108   0.05119337993002847
  0.08576354525625932   0.01113205690030716   -0.2300322532389055   -0.1356002211877406    0.7299540358382404  0.001643179725221022   -0.1419893565569141    0.2396785405845219
  0.08919479007288904  -0.03440300347377711    0.4410605257842595   0.07363555870749289  0.001643179725221205     1.011454987181804    0.1105708555542082   -0.1437115757648797
   0.1068755992749664  -0.05894248783339214   -0.2469280278056951    0.1635781989681108   -0.1419893565569143    0.1105708555542084    0.3132380860584963  -0.05791204904596527
  0.06297780647752921   0.00100011683320641    0.2216870794841374   0.05119337993002849    0.2396785405845218   -0.1437115757648796  -0.05791204904596541    0.7415453605915231

cov*(cov_.inverse()):
     1.000000000000001  -6.78168458889683e-17 -9.159339953157541e-16   4.85722573273506e-16  -3.33066907387547e-16 -1.859623566247137e-15  1.266348137463069e-16 -5.551115123125783e-17
 5.551115123125783e-16                      1  2.220446049250313e-16  2.775557561562891e-17 -6.661338147750939e-16 -7.771561172376096e-16                      0                      0
 2.775557561562891e-16 -1.708702623837155e-16     0.9999999999999994  2.775557561562891e-16 -1.110223024625157e-16  -3.33066907387547e-16 -8.326672684688674e-17  4.440892098500626e-16
-2.151057110211241e-16 -1.626303258728257e-18  5.551115123125783e-16                      1  2.775557561562891e-17  4.163336342344337e-16  2.636779683484747e-16 -1.110223024625157e-16
-2.775557561562891e-17 -6.245004513516506e-17 -7.771561172376096e-16  4.163336342344337e-16     0.9999999999999997 -7.771561172376096e-16  8.326672684688674e-16  4.440892098500626e-16
-1.387778780781446e-16  6.071532165918825e-18   3.33066907387547e-16                      0                      0      1.000000000000002 -1.665334536937735e-16                      0
 1.665334536937735e-16  1.474514954580286e-17 -1.332267629550188e-15  6.661338147750939e-16 -2.220446049250313e-16 -8.881784197001252e-16      1.000000000000001  1.332267629550188e-15
-4.996003610813204e-16  1.817122841085705e-16  1.221245327087672e-15 -2.775557561562891e-16  2.220446049250313e-16  6.661338147750939e-16 -4.718447854656915e-16                      1
