10
2

0.02964075422708569
0.04134993024282625
 0.3487750237618018
  0.558389215571055
 0.8095486724955125
  1.011736746322399
  1.346556468445029
  2.356748878056521
  3.400192497710365
  4.753973259436645

   0.3737954093579621   -0.1166603541189682   -0.8065560824562993    0.2533011795054114    0.3288399931653423   -0.1041797982806705    0.1080688599097726  -0.03608206156360644 0.0001047043012360131  0.001782118686341859
   0.4007766404904379   -0.1248002859886092  -0.06340819340946817   0.02020869401816165   -0.7513416162556167    0.2348076686827782    0.4265133128147653   -0.1333290888091887  -0.00584116897900734 0.0008636973934888004
 -0.06115350640442784   0.03171541132814555   0.03253851602049163 -0.007407928997094862   0.09614169224704981  0.007348889178956632    0.2084156438494509  -0.05391492025492354   -0.9196861103423829   -0.3044291000506025
   0.5665201297630027   -0.1098224729020641    0.1306563402229272  -0.01854954633053963   -0.1184428510874214  -0.04070510945218935     -0.70940434130976   0.06943701202172002   -0.1017463397489554   -0.3398011939947937
  -0.5570390895639388   0.02931531377304862   -0.4551229275802992   0.04990151636676687   -0.4470110309531732  -0.08444821340179483   -0.3677015739420114   -0.2847168186548766  -0.01430305165258079    -0.236215940189619
   0.1133066516298238  -0.04763420243510778    0.1693771488243821  -0.01204118280866681    0.2467012757162275    0.1735213734640023   -0.0445287667189514   -0.9261824370886995   0.05118600926649039   0.05168234666644191
   -0.103824956183438   -0.0242742546662433   -0.1196694047258864   -0.1561949319231425    0.1955230301553321    0.7964550936682251    0.0371017362373788    0.1522831834594282    0.1842240020320285   -0.4678016188254766
  0.03373202610841004  -0.02457252259840122   -0.2500373488951148   -0.5812962217941113  -0.03528552661159945    0.2856998811902138   -0.2595292474838681    0.0428319820804184    -0.271842576589527    0.6098167612467655
  -0.1588568393540354   -0.4638808970558935    0.1184606865495076    0.6593931347921244  -0.01864850102073108     0.345598857569603   -0.1960751249856533   0.09635594880121522   -0.1680687412876129    0.3390920453491095
   0.1211872785429962    0.8592097926006712  -0.02487927481186588    0.3678240696385309   -0.0597965641323786    0.2442460639582799   -0.1239000933204123  0.002516451203323195  -0.06987456312721216    0.1663936964942023

22.72654300701731
71.08343779256563
34.95209289777942
110.2441881876183
41.31608879288255
130.6163700314529
57.84098909475698
183.4577334018367
68.69001038323198
220.0385635012436

 3.202757386722477
0.3126747450827637

   0.09621764745017244   -0.02993112110218844    0.01690403071845318  -0.005367496368561609   -0.03326054877772409    0.01053506242859468   -0.08082494639100617    0.02618898293106312 -6.891276166405319e-05 -0.0003788568269530904
 -0.006554508368966213   0.002055218687268891   -0.00454346564665982   0.001430682062857483   0.001271443419146012 -0.0004301832578842605    0.00977513914150697  -0.002993790347095678  1.596841083239315e-05   -1.6403957679889e-05

2.414861783489724e-06 5.234779725084602e-05 -0.003338189385132249   0.03832221111742777  -0.01710777363228912  -0.01208022759912954  -0.01342925599082219    0.1607621624540208    0.2263510330422837  -0.04221051490367402
2.604486266287032e-06 1.616802075601744e-06  0.000318179926437496 -0.003688788654185283  0.001691028592072886 0.0009715677534788955  0.001403867190079196  -0.01563241499714132   -0.0218826337960347  0.004682779302387115

cov:
   0.9669567068227569     3.169199782934416   -0.1016991317545189   -0.3058599319168717 -0.003186813561565399  -0.01834164046915485   -0.0323055468355312   -0.1816347032476792   0.03170725433298152   0.06974770481550804
    3.169199782934416     19.18350579325633    -1.100289907346557     3.694504332356208    -1.080992044565691      2.80663962761025    -1.300484040685181   -0.4433108182454173   -0.4293256011151486      1.35328259060258
  -0.1016991317545189    -1.100289907346557    0.7205871275120549      1.51950188988652    0.1861673476392497    -0.179915607408359    0.2272638582829821  -0.03497620696597482     0.152018380238731   -0.3101752646980828
  -0.3058599319168717     3.694504332356208      1.51950188988652     10.00754510702155   -0.5977136323483749     3.512366560055777    -1.704835121683578    0.5758028998312783    -1.036290633024634      2.12573512849821
-0.003186813561565399    -1.080992044565691    0.1861673476392497   -0.5977136323483749     0.360876432285935   -0.1084037315086399    0.3983276033731099   -0.1320909390644474    0.2593799656917291   -0.4920981807558848
 -0.01834164046915485      2.80663962761025    -0.179915607408359     3.512366560055777   -0.1084037315086399     4.368791314638226    -1.803826528900587    0.5370459879096537    -1.212218854079148     2.591775612656302
  -0.0323055468355312    -1.300484040685181    0.2272638582829821    -1.704835121683578    0.3983276033731099    -1.803826528900587     1.421185167309098    -0.182971555994986    0.9812048732436247    -2.023120604589643
  -0.1816347032476792   -0.4433108182454173  -0.03497620696597482    0.5758028998312783   -0.1320909390644474    0.5370459879096537    -0.182971555994986     1.092805262396069    -0.247033643301111    0.3928358786418837
  0.03170725433298152   -0.4293256011151486     0.152018380238731    -1.036290633024634    0.2593799656917291    -1.212218854079148    0.9812048732436247    -0.247033643301111     1.017840299389182    -1.948911221867837
  0.06974770481550804      1.35328259060258   -0.3101752646980828      2.12573512849821   -0.4920981807558848     2.591775612656302    -2.023120604589643    0.3928358786418837    -1.948911221867837     4.503968380531734

cov.inverse():
   254.5298744486613    -79.1202591094771   -357.3872858805528    112.4301723655993   -36.07309213219623    10.68033325749369    144.8644628767062   -46.32037941410513   -1.039567786031176   0.7295261750291008
  -79.12025910947732    24.70201314273539    111.6569316701933   -35.10972724839352    11.20748885995265   -3.317443139187845   -45.18754101034314    14.50871141891268    0.208302065321157  -0.2760501867393267
  -357.3872858805315    111.6569316701863     743.220727322038   -233.2906596087553   -273.7051814279636    86.94232286785561   -115.0136035059565    38.11698285080578  -0.1513089186923554   -1.712581703721326
   112.4301723655927   -35.10972724839134   -233.2906596087552    73.39132936000382    85.87643823177707   -27.34208656246158    36.21111874935283   -12.00233651169344  0.02337646626492687   0.5426940468373045
   -36.0730921322262    11.20748885996229   -273.7051814279155    85.87643823176209    453.7484174942464   -141.9708136697986   -146.2924957338193    45.00144260837521    1.961877942406988   0.2942345007728717
   10.68033325750291   -3.317443139190819    86.94232286784103   -27.34208656245705    -141.970813669799    45.02295799591266     45.8988752515823   -14.09206106497505  -0.7851782409458874  -0.1897210701296319
   144.8644628767155   -45.18754101034606   -115.0136035059835    36.21111874936128   -146.2924957338017    45.89887525157673    121.8828688114436   -37.74802783628277   -2.762922622653211   0.7717421340514142
  -46.32037941410778    14.50871141891351    38.11698285081376   -12.00233651169593    45.00144260836982   -14.09206106497334   -37.74802783628267    12.89366491782699   0.8080164431551138  -0.0571672230742281
  -1.039567786031624   0.2083020653212967  -0.1513089186915402  0.02337646626467092    1.961877942406801   -0.785178240945827   -2.762922622653398   0.8080164431551737    7.043982969466946    2.334693954995674
  0.7295261750289557  -0.2760501867392816   -1.712581703721219    0.542694046837271   0.2942345007730279  -0.1897210701296808   0.7717421340512913 -0.05716722307419003    2.334693954995678     1.42280518299061

cov*(cov_.inverse()):
     1.000000000000117 -7.993605777301127e-15  -3.78613806972794e-13  7.160244619441869e-14 -3.552366734105306e-14  2.892651396191326e-14  3.472222509515177e-14 -7.516556821407505e-15  8.049116928532385e-16  5.273559366969494e-16
 2.076117056049043e-14       1.00000000000001 -2.526867604046856e-13  1.043609643147647e-14  2.958744360626042e-14 -4.996003610813204e-15  3.752553823233029e-14  1.282307593442056e-14                      0  2.220446049250313e-16
 2.567390744445674e-14  9.436895709313831e-15      1.000000000000016  6.689093723366568e-15 -2.228772721935002e-14  3.001071613439876e-14 -1.812439087700568e-14 -1.033548246986982e-14 -2.220446049250313e-16 -2.775557561562891e-16
-5.040412531798211e-14 -3.308464613382966e-14  2.620126338115369e-13     0.9999999999999364  1.822986206434507e-13  2.248201624865942e-14 -2.375877272697835e-14 -3.289035710452026e-15 -8.881784197001252e-16  4.440892098500626e-16
 7.716050021144838e-15  9.853229343548264e-15 -5.917488721252084e-14  9.436895709313831e-16     0.9999999999999614  1.501576640805524e-14 -4.218847493575595e-15  -9.26342336171615e-16 -6.661338147750939e-16 -4.440892098500626e-16
-5.995204332975845e-15 -1.354472090042691e-14  1.305622276959184e-13 -1.532107773982716e-14  3.597122599785507e-14      1.000000000000001 -2.220446049250313e-15  -6.63358257213531e-15  8.881784197001252e-16  4.440892098500626e-16
 6.106226635438361e-14  -3.61932706027801e-14 -8.038014698286133e-14  3.463895836830488e-14 -6.328271240363392e-15  1.332267629550188e-14      1.000000000000043 -1.393329895904571e-14                      0 -4.440892098500626e-16
-4.218847493575595e-15  3.275157922644212e-15  9.225953334635051e-14 -2.450817326860033e-14 -1.974809205051997e-14 -1.068589661201713e-15 -1.892930256985892e-14     0.9999999999999993  5.551115123125783e-16  1.110223024625157e-16
-2.309263891220326e-14  -5.88418203051333e-15 -5.773159728050814e-14  2.575717417130363e-14  1.176836406102666e-14  4.218847493575595e-15  3.153033389935445e-14 -3.871902798380233e-15     0.9999999999999991 -4.440892098500626e-16
-3.641531520770513e-14  2.220446049250313e-15  9.947598300641403e-14 -5.773159728050814e-15 -2.775557561562891e-14 -1.554312234475219e-15 -1.021405182655144e-14  7.494005416219807e-15   1.77635683940025e-15                      1
