10
2

0.07338741142674164
 0.3462428251840078
  0.887289976791514
 0.9909350544888987
   1.69195449687849
  2.320830206135687
  2.549471645877527
  2.857094465355525
  3.868829856505714
  10.81727034304656

    0.412357085842001   -0.1610686186193597   -0.7571611376578485    0.2960292160345622    0.3501682141155149   -0.1417441159196297 -0.001371892303882488  -0.01708865809416568 -0.009255912775657349 -0.001870803738676932
   0.5464550578493566   -0.1860314057311528   -0.0424619420444961   0.01747517068393926   -0.7192821575244979    0.2798215887586589    0.1649468122477221  -0.04465070151978685     0.188742718347928  -0.06464436793061157
  -0.5634090253296914   0.03227216058573302   -0.4555747412451785   0.03063342843543694   -0.2678747043268757    0.1901575425193362    0.4583241964911687   -0.2565180198543573   -0.1113521294805968    0.2772425246882426
    0.406497249502508   0.01724836989634768    0.3269400718558542  -0.02502026995561489    0.2572598941659066   0.05118476923806341    0.3907704372179217   -0.2858451603396307   -0.4176361967932937    0.4993146687969447
 0.002013954050066508   0.01213516220355305  -0.06950024850298023  -0.09156274673347159    0.1680153742116763    0.5752992386828893   -0.4831193858596087   -0.1106637962179394    0.3554775465464907    0.5053921030348401
   0.0366612567012231   0.05002494288329768   -0.1294162305032436    -0.198931530813394  -0.00410619023568211    0.2231130737284035    0.1377327570922815    0.8743203238016061   -0.2596853593929824    0.1979697232875339
 -0.01184242076915893  -0.05821709150470129   0.01585015235581181   0.02725314240275361   -0.2542007802364608   -0.6691810973585646  -0.07357254879986205    0.1484728801496296    0.3066723086301364    0.6012904186284048
   0.1770680569602005    0.4654526520666448   -0.2962082255191834   -0.6796216577419431   -0.1490741413831927   -0.1764048015689723    -0.230228230432197   -0.2109670932397059   -0.2244567733189951  -0.03377975871561602
  -0.1255308008126652   -0.7195156645285901  -0.02576721130804657   -0.1471524395224525   -0.1509221284371134  -0.04406342937442535   -0.3906272871847448  -0.08158876585135956   -0.5073422540476352   0.05347705396233635
 0.008906985958179122    0.4446597215078605   0.01524811528009087    0.6150262095032131   -0.2901917252471168   0.03487798594116461   -0.3829435656337513   0.01774262465772867   -0.4264335142132611   0.09733871652477182

22.68511004619205
57.86134984947623
35.55554012066331
90.65507739842032
51.69636497669844
131.3117299018183
72.67764834991198
185.3117400303981
86.79572935487921
220.8165249386421

 2.547801621145412
0.3943101593838046

    0.1043250583982849     -0.040946837497569   -0.03042672214647029    0.01184690319224533   -0.07413660304913305    0.03013574011545468 -0.0003411136740950641   0.003839697356562138   0.001038791349754966   0.001155528652204907
  -0.01293730186405115   0.005073219413361085  -0.001037463650410183  0.0004120089601175859     0.0138189286606332  -0.005516576302435184  0.0001264060124582405 -0.0003206794810252194  -4.41547983720432e-05 -4.398739739127743e-05

 0.000246938235404229   0.01531840344231378  -0.01670718594453354    0.0126081213795413   0.01808449366997989   0.07354687997407493  0.008299086952174989   0.04168922310167206    0.3685428684990834     1.401489428411769
2.058735119425096e-06 -0.002327653627111894  0.002613888613347388 -0.002072646878392888 -0.002420448996468658 -0.009242695554674897 -0.000425417881788182 -0.007665793240892949   -0.0584613159516043   -0.2181004072794722

cov:
   0.9581234677006109     2.482578844690928  -0.06289569908384818   -0.1285179595213798   -0.0394608964751837  -0.08284904816024896 -0.004367953061303734   0.02416168927022654   0.00657945123952595   0.01996132225738554
    2.482578844690928     32.69484832221973   -0.1022762676831158     30.93567501133546    -13.92582518876379     1.951940038165432    -16.53007746537336     1.165488881670539    -17.76453137316433     4.220685664932621
 -0.06289569908384818   -0.1022762676831158     1.130695544273595     2.936769113164951   0.02503843261009192    0.1142175137071912  -0.02315912991719108  0.001617078394734922   0.02436365387432159    0.1193222511196387
  -0.1285179595213798     30.93567501133546     2.936769113164951     48.59946439402071    -19.82297520313082     3.081028553039728      -25.453577016691     1.746158341932847    -28.07879668571045     6.830916828885123
  -0.0394608964751837    -13.92582518876379   0.02503843261009192    -19.82297520313082     11.06124782956339    0.4557376712657932     14.03990455471813   -0.4936156041978161     15.47102847394394    -4.066503487181821
 -0.08284904816024896     1.951940038165432    0.1142175137071912     3.081028553039728    0.4557376712657932      4.59219033062698    -1.190046804037314    0.5984228310522332     -2.17437265286326    -1.070029772001356
-0.004367953061303734    -16.53007746537336  -0.02315912991719108      -25.453577016691     14.03990455471813    -1.190046804037314     21.00024537333249    0.6060305412381802     21.46881899930835    -5.160180240818605
  0.02416168927022654     1.165488881670539  0.001617078394734922     1.746158341932847   -0.4936156041978161    0.5984228310522332    0.6060305412381802      4.92784848216882   -0.7801143795919346     1.351624811750964
  0.00657945123952595    -17.76453137316433   0.02436365387432159    -28.07879668571045     15.47102847394394     -2.17437265286326     21.46881899930835   -0.7801143795919346     27.06385024057488    -3.995831480483347
  0.01996132225738554     4.220685664932621    0.1193222511196387     6.830916828885123    -4.066503487181821    -1.070029772001356    -5.160180240818605     1.351624811750964    -3.995831480483347     4.758931062258131

cov.inverse():
    34.6396116745796   -13.17952236983804   -57.71139486712988    22.69792484110416    23.82876520964043   -9.692364410380721   0.4795782903224385    -1.44496490544067  0.05572398635953409  -0.4301704899375272
  -13.17952236983803    5.171180114913774    22.67988163610567   -8.911364653330384   -9.362064111240043    3.816266504615194  -0.1851925352761418   0.5630970976592243 -0.02165298757913989   0.1708658962569891
  -57.71139486712982    22.67988163610563    106.8501662816296   -41.61804335218661    -48.7326407308958    19.72079620579694  0.01655427367247138    2.461364106861781    1.167113909633047   0.2773087300403002
   22.69792484110407   -8.911364653330363    -41.6180433521866    16.34746986701509    19.13148245928502   -7.758318467184496  -0.0124339001488259  -0.9581653923819283  -0.4539951884904386  -0.1323450287322618
   23.82876520964026   -9.362064111239979   -48.73264073089558    19.13148245928494    27.26610767291123   -10.88274218642213   -1.148905696356217  -0.8391185003548417   -1.786410042200821   0.3085319438511608
  -9.692364410380673    3.816266504615171    19.72079620579686   -7.758318467184466   -10.88274218642214    4.629932004619105   0.4743815516291771   0.2721671701658014   0.6708065686677765  0.03980345822126933
  0.4795782903224895  -0.1851925352761623  0.01655427367238106 -0.01243390014878989   -1.148905696356179    0.474381551629161   0.7534515876629065   -0.272794336982335 -0.01811444864523843   0.1838393461411562
  -1.444964905440684   0.5630970976592305    2.461364106861814  -0.9581653923819411  -0.8391185003548599   0.2721671701658087  -0.2727943369823331   0.3931340959180298  0.07653855504168067   -0.178740507096311
 0.05572398635954243 -0.02165298757914302    1.167113909633033  -0.4539951884904331   -1.786410042200815   0.6708065686677736 -0.01811444864523892  0.07653855504168057   0.6024880605664508   -0.269792790966223
 -0.4301704899375248   0.1708658962569879   0.2773087300402984  -0.1323450287322611   0.3085319438511578  0.03980345822127049   0.1838393461411577  -0.1787405070963115  -0.2697927909662225   0.5395726751531857

cov*(cov_.inverse()):
    0.9999999999999645 -9.248678212170347e-15  2.140041616138788e-14  4.296953418081451e-14  9.405670686746248e-15   7.57748898350119e-15  1.063385490773783e-15 -1.821893330644642e-15 -5.967448757360216e-16  4.562322741819003e-16
-3.530509218307998e-14      1.000000000000018  -8.37108160567368e-14  2.520206265899105e-14 -4.196643033083092e-14  1.118549697309845e-14 -2.220446049250313e-16 -1.665334536937735e-15  1.332267629550188e-15  4.440892098500626e-16
-3.239769563734285e-14  4.309053114326389e-15     0.9999999999999917 -4.048844592929868e-15 -1.339900412844486e-14  1.106840313847002e-14 -1.228184220991579e-15 -4.891920202254596e-16 -7.632783294297951e-17  5.551115123125783e-17
 2.562394740834861e-13 -7.971401316808624e-14 -2.970956813896919e-13      1.000000000000082 -4.707345624410664e-14 -4.923839114212569e-14 -9.325873406851315e-15 -7.771561172376096e-15                      0 -2.664535259100376e-15
 -3.33066907387547e-14 -2.464695114667848e-14  6.217248937900877e-15  2.164934898019055e-14      1.000000000000029  1.168509733417977e-14  1.443289932012704e-15  9.992007221626409e-16  4.440892098500626e-16 -4.440892098500626e-16
 1.504352198367087e-14  8.881784197001252e-16 -1.160183060733289e-14  1.998401444325282e-15 -1.043609643147647e-14     0.9999999999999971 -1.110223024625157e-16  5.551115123125783e-17  6.106226635438361e-16                      0
 1.554312234475219e-14   -1.4210854715202e-14 -7.838174553853605e-14 -7.882583474838611e-15   1.20792265079217e-13  2.756128658631951e-14      1.000000000000005 -1.998401444325282e-15 -6.661338147750939e-16  4.440892098500626e-16
 3.552713678800501e-15  1.970645868709653e-15 -7.771561172376096e-16  5.551115123125783e-17 -5.995204332975845e-15  3.677613769070831e-16  2.775557561562891e-17     0.9999999999999997  1.110223024625157e-16  2.220446049250313e-16
 -1.70086167372574e-13  8.881784197001252e-15  3.008704396734174e-13 -6.417089082333405e-14  7.283063041541027e-14  3.050337760157618e-14  2.664535259100376e-15  4.551914400963142e-15     0.9999999999999996  2.664535259100376e-15
 2.664535259100376e-14 -1.110223024625157e-16 -2.531308496145357e-14  1.643130076445232e-14 -2.309263891220326e-14 -1.137978600240785e-15 -2.220446049250313e-16 -2.220446049250313e-16 -6.661338147750939e-16                      1
