10
2

0.02382444246063307
 0.2045214376219079
  0.276972799008636
 0.3300689639822874
 0.4040462445801324
 0.7342664306590186
 0.8986563211755219
  1.201099867180787
  1.693187610069904
  3.287342203831144

   0.2380395198429373   -0.1007679578266678   -0.7436378799064066    0.3067553493571425    0.4916379712338506   -0.2106516282257981 -0.001301614315552766  0.000142975261570895  0.001715105867054437 0.0004532267257510367
   0.1464870829350989  -0.05826555590117222   -0.1087615109628965   0.01218880408476674   -0.2222566784115591   0.08389829311698488  0.004996311232750606  -0.01780499222839871    0.9489804304606775  -0.07632976718646896
  -0.2856139535571784     0.124616891300677    0.4216952882744424  0.007737841164090397    0.6544196109517274   -0.3280207877965869   -0.3222791970321929  -0.03844908214320463    0.2865329315119661   0.04126150232519665
   0.1567951673034117  -0.05229260562060937    -0.115203187427716  -0.02904084756419698   -0.2395148674113545   0.01170468778227239   -0.8664030037976905       -0.367872537481   -0.1048545734060779  -0.06389359806153809
   -0.775204564862782    0.2644182845758776   -0.4785802640521395   -0.2817267843425085   -0.1167892017326178   0.00473197814789266  -0.03646373791177383  -0.04390531407111029   0.05383099444211202  -0.03024296999843534
  0.06794641278744142 -0.006310449521908343   0.02171793632008231   -0.1128760164235393   -0.2348957141653057   -0.7115886603127243    0.0729554817274701     0.114006185056591  -0.04815313655873126   -0.6324221250477594
 -0.09476079831677499  -0.04405713231367034   0.03295093095700678    0.1279696383771901    0.2500145558307302    0.5664121359428244   -0.1006817792981428    0.1756114789373847  -0.03308626759917847   -0.7390645904154327
   0.2544718401318551  0.009625447977659098   -0.1125114272959405     -0.63443302775199    0.1255591295630169   0.05153366427601291   -0.2400132249240621    0.6550173842295066  0.004782558047531153    0.1220226910999928
  -0.2603715122606242   -0.1105639263059448   0.02746650720546628    0.5974205234841794   -0.2711799655812351   -0.0988207276073884   -0.2650970170840988    0.6188912802131435 6.885843887347646e-06    0.1603422830356757
   0.2619751580979698    0.9401979283762831 -0.008075562866559671    0.1922123582238139  -0.05133238921152924   0.03503648655863752  -0.02799273227646515   0.07096307013730961 -0.001877251691333837  -0.02646927684796651

35.74995365337258
79.75555948136582
49.89126737214402
113.0210337051205
56.88862507965645
129.4797658819543
67.87369006727646
157.7924861169194
80.12572787335998
187.3788798795617

 2.351943704813242
0.4254793622293805

    0.1415586394537346   -0.05975218104924817   -0.09113346844978577     0.0381307630277133   -0.05097698866314149    0.02119232707313393 -0.0008700438433969809 -7.306773168567571e-05  -0.001873681260415721 -0.0001263907053465276
  -0.02522789614903386    0.01064689149159331    0.01592298944359797   -0.00666910470896296   0.009181350659204352  -0.003811812634660143  0.0002305861375183874  1.131024681087726e-05  0.0001037668525744094 -4.520287301881159e-05

 5.088922316819537e-05   0.001921251953286061   -0.00971071817456361   0.005246255028883132    -0.0141495797556739  0.0003798794275986964  -0.007604429782681205    0.02356951623483509    0.00550563416929873   -0.08260108226339802
-8.881924693659788e-06 -0.0003508012426901217    0.00171894409946573 -0.0009378780152862498   0.002536659932032224 -4.596229212634658e-05   0.001403529359137337  -0.004290868624434716 -0.0009458858558831926    0.01492532563473159

cov:
      1.14715682740524      2.713509354927432   -0.03780303702766974     -0.113513162470349    0.07050925761273115     0.1297345849296228      0.037806012144132   -0.02986589061011891    -0.0118628128101147    -0.1150734110253466
     2.713509354927432      9.602569716839056    -0.1092291074792288      1.738632043927355    -0.4388585752699405     0.3671000427878707     -0.200117354830211     0.5271737967182799   -0.01432093262971246    -0.2899809197992085
  -0.03780303702766974    -0.1092291074792288    0.07554861398538484     0.1577704914823215  0.0007536737609053878   -0.02388405827553404     0.0219758866693947   -0.05088499319496448  5.334465953649025e-06   -0.02709553224851431
    -0.113513162470349      1.738632043927355     0.1577704914823215      2.036358769211764    -0.6393815149397342   -0.04224561761998546    -0.3031279809156883     0.6222506221222721   -0.01024361719261792    0.07164696031714765
   0.07050925761273115    -0.4388585752699405  0.0007536737609053878    -0.6393815149397342     0.3858073633563752     0.2535050047425872     0.1556598696995228    -0.3721785542071719   0.008592806513681751    -0.1519762652703458
    0.1297345849296228     0.3671000427878707   -0.02388405827553404   -0.04224561761998546     0.2535050047425872     0.5857788148857206   -0.02038779329661791   -0.06277867148129958 -0.0009898915201101656    -0.1432246342650381
     0.037806012144132     -0.200117354830211     0.0219758866693947    -0.3031279809156883     0.1556598696995228   -0.02038779329661791     0.3940699144106984    -0.6924898811723587   0.002393977671896353    -0.1157121759378071
  -0.02986589061011891     0.5271737967182799   -0.05088499319496448     0.6222506221222721    -0.3721785542071719   -0.06277867148129958    -0.6924898811723587      1.818571665729646  -0.002295595268255287     0.2385264057809495
   -0.0118628128101147   -0.01432093262971246  5.334465953649025e-06   -0.01024361719261792   0.008592806513681751 -0.0009898915201101656   0.002393977671896353  -0.002295595268255287    0.04784415165224827    0.03588966269763839
   -0.1150734110253466    -0.2899809197992085   -0.02709553224851431    0.07164696031714765    -0.1519762652703458    -0.1432246342650381    -0.1157121759378071     0.2385264057809495    0.03588966269763839     0.7604779188704667

cov.inverse():
   105.4057039106082   -44.21961086916198   -311.7317235349391    129.7649362976033    203.1627927145886   -86.97001650676921  -0.4002066148810597  -0.1253904636487022    2.567942631749706   -0.165867427308757
  -44.21961086916199    18.71512090222154    132.1317179507932   -54.92191784782447   -85.98713884320347    36.73439567214716  0.06822630193405306  0.01818408135296224   -1.021155297872834    0.114620713588724
  -311.7317235349391    132.1317179507932    978.4028293350534   -400.9677131496093   -639.3527956744958    273.9239800858761   0.9588279851040967   0.1318857619443963    -3.19003013831992 -0.07587553681132878
   129.7649362976034    -54.9219178478245   -400.9677131496092    166.7316223220291    265.9431036399922   -113.6681730503894  -0.4220351930121246  0.08816325962154418     1.17009789007737   0.2906552828034536
   203.1627927145887   -85.98713884320354   -639.3527956744961    265.9431036399923     433.429168526307   -185.2328659616524   -2.030986846526336   0.7334479886015127  -0.9093203941414014    1.354545634270063
  -86.97001650676935    36.73439567214721    273.9239800858762   -113.6681730503895   -185.2328659616524    81.09199012009479     1.61054319021517 0.009828461619927238  0.07251775659567984  -0.1903849716593823
 -0.4002066148811073  0.06822630193407329   0.9588279851042469  -0.4220351930121867   -2.030986846526436    1.610543190215214    8.342757830744652    2.921577047505811  -0.2756575143064177   0.3028818871826832
 -0.1253904636486741  0.01818408135295042   0.1318857619443098  0.08816325962158031   0.7334479886015709 0.009828461619902404     2.92157704750581     1.77464460044385  -0.2227575876782348  0.03120710131867814
   2.567942631749667   -1.021155297872817   -3.190030138319795    1.170097890077318  -0.9093203941414847  0.07251775659571529  -0.2756575143064182  -0.2227575876782353    22.72939026782916   -1.437524261243116
 -0.1658674273087585   0.1146207135887246 -0.07587553681132304   0.2906552828034513    1.354545634270059  -0.1903849716593803   0.3028818871826834  0.03120710131867817   -1.437524261243116    1.642463294219333

cov*(cov_.inverse()):
    0.9999999999999413  1.416748662830258e-14 -1.245531455751347e-14 -3.605449272470196e-14   3.11972669919669e-14  1.667763149804102e-14  5.551115123125783e-17 -6.201636426617085e-17 -4.440892098500626e-16 -2.775557561562891e-17
-6.489947468324431e-14      1.000000000000008 -2.110152330647708e-13  6.275535646693697e-14  1.504352198367087e-14  5.662137425588298e-15  2.775557561562891e-17  3.642919299551295e-17 -1.221245327087672e-15                      0
-1.264613413987092e-15  2.326264181284898e-15      1.000000000000022 -1.873501354054952e-15 -1.099120794378905e-14  2.504940699310509e-15 -1.092875789865388e-16  -7.32920668600201e-17 -4.163336342344337e-17 -6.938893903907228e-18
 4.113376306236205e-14 -1.547373340571312e-14  3.188855429714366e-14     0.9999999999999908 -7.813194535799539e-14 -7.625844400394044e-15 -1.595945597898663e-16 -2.068657745102342e-16  9.298117831235686e-16 -6.938893903907228e-17
 2.419245359597255e-14 -1.981054209565514e-15 -1.080229655725518e-13  3.348710198025628e-14      1.000000000000086 -2.298161660974074e-14   9.71445146547012e-17 -1.561251128379126e-17  -3.33066907387547e-16  1.665334536937735e-16
 -3.70536934468646e-15 -5.037636974236648e-15 -2.626024397933691e-14 -8.597289546941056e-15  4.121702978920894e-14     0.9999999999999928 -1.665334536937735e-16 -5.117434254131581e-17 -2.775557561562891e-17 -2.775557561562891e-17
 6.966649479522857e-15 -4.527628272299467e-16 -1.811051308919787e-14  3.649858193455202e-15  2.442490654175344e-14 -1.008568228932916e-14     0.9999999999999996  1.214306433183765e-16 -8.326672684688674e-17  8.326672684688674e-17
  2.71657696337968e-14 -1.101202462550077e-14  8.174017018802715e-15   1.96787031114809e-14  8.881784197001252e-15   -2.8796409701215e-15  6.522560269672795e-16                      1  2.775557561562891e-16                      0
 4.969982758673552e-16 -1.335737076502141e-16  2.801144732833549e-15 -7.476658181460039e-16 -2.046973701652632e-15  1.231653667943533e-16 -1.734723475976807e-17 -6.722053469410127e-18     0.9999999999999999  1.387778780781446e-17
-3.386180225106727e-15  2.067790383364354e-15  1.018629625093581e-14   3.05311331771918e-16 -1.576516694967722e-14  3.996802888650564e-15 -1.942890293094024e-16  1.040834085586084e-16  2.220446049250313e-16                      1
