10
2

0.04109244713160464
 0.2967226997195847
 0.4823577114457498
 0.7863879885053791
   0.80288385879765
 0.9320626031505064
  1.248930944938176
   1.49709257809834
  3.443365946844263
  5.424673745400135

    -0.187151304019735    0.05809105389693274     0.7486358813431673    -0.2323714177939001    -0.5635179380800996     0.1719686738267603     0.0045732756798781 -0.0008193580447240554  -0.000300375402700609 -0.0005408138618619322
   0.02065150109411958   -0.01064492930192164    -0.0494533692509532    0.01516749192505279   -0.07345590623219959   -0.00276692774945018     0.9514868533181912     0.2764730195085709   -0.07419853465281159    0.06411787031257914
   -0.6852269755838293      0.157144927335661      0.257022750473985   -0.05835510277094574     0.5977698278591215   -0.03798321915386404    0.02308392761405192    0.09704932789607586    -0.2370860465779082     0.1066336072125478
    0.3074670271114425   -0.03540680892465665     0.1385066729739644   0.001207812586560231    0.09775026161067205    0.06900641716088732   -0.04423941292968674   -0.07331297009252144    -0.1486336371491667     0.9172153254633206
   -0.5546433582125285    0.04636409939166215    -0.5078931676906777    -0.1924984745911141    -0.4674042992310303    -0.1991899192686417   -0.01672598173708707    -0.1647085600021493    0.06129238899782103     0.3254245764252331
   0.08025667122020248    0.01277094669483162    0.01417550236257983    0.01511405775805645   -0.03626386078228114   -0.08656476058097914     0.1653222346113685    -0.7161826615798524    -0.6437390826965496    -0.1717812913773024
   -0.1699967827881988    0.00831537382130596     0.2121908311839791     0.8250965481332037    -0.0756303116578121    -0.2471435137927948    0.08667120652794504    -0.2499329595239523     0.3177388643327091    0.08652431544855307
    0.1780882787222753    0.07758310942126194     0.1658756757564059    -0.1454781845116908   -0.04892873950159653    -0.9084283754752563   -0.07947135556243697      0.244697699980942     -0.139768565061883   -0.01492436630562521
    -0.127894685637021    -0.4466168643883673   -0.07960354325653578     0.3832163552116373    -0.2388846137344016    0.09979893548491381    -0.2044346474695572     0.4486734180234617    -0.5663425050870206   -0.01067456935755799
   0.09712952281541014      0.873324859359051    -0.1217417813096593     0.2372332318138593       -0.1587646426308      0.144092226616664   -0.09449624615740063     0.2122989292213653    -0.2383252008509954 -0.0009052412770752985

22.68620643233547
73.36924409897172
48.52080989960425
156.3377067230502
57.16340472251839
184.0590264634148
68.32727148809013
220.8808839479738
82.14491368097964
263.4414407260606

 3.212995561968941
0.3116272993464319

     0.102972277987822   -0.03203784035232967   -0.04082452644749446    0.01288952150650977   -0.06192523185941223    0.01984341479756232   0.001636999045937929  4.049837032590842e-05 -0.0001698505187617768  0.0001404196647902737
 -0.009514904395212402   0.002961037530546223   0.001929807231129087 -0.0005961226396276487   0.007556894485591808  -0.002383888356323744 -5.361424939575727e-06  5.703227095513167e-06  1.578835633120034e-05 -1.799523788671488e-05

-2.764983223216354e-05  0.0009479066569746283    -0.0289702543073073    0.01394555382782497  -0.009896415186286565   0.007233063018578742   -0.02484753674069555   -0.01768221889482813     0.3068511401838273    0.07754503050615459
-1.912230296627971e-06 -7.808183832109479e-05   0.002819615392242591  -0.001365834763499739  0.0009580796091857193 -0.0006838708021709144   0.002462900017009033   0.001653599597854918   -0.03006683302895912  -0.007647663703808425

cov:
   0.9594270202939463     3.154680667300846  -0.04970195962149324    -0.100388307276986 -0.003100653817702306   0.04775001101032923 -0.007644073626886717   0.07041457837408578   -0.0198143605406289   0.01388645060263679
    3.154680667300846     24.83062145805926    -2.684098214197787      4.04507907395094    -2.819290831523991     3.003643481328574    -1.356366451510018     3.111369820226086    -3.156624363301215   0.02336518081118462
 -0.04970195962149324    -2.684098214197787    0.8380273201472884   -0.9331143019176814    0.9473303613246067   -0.9619190102086432    0.5315943173398469    -1.132363968702031     1.386960825071728   0.01240783898800928
   -0.100388307276986      4.04507907395094   -0.9331143019176814     4.531699071315812    -2.225550875863906     1.461578256480127    -1.445949885526131      3.12929752838273    -3.795606348106048   0.01808813646705223
-0.003100653817702306    -2.819290831523991    0.9473303613246067    -2.225550875863906     1.664680455925045   -0.7656039473035637     1.013225312695467    -2.180560651976429     2.655736561477605  0.003116627707927032
  0.04775001101032923     3.003643481328574   -0.9619190102086432     1.461578256480127   -0.7656039473035637     2.709368613106878   -0.5268020941247388     1.100192041120879    -1.482301250193465  -0.01012191631527079
-0.007644073626886717    -1.356366451510018    0.5315943173398469    -1.445949885526131     1.013225312695467   -0.5268020941247388    0.8891466273636327     -1.83067495664325     2.006811846584401 -0.004581930017828219
  0.07041457837408578     3.111369820226086    -1.132363968702031      3.12929752838273    -2.180560651976429     1.100192041120879     -1.83067495664325     4.420127640979715    -4.308671461919651  -0.06964782908911503
  -0.0198143605406289    -3.156624363301215     1.386960825071728    -3.795606348106048     2.655736561477605    -1.482301250193465     2.006811846584401    -4.308671461919651     6.065325534327349    0.1439038326705405
  0.01388645060263679   0.02336518081118462   0.01240783898800928   0.01808813646705223  0.003116627707927032  -0.01012191631527079 -0.004581930017828219  -0.06964782908911503    0.1439038326705405    0.6307164059288664

cov.inverse():
   23.43730237200213   -6.947060436409831    -83.2443799422055    25.99261766567528    61.13246379116102   -18.79672865374062  -0.3578731279643686 -0.04850926916763324   0.4876043533829295  -0.0894051043255048
  -6.947060436409839    2.156899255223163    25.89624315700336   -8.057040952373935   -19.01115577004449    5.838971931495609  0.06425009476952497 -0.01770647365776822  -0.1469201589171307  0.01434866325273655
  -83.24437994220551    25.89624315700339    332.6929545511034   -102.8447246437137   -248.7561136689126    76.27075698787409    1.532263347227208  -0.3294599817335808  -0.4078155278136357  -0.2010181539895764
   25.99261766567526   -8.057040952373933   -102.8447246437136    32.51245916517576    77.47798442870568    -23.6653011595999  -0.4197972575399464  0.04074805191521903   0.2151425550511239 0.006732765746026455
   61.13246379116116   -19.01115577004453   -248.7561136689127    77.47798442870578    190.0211985848466   -57.29688474854069   -2.260327726872077   0.4264376759693224  -0.4876954305448801   0.3134927726975744
  -18.79672865374068    5.838971931495621    76.27075698787408   -23.66530115959991   -57.29688474854066    18.00663736868265     0.43213302350059 -0.04866254323245552  0.03943799879064098 -0.06334486808133354
 -0.3578731279642592   0.0642500947694921    1.532263347226793  -0.4197972575398175   -2.260327726871762   0.4321330235004949    10.34382406331497    2.837472968692253  -0.9065125384473748   0.6008047283478046
-0.04850926916760537 -0.01770647365777641  -0.3294599817336795  0.04074805191524971   0.4264376759693955 -0.04866254323247791    2.837472968692252    1.635510316089603   0.1115904374811628   0.1799051265722446
   0.487604353382904  -0.1469201589171227  -0.4078155278135286   0.2151425550510908  -0.4876954305449617  0.03943799879066569  -0.9065125384473736   0.1115904374811625   0.9251562582076862  -0.2057432126588172
 -0.0894051043254937   0.0143486632527331  -0.2010181539896207 0.006732765746040231   0.3134927726976078 -0.06334486808134371   0.6008047283478036   0.1799051265722446   -0.205743212658817    1.659304467393172

cov*(cov_.inverse()):
    0.9999999999999897  6.195808839939976e-15  -4.90805313058118e-14  1.143097389747633e-14 -7.834011217511261e-15  2.222993924355654e-14 -3.386180225106727e-15 -1.376069397318602e-15 -3.755676325489787e-16 -3.122502256758253e-17
 5.054550528127422e-15      1.000000000000007 -1.407537281172822e-13  1.184992316945188e-14  6.342062291997408e-14  1.964574336543734e-16 -1.049507702965968e-15 -4.215378046623641e-16  4.501607420159814e-16  -4.85722573273506e-17
 1.405126015541214e-15  1.230921831477105e-15     0.9999999999999473  2.135239955767393e-14  2.301544371752229e-14  1.064068538142449e-14 -1.698294282981294e-15 -2.740863092043355e-16 -6.288372600415926e-17  8.673617379884035e-17
 3.750797415713603e-14  1.778958924614216e-15  1.660238786727053e-13     0.9999999999999702  4.126733677001226e-14 -1.911600218396092e-14  6.609296443471635e-16  7.155734338404329e-17   2.34187669256869e-17  -9.71445146547012e-17
 1.661350093953851e-14 -5.592823025448584e-15  -1.71092523829075e-13  3.502078388026818e-14      1.000000000000051 -8.699096130937445e-16 -4.038436252074007e-15 -5.833007687972014e-16  5.193328406205566e-16 -2.688821387764051e-16
-2.106561453052436e-14  1.860761978528247e-16   8.87523561587944e-14  6.845205283677325e-15 -8.510553373142216e-15     0.9999999999999847  1.028691021254247e-15  2.146720301521299e-16  1.157927920214519e-16 -5.204170427930421e-17
-8.479816241552252e-15 -2.299619912896067e-15  1.687018580387445e-16  9.418735322924698e-15 -1.000393344552375e-14  1.648502298209897e-14     0.9999999999999993 -5.645440712132022e-16  3.278627369596165e-16 -5.290906601729262e-17
-6.019490461639521e-15  -3.21249103707455e-15  9.114410615129742e-14 -4.585535510331917e-14 -7.529740719824929e-14 -7.762887554996212e-16  7.355227538141662e-16      1.000000000000001  1.306246777410536e-15  1.249000902703301e-16
 3.887515309664025e-14 -6.631847848659334e-15 -1.446863462373216e-13  1.596032334072461e-14  7.227551890309769e-14 -7.853093175747006e-15   9.71445146547012e-17  9.957312752106873e-16     0.9999999999999997  1.665334536937735e-16
-5.967448757360216e-16  3.122502256758253e-16  4.163336342344337e-16 -3.443426099813962e-16 -1.443289932012704e-15  7.632783294297951e-16  5.551115123125783e-17 -1.387778780781446e-17                      0                      1
