8
2

0.08162576473464822
 0.3170832439357777
 0.3582193322761433
   1.00662438396499
  1.192828711986006
  1.887057363833481
  3.475260479166436
  8.729393470783403

  0.4741416034559439  -0.1425161410609979  -0.7906713300522804   0.2514768275886552   0.1176912535334183  -0.0146020530076792   0.2281371037648995 -0.01913513010325054
  0.8313803701158005  -0.1515219466636782   0.3744923117480712   -0.174577473889822  -0.2401189615980812 -0.02196040600829297  -0.2178969842008405 -0.09750652820394223
   -0.12168343081737  0.01048867012652894 -0.01254162180460539   0.1760601728465506  -0.8123948056771906  -0.2524636751201249   0.4030115494593324  -0.2603595920629621
  0.0331869974977471  0.04149640888503357   0.1024913767680829   0.3111794530128668   0.1987331488456477   -0.890529518247376  -0.1768429398651029   0.1613332707701173
  -0.076453365155482  0.01477518971371836  -0.1428387549013015  -0.4145620673722621   0.2292673639966142  -0.2474007044429868 -0.07335109628779164  -0.8261482573001924
 0.01788066617290591  0.07372020975390262  -0.2042448872223516  -0.7750153900124451  -0.1106043033985734  -0.2785345411608188   0.2328003769594491   0.4559275881935935
 -0.2422005689209263  -0.6208473582491869  -0.2800954664786793 -0.07570713994711566  -0.3025614757004686 -0.02892191927678915  -0.6110993483849981  0.07668157014067266
 0.05711597909460144   0.7508620827174091  -0.2887217128750487  0.01449623595871276  -0.2695759367583109  0.05383970558650059  -0.5232244445250502  0.00630954844334667

35.56532868846093
103.4586770629883
53.06151265049559
154.6741986083984
64.36884976918878
187.3292022705078
88.48929433554297
263.0708068847657

 2.948770278974405
0.3403467090918726

     0.107193493118019   -0.03767569077613248   -0.01172542602617478  -0.007527493137352594   -0.02490746822671604    0.01251017104971378   -0.04782415595595148 -0.0006341285510506162
  -0.01321755240214744   0.004519969260550054   0.002251942459414012  0.0008915198020255554   0.002045063088197325   -0.00122702006478933   0.005822687802031817  0.0003485136323317223

 0.0003302057320256794    0.01085237021068285  -0.002136459849316805  -0.009409121249668934   -0.01242163321930786   -0.01703656376798035     0.4545168712664146      1.029968929884884
-4.588782836030092e-05   -0.00128219260769413  0.0003450213598322317  0.0007931892448275566  0.0006309759093555394   0.002051059012671934   -0.05335752058461236    -0.1265001589780105

cov:
   1.040528579562177    5.075310881188004  -0.4023179094198999   0.2742147196819709   -0.320566428927783   0.3002224833126546  -0.4966321852484828 -0.07666528203944444
   5.075310881188004    47.64152615630309   -14.47697117233282    1.200680476929826   -13.16916777705323    3.181675596280039   -25.29960239469208  -0.1037034001909397
 -0.4023179094198999   -14.47697117233282     7.50626874040654   0.6092381563250472    7.000660245576415  -0.9266691051036922    13.39601443231991  -0.5483139815237833
  0.2742147196819709    1.200680476929826   0.6092381563250472    2.574252532581228   0.1975952525522525   0.7144132462497728  -0.6608904630697681  -0.7874448060132512
  -0.320566428927783   -13.16916777705323    7.000660245576415   0.1975952525522525    6.892273585165363   -1.123800299488335    12.79349318159909  -0.7969209817886547
  0.3002224833126546    3.181675596280039  -0.9266691051036922   0.7144132462497728   -1.123800299488335    1.406158993132409   -1.991283870978362  -0.2992301066033546
 -0.4966321852484828   -25.29960239469208    13.39601443231991  -0.6608904630697681    12.79349318159909   -1.991283870978362    25.62996003946542  -0.3935981267135836
-0.07666528203944444  -0.1037034001909397  -0.5483139815237833  -0.7874448060132512  -0.7969209817886547  -0.2992301066033546  -0.3935981267135836    1.821421259194623

cov.inverse():
  40.74154479150518  -11.39079262073979  -53.14247371070173   16.31538613426954   7.159576276996935 -0.9979613608944691   14.06211944602495  -1.870669304015776
 -11.39079262073978   3.320313203921218   16.35704454759684  -5.105156669873733  -2.200812924989686  0.2820096344478928  -4.495440673342058  0.5385526833148601
 -53.14247371070179   16.35704454759685   95.26920389178345  -30.39100924794712  -14.76995163656251   1.626910412212589  -27.93178295309282   2.004331109251812
  16.31538613426955  -5.105156669873735   -30.3910092479471   10.42183608259178   3.764546776597182  -0.999974181527174   9.462138614255164 -0.7195968776410573
  7.159576276996984  -2.200812924989705  -14.76995163656268   3.764546776597243   7.883487034513222   1.187516333889554   1.962191258102284   1.425607956150516
-0.9979613608944582  0.2820096344478887   1.626910412212554 -0.9999741815271626   1.187516333889563   1.381055575285949  -1.094233218053618  0.5414955815476703
  14.06211944602489  -4.495440673342043  -27.93178295309272   9.462138614255142   1.962191258102211  -1.094233218053629   9.633879584739926  -1.221260878631135
 -1.870669304015756  0.5385526833148534   2.004331109251763 -0.7195968776410414   1.425607956150527    0.54149558154767  -1.221260878631121   1.242017445940143

cov*(cov_.inverse()):
     1.000000000000006  -1.65145674912992e-15   4.98212582300539e-14 -2.026157019940911e-15  1.623701173514291e-15  3.122502256758253e-16  6.078471059822732e-15  -3.33066907387547e-16
  7.91033905045424e-14     0.9999999999999968 -4.132805209167145e-14  2.305100554877981e-14  1.088018564132653e-14  4.642120021713936e-15  2.356448369766895e-14  1.915134717478395e-15
 5.551115123125783e-14 -3.597122599785507e-14      1.000000000000024 -3.025357742103552e-14  1.554312234475219e-15 -4.496403249731884e-15  9.658940314238862e-15 -2.664535259100376e-15
 1.110223024625157e-14 -3.164135620181696e-15 -1.998401444325282e-15      1.000000000000004  2.886579864025407e-15  2.775557561562891e-16  1.443289932012704e-15 -5.551115123125783e-16
-2.087219286295294e-14  -2.19824158875781e-14  1.472155730652958e-13 -4.074518500374325e-14     0.9999999999999982 -1.110223024625157e-16  2.498001805406602e-14  5.551115123125783e-16
 5.329070518200751e-15  2.137179322403426e-15 -6.328271240363392e-15  4.135580766728708e-15  1.165734175856414e-15     0.9999999999999998  2.164934898019055e-15  -3.33066907387547e-16
 5.351274978693255e-14 -7.113754030285691e-14   3.61932706027801e-14 -5.662137425588298e-14 -1.720845688168993e-14 -9.742207041085749e-15      1.000000000000015  1.387778780781446e-15
 1.332267629550188e-15  1.887379141862766e-15 -8.881784197001252e-15 -6.661338147750939e-16   1.77635683940025e-15 -1.110223024625157e-16                      0                      1
