10
2

0.1134597832302023
 0.755835316865466
0.8524532531616796
0.9090416561634496
 1.271165516059723
 1.832930214323423
 2.219303002123802
    2.421003024843
 4.214643559033048
 6.737441629089882

  0.5540017382088526  -0.2677584893605628   -0.703912239343938   0.3415397272647628  0.03887043568032932 -0.01958964638278311  0.05713297345469839 -0.01739555589640253  0.05816571813616785 -0.02002352706780701
 -0.3871289284258275  0.05365348674274092  -0.2835830898719547  0.03528075978253544   0.2252733646300975    0.286773316838876   0.4259776327398765  -0.5456039407922202  -0.2316162702298056   0.3159345988708541
  0.2662948000407531 -0.04968902546040645   0.1723474881379588  -0.0642844458838763  -0.2552491795860339   0.8898721002041109  -0.0360477810049222 -0.05834881915371393   0.1657862730465771 -0.05973541350225272
  0.6073052958223839 -0.02690476805784442   0.4892526886957081 -0.05315679404392538 0.009165472576217257  -0.2551273084923634   0.3180094445887349  -0.4171205508046692  -0.1491033718298942   0.1604283245080481
 -0.2006600838717459 -0.05318342712507693  -0.1092078148644603 -0.00668267890941529  -0.7225167618947519  -0.2306849079533743   0.2231854769950727  -0.3446147013786742   0.3916385728564648  -0.2184907996271811
 0.04606892021894601  0.06181849912115541 -0.09843199681689505  -0.1107784199035278  -0.4874631359089528 0.001773233862365434   0.2937696124778157   0.4981793541783136  -0.3204540221611039   0.5452503312699093
 -0.1139862898729212    -0.20809124994936   0.1754438888298724   0.3367584855525467   0.0160121706997085  0.08123382033700823   0.5235449151299585   0.2616172923778169  -0.3440761482624583  -0.5759615585144541
  0.2040674323276158   0.4991975542411543  -0.3156887210149838   -0.590576859191413 -0.00280399484562791 0.004945995131640685   0.1030072416827069 -0.02974491879900535  -0.2529773832611897  -0.4303402792957449
-0.07808686597742616  -0.6563667650468602 -0.04733310103144001   -0.337486893160389  -0.1754761987427996 -0.01830722061856492    -0.35121506247255  -0.1959927669525107    -0.49806957539434 -0.07734176235801765
 0.01896996181520627    0.438481845076814  0.02684746533893366   0.5354871839555395  -0.3029817196457015  0.01542045286761989  -0.4107009835933501  -0.2234638716388742  -0.4546679475509965 -0.05036314448362376

22.68434369363622
46.06521492653081
35.56269835854261
72.38934164864681
65.44124910603077
133.3424707791895
75.97551754124031
 155.538252259761
90.25156223909033
184.6786107875396

 2.043850038894719
0.4905078349658537

    0.1346881088644361   -0.06601705152132485    -0.1279306012754728      0.062804587951687  -0.001739008605819951  0.0009539006695782249  -0.002271465633772033  0.0004973971385579552   -0.00256481247319909   0.001029897381452502
  -0.03157547485630314     0.0154704549642828    0.02959857712151262   -0.01456103326953855  0.0005040407920946124 -0.0002138977024077744  0.0005793901913147947 -3.802347047487785e-05  0.0006272460341515963  0.0001298486259414217

  0.002618415410752697   -0.01006990583268601    0.01011537162319634    0.01405022449318753   -0.01750891965089214    0.03215937650807899    -0.0178779967778756   -0.01294357251558619     0.3527674677340051     0.2851504409439888
-0.0006095649418565466   0.002491923409510256  -0.002457068323072831  -0.003429687081745647   0.003915135119189132  -0.006798909457921316   0.003264093328630992    0.00221873444557654   -0.08488193170540044   -0.06787510128974251

cov:
  0.9507932315770046    1.991839462159061 -0.03056165169878155  -0.0256778611769843   0.0346387484861212  0.05465386182769718 -0.00529887889228726 -0.01426130733598907  0.02223903463114585    0.026709671245854
   1.991839462159061    18.07653059213519 -0.05168172614180743    12.50103410251261   -4.032636753064463   0.4541820166515785    -4.26600727921907   -2.390090193731689   -3.740377261943916  -0.6291603811160046
-0.03056165169878155 -0.05168172614180743    1.131780441935902    2.319569814386701  0.02091248039332451  0.09736943783229179 -0.02542061720645226 -0.01777160333194665  0.06978250072114633   0.1668478646864211
 -0.0256778611769843    12.50103410251261    2.319569814386701    17.69121114167195   -6.071033461867176   0.5793599468491799   -7.480985830586818   -3.891707643975654   -7.651539480985247   -0.424771877417395
  0.0346387484861212   -4.032636753064463  0.02091248039332451   -6.071033461867176    6.433537482620777  -0.0123672999693313    6.105102508814121    3.229301669531572    7.788609053928435   0.3104588495150702
 0.05465386182769718   0.4541820166515785  0.09736943783229179   0.5793599468491799  -0.0123672999693313   0.8116016746119178 -0.06283772926119519   0.1033778244149084  -0.3485030237001125  -0.1890145986694992
-0.00529887889228726    -4.26600727921907 -0.02542061720645226   -7.480985830586818    6.105102508814121 -0.06283772926119519    11.81868765220853    6.171958122343349    10.26882593519485   0.2563656113424292
-0.01426130733598907   -2.390090193731689 -0.01777160333194665   -3.891707643975654    3.229301669531572   0.1033778244149084    6.171958122343349    4.633407971923364    5.308901400905151   0.9960218298055574
 0.02223903463114585   -3.740377261943916  0.06978250072114633   -7.651539480985247    7.788609053928435  -0.3485030237001125    10.26882593519485    5.308901400905151    15.41046561826979     2.54379445643135
   0.026709671245854  -0.6291603811160046   0.1668478646864211   -0.424771877417395   0.3104588495150702  -0.1890145986694992   0.2563656113424292   0.9960218298055574     2.54379445643135     4.09757405956952

cov.inverse():
   24.68364732770169   -11.56475323141755    -29.6809745614737    14.58447738054723    1.516568843344441  -0.8717299555382834    2.359743572848957  -0.6635302179786819    2.559446838501296  -0.9465280288141574
  -11.56475323141754    5.661322835715454    14.55638515372288   -7.143223388539159  -0.7527326112511712   0.3872920124416772   -1.162513681248527   0.3401594797653206   -1.249853431955829   0.4522962641556326
  -29.68097456147373    14.55638515372288    38.99543386412627    -18.6911691811095   -2.228278149220685    1.007050846192546   -3.165693149751458   0.9812435572451329   -3.129184319028332    1.020519582654335
   14.58447738054723   -7.143223388539156    -18.6911691811095    9.171693677503233    1.087381604371376  -0.5578558611750566     1.54148297765891  -0.4562555498221106    1.538839697485341  -0.5289923449912116
    1.51656884334444  -0.7527326112511705   -2.228278149220683    1.087381604371375   0.6935634126890377  -0.1582401977855044   0.2221205537841392  -0.1657023082746432 -0.09725181032714854   0.1048989066951934
 -0.8717299555382826   0.3872920124416765    1.007050846192544  -0.5578558611750559  -0.1582401977855044    1.376551677203455 -0.03819873246579118  -0.1362042881938531 -0.01733777833401645  0.08806213222004711
   2.359743572848951   -1.162513681248525   -3.165693149751454    1.541482977658908   0.2221205537841395  -0.0381987324657914   0.8199982173891738  -0.6125128294782338  0.01885547788243574   0.1621069345845821
 -0.6635302179786813   0.3401594797653201   0.9812435572451317  -0.4562555498221103  -0.1657023082746436  -0.1362042881938528   -0.612512829478234   0.9244953154997703   0.0642533389933744  -0.2507151280542018
   2.559446838501304   -1.249853431955831   -3.129184319028337    1.538839697485344 -0.09725181032714814 -0.01733777833401663  0.01885547788243692  0.06425333899337375   0.6004085846530783   -0.304618962238383
 -0.9465280288141625   0.4522962641556351    1.020519582654342  -0.5289923449912148   0.1048989066951931  0.08806213222004723   0.1621069345845813  -0.2507151280542015  -0.3046189622383836   0.4592964250711392

cov*(cov_.inverse()):
    0.9999999999999636 -9.098624631498353e-15  1.825276041422796e-14 -1.621966450038315e-15 -6.609296443471635e-16  6.917209860457518e-16  1.153591111524577e-15  3.720981855970251e-16 -3.838943052336674e-15  8.673617379884035e-17
-1.210143096841421e-14                      1  1.010302952408892e-14  3.885780586188048e-16  -6.38378239159465e-16 -2.289834988289385e-16  1.984523656517467e-15  4.163336342344337e-16 -3.774758283725532e-15                      0
 2.442490654175344e-15  1.124100812432971e-15     0.9999999999999941   4.73232564246473e-15  5.828670879282072e-16  3.989863994746656e-17  9.367506770274758e-16 -2.151057110211241e-16  -4.85722573273506e-17 -6.661338147750939e-16
  5.71209746169643e-14  4.163336342344337e-14   7.09432512735475e-14     0.9999999999999682 -1.915134717478395e-15  1.748601263784622e-15 -1.665334536937735e-15  1.221245327087672e-15 -1.110223024625157e-15   1.27675647831893e-15
-2.808864252301646e-14 -5.273559366969494e-15  1.665334536937735e-15 -4.996003610813204e-15      1.000000000000002 -2.706168622523819e-16 -2.914335439641036e-16 -2.359223927328458e-16 -1.665334536937735e-15 -6.661338147750939e-16
-1.942890293094024e-16 -3.885780586188048e-16  6.106226635438361e-16  2.775557561562891e-16 -2.081668171172169e-17                      1  3.122502256758253e-17  1.387778780781446e-17 -2.151057110211241e-16 -5.551115123125783e-17
-1.099120794378905e-14 -6.689093723366568e-15  7.827072323607354e-15  1.443289932012704e-15  1.512678871051776e-15 -7.979727989493313e-17      1.000000000000002 -2.636779683484747e-16  -1.52655665885959e-15  3.885780586188048e-16
-1.354472090042691e-14  -5.10702591327572e-15 -6.439293542825908e-15 -4.107825191113079e-15  5.828670879282072e-16  6.938893903907228e-17  8.326672684688674e-16                      1 -1.665334536937735e-16   3.33066907387547e-16
-4.440892098500626e-14 -8.881784197001252e-16  5.329070518200751e-15  8.881784197001252e-16  2.775557561562891e-16 -5.551115123125783e-16  1.110223024625157e-16                      0                      1  2.220446049250313e-16
-5.329070518200751e-15 -6.661338147750939e-16  2.664535259100376e-15 -4.440892098500626e-16 -5.551115123125783e-17  1.110223024625157e-16 -2.220446049250313e-16  4.440892098500626e-16 -2.220446049250313e-16     0.9999999999999999
