10
2

0.2221373170982595
0.5510408858176383
0.6847288862927157
0.9148972014186058
0.9184595889876208
 1.870068691796584
 1.999188268284977
 2.467307579027374
 4.112823483378506
 5.080859832498865

  -0.4043277917326507    0.2207544914908077    0.7371367561726482   -0.4229142178703296   -0.1561872094407173   0.07808394685100056   -0.1314146053275023   0.07307876067986216   -0.1017993032499096   0.04576580923420812
  0.04434163776642949   -0.0561786082386572   0.01976813644092076  0.006368461012985747   -0.6565139765224413    0.2605839968084432    0.5336880334834424   -0.4580252447447013   0.01884126351902233   0.02380736740391184
  -0.1795488617735201   0.08011274564299375   0.08066336905408723   0.01304011694249802    0.5700469003178181   -0.1913979173594053    0.3844272497969127   -0.4991085778056246   -0.3228844919516624    0.3032042565077537
   0.4705650411424641  -0.02929869046998705    0.3973643004802707   -0.1050651532207674    0.3115027635255258   0.03524676673986039   0.08045292383628973   -0.2789190135183918    0.3914094834782611   -0.5225197374373556
   0.7292126778666979  -0.02178432156585272    0.1969915797767389   -0.1497028547386715  -0.02669673182445834    0.1509382998270547  -0.06550317717924206     0.140099082240632   -0.3277563230990047    0.5017170261324023
    0.133176199542349    0.4783070100064907    -0.445223334824483   -0.6503296675156069  -0.06967162104332464   -0.1610381088399011   -0.0526598191150731   -0.1456012880708715   -0.1672113097612585   -0.2227424268166523
  -0.1485046687641488   0.04373701376817012   -0.2086759175592062   -0.1993847449172003    0.3304616812162317    0.8593002812543186   0.06514833592521299    0.0712671575494537    0.1637539080312568   0.09483127108974899
  0.03684566284723964    0.1068287543459801   0.07129349049427681     0.113279168368455   0.07111179436543394   0.06472985822339572    0.5467708409541344    0.5264351596828554   -0.4486031651036076   -0.4274705968235181
 -0.06526589509084305   -0.6179677434917626   -0.0384790053743912   -0.1471755900014357 -0.002220950123789636    0.1617224604429301   -0.3189858021469129   -0.2501484511147897   -0.5380182033044443   -0.3328153832235963
  0.06103849621131011    0.5624707633051528   0.06852096388538029    0.5388019617672075  -0.05266802686000838    0.2658320062405473   -0.3628112155795817   -0.2689841273191422   -0.2809244935571772   -0.1689812987749705

22.73062629973113
37.60625672300832
50.51758981300157
84.14744886335431
67.78180234177543
112.9483146008516
78.04369698041613
131.7438078797518
92.71019198452959
155.2681528550158

 1.674748821719804
0.5982665966751559

    0.0589884130870073    -0.0353870265627621    -0.0581971131463211    0.03492320433750781 -0.0003577436060106823  0.0002077452254581566 -0.0001906058615250107  5.803339030370887e-05 -0.0003736642298189425   0.000188896295382247
  -0.02072487696146755    0.01243961727676936     0.0201109032805103    -0.0120590733078135   0.000159784694884159 -7.008137654885852e-05  0.0002452941439733883 -0.0001592028916552626  6.997893652949724e-05  0.0002186478490182597

 -0.004400742965397108   0.001164101887075095  -0.008361176799496814   0.001355511469954403    0.02309039910287804    -0.0204843531785309   -0.02045481935132584   -0.01094958707946411     0.2594214034477892   -0.03288778026350257
  0.001528646990207781  -0.000367371523443409   0.003049713303162373 -0.0006980372860556359  -0.008084188530221173   0.007093767363618644   0.007429793641978493    0.00344131974522462   -0.09293663889825199    0.01245961877651522

cov:
   0.9843585880578607     1.752449770159697    0.3394010151835506    0.7263023473578413   -0.2406157531455326   -0.2053789725128191    -0.191240671759914   -0.1290010181905526   -0.1423640505406912  -0.07804940239900537
    1.752449770159697     15.51159439792096    0.6596801326528814     8.314089832358221   -0.7303047503014889     2.077959556730609    -1.651695508321435    -1.185493813681535    0.9849258850448843    0.4063774992050644
   0.3394010151835506    0.6596801326528814     1.239337377455711     2.202224672709154   -0.1168796018650167  -0.03891364769568064   -0.1403504189961956 -0.005697973800858103   -0.1577346488589087   -0.0772330574736933
   0.7263023473578413     8.314089832358221     2.202224672709154     9.613841862057493   -0.8014406310366592     2.996572691445841     -3.80008593510889    -2.479863300873729    -2.620445436456976    -1.402082939659538
  -0.2406157531455326   -0.7303047503014889   -0.1168796018650167   -0.8014406310366592    0.9221740527606131    0.7367786940586434    0.8606688711149093    0.6140820105194623    0.4851579041020439    0.1651237609404038
  -0.2053789725128191     2.077959556730609  -0.03891364769568064     2.996572691445841    0.7367786940586434     5.392419155631165    -2.892285983553792    -1.977563516564326    -2.919952217308473    -1.764072336912656
   -0.191240671759914    -1.651695508321435   -0.1403504189961956     -3.80008593510889    0.8606688711149093    -2.892285983553792       7.1315300630523     5.475490431564989     4.104384800707158       2.0166354642821
  -0.1290010181905526    -1.185493813681535 -0.005697973800858103    -2.479863300873729    0.6140820105194623    -1.977563516564326     5.475490431564989     4.970208603421392     2.863827046340295      1.45932615412336
  -0.1423640505406912    0.9849258850448843   -0.1577346488589087    -2.620445436456976    0.4851579041020439    -2.919952217308473     4.104384800707158     2.863827046340295     8.632068775320093     5.258142616708434
 -0.07804940239900537    0.4063774992050644   -0.0772330574736933    -1.402082939659538    0.1651237609404038    -1.764072336912656       2.0166354642821      1.45932615412336     5.258142616708434     4.416887699845367

cov.inverse():
   4.294364782839524   -1.862074992635798   -5.682808704064105    3.257948254460577    1.103035093467938   -0.415834991878257   0.9953769438657663  -0.5149233459091509   0.8834956205552793  -0.3613917247611803
  -1.862074992635797    1.115862332084365    3.229828488950937   -1.955419726283426  -0.4958119449987899   0.2516746783815342  -0.6152320704808961   0.3259177637161875  -0.5347279642849833   0.2290279580269574
  -5.682808704064092    3.229828488950936    11.33015465635154   -6.303558273886344   -2.143901029117516    1.179199930725864   -1.829879979202597   0.8971365212379135   -1.457808748629153   0.6251997039090614
    3.25794825446057   -1.955419726283425   -6.303558273886346    3.810378667235712    1.303048854347095  -0.7078668299466021    1.161627961951394  -0.6097873596830251   0.8863225713094449  -0.3786515264361113
   1.103035093467938  -0.4958119449987895   -2.143901029117515    1.303048854347094    2.753316986383815  -0.9604787822267006  -0.2249166063971333  0.05944737209982778  0.05721603157386854 -0.03034713214630056
 -0.4158349918782552   0.2516746783815338    1.179199930725863  -0.7078668299466012  -0.9604787822267006   0.6509509916449887   0.1002448528804253  -0.0378944632904494 -0.02517219058562488   0.0580225621488138
  0.9953769438657676  -0.6152320704808961   -1.829879979202599    1.161627961951395  -0.2249166063971314   0.1002448528804242    1.678091696683074   -1.387433659620772  0.08154263125280001  0.05454316397049602
 -0.5149233459091501   0.3259177637161872   0.8971365212379135  -0.6097873596830252  0.05944737209982651 -0.03789446329044852   -1.387433659620772    1.506005892445078 -0.03835099307012613 -0.05278254738605918
  0.8834956205552813  -0.5347279642849837   -1.457808748629155   0.8863225713094456  0.05721603157386812  -0.0251721905856246  0.08154263125280072 -0.03835099307012654   0.8118477102773998  -0.6825564169330477
 -0.3613917247611814    0.229027958026958   0.6251997039090632  -0.3786515264361122  -0.0303471321462996  0.05802256214881334   0.0545431639704951  -0.0527825473860587  -0.6825564169330479   0.9190829798999354

cov*(cov_.inverse()):
    0.9999999999999994 -4.891920202254596e-16 -6.362965709882928e-15  5.093148125467906e-15 -9.571336778702033e-16 -9.688430613330468e-16 -1.029558382992235e-15 -4.119968255444917e-16 -1.214306433183765e-15  1.110223024625157e-16
-2.192690473634684e-15                      1 -4.329869796038111e-15  3.996802888650564e-15  -2.42861286636753e-16 -1.144917494144693e-16 -1.262878690511116e-15 -4.059252933785729e-16 -6.661338147750939e-16                      0
 4.649058915617843e-16 -5.447031714567174e-16      1.000000000000002  3.323730179971562e-15 -4.579669976578771e-16 -2.168404344971009e-16  4.536301889679351e-16 -2.576064361825559e-16   9.71445146547012e-17 -2.081668171172169e-16
 6.661338147750939e-16 -2.442490654175344e-15 -3.552713678800501e-15      1.000000000000004 -3.816391647148976e-16 -9.436895709313831e-16  8.881784197001252e-16 -6.938893903907228e-17  7.771561172376096e-16 -2.220446049250313e-16
 8.465450562766819e-16  8.326672684688674e-17  1.665334536937735e-15 -5.967448757360216e-16      1.000000000000001  1.665334536937735e-16  2.983724378680108e-16  1.561251128379126e-17  2.636779683484747e-16 -2.498001805406602e-16
-1.332267629550188e-15  1.110223024625157e-16  4.218847493575595e-15 -7.771561172376096e-16  1.193489751472043e-15                      1  3.608224830031759e-16   -1.1518563880486e-15 -6.661338147750939e-16  6.661338147750939e-16
 1.221245327087672e-15  2.386979502944087e-15  3.774758283725532e-15  2.109423746787797e-15  7.077671781985373e-16  1.804112415015879e-16      1.000000000000002 -1.387778780781446e-16 -2.220446049250313e-16  4.440892098500626e-16
 2.997602166487923e-15 -5.551115123125783e-17 -9.992007221626409e-16  2.220446049250313e-15  1.318389841742373e-16   9.71445146547012e-17  1.082467449009528e-15     0.9999999999999987  5.551115123125783e-16 -2.220446049250313e-16
 1.554312234475219e-15  4.440892098500626e-16 -8.881784197001252e-16 -2.220446049250313e-16 -1.665334536937735e-16  3.885780586188048e-16  1.110223024625157e-16  1.221245327087672e-15      1.000000000000001  -1.77635683940025e-15
 4.440892098500626e-16  6.661338147750939e-16  3.996802888650564e-15 -6.661338147750939e-16 -2.775557561562891e-16  2.775557561562891e-16  2.775557561562891e-16  1.110223024625157e-16  8.881784197001252e-16     0.9999999999999996
