12
2

0.04186968341894959
  0.325578140184963
  0.343969307407521
 0.8465867496555827
 0.8870989337081842
 0.9511668386942458
  1.100870468428893
  1.278930491617977
  1.384019043269492
   2.08520753320223
  4.283464775068905
  5.773200339143853

    0.1858440106846509   -0.06876609274525423    -0.7364416662463321      0.272604233555969     0.5515043520421887      -0.19969835612598   -0.00392850841711687  0.0006956492825935801   0.001537156269544502  0.0001979299393016035 -0.0009769658363592503   0.004251457371123413
   -0.2552478836790657    0.08889491377430402      0.177764731358338   -0.06137303934649352     0.3308959917577303   -0.07784391049766369     -0.846663227497972    -0.2329002489257566  -0.003542329015346529   -0.03028473300641295   -0.06199437158987964   -0.01316315851458891
   -0.5362951254430135     0.1686447122231062      0.269133327095026   -0.08083515693298711     0.5448837577332082    -0.1620132109277954     0.4319848699332742     0.1712348642278288    -0.1487071534394494    0.09127139045211249    -0.1784197158558453    0.06018848208283769
     0.679008389812931   -0.05496017290195768     0.4923654872392389     0.1128670050962054     0.4446632827449478     0.2175783465995877  -0.008038023758813575     0.1675717738587276   -0.06788013560236227     0.0518829341708219   -0.01582178138483665   0.001921070047710987
   0.03710703091549207  -0.004883250721568751   -0.04707314542384215    -0.0797418571130362   -0.04624132384784966   -0.03361038941933331   -0.02095542490438669    -0.1778232610626117    -0.3094769052670198     0.8894037444373755     0.1605744773028886    -0.2051762138580846
    0.1311710034806639    0.02483850315115202    0.05815098617597492     0.1120666430119919    -0.0423245986389244   -0.06382798259526928     0.1733458179668734    -0.7166874835759144    -0.3960552820227105    -0.1299492490294989    -0.2707077658102847     0.4118887641018465
  -0.01474195797211974  -0.003192248116606608    0.02969753590742756   -0.05257967454653609    0.06187798257194452   -0.04414813198985454    0.07487683080398143    -0.1304315741758727    -0.5146179577770228    -0.4169362541888396       0.40745754300346    -0.6025279320662866
     0.225604282324293    0.06980777745987152      0.214212358875896    0.08911956640853708    -0.1430205453043278    -0.8800084701013258    0.01539620444634132  0.0001457999787201386     0.1782255851556984    0.01001311139901114    -0.1430194280615292    -0.2073024929560565
   -0.2452813077821005   -0.05342731135870441      0.200953557077922     0.8465742472490484   -0.02470666791874356     0.1321111881777192     0.0674207341515954    -0.1960129507203197     0.2394547667930974    0.07769970186169255     0.1718434657623948     -0.161170378129962
   0.06239034605446639    0.07209641362410686   -0.04991713160321674    -0.2674887224936096     0.1437299780028847     0.2382953338404941      0.183576123797861    -0.4314784253326145     0.4590052518480163    0.01265441968198939     -0.372042474917778    -0.5198935073699954
   -0.1279076579207929    -0.8444790381636175    0.03402274065586064    0.04579308317213202   -0.04330422552648618   -0.01194572752192753   -0.06085431822108273     0.1216459846208299    -0.1909335832721957  0.0009413194798765524    -0.4296193411496451    -0.1602871929723161
   0.03914640406781146     0.4787336725725823    -0.1216509603943699     0.2875538274409259    -0.2009220572807879     0.1566011095413733    -0.1348700349842373     0.2944289047634333    -0.3457626006304163 -0.0005437908804711193    -0.5709730274838503    -0.2376158943068558

22.68609841850073
61.68888888756845
48.48701445949855
131.3126623862837
57.13143912164269
154.5987431419607
68.41946817322024
 185.926853647621
82.38667240027313
222.3982664653834
96.89274742444425
 262.390708915579

 2.699255552476167
0.3710262451025748

   0.08498348693633344   -0.03148812630563354    -0.0307007806544624    0.01156778516546613   -0.05303077666961682      0.019864351234499  0.0004199948868013139  9.392537467339725e-05 -0.0004070446589589348  0.0001251403085187983  6.844984846204796e-05  -0.001089804412508787
  -0.01106543917573959   0.004097168281218748    0.00125004497585207 -0.0004754952637314305   0.009740802157655451  -0.003649061025111451  4.579328371351012e-05  3.100864783884655e-05  2.234391002205898e-05 -3.848472392123112e-05  2.951457749265191e-05 -3.469667376920782e-05

 1.840948417460864e-05  -0.005313005524939887   -0.01088573350611597    0.01892773827239182   0.004769608402597524   0.009532085270939933   -0.00723472817777359   0.002754394489149104   -0.02201856751523697  -0.004460623180419026     0.3206208626485907     0.3136637560439137
 4.754500884763935e-06  0.0007315151803009879   0.001527430430484125  -0.002607885469151233 -0.0006414226044344812  -0.001402377843599222   0.001227519468301385 -0.0002611325014547866   0.003124563410476975  0.0009224493276754893   -0.04426519038452539   -0.04341101988513298

cov:
    0.9550251769031681      2.639905272917581   -0.04500039329570035   -0.09600139008454382    0.00287025664032409    0.02063715718983974  0.0008569425553203912    0.06283744481341151   0.004397683184079897   0.005979107541841382 -0.0005772934142315542   -0.02453895354800619
     2.639905272917581      20.76656734886607     -2.490886892226719      3.714741437952761     -2.508305797043553      2.630892305957275     -1.152040614637204      2.677611174520245     -2.424909547490777   -0.03133666195566117      -2.61609269022245     -1.464624473177851
  -0.04500039329570035     -2.490886892226719     0.8702177249754319    -0.6794746937893102     0.8783107563981061    -0.8849072889870141     0.5079202366130409     -1.075221782241487      1.281084431898829 -0.0006825159316849706      2.125709833121307     0.8514714578043491
  -0.09600139008454382      3.714741437952761    -0.6794746937893102      4.521496792994072     -2.166589713478848      1.317662051127471     -1.430834181894326       3.06829129673159     -3.585812728373215    0.06942185603082458     -5.205379830649454     -2.006223334809983
   0.00287025664032409     -2.508305797043553     0.8783107563981061     -2.166589713478848      1.701295176640754    -0.6343559362402732      1.054796171350388     -2.248358460078344      2.657498176875698    -0.0325159869119292      3.974163277966972      1.400358064924501
   0.02063715718983974      2.630892305957275    -0.8849072889870141      1.317662051127471    -0.6343559362402732      2.411699112870124    -0.5215141682227779      1.091064213974621     -1.432323321270919    0.02819524870953972     -3.031110028864062     -1.473041873676967
 0.0008569425553203912     -1.152040614637204     0.5079202366130409     -1.430834181894326      1.054796171350388    -0.5215141682227779     0.9622778774037046     -1.921672134881454      2.058653161321875   -0.04401650160467742      2.756363927921439     0.8236337934137277
   0.06283744481341151      2.677611174520245     -1.075221782241487       3.06829129673159     -2.248358460078344      1.091064213974621     -1.921672134881454      4.583462210438157     -4.399847904618345   -0.02161498468996617      -5.84390801456348     -1.795043565967717
  0.004397683184079897     -2.424909547490777      1.281084431898829     -3.585812728373215      2.657498176875698     -1.432323321270919      2.058653161321875     -4.399847904618345      6.275559770095114     0.1526531768785998      7.187396107764605      2.404920087968438
  0.005979107541841382   -0.03133666195566117 -0.0006825159316849706    0.06942185603082458    -0.0325159869119292    0.02819524870953972   -0.04401650160467742   -0.02161498468996617     0.1526531768785998     0.8639189096648755   -0.05829501108455103    0.05873556583921127
-0.0005772934142315542      -2.61609269022245      2.125709833121307     -5.205379830649454      3.974163277966972     -3.031110028864062      2.756363927921439      -5.84390801456348      7.187396107764605   -0.05829501108455103      15.23643678812202      6.196348889846904
  -0.02453895354800619     -1.464624473177851     0.8514714578043491     -2.006223334809983      1.400358064924501     -1.473041873676967     0.8236337934137277     -1.795043565967717      2.404920087968438    0.05873556583921127      6.196348889846904      4.275574983582782

cov.inverse():
    23.47556466410398    -8.293124792417895     -79.2435499396162     29.43325155384871      55.5964395550161    -20.18710001860039   -0.3238038144942701  -0.07513027063452894    0.7169077994084482    -0.250876448807942    0.7580810081733587    0.2541908016251971
    -8.29312479241791     3.068702331976576     29.38387259985635    -10.88705471261008     -20.6182511281205     7.484567472105207   0.06780814215274049  -0.01265678326366179   -0.2652651768399356    0.0833874979502939   -0.2817668613715179   -0.0870020079942415
    -79.2435499396162     29.38387259985635     310.6754550189748    -114.6134179420655    -229.6005870428509     83.43313581636578     1.229167870174628   -0.2332429499165719     -1.01203359841582    0.0468738167267328   -0.1224432989411848    -1.683359977232405
    29.43325155384875    -10.88705471261008    -114.6134179420655     42.92107261271108     85.23301799464649    -30.86875614453587   -0.3787144760416222   0.03008648827697857    0.4204605654203574  -0.05990236318671438   0.02094610131908875    0.6728673850769812
    55.59643955501617    -20.61825112812052     -229.600587042851     85.23301799464654     177.3445721098265    -63.59301088079052     -1.89263270428795    0.4078923431289379   -0.2449710562703158     0.351328795718897    -1.305895697664267     1.541625668046054
   -20.18710001860039     7.484567472105208     83.43313581636576    -30.86875614453588    -63.59301088079049     23.59732297125622    0.4670702034234831  -0.06484790206355572   0.01471087382639612   -0.1225057348940462    0.4597331633013552   -0.4839025210252572
  -0.3238038144943619    0.0678081421527742     1.229167870174973   -0.3787144760417506    -1.892632704288203    0.4670702034235736      8.39810373016066      2.31465860396327   -0.5852628821903118    0.5031332465066394   -0.1921415029905156    0.3344213027398481
 -0.07513027063452117   -0.0126567832636647   -0.2332429499166105   0.03008648827699281    0.4078923431289704  -0.06484790206356787     2.314658603963271     1.487235138620393    0.1420030886098267    0.1484784215844107   0.01963896101994944  -0.03200416549020412
   0.7169077994084887   -0.2652651768399507    -1.012033598415983    0.4204605654204179   -0.2449710562701921   0.01471087382635113   -0.5852628821903094    0.1420030886098284    0.8117929514644335   -0.2221478572202722   0.08632177294963776 -0.008919093701199142
  -0.2508764488079529   0.08338749795029791   0.04687381672677581  -0.05990236318673042    0.3513287957188646   -0.1225057348940345    0.5031332465066389    0.1484784215844101   -0.2221478572202726     1.253397009005306  -0.03599582827452143  -0.04227666181987926
   0.7580810081733376   -0.2817668613715101   -0.1224432989411024   0.02094610131905861    -1.305895697664329    0.4597331633013774   -0.1921415029905135   0.01963896101995034   0.08632177294963815   -0.0359958282745215    0.6365619222754764   -0.3971882832393676
     0.25419080162521   -0.0870020079942464    -1.683359977232459    0.6728673850770016     1.541625668046095   -0.4839025210252723     0.334421302739849  -0.03200416549020452 -0.008919093701200096  -0.04227666181987899   -0.3971882832393676    0.6882329039968438

cov*(cov_.inverse()):
     1.000000000000008  5.829104560151066e-15  -2.42861286636753e-14 -3.528774494832021e-14 -1.946359740045978e-14  9.540979117872439e-17  5.342948306008566e-16 -7.914675859144182e-17  7.085261197192771e-17  3.079134169858833e-17  4.111294638065033e-16  2.706168622523819e-16
-7.771561172376096e-15      1.000000000000001  1.123545700920658e-13 -5.329070518200751e-15 -1.243449787580175e-14 -1.054711873393899e-14  5.551115123125783e-17  -2.42861286636753e-16  2.758210326803123e-16 -1.249000902703301e-16  6.661338147750939e-16  4.440892098500626e-16
 1.304512053934559e-15 -1.790234627208065e-15      1.000000000000046 -4.996003610813204e-14 -3.774758283725532e-14  1.321165399303936e-14 -1.110223024625157e-16 -1.110223024625157e-16  5.898059818321144e-17  -9.71445146547012e-17  -3.33066907387547e-16 -2.220446049250313e-16
 9.880984919163893e-15 -1.809663530139005e-14 -4.263256414560601e-14     0.9999999999999889  5.329070518200751e-15 -6.550315845288424e-15  5.551115123125783e-16 -3.191891195797325e-16  8.222589276130066e-16                      0 -4.440892098500626e-16 -2.220446049250313e-16
 -3.33066907387547e-15 -4.468647674116255e-15   1.77635683940025e-14 -3.097522238704187e-14     0.9999999999999867  1.443289932012704e-15  9.436895709313831e-16 -1.040834085586084e-16 -1.856154119295184e-16  3.608224830031759e-16 -2.220446049250313e-16  1.110223024625157e-16
 8.881784197001252e-15  2.081668171172169e-15 -1.998401444325282e-14   4.54081217071689e-14  5.417888360170764e-14     0.9999999999999992  8.326672684688674e-16   6.38378239159465e-16  4.978656376053436e-16 -2.220446049250313e-16                      0 -2.220446049250313e-16
-4.996003610813204e-15 -4.926614671774132e-15 -3.197442310920451e-14 -7.993605777301127e-15 -9.103828801926284e-15 -1.920685832601521e-14     0.9999999999999998  4.475586568020162e-16  -1.93421667571414e-16  1.665334536937735e-16 -2.220446049250313e-16  2.220446049250313e-16
 2.065014825802791e-14  8.104628079763643e-15  4.174438572590589e-14  5.440092820663267e-14 -2.797762022055394e-14 -2.742250870824137e-14  1.887379141862766e-15     0.9999999999999994 -3.538835890992686e-16 -5.551115123125783e-17  1.110223024625157e-16 -2.220446049250313e-16
 2.242650509742816e-14 -6.106226635438361e-15 -1.243449787580175e-14 -1.509903313490213e-14  4.973799150320701e-14 -3.552713678800501e-15  1.221245327087672e-15  1.956768080901838e-15     0.9999999999999997  4.302114220422482e-16  -3.33066907387547e-16  1.110223024625157e-15
 8.465450562766819e-16 -9.974659986866641e-17 -1.249000902703301e-15 -1.665334536937735e-16  1.706967900361178e-15 -6.938893903907228e-16 -2.012279232133096e-16 -3.794707603699266e-17 -7.914675859144182e-18                      1 -6.938893903907228e-18  2.081668171172169e-17
 6.661338147750939e-15 -2.886579864025407e-15  1.900701818158268e-13 -1.048050535246148e-13 -1.154631945610163e-13  3.508304757815495e-14                      0 -7.771561172376096e-16  4.510281037539698e-16  2.775557561562891e-16     0.9999999999999982  8.881784197001252e-16
 1.243449787580175e-14 -5.662137425588298e-15 -9.769962616701378e-14  -3.33066907387547e-14  5.062616992290714e-14 -1.021405182655144e-14 -8.881784197001252e-16 -2.775557561562891e-17 -8.187894806610529e-16  4.718447854656915e-16 -8.881784197001252e-16                      1
