12
2

0.05540276329208777
 0.2228772903119192
 0.6631974008189584
 0.9122189490272866
 0.9885717061092281
  1.386234674109895
  1.545582787510409
  1.803751366446744
  1.884693407380428
  2.209306084084188
  4.188849658709888
  8.587146051264668

   -0.3693999970257529     0.2436891487696093     0.6812764650159504    -0.4499940298051833    -0.3092654309414043     0.2045986592771965  -0.003843901656265366  0.0009199121922154799 -0.0007225755458771031  -0.001040658205046486 -0.0004805473512206565   0.001953545986390696
   -0.4565790174744195     0.2806772677694499    0.06619901950162976   -0.03980474002492119     0.6867222929818209    -0.4324111417352653    -0.1359099100414524    0.08310713300443352   -0.05599471021787542     0.0620699795611379    -0.0959318113788096    0.08156555584264551
   -0.1904048463028026     0.1083407126953525    -0.1157485664684161    0.03540346696434943   0.006673964049209733     0.0170917012026603     0.8633430789838515    -0.3430401436644641   -0.06131215130923343     0.1437767384733169    -0.1725284213152859     0.1406615851537329
   -0.6517886101161791    0.03548467272735164     -0.540878490552015    0.04099510264962944    -0.4066369608533241    0.05152129882700154    -0.2480403785197882    -0.0580857814588415     0.1086467291546831    -0.1265038623774485   -0.07152375507867546     0.1176999137613189
   -0.1720893289556402   -0.03814027348984016    -0.1180757513326461   -0.01215186349150954   -0.06233779629773788    0.01429788235705962   -0.03224909249986905   -0.01663744053287352    -0.4099016101922406     0.5959209294709105     0.2716139044354057    -0.5937327644442545
   -0.0133146906929606   -0.01071033657742967  -0.004898960888562813   -0.01599695037189037     0.0392994930720058    0.03665662136195246    0.04954875922023716     0.1468571896908031     0.7500216265000474     0.2878568993549681    -0.3948989034547519    -0.4137374228176924
   -0.3403264156243371    -0.4483810101160128     0.1492355504587494     0.2304839936831907     0.3497031164494836     0.4610971818701697     0.1042905001505453   -0.01417414785019658   -0.02085089055630777    -0.4079625359729287    0.07413509392608819    -0.2989879287075811
    0.1085954750292547     0.1916052817723723    -0.0111626193574961  -0.002853789313678963    -0.1588230379118216    -0.2413024773710915   -0.00572963681398103   -0.06771294940010832    -0.3515988536048116    -0.4428555793122505    -0.5557675804167547     -0.484429307513268
  -0.02781389077513188    -0.1806365330106273     0.3046062217831616     0.4217784590515146   -0.03948430517797146    0.01367230403453555    -0.3410993489805068     -0.577721168379955   -0.05867960747124348     0.2997827484077857     -0.348204407510699      0.171752883658351
    0.1774399864218061     0.1851285020283906    -0.3086550463052249    -0.5038834108174781     0.3355273318222418     0.5236086962635365    -0.2051555261934255    -0.3404105666499589   -0.07193959569418899    0.04611655307379491    -0.1807573210983418    0.01969790863817405
  -0.06548321404496955    -0.6333357426554184   -0.03218820554625622    -0.3649959433587954   -0.01352638162702649   -0.08382758607442688    0.04100950870235887     0.3421412753342484    -0.2520839722041563     0.1905958060512364    -0.4250799079679067     0.2319939411835983
  0.006570244015471479     0.3761584903335889   0.009060400316258627     0.4176538846299318    0.01005902749791069     0.4630850091627564    0.01023049819843974     0.5279302197152799     -0.233511378962554     0.1749577645533523    -0.2778665751994309     0.1680275483964581

22.68759108748554
34.00995109987622
35.56137374353611
53.44008235498012
50.51839574135536
 76.0154396380219
68.40327690645303
103.0764564468189
87.22825559558693
131.1457406172505
103.3650265146192
155.9935818729369

 1.509075006980485
0.6645732974951377

   0.05464128820243615   -0.03618534416484318  -0.003375359286772783   0.002189510460514285   -0.05036014866333739    0.03329939957575791 -0.0004421454165870246  0.0003023080244089183 -0.0002126794705732571   0.000146106190588106 -0.0003444686039664282  0.0003401783076546736
   -0.0232925741516143    0.01543054996552233   0.001168005632720662  -0.000764912010228559    0.02126086118342331   -0.01407466955656628  0.0003009410520885465 -0.0001520668989845925  0.0005952541676669792 -7.529029195383697e-05  0.0001373911891258049  -0.000280928145742516

-3.037792951497456e-05   -0.00418409246485212  -0.006143187514434501   -0.01054662968638229  -0.004053472259449595  -0.002337935952183164   -0.01160918138181461  -0.003208501863217107    0.02687663997421351    0.01734049184374677     0.2970748834063677     0.2159457392103488
 1.242306216103925e-05   0.001770013408721907   0.002659777262687458   0.004710906076074469   0.001634727928598015   0.001826192968559964   0.005010667987452387   0.001067631201107223   -0.01174526515948705  -0.007683431465659412    -0.1305677152377214   -0.09410946400952691

cov:
   0.9594181062426279     1.492078482720968  -0.06054781418292569  -0.06607385973205118     0.188743852713637    0.2895543573572936   -0.2034838557717345   -0.3301089602426924  0.009952121572188029 -0.001129703822079239 -0.005146691378243454   -0.0801797791101333
    1.492078482720968      18.3667043665573  -0.04769508888730217     14.66902663947916    0.2834434408812602      13.5916501444391   -0.2216607096439228     10.85810845422041    -3.900539655128539     2.720914647684741    -3.362968552175285     2.050392926635153
 -0.06054781418292569  -0.04769508888730217     1.137074357635375     1.763165644874848   -0.2122976993160037    -0.271222457600503   0.03156284925998042   0.08906525192469697   0.03086459059484577     0.113117712457277   0.00965383384164346   0.06093801886081897
 -0.06607385973205118     14.66902663947916     1.763165644874848     17.20163778581944   -0.3091047361364343      13.7887807334813    0.1075658976057197     14.02039449261676    -5.511622849519012     4.264674543498542    -5.862346994689409     3.763596222184614
    0.188743852713637    0.2834434408812602   -0.2122976993160037   -0.3091047361364343     1.108015781271464       1.6984421323092   -0.1126694880140312   -0.1093511747291333  -0.01593856625417593   0.03683513918410154  -0.02924212499249629   0.04658709889431447
   0.2895543573572936      13.5916501444391    -0.271222457600503      13.7887807334813       1.6984421323092     17.98722315593305    -0.130681783146212     16.66697333227746    -7.484174293784025     5.747683886836636     -8.85042233965526     5.473063462086619
  -0.2034838557717345   -0.2216607096439228   0.03156284925998042    0.1075658976057197   -0.1126694880140312    -0.130681783146212     1.067713024535801     1.578713967976138   -0.1740528873860819   -0.1447319736672441    0.0199643182138152  0.008301309046876584
  -0.3301089602426924     10.85810845422041   0.08906525192469697     14.02039449261676   -0.1093511747291333     16.66697333227746     1.578713967976138     24.46901832406571    -10.06352977867465     7.430952866252636    -12.32095227622144     7.531884533813397
 0.009952121572188029    -3.900539655128539   0.03086459059484577    -5.511622849519012  -0.01593856625417593    -7.484174293784025   -0.1740528873860819    -10.06352977867465     6.833382761823744    -3.246706524013782     6.753373179411819    -3.744919545196678
-0.001129703822079239     2.720914647684741     0.113117712457277     4.264674543498542   0.03683513918410154     5.747683886836636   -0.1447319736672441     7.430952866252636    -3.246706524013782     4.788726041965977    -4.753292627977569     3.542419629610059
-0.005146691378243454    -3.362968552175285   0.00965383384164346    -5.862346994689409  -0.02924212499249629     -8.85042233965526    0.0199643182138152    -12.32095227622144     6.753373179411819    -4.753292627977569        10.86170097145     -4.44169970367606
  -0.0801797791101333     2.050392926635153   0.06093801886081897     3.763596222184614   0.04658709889431447     5.473063462086619  0.008301309046876584     7.531884533813397    -3.744919545196678     3.542419629610059     -4.44169970367606     4.804010395684201

cov.inverse():
    49.33504981110109    -31.89409621621944    -82.13834431314798     54.42280318306734     31.19083941550186    -20.75326558620003     1.517693781599065   -0.6879932771052972     0.600058105530892   -0.4733877131113022    0.9938081366731297    -1.005527650995087
   -31.89409621621939     21.09892259347489     54.35992656232875    -36.00820974983202    -20.74598628492697     13.72953240028195   -0.8818201546609951    0.4609572895167132   -0.3810380533401654    0.3042684279399501   -0.6560148067971329    0.6932010403499118
   -82.13834431314805     54.35992656232882     151.7507690328328    -99.88175116141748     -67.4593483736064     44.79307696497976    -1.106313958821127    0.4153656591954075   -0.2420153824985627   -0.1781080646747003   -0.1855667021199729    0.4976260685148778
    54.42280318306758    -36.00820974983209    -99.88175116141748     66.14198142065199     44.76491301986007    -29.64828405179069    0.7196462444734553   -0.2718399625225498    0.1527484725662196   0.08724975950440515    0.1220431260322189   -0.3377445083789481
    31.19083941550193    -20.74598628492702     -67.4593483736064      44.7649130198601     40.93982125602609    -26.50212819074173    -1.349008502977294     1.067532719883287   -0.7038515210992494    0.9564234567434222    -1.241142511049245    0.8839706342881998
   -20.75326558620002     13.72953240028196     44.79307696497973    -29.64828405179067    -26.50212819074171     17.57305018745749    0.9426349552120254    -0.711266714156935    0.4657671508652804   -0.6373282873993025    0.8234404041631553   -0.6026939741917787
    1.517693781599242    -0.881820154661113    -1.106313958821451    0.7196462444736694    -1.349008502977151    0.9426349552119305      2.19363549525199   -0.8100794632609677   0.04198456367512263   0.09187547120436494   -0.0291901621836637 -0.004621419052821494
  -0.6879932771053975    0.4609572895167802    0.4153656591955929   -0.2718399625226722     1.067532719883205   -0.7112667141568801   -0.8100794632609677    0.5520757955972735   0.02604971117382269  -0.02328652951402663   0.01419693184663449  -0.01411133358583985
    0.600058105530846    -0.381038053340135   -0.2420153824984743    0.1527484725661612   -0.7038515210992923    0.4657671508653088   0.04198456367512245   0.02604971117382256    0.5952516785022549   -0.2013852050832881  -0.07027410211157085   0.03887252021114674
  -0.4733877131112734    0.3042684279399307   -0.1781080646747549   0.08724975950444093    0.9564234567434463   -0.6373282873993187   0.09187547120436568  -0.02328652951402696   -0.2013852050832878    0.7088155061845851  -0.03214648827578465   -0.1600774501345828
    0.993808136673093   -0.6560148067971088   -0.1855667021199058    0.1220431260321742    -1.241142511049275    0.8234404041631753  -0.02919016218366502   0.01419693184663513  -0.07027410211157119  -0.03214648827578472    0.5652157109100642   -0.2534601699479522
   -1.005527650995054    0.6932010403498907    0.4976260685148236   -0.3377445083789123    0.8839706342882198   -0.6026939741917919 -0.004621419052819607  -0.01411133358584082   0.03887252021114724   -0.1600774501345831   -0.2534601699479515    0.7679871298250601

cov*(cov_.inverse()):
    0.9999999999999164 -4.212602489062078e-14 -7.645273303324984e-14 -1.184295717049366e-13  2.547961841514734e-14 -3.139849491518021e-14  4.692969103603506e-16 -8.289809810824167e-16 -1.747733902046633e-16   6.29704621779581e-16  7.632783294297951e-17 -1.242062008799394e-15
-5.995204332975845e-14     0.9999999999999878  3.530509218307998e-14  9.381384558082573e-14  1.754152378907747e-14 -6.883382752675971e-15  9.922618282587337e-16 -6.106226635438361e-16 -1.013078509970455e-15  7.771561172376096e-16  5.551115123125783e-16 -1.998401444325282e-15
-2.758210326803123e-14 -2.775557561562891e-16      1.000000000000034 -4.225786387479502e-15 -3.716471574932712e-14  1.963013085415355e-14  5.649777520821964e-16  -4.44956571588051e-16  -1.43982048506075e-16  3.538835890992686e-16  6.262351748276274e-16   2.42861286636753e-16
 8.171241461241152e-14 -8.881784197001252e-14  1.194599974496668e-13      1.000000000000372  8.704148513061227e-14  1.554312234475219e-14 -3.119032809806299e-15  2.144118216307334e-15  8.604228440844963e-16  1.110223024625157e-16  3.108624468950438e-15 -4.440892098500626e-16
 5.599687380453133e-15 -1.764560719763608e-14 -3.176278684513534e-14  1.287164819174791e-15      1.000000000000011 -1.285083151003619e-14  8.060772101886604e-16   -4.5775015722338e-16  7.480994990149981e-17  3.816391647148976e-17  1.387778780781446e-16 -5.967448757360216e-16
 7.904787935331115e-14 -8.038014698286133e-14  8.615330671091215e-14  1.287858708565182e-13  8.881784197001252e-15      1.000000000000031  1.703498453409225e-15  1.304512053934559e-15 -6.106226635438361e-16 -6.661338147750939e-16  2.220446049250313e-16  2.664535259100376e-15
   2.5729418595688e-14  3.108624468950438e-15  1.760744328116459e-16  3.587451516406936e-14  -2.42861286636753e-16  4.706304790325078e-15     0.9999999999999998 -1.936385080059111e-16  6.055269133331542e-17 -3.033597678614441e-16  7.632783294297951e-17  2.749536709423239e-16
-1.332267629550188e-14  2.930988785010413e-14    1.4166445794217e-13   9.14823772291129e-14 -7.460698725481052e-14  1.234568003383174e-13 -4.440892098500626e-15     0.9999999999999994  2.220446049250313e-16 -4.440892098500626e-16  1.332267629550188e-15   1.77635683940025e-15
-1.021405182655144e-14  7.105427357601002e-15  3.530509218307998e-14 -6.794564910705958e-14  9.769962616701378e-15 -1.332267629550188e-15  3.608224830031759e-16 -4.163336342344337e-17                      1  1.110223024625157e-16 -4.440892098500626e-16 -1.332267629550188e-15
 7.105427357601002e-15 -1.332267629550188e-14  1.465494392505207e-14  4.685141163918161e-14  4.440892098500626e-15  1.154631945610163e-14  7.251144129583054e-16  2.220446049250313e-16 -2.775557561562891e-16     0.9999999999999993                      0  8.881784197001252e-16
 2.930988785010413e-14 -2.620126338115369e-14  3.907985046680551e-14 -6.217248937900877e-15  2.486899575160351e-14 -3.108624468950438e-14 -2.289834988289385e-16  -1.65145674912992e-15  8.049116928532385e-16   3.33066907387547e-16     0.9999999999999993 -1.332267629550188e-15
 1.687538997430238e-14  -1.06581410364015e-14 -3.108624468950438e-15  2.819966482547898e-14 -2.664535259100376e-14  8.881784197001252e-15  -1.36349265211777e-15  1.942890293094024e-16 -1.665334536937735e-16 -8.881784197001252e-16  4.440892098500626e-16                      1
