10
2

0.1483210442281201
0.5902006095350708
0.7555065722317041
0.8038856887876976
0.9117008203831274
 1.080079083844117
 1.477125071567539
 1.856437117213577
 2.480182882437223
 4.141247235257695

    0.5055496416433073     -0.289897659403081     -0.694475422264355     0.3956718479890151    0.09784016529484085   -0.05944764187713057    0.05207147877701641   -0.02267265538982348    0.05589593956671222   -0.04549746314327221
    -0.369643435388704     0.1319611291966922    -0.1621049777670771    0.09140825298586429     0.8025249236967754    -0.3151506591940936   -0.04061255852397611     0.1202786307012608    -0.1417774592305397     0.1781379536210374
    0.1838563832031029   -0.05032045584570176     0.1496682640661957   -0.01290100729118222     0.1278581392484566    0.04853367716413627    -0.4922510142664275      0.621114007731603     0.5417193359889368   -0.02899869995454272
      0.45934280948884   -0.06833621452694705     0.3127372632952201  0.0002193209598535828    0.08155236892772286    0.03983793096735889     0.1885050310404799     0.1460562142373048    -0.2272258529587776     0.7548468049086026
   -0.4674077279871389    0.02665836888749424    -0.4397435844911864    0.03323630604355188    -0.4776065159835124    -0.0126104795707757    0.03705864630317436     0.4225567699945413     -0.031026409269239     0.4209311838465782
    0.1127445824818318 -0.0001794380230797983    0.04790830598700498   -0.03145539192358644    0.04334798721722769      0.127002476511384      0.295180715702118     0.6178606863113145    -0.5384324480045758    -0.4551948140608255
   -0.1903626969283667    -0.1245209258744341    -0.1064625131652648   -0.01010726384082084     0.2866753902751635     0.8894850964029286     0.1746788058674408     -0.048747477739529     0.1539193489817271    0.08290642458324532
   0.09036254071451756     0.0529539439194688    -0.1764560277731224    -0.1712977728949192   -0.01825376422629098     0.2375598813786126    -0.7513303648490012    -0.1224363658509957    -0.5370712322543919    0.06204391857009198
   -0.2875543692924972    -0.5926397688735842     0.3531341765435106     0.6128677767843109   -0.06854777965849711  -0.007810401566639132     -0.178144218405064   -0.01514278232209684    -0.1691776093192908   -0.02084226991754124
   0.06864487401257524     0.7218735646384512    0.09152218287503779     0.6540456762200042   -0.07861772542570708     0.1709835423388331    -0.0504342176643615  -0.001279724161489602  -0.007313796511135695  -0.004418515710069288

35.52480084043729
58.96096867324132
50.55255108313166
84.88897186472207
67.55152460083711
113.8793286487467
90.89382388337299
154.2582655007398
107.1361811776651
183.4018982795578

 1.725128802666472
0.5803013100448581

    0.1080101444059692   -0.06284963974404138    -0.1062016867716515     0.0614640621306615  -0.001736552339788947  0.0008258624165781159 -0.0007910872623941196  0.0005385855958198594 -0.0002371497618365309  0.0005555180337996877
  -0.03649915461301294    0.02124713184905225    0.03592141760330654   -0.02078670764434387  0.0005309773069582449 -0.0002453931282475733  0.0002169538389904916 -0.0001609960095698494 -0.0002298420771687225 -0.0001725044113999398

 0.003752778691210846 -0.009338634561616618  0.003841654822265953   0.01357273945262369 -0.001793279721572034  0.006032576970003202 -0.004293678087202242   0.05363000969921634   0.04077212790703248   -0.1227666605631399
-0.001269490664556656  0.003152270342015241 -0.001373105651783767 -0.004533477425222123 0.0006344866013405762 -0.001849492934769444  0.001348824411783588  -0.01740208627150324   -0.0134039401267326   0.04171579826944762

cov:
    1.101942572558858     1.910160204491511   -0.2287895376023061   -0.3889393123913776   0.03057710768586117   -0.0019218272200421  -0.01626791306931037   0.01729165296003582  0.008964337957147512 -0.009269381689664371
    1.910160204491511     11.15379021281375   -0.1884659868071395     5.837189526489577   -0.7862211576206442     1.929384439376669   -0.1551540961859606   0.02087731828064139    0.3733866193804116 -0.004523864924568425
  -0.2287895376023061   -0.1884659868071395     1.301946964178238     2.438231862852437   -0.1702034130053474  -0.05706814576414489  -0.04930810739566945  0.007093264103529117  -0.09936166098872401   -0.1477812149099247
  -0.3889393123913776     5.837189526489577     2.438231862852437     9.756668249872329    -1.125119173681989     1.712676985023652   -0.8046028565714606  -0.01000547126457496   -0.3953076682217688    -0.132663481846059
  0.03057710768586117   -0.7862211576206442   -0.1702034130053474    -1.125119173681989    0.7453455930517972    0.2430254854987822    0.2626262967272086  -0.06458185779889276    0.1843943905557696  -0.04005611282230467
  -0.0019218272200421     1.929384439376669  -0.05706814576414489     1.712676985023652    0.2430254854987822     2.478529770628422   -0.3764967528931307    -0.102969531316344   -0.2091056373470545    0.1270240963695267
 -0.01626791306931037   -0.1551540961859606  -0.04930810739566945   -0.8046028565714606    0.2626262967272086   -0.3764967528931307     2.515565599007771    0.3834775102525758     1.276862274963894   -0.1486447240284671
  0.01729165296003582   0.02087731828064139  0.007093264103529117  -0.01000547126457496  -0.06458185779889276    -0.102969531316344    0.3834775102525758     0.891078519750559 -0.008179011863492234   -0.1447586519817241
 0.008964337957147512    0.3733866193804116  -0.09936166098872401   -0.3953076682217688    0.1843943905557696   -0.2091056373470545     1.276862274963894 -0.008179011863492234     1.769693452896133   0.08164640474514546
-0.009269381689664371 -0.004523864924568425   -0.1477812149099247    -0.132663481846059  -0.04005611282230467    0.1270240963695267   -0.1486447240284671   -0.1447586519817241   0.08164640474514546    0.8000595925521635

cov.inverse():
   12.70215610156365    -6.83895168271618   -15.27639241921949    8.940341295354504    1.746110068352128   -1.038715830666075    1.196028332656383  -0.5209370185619003    1.393720678086179  -0.9927250343749545
  -6.838951682716171    3.978091190889518    9.002987065308281   -5.210797221836555   -1.033851138254173   0.6159145909552455  -0.6834339213683317   0.2898998647443591  -0.8159757443466622   0.6013845250483772
  -15.27639241921947    9.002987065308282    22.45904801098794    -12.5074444916293    -3.15207734918943    2.012115052062682   -1.650792078831925   0.7029023196743347    -1.66194031217367    1.461246024806941
   8.940341295354514   -5.210797221836559   -12.50744449162931    7.237493330973863    1.936949272020031   -1.167110394133888   0.9474646555229183  -0.3852215710977476   0.9779322349827978  -0.7472582944213028
   1.746110068352131   -1.033851138254175   -3.152077349189434    1.936949272020033    2.637920415466503  -0.8476820484798473   0.0703638653413932   0.1084100274016223  0.03743500097516542  0.04885877266781403
  -1.038715830666076   0.6159145909552468    2.012115052062684   -1.167110394133889  -0.8476820484798473   0.8470727068917984 -0.08348505785294054  0.04681328901418421  -0.0230002261762688 -0.01203741914887238
   1.196028332656383  -0.6834339213683319   -1.650792078831924    0.947464655522918  0.07036386534139308 -0.08348505785294046   0.8669222251879818  -0.3623247809449309   -0.387923009838397  0.01405143532178293
 -0.5209370185619006    0.289899864744359    0.702902319674334  -0.3852215710977472   0.1084100274016225  0.04681328901418408  -0.3623247809449306    1.321317734761685   0.1466731290090646   0.2163449712856756
   1.393720678086176  -0.8159757443466604   -1.661940312173665   0.9779322349827952   0.0374350009751647 -0.02300022617626831  -0.3879230098383973   0.1466731290090648    1.142634586301773  -0.2899053108760511
 -0.9927250343749537   0.6013845250483769    1.461246024806939  -0.7472582944213021  0.04885877266781442 -0.01203741914887267  0.01405143532178298   0.2163449712856756  -0.2899053108760513    1.463505732493342

cov*(cov_.inverse()):
     0.999999999999999 -6.634449933873299e-15 -9.112502419306168e-15  -7.32400251557408e-15 -2.294171796979327e-16 -5.588113522261851e-16  2.323716306179557e-16  5.958775139980332e-16    3.9118014383277e-16 -5.793976409762536e-16
-6.279698983036042e-15     0.9999999999999956 -8.103760718025654e-15 -2.440322249830373e-15 -9.295136275261351e-16 -7.660430449696332e-16 -1.219862969317753e-16  2.927345865710862e-17 -4.662069341687669e-17 -9.471590178833367e-16
 4.163336342344337e-16  9.298117831235686e-16      1.000000000000005  8.743006318923108e-16  1.830133267155531e-16  2.211772431870429e-17  5.421010862427522e-17 -9.020562075079397e-17 -5.828670879282072e-16 -1.387778780781446e-16
-2.153832667772804e-14  1.318389841742373e-15  1.662558979376172e-14      1.000000000000016  5.785302792382652e-16 -7.066829760260518e-16  4.323798263872192e-16 -5.793976409762536e-16  -1.52655665885959e-15  4.440892098500626e-16
   1.1518563880486e-15 -1.259409243559162e-15 -4.315992008230296e-15  8.500145032286355e-16                      1 -4.875657169667313e-16  2.949029909160572e-17                      0  1.994931997373328e-16 -8.326672684688674e-17
-2.581268532253489e-15  1.013078509970455e-15  6.827871601444713e-15  1.693090112553364e-15 -1.283695372222837e-16     0.9999999999999997  4.195862407518902e-16 -6.938893903907228e-17 -1.387778780781446e-16  1.942890293094024e-16
 6.938893903907228e-16  1.249000902703301e-16  1.082467449009528e-15  8.604228440844963e-16  3.989863994746656e-17 -6.505213034913027e-18     0.9999999999999996 -6.938893903907228e-18 -5.273559366969494e-16  1.387778780781446e-16
                     0 -1.110223024625157e-16 -2.775557561562891e-17 -1.110223024625157e-16 -3.469446951953614e-17  7.806255641895632e-18  7.936359902593892e-17                      1  6.938893903907228e-17 -5.551115123125783e-17
 2.636779683484747e-16  4.649058915617843e-16  3.747002708109903e-16  9.506284648352903e-16  2.576064361825559e-16 -3.491130995403324e-17 -4.672911363412524e-16  1.734723475976807e-16                      1  1.387778780781446e-17
-4.440892098500626e-16                      0 -4.440892098500626e-16                      0 -3.469446951953614e-17 -3.469446951953614e-17  4.510281037539698e-17  2.775557561562891e-17 -2.775557561562891e-17                      1
