10
2

0.04029063090128356
0.04348971650141833
 0.5183278971585782
 0.8937443493801173
 0.9310967263665111
  1.291042431773383
  1.374238576594869
  2.577794044277683
  3.353088009525433
   6.05244972325997

   -0.2476501353993238    0.09188779345025266     0.6368435096889968    -0.2357674669042604    -0.6049568535072188     0.2233506271738301     0.2175695964564457   -0.07664460504292771 -0.0001962071489599425 -0.0009105065287483684
    0.4108086633693175    -0.1521519393090366    -0.4641480850619148      0.172402034099835    -0.4698660705034048     0.1742303437661187     0.5239878562716446    -0.1929568907874512  0.0001088662195871596   0.002034517945909164
    0.5940619633270837    -0.1548851503534913     0.1558506166720937   -0.03352716441348483    -0.3012663469153382     0.0588085787750155    -0.6147645205021035    0.09798422751676258     0.3085871161469345    -0.1438933458291161
   -0.5823691260403788    0.01440378835783661    -0.4602255054955924    0.05453980562985718    -0.4129282607232483    -0.1062724180848333    -0.3748790750811082    -0.2057531553666178     0.2153167409141584    -0.1866094034733676
 -0.001706259825297727    0.01049593756642915    0.05175558805436293   0.001360882283458558     0.1580169841132894     0.1192831434159527     0.1776607531657145    0.06005539158120274   0.001016955615527096    -0.9606443504403765
    0.1750201971396829    0.03451815931417809     0.1582199417251088    0.07094713927592709     -0.156597885480298    -0.6935416281220498   -0.07049968484924048    -0.4099262337351389    -0.4891913729196218     -0.142367731799119
  -0.05321371401853731   -0.05055352825729435    -0.1001798491891707   -0.02459119219951813    -0.2914991468797417    -0.4061755942006812     0.1295313220633741     0.8400428877019577    -0.1038847189640248    -0.0279122757846096
   0.05319393707540072    0.08615533172087632     -0.273648111922816    -0.4828160110671124   -0.07132802611902399     0.3827115594367884    -0.2623513001098083    0.07837941347901817    -0.6743077669671729   -0.02312460631781187
   -0.1993093782117888    -0.7291562533348139     0.1651895734766348     0.4724399301009585   -0.01200373826977437     0.2165192458389468    -0.1266988238696054    0.05594201965578116    -0.3344694220643076   0.006578591043631504
   0.04268177628151167       0.63345136486708    0.05459753925209031     0.6698072227392446    -0.1108427995741358     0.2268264000468335    -0.1464163643920759     0.1355245758846072    -0.2043296728840309   0.001846014197397426

22.68646810329983
61.68466415240557
35.55562218892939
96.41620857750961
48.49060307586343
131.3001611421518
57.14015978176594
154.5943497203756
82.40756105452907
222.3958606891464

 2.698604373884181
0.3711166485171618

   0.08308247679129881   -0.03076923808147222   0.006753681445517096  -0.002471253541325696   -0.03773520067762224    0.01422108802713018   -0.05118018291960227    0.01945222791549357 -0.0001737597025418829 -0.0001339186564426912
 -0.009768058802175815   0.003616950106287126  -0.002414494320909714  0.0008908164797994359   0.001989599458052728 -0.0007425945178035252    0.01012594851742795  -0.003796549871799331  2.014095090470459e-05 -3.952856200202476e-05

-8.344869291235581e-06  4.707309717509168e-05    0.02708059919508596   -0.01823503759942042    -0.0105602342710091    0.01026220361948313    0.02167115109084211     0.1616058549255322     0.1909836084704327     0.0125386174626372
 3.455055637860364e-06  3.187446181705807e-06  -0.003760609327848435   0.002519927910149177   0.001530726777662987  -0.001436640488627273  -0.003021738411790305   -0.02239550912850991   -0.02648274542517639  -0.001875485868755228

cov:
    0.954713397629106     2.638377819277624   -0.0870377745900064   -0.1894089718435524  -0.04435881662717633  -0.09807588643407189  0.004998765549947277   0.02138062704365796  0.008498948740694489  0.006508688682199694
    2.638377819277624     20.73959791768528   -0.2363916154807837     11.40154497947232    -2.486412067467944     3.703777956760113    -2.502715540204256      2.62142257905403    -2.414034472377022  -0.03476188945520712
  -0.0870377745900064   -0.2363916154807837     1.153377559896398      3.09660119736529   0.04563465293082749    0.1007742559599635    0.0256193089829032   0.04791699521684853   0.02075565820819029   0.04516572786994238
  -0.1894089718435524     11.40154497947232      3.09660119736529     20.50557354599681    -2.574600799151288     5.419553331129827    -3.448674233748565     3.273681344471658    -4.673168798717739    0.1309244359745464
 -0.04435881662717633    -2.486412067467944   0.04563465293082749    -2.574600799151288    0.8700839303699857    -0.680739271024688    0.8801187603165991   -0.8820277928484037     1.283426894066142 -0.003300175183636843
 -0.09807588643407189     3.703777956760113    0.1007742559599635     5.419553331129827    -0.680739271024688     4.520821309153251    -2.169348181936825     1.316231682760545    -3.594985655296472   0.07275716062031395
 0.004998765549947277    -2.502715540204256    0.0256193089829032    -3.448674233748565    0.8801187603165991    -2.169348181936825     1.704882209904313   -0.6350987260764774     2.664708957594287  -0.03736980949406905
  0.02138062704365796      2.62142257905403   0.04791699521684853     3.273681344471658   -0.8820277928484037     1.316231682760545   -0.6350987260764774     2.401200284446297    -1.433751516889809   0.03111672959900309
 0.008498948740694489    -2.414034472377022   0.02075565820819029    -4.673168798717739     1.283426894066142    -3.594985655296472     2.664708957594287    -1.433751516889809     6.290495463472987    0.1417483956133902
 0.006508688682199694  -0.03476188945520712   0.04516572786994238    0.1309244359745464 -0.003300175183636843   0.07275716062031395  -0.03736980949406905   0.03111672959900309    0.1417483956133902    0.8728441696647444

cov.inverse():
   128.7716680220644   -47.39957321753175   -197.2746238344864    73.29691125999418   -10.14055046539203    3.915231027603461    79.52279993597185   -29.91861978377462   0.5307873518657865    0.386115121089884
  -47.39957321753175     17.5923643473355    73.28207075306221   -27.21737151189343    3.726300504424137   -1.416539993942457   -29.49017382025715    11.09347343960231  -0.1918046554161102  -0.1501437278734226
  -197.2746238344786     73.2820707530592    364.1343576112523   -134.8161667540165   -121.9447460538314    44.91065725160246     -43.370317413448    17.37776766555247 -0.06705182712808078  -0.9007639859336276
   73.29691125999128   -27.21737151189232   -134.8161667540166    50.03536880162519    45.04170948429969    -16.6103068857942    16.22160384676849   -6.512371146902197  0.02634755252182153   0.3176916867319876
  -10.14055046540837    3.726300504430243   -121.9447460538068    45.04170948429051    342.8139331214794   -126.3846852492346   -210.3479415620115    76.41352034258644  -0.3408745169934215 -0.06547368075016467
   3.915231027609809    -1.41653999394483    44.91065725159275   -16.61030688579058   -126.3846852492343    47.22721300856814    78.12702825692189   -28.26698353794664   0.2014242971510763 -0.01265396520338469
   79.52279993598137    -29.4901738202607   -43.37031741346723    16.22160384677561   -210.3479415620017    78.12702825691827      175.97081881493   -63.77451013840056  -0.7583235149125114   0.6665334246291791
  -29.91861978377828    11.09347343960369    17.37776766555997   -6.512371146904974    76.41352034258261   -28.26698353794522   -63.77451013840054    23.87334205927895   0.1190375123815751  -0.2131668727304594
  0.5307873518659119  -0.1918046554161566 -0.06705182712826281  0.02634755252188909  -0.3408745169934649   0.2014242971510927  -0.7583235149124111   0.1190375123815378   0.6413186730192659  -0.1710175571241488
  0.3861151210898499  -0.1501437278734099  -0.9007639859336116   0.3176916867319815 -0.06547368075007277 -0.01265396520341889   0.6665334246291055  -0.2131668727304321  -0.1710175571241495    1.200494944157236

cov*(cov_.inverse()):
     0.999999999999962 -2.879532549904251e-14 -1.089406342913435e-15  1.265003726769187e-14  7.894135648986444e-14  -2.58732380138682e-14  1.088625717349245e-14  -2.68962369737169e-14 -2.218277644905342e-16  1.283695372222837e-16
-1.915655134521188e-14      1.000000000000022  2.017830347256222e-14 -6.727257639838058e-15 -1.132999943864732e-13  4.891865992145972e-14 -3.032296636007459e-14 -2.484557698467782e-14 -3.790370795009324e-16 -2.636779683484747e-16
 4.959227473122496e-14 -2.307182223049153e-16     0.9999999999999037  2.074902749615859e-14  4.143733967065799e-14 -1.497597618832502e-14 -1.005445726676157e-14 -1.047772979489991e-15  1.760744328116459e-16 -6.938893903907228e-18
 4.294412048189145e-13  6.254718964981976e-14 -6.220440829096674e-13     0.9999999999999813  -3.39200889598601e-13  6.250230367987886e-14  1.215555434086468e-13  1.271899252586195e-14  2.949029909160572e-16  2.775557561562891e-16
-3.642875931464395e-14 -1.659154584554567e-15  1.027030023525999e-13 -1.164606605597029e-14      1.000000000000048 -2.546465642516704e-15  -3.65822823422679e-14  -1.37097364710792e-15  1.919037845299343e-17 -8.847089727481716e-17
 3.672409598642901e-14  1.643650493488025e-14 -5.052902540825244e-14  1.505393032452673e-14 -7.922135170090883e-14      1.000000000000013   9.58955137519979e-14 -4.227000693912686e-14  -5.30825383648903e-16 -5.551115123125783e-17
-7.594619377826461e-15 -3.982057739104761e-15  6.378925165861915e-14  1.371472380107264e-14  1.090260694225353e-13 -3.468801851660985e-14     0.9999999999998941  3.687675165231497e-14 -1.179611963664229e-16 -4.163336342344337e-17
-1.214306433183765e-17  1.975069413573394e-14 -4.096376016171632e-14 -1.206153232846674e-14  3.916181615104541e-14  5.337852555797884e-15  1.040487140890889e-14      1.000000000000023 -1.413799632921098e-16 -2.289834988289385e-16
 4.565792188770956e-15 -2.797415077360199e-14  5.839773109528323e-14  1.328104293207844e-14 -1.341374927799066e-13  5.296761293460683e-15 -1.504352198367087e-14  6.598888102615774e-15     0.9999999999999999   3.05311331771918e-16
-2.831068712794149e-15  6.661338147750939e-16  6.661338147750939e-15  -2.05391259555654e-15   1.27675647831893e-14 -3.530162273612802e-15 -6.217248937900877e-15  6.938893903907228e-16 -8.326672684688674e-17                      1
