10
2

0.06845081080919835
  0.380774935671086
 0.8782675083319631
  1.148676863074205
  1.352843739415154
  1.470779104369121
  2.418793171164295
  2.735700129095326
  4.232211052592223
  8.905542065739668

    0.4508403511760614    -0.1907166112761972    -0.7458083588206089     0.3141237813085077     0.3006260445832786    -0.1218846021041609   0.001092171936327216    0.01291065965982964   0.001550626360382092  -0.008008529087692555
    0.4966873012241133    -0.1770380304007642 -0.0008164912626833133   0.003755877862156395    -0.7519168281935271     0.2774383011951093     0.1193635211347344   -0.06316603124063849     0.2313845990486441   -0.08841453200752174
    0.6488349473499052    -0.0397589850957918     0.5420897163452305   -0.04544883108705276     0.3160199469810882    -0.1824511444382788    -0.3675799495285548    0.06926574265565223  -0.001394741497183978   -0.09183595529802677
    0.2511219250676067    0.05553951207179654     0.1818455676524214    0.01787171847265596     0.1366421175407762     0.0510704484786112     0.6524732346121919    -0.4122289619373032    -0.4601374984058062     0.2679666344435064
     0.103181706757995     0.0150575913934522    0.05257878419732849   -0.03050883606859658    0.01080211500781353    0.05521406522314477     0.3178914870644482     0.8673593560121127   -0.03091759285118468      0.357691292124079
  -0.04211406515479561   -0.03203826490981024     0.0737368383428875    0.07516028481372865    -0.1298480023263628    -0.6229516118885203      0.410607893830692     0.1511726127898528   -0.01907473352363755    -0.6239941538990428
  -0.03496689583355604   -0.04491510588454921     0.1147229870076029     0.1915974993541708     0.3610756879491339      0.673224540147303     0.2189927054075298     0.1038842382746785     0.1131368780174156    -0.5401225387972551
    0.2094317341873743     0.5441561028502057    -0.3044452307495757    -0.6687590103989834   0.009003474666835994     0.1058390773002737   -0.02277226625656845    0.06250711034553973    -0.1916654385442958     -0.260120440957107
   -0.0915979583366382    -0.6927601315693938    -0.0492933992479794    -0.3166684474970093   -0.05982443605234001    0.09531181905706301    -0.1599750455149611     0.1077120899482507    -0.5811324549749649    -0.1463295033553394
   0.01005545862590887     0.3851315142952227     0.0189842791077313     0.5550857320714327     -0.273299326914385    0.08741100411263687     -0.284943116179813     0.1401660720458857    -0.5883536635444278    -0.1173016849706509

22.68659712108354
53.92460021920317
35.55325096420093
84.42909999197305
55.18074698101723
130.6690154528797
66.29765139997087
157.2341443205978
92.87026810738327
220.3483776699528

2.370622825937522
  0.4234837799753

   0.08774569983087749    -0.0369172237930769   -0.02613697143770265    0.01112435951967132   -0.06202490142568132    0.02473826707749316 -0.0006035289297204264  -0.002561017753825198 -0.0008677711025925532   0.001786476714524795
  -0.01151307869854796   0.004840199526243144  -0.002429273323942087   0.001009859812650225    0.01398629359452215  -0.005622891009537485  -1.28930958467145e-05  0.0001810395086093331  0.0001272828480514609 -0.0001307651210468543

0.0002243270963930395   0.01499379730238175   0.01503605082425521   0.01287600657049468    0.0104920592663966  -0.02745914586626901  -0.05546186308902775  0.003149906706032094    0.3839376443348442    0.9176714042955904
4.258580081604589e-06 -0.002699418302539263 -0.002738575338328254 -0.002109505503654525 -0.002435533964088406  0.004357759644413641  0.008574740875381744 -0.001205828236169594  -0.06993565235709097   -0.1650938074630036

cov:
  0.9616976502961802    2.296937552183537 -0.07150616383485101  -0.1536871842052928 -0.01576248523009488 -0.04599074393096472  0.01818352662328846  0.05535836574940185  0.02008348655651792    0.010151839121456
   2.296937552183537    22.60015569165662 -0.08475541717571712    18.10646563213039    -7.63496628575628    1.788374293341815   -6.832298086898591    3.154694323696464   -11.60931565838944   -2.606745277113302
-0.07150616383485101 -0.08475541717571712     1.13251069049537    2.760936303835872 0.007466912030307844   0.1004701243623807  0.01002227208261885  0.08083416018045736  0.02286547583545762   0.1435620234528066
 -0.1536871842052928    18.10646563213039    2.760936303835872     29.8110933584887   -11.36201347322119    3.435623353599543   -11.19989455106247    5.327182748716259    -21.5308902364438   -3.749486685516925
-0.01576248523009488    -7.63496628575628 0.007466912030307844   -11.36201347322119    6.972000868993198  -0.4570658215252383    6.714626132656835   -3.005701049619751    13.49759400274208    1.758677814386645
-0.04599074393096472    1.788374293341815   0.1004701243623807    3.435623353599543  -0.4570658215252383    4.389575040886533   -1.824641792407211    1.458123794202979   -4.775961375743064   -2.491999079235129
 0.01818352662328846   -6.832298086898591  0.01002227208261885   -11.19989455106247    6.714626132656835   -1.824641792407211    8.399801425419339    -3.09045015196361    14.71202272084796    2.331505431473449
 0.05535836574940185    3.154694323696464  0.08083416018045736    5.327182748716259   -3.005701049619751    1.458123794202979    -3.09045015196361    3.513135348272177   -7.489676714967759   -1.822341774468999
 0.02008348655651792   -11.60931565838944  0.02286547583545762    -21.5308902364438    13.49759400274208   -4.775961375743064    14.71202272084796   -7.489676714967759    34.14199683481841    6.852185041898871
   0.010151839121456   -2.606745277113302   0.1435620234528066   -3.749486685516925    1.758677814386645   -2.491999079235129    2.331505431473449   -1.822341774468999    6.852185041898871    4.866803344432074

cov.inverse():
   45.68811883848225   -18.95955051476801    -71.2813423480823    30.18169138820385    26.64376242806438    -10.9073777565698   0.3377386089236185    1.052237443818204   0.8485885082741665   -1.070713342947033
  -18.95955051476803    8.052555565201061    30.31601294612807   -12.82393242340343   -11.32805587687558    4.642861575454271  -0.1457911253695661  -0.4641432269174846   -0.360099259930082   0.4524536113828252
  -71.28134234808206    30.31601294612798      119.13756471614    -49.9959466627575   -47.60376603644049    19.26702647442715  -0.3141990655544752   -2.033507597642936  -0.3025814857562565    1.237002693228754
   30.18169138820375   -12.82393242340339   -49.99594666275753    21.14097895173036    20.12364231323106   -8.163744472577388   0.1258165325607571   0.8419358724064914   0.1306406613408147  -0.5504752075221766
   26.64376242806409   -11.32805587687546   -47.60376603644014    20.12364231323091    23.36275458186334   -9.249688542255516   -0.639738256670296    1.143313574386961   -1.137012932164777 -0.05837643605951738
  -10.90737775656969    4.642861575454228    19.26702647442704    -8.16374447257734    -9.24968854225553    4.007235671527711   0.2272478189177818  -0.4928555594263916   0.3960668566875177     0.19498802270401
  0.3377386089236702  -0.1457911253695877  -0.3141990655545587   0.1258165325607925   -0.639738256670263   0.2272478189177683   0.7402104284563303   -0.104265388263988 -0.03289216354877685  0.02760573641085124
   1.052237443818183  -0.4641432269174746   -2.033507597642902   0.8419358724064766    1.143313574386953  -0.4928555594263878  -0.1042653882639896   0.6229875108263363  0.02698820908384558  0.03754496538792983
   0.848588508274236  -0.3600992599301104  -0.3025814857563656   0.1306406613408612   -1.137012932164731   0.3960668566874992 -0.03289216354877739  0.02698820908384734   0.5612463989775555  -0.2357365991066745
  -1.070713342947066   0.4524536113828385    1.237002693228809  -0.5504752075221997 -0.05837643605954397   0.1949880227040205  0.02760573641085227   0.0375449653879287  -0.2357365991066732    0.443136438705868

cov*(cov_.inverse()):
      1.00000000000004  1.477290512141849e-14  -1.56992474575901e-15  1.148733885791842e-14 -9.702308401138282e-15 -5.163838107113961e-15 -7.775355879979795e-16 -2.182607393430569e-15 -2.395653120323971e-15  1.078998002057574e-15
 7.416289804496046e-14       1.00000000000002  8.171241461241152e-14  6.661338147750939e-16 -1.315614284180811e-14  1.210143096841421e-14 -5.134781488891349e-16 -8.049116928532385e-16 -1.110223024625157e-15                      0
   1.4210854715202e-14  2.511879593214417e-15     0.9999999999999996  1.772193503057906e-14  8.135853102331225e-15 -1.092875789865388e-15 -1.561251128379126e-17  7.199102425303749e-17 -9.367506770274758e-16  1.110223024625157e-16
 7.815970093361102e-14  2.620126338115369e-14  2.291500322826323e-13     0.9999999999999978  4.160560784782774e-14  -2.90878432451791e-14 -5.273559366969494e-16  8.021361352916756e-15 -1.443289932012704e-15 -6.661338147750939e-16
-4.152234112098085e-14  6.661338147750939e-15  -9.85878045867139e-14  2.431388423929093e-14      1.000000000000015  7.327471962526033e-15 -3.538835890992686e-16  -2.17881268582687e-15 -7.771561172376096e-16 -4.440892098500626e-16
-5.773159728050814e-15 -4.440892098500626e-16  2.309263891220326e-14 -1.287858708565182e-14 -4.884981308350689e-15      1.000000000000004  4.440892098500626e-16  4.579669976578771e-16  6.661338147750939e-16                      0
 1.287858708565182e-14  2.220446049250313e-15  3.863576125695545e-14  -3.61932706027801e-14 -2.525757381022231e-14  6.938893903907228e-15     0.9999999999999998 -2.137179322403426e-15  1.554312234475219e-15                      0
 -1.06581410364015e-14  -5.88418203051333e-15  5.861977570020827e-14 -1.354472090042691e-14 -5.856426454897701e-15  8.659739592076221e-15  9.020562075079397e-17                      1  4.440892098500626e-16 -4.440892098500626e-16
 4.440892098500626e-14 -6.661338147750939e-15 -4.973799150320701e-14  7.105427357601002e-14   4.79061235125755e-14  2.442490654175344e-15 -3.885780586188048e-16 -4.551914400963142e-15     0.9999999999999971 -4.440892098500626e-16
 2.664535259100376e-15  6.217248937900877e-15 -1.953992523340276e-14  1.021405182655144e-14  4.940492459581947e-15  2.775557561562891e-15   3.33066907387547e-16 -9.436895709313831e-16 -8.881784197001252e-16                      1
