10
2

0.04246712312832047
 0.3844725393440605
 0.5964622372295165
 0.7888267589771882
 0.9252930118027822
  1.356143198854701
  1.446322580698261
   1.98481086888319
  3.123683851077942
  5.428742489856974

   -0.2221092508093727    0.07518857007885124     0.7540486077424536    -0.2584649583584075    -0.5266903906707928     0.1794276922409097  -0.004130445734688975   0.001985957847496806  -0.001480105769981788  0.0006800039488266201
   -0.5381299666641993     0.1483273034602976     0.2917116940669969    -0.1353220686843285     0.6266777586428212    -0.3170105709398789    -0.2094149746632858    0.06160799044614037    -0.1841745117833171      0.101075383461376
    0.1015875413213254 -0.0007761264303454408    0.04274793047289158   -0.01114493268760943   0.008340822531298663   -0.03931242339010524    0.03652553082685366    -0.7041894154766984   -0.01900656816127524     0.6989525313879025
   -0.7744897150712313     0.1009337553123407    -0.3548476266919989      0.298805430878119    -0.2434138408645676     0.2130322650375618     0.1814503435926962    -0.1672890301557911    0.09366823484291108   -0.02144541223186123
  -0.03365103877090762  -0.007435160343084933   -0.08604984099560171    0.08399367935961007   -0.09906866369721279     0.1425000960744594  0.0005955967290715981     0.6766250365068541   -0.07810183781500593     0.7002215673136255
   0.01657248616962359   0.008133781096934894     0.1539753674181834     0.5407236668412584    -0.2006432624004203    -0.4476058760535813     -0.474239486684125    0.02958616810474075     0.4641993158091385    0.04123737088867481
  -0.08674683112013527   -0.06996277311938262   -0.06426644395528291     -0.408498574887673   -0.02038978348270935    -0.4411195434120743      0.516050666831564     0.1079999283829126      0.580271776821823    0.08300078957228478
   0.07196901332262948    0.07105938389021058     0.1767140232550455     0.4279827474911745    -0.1350363787766403    -0.4549626413916649     0.5470936420664534    0.03676763731337594    -0.4975936909202186   -0.04342032560325117
   -0.1716193372116677    -0.5468745476201032    -0.2674918680059903    -0.3137770526117967    -0.3603634717573506    -0.3787644019486572    -0.3080482242022763   -0.02453977491431191    -0.3642071601441141  0.0001600545571022813
   0.08581657286832371     0.8080965463010256    -0.2838095325877228    -0.2784627970576862    -0.2682678408577756    -0.2338473051053434    -0.1909268665898464   0.004163339590441635     -0.135646588814003   0.001874076273294885

22.68946978766134
66.85772307621656
44.27297120990294
130.6354329721828
53.08151705595409
156.6452791302409
63.66494261492626
187.5602099399699
 73.6600350961359
218.1376438513487

 2.957099317078546
0.3385745010623399

    0.1017704883754819   -0.03442800871278991   -0.01852013023135154   0.006026798047306704   -0.08182429750896227     0.0274690579339672  0.0006864286097450201 -0.0001432948858508061  -0.002237908829622483  0.0002243536218239473
  -0.01114843423690614   0.003768106128055688  0.0003107091314845418 -0.0001138947006048168    0.01068820984746078  -0.003566317066465027 -2.289507435883937e-05  1.487087172705323e-05  0.0001472887279317352 -2.358246646142948e-05

 1.318249505932038e-05   -0.01859470742840955   0.002870841335285789    -0.0300044249728715   0.009577996351707274   0.008416892055970716   -0.03991515703080296    0.01658695517050782     0.2352926900538075   0.005599047746924173
 -5.85432101210304e-06   0.002138808851873193 -0.0003280730877678126    0.00343272324476726  -0.001090926721789843  -0.001172200090428977   0.004515391790019033  -0.001707454407749061   -0.02676040392576611 -0.0005043473747349667

cov:
  0.9618596733534722    2.932352631967749 -0.05187369116540889  -0.1028355953714075 -0.04490896617663164  -0.1027992200125323  0.01049949983847351   0.0741257444793561 0.005666369643966253 -0.01426150673324502
   2.932352631967749    22.20337847860702   -5.285815845457909   -4.754509935766005   -4.504845981075793   -3.612042434884638   -2.825949180123832   0.2117593305320352   -1.501997426138686  0.01631175925443012
-0.05187369116540889   -5.285815845457909    3.346215062463942    3.575552307810579    3.123803662090149     2.48879722052934    2.529573344528392  0.02772032606810197    1.769044521241942 -0.07766412065340036
 -0.1028355953714075   -4.754509935766005    3.575552307810579    4.918775969902366    2.830396841495688    2.299755385339522    2.557659703457748  0.05920323654436831     1.37065525670661 -0.07742061521867617
-0.04490896617663164   -4.504845981075793    3.123803662090149    2.830396841495688    3.638682573172311    3.532661742391028    2.407794239590348  -0.0101495767804748    2.397060608796452  -0.0557458598656119
 -0.1027992200125323   -3.612042434884638     2.48879722052934    2.299755385339522    3.532661742391028    4.663482561484895    1.421365305859559 -0.06057406344056087    2.266914470364747  0.02185464589084484
 0.01049949983847351   -2.825949180123832    2.529573344528392    2.557659703457748    2.407794239590348    1.421365305859559    4.177509035552147   0.1907582499329268    1.023060384062453 -0.04708617894487911
  0.0741257444793561   0.2117593305320352  0.02772032606810197  0.05920323654436831  -0.0101495767804748 -0.06057406344056087   0.1907582499329268   0.6240870593000267     0.10293199068313   0.2485849987156343
0.005666369643966253   -1.501997426138686    1.769044521241942     1.37065525670661    2.397060608796452    2.266914470364747    1.023060384062453     0.10293199068313    3.928449684542167   0.1574587160018635
-0.01426150673324502  0.01631175925443012 -0.07766412065340036 -0.07742061521867617  -0.0557458598656119  0.02185464589084484 -0.04708617894487911   0.2485849987156343   0.1574587160018635   0.6204578966263884

cov.inverse():
   30.31610848841617   -9.909331872106144   -93.46031399516386    31.98048329965803    62.89586190087213   -21.21385736692872    1.044807588459312  -0.4914170881859408   0.7108636698890071   -0.256816639866056
  -9.909331872106117    3.356456396408395     31.6863551793039   -10.83005667707722   -21.35805192732938    7.215273306442012  -0.3504494477190922   0.1118131601425504  -0.2402383784253014   0.1153544236756319
  -93.46031399516343    31.68635517930381     316.102193668234   -108.4264836593947   -218.8393812859887    74.22322216828128   -2.260140425807225   0.8961565785275011   -1.020151694303305   0.5085539918855986
     31.980483299658   -10.83005667707722   -108.4264836593949    37.61620229672571    74.72726602134261   -25.38771307310396   0.7006578343060208  -0.3405604670032845   0.4007396685485925  -0.1623092906689173
   62.89586190087162   -21.35805192732921   -218.8393812859878    74.72726602134219     156.623413854884   -53.76081692268706   0.2893397635243636  -0.3528369085018961  -0.4011552076766192   0.1698257112067723
  -21.21385736692845    7.215273306441936    74.22322216828084   -25.38771307310378   -53.76081692268696    18.90335213806884  0.05323805561963047   0.1653169787942516   0.1062282534273373  -0.1396881189306038
   1.044807588459396  -0.3504494477191208   -2.260140425807518   0.7006578343061206   0.2893397635245735  0.05323805561955852   0.6993351919522639  -0.1875689760669539    0.256343213214711 -0.07496254523075802
 -0.4914170881859644   0.1118131601425584   0.8961565785275848  -0.3405604670033128  -0.3528369085019567   0.1653169787942724  -0.1875689760669537     2.00787047692256 -0.09399607568405563  -0.7769091732385771
  0.7108636698890652  -0.2402383784253211   -1.020151694303504   0.4007396685486609  -0.4011552076764788   0.1062282534272895   0.2563432132147118 -0.09399607568405598   0.6081263144690986  -0.1920353506102911
 -0.2568166398660782   0.1153544236756394   0.5085539918856758  -0.1623092906689439   0.1698257112067174  -0.1396881189305851 -0.07496254523075813  -0.7769091732385771  -0.1920353506102911    2.020672014741674

cov*(cov_.inverse()):
     1.000000000000033 -1.474688426927884e-14 -6.679812952770092e-14 -9.067833289799765e-15 -3.279581467507953e-14 -2.738434479176988e-14  1.381273567746533e-16  1.405126015541214e-16  1.457167719820518e-16 -1.283695372222837e-16
 1.985564490603053e-14      1.000000000000005 -1.222286161173258e-13 -8.053020056353333e-15  -3.54677225089528e-14  1.556567374993989e-14 -5.557620336160696e-16  3.035766082959412e-16  6.284035791725984e-16 -8.326672684688674e-17
 1.036254415609505e-13 -2.181241298693237e-14     0.9999999999998475  3.947189797237627e-14 -4.973625677973104e-14 -4.919675777870225e-15  6.288372600415926e-16 -5.412337245047638e-16  3.989863994746656e-16 -4.163336342344337e-16
 5.926856228022359e-14  -1.69864122767649e-14 -8.810313589791008e-14     0.9999999999999842  1.486328421451688e-13 -6.292709409105868e-14  8.161873954470877e-16  5.551115123125783e-17 -5.377642775528102e-16  3.608224830031759e-16
 3.851086116668512e-15 -1.666982524239913e-14  5.766220834146907e-14 -1.434616314632819e-15     0.9999999999999418  2.854140535024641e-14 -1.422473250300982e-16  1.249000902703301e-16 -9.766493169749424e-16 -1.387778780781446e-17
 4.386248309007357e-15 -1.434312738024524e-14  2.336152105097966e-14 -1.116294556791075e-15  -8.10332703715666e-14     0.9999999999999786  2.250803710079907e-16  2.324529457808922e-16 -2.168404344971009e-17  3.122502256758253e-16
 4.461361835517152e-14 -1.275542171885746e-14 -1.633346236040722e-13  7.482642977452159e-14  2.197027282324626e-14  3.255208602670479e-15      1.000000000000001                      0 -7.112366251504909e-17 -1.110223024625157e-16
 1.290634266126744e-15 -5.065392549852277e-16 -3.358424649491099e-15  -1.35308431126191e-15 -5.641320743876577e-15 -1.179611963664229e-15                      0                      1 -2.775557561562891e-17  1.110223024625157e-16
 2.862293735361732e-14 -1.253164239045645e-14 -6.705747068735946e-14  1.280919814661274e-14  5.849487560993794e-14 -8.892192537857113e-15  2.498001805406602e-16 -8.326672684688674e-17     0.9999999999999999  1.665334536937735e-16
 3.608224830031759e-16  -3.33066907387547e-16  7.216449660063518e-16 -9.159339953157541e-16  2.650657471292561e-15 -1.665334536937735e-16  4.163336342344337e-17  5.551115123125783e-17                      0     0.9999999999999999
