12
2

0.05238500088815758
 0.1977372114784332
 0.6946462787602067
 0.7656378056508679
 0.9334863020618029
  1.287781988862486
  1.464025487361171
  1.588612449885677
  1.851120014259765
  1.966745922516939
  4.117235138466177
  7.397665363684553

  -0.3454075714309172    0.2762170765884737    0.6387841944853586    -0.509397789396365   -0.2885860438518477    0.2314633365261853 -0.002283829560918915 0.0006408702922016863 -0.001165916409318669 0.0003469880456970685  0.000182022633649516  0.001435578209517556
  -0.4325589532990319    0.3256668019645288   0.05999274944145916  -0.04285922284189351    0.6436723681220489   -0.4935740310872955  -0.07639844972989936   0.05627006666846434   -0.1174559364107953   0.08469178021131483  -0.08176376366698873    0.0825315103265499
 -0.06946960357071504   0.08536455428708177  -0.06842561627945823    0.0330356586702743  -0.02454840019872008   0.03232424598658547    0.8421073585270242   -0.3508627040484983    -0.336289185190804    0.1658378966264122  -0.04861370520214365   0.07253006113564532
   0.1478812719368006   -0.0730027064302769   0.08946121060816443   -0.0171327954673418  -0.02848789542678539  -0.01804509383089501   -0.2762024796294927    0.0568510957487193   -0.7946825145891425     0.268378308581385     0.309361629388559   -0.2908539456376851
  -0.6796658251503482   0.01914521009211973   -0.5477699357481191   0.04190255783651362   -0.3977774984290906   0.06867049432729178   -0.2111855043455043   -0.1106739589242918   -0.1206418524623879  -0.00826599431609153  -0.03249098770810485  -0.02027400314060421
   0.2872489766193368    0.2470360273593909  -0.02370660925128654  -0.04319810995929556   -0.2648272538557285   -0.2323241724290641   -0.1806062662184638  -0.07869620155561845    -0.351514318004351   -0.3208991186450257   -0.3161246809849285    0.6038543380137894
  -0.2181957304429952   -0.3805761446905783     0.283694891719984    0.3028083553936879    0.2837250018469655    0.3653366385437505  -0.09834957305495168   -0.1934459493016247   -0.2454209242624141   -0.3728312956271875   -0.4147308167671525  -0.05545957290352461
   0.1545983466602328    0.2038797622940222   -0.0607591708707003  -0.08455793605896143   -0.1765068113727887   -0.2461351481238879     0.047019772254713   0.05989882826790708 -0.006405128781808874  -0.04185355420847767   -0.6180278686489439   -0.6651342616542532
  -0.0585893678100891  -0.05913103587781478    0.3813540876864917     0.490232463848458   -0.2915499980352386   -0.3542210355023211   -0.1680824334118371   -0.4282728068318772    0.1823717233089217     0.387628256297265  -0.02827735576135713   0.02922385220915502
   0.2116153282891728    0.2087596468022994   -0.2112525562064149   -0.2933632319067316    0.2750649286607637    0.3457498472809072   -0.3017989303565823   -0.6073762956707237   0.09046033381826862    0.3096168858053502   -0.1470651021424031  0.009092378241035492
 -0.05105481724993678   -0.5535865303676372  -0.02629182135671476   -0.3250147925218941  -0.01541123237563581   -0.0803285739733461   0.01531488880913761    0.2607035826752603  -0.02452960396162291    0.5154571000722071   -0.4121103744048068    0.2712668610547228
  0.01017229264173719    0.4513259853135668   0.01149055654223272    0.4503362923897654  0.008673377645034711    0.4441027023294479 -0.007427328677783737    0.4367558160070082  -0.03403794316539305     0.371058335589742   -0.2191653597745055    0.1351924542131108

22.68834242227976
28.17780603293926
35.54787609862012
44.27750706246949
50.51256910924251
63.01323935875122
68.48328348301568
85.56163682259513
88.30739969302572
110.2296445178524
104.2786978971926
130.5534907106989

 1.251797106089891
0.8011770436365104

   0.04428413189159758   -0.03527575497498815  -0.001035260875038101  0.0008125137810603819   -0.04229825599034474    0.03372367234986302 -0.0002634099129298128  0.0002084266735527269 -0.0003616431604184762  0.0002843690372829779  -0.000288801311280468  0.0002931309029099194
  -0.02785059815089452    0.02222076161611915  0.0006907678729021115 -0.0005473344049714759    0.02635656173772548   -0.02096293422733875   0.000225244643303844 -9.798264841995999e-05  0.0003432860911543869 -0.0003188008163838169  0.0004273257024362381 -2.905755193594469e-05

-1.674212161175644e-05  -0.002911609237188521  -0.001907187087066001   0.005796144508350982   -0.00954549331600724    0.01276603743566739   0.008800890637822113  -0.003059174162401345 -0.0003520033046412122   0.007991267753226198     0.2606750976454109   -0.01054780092190324
 1.102693138289018e-05   0.001819435020458513   0.001194043372327384  -0.003709273244009618   0.006048210288060066  -0.007988710442653143  -0.005732006095904337   0.001281313621986245 -5.354001745800673e-05  -0.005328551872934859    -0.1664746680529633   0.008418463894185298

cov:
    0.959356777890823      1.26201736917289  -0.05515687982615779  -0.02795735152970409    0.1974684145184936    0.2581213384963927   -0.1781765249420773   -0.2360419414695797 0.0003630274931658391   -0.0375959880323685  -0.02873060986054182   -0.1208843799697034
     1.26201736917289     17.05069167013215 -0.004250292312702383     13.53029376013971    0.2108332034825264     11.55099239739945    -0.464374382105551     8.075629558152865   -0.5048827319684306     4.646513330279151     -1.78489777292136    0.7614652566941345
 -0.05515687982615779 -0.004250292312702383     1.142336128952496     1.484184337401094   -0.1932432452458889   -0.1968667506273462   0.01389228918902524   0.03892082612631315   0.04623321682621014   0.06220741817710265   0.01723618570833336   0.03162299405443777
 -0.02795735152970409     13.53029376013971     1.484184337401094     14.26624963695082   -0.2777501246041089     10.71003012851406    -0.259618558352339     9.154221879667606   -0.6343292311533073     6.394018438319942    -3.130955690927091     1.941900851076179
   0.1974684145184936    0.2108332034825264   -0.1932432452458889   -0.2777501246041089      1.11462209028376     1.350886236377551  -0.09622880692179807   -0.1459472611621711  -0.03159478576345615  -0.08496826499279372   0.04195169912844832  -0.01576501001171726
   0.2581213384963927     11.55099239739945   -0.1968667506273462     10.71003012851406     1.350886236377551     12.33804055409203   -0.4327159166388609     9.795177678954357    -0.948785378928654     8.115087818445936    -4.751179832194969     3.031465545297388
  -0.1781765249420773    -0.464374382105551   0.01389228918902524    -0.259618558352339  -0.09622880692179807   -0.4327159166388609    0.9625228236972676    0.7857455514174422  -0.03234557363902014   -0.4067605468817313    0.2152145333349316   -0.1800229995182131
  -0.2360419414695797     8.075629558152865   0.03892082612631315     9.154221879667606   -0.1459472611621711     9.795177678954357    0.7857455514174422     13.81842451839196    -1.213639341402089     10.02261558295856    -6.531380531765301     4.189703888241453
0.0003630274931658391   -0.5048827319684306   0.04623321682621014   -0.6343292311533073  -0.03159478576345615    -0.948785378928654  -0.03234557363902014    -1.213639341402089    0.9913303127623814   -0.3225361828665749     0.790479381133009   -0.5297955080715346
  -0.0375959880323685     4.646513330279151   0.06220741817710265     6.394018438319942  -0.08496826499279372     8.115087818445936   -0.4067605468817313     10.02261558295856   -0.3225361828665749     13.45345557252581    -7.655413283602337     4.918938374464776
 -0.02873060986054182     -1.78489777292136   0.01723618570833336    -3.130955690927091   0.04195169912844832    -4.751179832194969    0.2152145333349316    -6.531380531765301     0.790479381133009    -7.655413283602337     7.150792529167262    -2.808541137351242
  -0.1208843799697034    0.7614652566941345   0.03162299405443777     1.941900851076179  -0.01576501001171726     3.031465545297388   -0.1800229995182131     4.189703888241453   -0.5297955080715346     4.918938374464776    -2.808541137351242     4.031408400271085

cov.inverse():
     48.9329728890377     -38.3073497166237    -80.66170486428652     64.48279500813166     29.44420929020421    -23.80362943425943     1.074379685310294   -0.5688757034509525     1.353795600333766   -0.9417001553110608    0.9352583735301518    -1.093033865465798
   -38.30734971662378     30.69475921124564     64.68557129684207    -51.69865922208937    -23.77968842630466     19.10816742532666   -0.7070652428798722    0.4587652704896834    -1.065879452446261    0.7473289744956763   -0.7297130183566595    0.9188244943362327
   -80.66170486428582     64.68557129684179     149.2474442182432    -118.5616282138231    -65.94128264584295     53.07106425483344   -0.6914741639475784    0.3227929370472561   -0.4612875583983289    0.2151097851181103  -0.03856981804756917    0.4212770376195792
    64.48279500813133    -51.69865922208918    -118.5616282138232     94.75923571492629     52.83476576509227     -42.4247640029155    0.5509786385225257   -0.2555451523026871    0.3336957907097356   -0.1718991525730819   0.02546035720556145    -0.346334219286235
    29.44420929020378    -23.77968842630426    -65.94128264584229     52.83476576509175     41.26551952917166    -32.34118024047896   -0.9451714771393958    0.9003919027825001    -1.685147206678539      1.33346291937632    -1.331787990223011     1.168064708478126
   -23.80362943425895     19.10816742532634     53.07106425483293    -42.42476400291508    -32.34118024047895     25.95221003082919    0.8142619162345239   -0.7257383287533637     1.373887493576906    -1.063970798452935     1.055971188902328   -0.9400991177481856
    1.074379685310412   -0.7070652428799672   -0.6914741639478025    0.5509786385227049   -0.9451714771392902    0.8142619162344382     1.858990990350466   -0.6356280342191063   0.08065913968943857  0.007716973281440932 -0.008657721956240517   0.02855247798263913
  -0.5688757034510412    0.4587652704897544    0.3227929370474212   -0.2555451523028193    0.9003919027824241   -0.7257383287533024   -0.6356280342191067    0.5348299526257113   0.01450217740401959 -0.009835017313575724  0.008154100173702541  0.001472055097367754
    1.353795600333843    -1.065879452446324   -0.4612875583984851    0.3336957907098604    -1.685147206678459     1.373887493576842   0.08065913968943812    0.0145021774040205     1.796215327298539   -0.5951099411672147  -0.02361607226130732  -0.02064365317023166
  -0.9417001553111188    0.7473289744957221    0.2151097851182253   -0.1718991525731742     1.333462919376258    -1.063970798452885  0.007716973281441772 -0.009835017313576644   -0.5951099411672144    0.5778962222744505    0.0627279119791844  -0.01206373291496933
   0.9352583735301657   -0.7297130183566704  -0.03856981804758679   0.02546035720557554    -1.331787990223009     1.055971188902327 -0.008657721956239123  0.008154100173701577  -0.02361607226130538    0.0627279119791827    0.6489425960347386   -0.2817513560761946
   -1.093033865465792    0.9188244943362257    0.4212770376195556   -0.3463342192862161     1.168064708478143   -0.9400991177481992   0.02855247798263849  0.001472055097368236   -0.0206436531702337  -0.01206373291496745   -0.2817513560761944    0.7322006516139732

cov*(cov_.inverse()):
    0.9999999999999432  8.951173136040325e-14  -2.65149013856103e-13  4.476280457410553e-14 -7.724376693829527e-14 -6.730727086790012e-14  6.774095173689432e-16 -2.033692225039685e-16  2.308049584787142e-15  4.816026050180611e-16 -4.579669976578771e-16  2.331468351712829e-15
-3.808064974464287e-14     0.9999999999999883 -3.136380044566067e-14   8.79296635503124e-14 -3.708144902248023e-14 -3.597122599785507e-14  2.983724378680108e-16 -5.490399801466594e-16  2.196159920586638e-15  3.122502256758253e-17 -3.608224830031759e-16  1.443289932012704e-15
 1.539740557277014e-14  -1.37320710358324e-14     0.9999999999999888  2.295039158717316e-14   1.02695629777827e-15  3.937822290467352e-15 -1.372599950366649e-16  1.041037373493425e-16  2.092510192897024e-16  1.792186191118539e-16  2.688821387764051e-16 -3.469446951953614e-16
  6.52811138479592e-14 -1.811883976188255e-13  4.729550084903167e-14      1.000000000000226  1.332267629550188e-13  6.705747068735946e-14 -1.172673069760322e-15 -3.100818213308543e-16  1.325328735646281e-15   1.52655665885959e-16 -2.220446049250313e-16 -3.552713678800501e-15
-5.842548667089886e-15  6.501743587961073e-15 -8.834512982280884e-14  4.125953051437037e-14      1.000000000000006 -3.005755366825014e-14  1.282069068964109e-16  1.777142885975302e-16 -2.248093204648693e-16  1.103907546970428e-15 -7.277164981722706e-16  5.603156827405087e-16
 9.370282327836321e-14 -8.615330671091215e-14  1.123545700920658e-13  1.472155730652958e-13  1.270095140171179e-13     0.9999999999999423  2.095545958979983e-15 -2.876171523169546e-15  2.664535259100376e-15 -1.845745778439323e-15 -9.992007221626409e-16 -3.108624468950438e-15
 1.956768080901838e-14 -2.023381462379348e-14  3.087807787238717e-14  3.365363543395006e-15  1.959543638463401e-14  6.022959908591474e-15     0.9999999999999998  1.061433926863309e-16 -4.740131898106625e-16 -1.864827736675068e-16  6.938893903907228e-17 -4.440892098500626e-16
  1.77635683940025e-15 -1.221245327087672e-13  3.061995101916182e-13 -1.554312234475219e-14  6.572520305780927e-14  1.731947918415244e-14  2.498001805406602e-16     0.9999999999999994  1.040834085586084e-15 -2.477185123694881e-15  4.440892098500626e-16 -4.440892098500626e-16
-1.443289932012704e-15  4.829470157119431e-15  -1.77635683940025e-14 -5.773159728050814e-15   3.33066907387547e-16 -4.274358644806853e-15  1.179611963664229e-16  1.981921571303502e-16                      1  8.326672684688674e-17 -5.551115123125783e-17 -5.551115123125783e-17
-2.575717417130363e-14 -4.884981308350689e-14  1.647570968543732e-13 -4.218847493575595e-14 -2.753353101070388e-14  1.154631945610163e-14  1.915134717478395e-15 -1.793704074160019e-15  3.066991105526995e-15     0.9999999999999971  6.661338147750939e-16 -2.220446049250313e-15
                     0  2.442490654175344e-14  1.154631945610163e-14 -1.354472090042691e-14 -3.108624468950438e-14  1.953992523340276e-14  5.273559366969494e-16 -4.787836793695988e-16 -9.020562075079397e-16  7.979727989493313e-16                      1 -1.332267629550188e-15
 6.039613253960852e-14 -6.217248937900877e-14 -4.507505479978136e-14  8.215650382226158e-14  6.394884621840902e-14 -3.597122599785507e-14  2.775557561562891e-17   -1.0321604682062e-16 -1.942890293094024e-16 -1.179611963664229e-16  2.220446049250313e-16                      1
