8
2

0.1309379410912062
0.5755010277501312
0.8063935923615491
0.9079654533887965
   1.1865144908753
 2.293912392463766
 2.640279116601823
 5.476848478070806

  -0.5517063299180199    0.2775993805657155    0.6869299929352909    -0.350825680066164  -0.06152766797042675   0.01115587652052796   -0.1259908503128091    0.0618339274232942
 -0.03307904164843029   0.01254112687024129   0.08297947342441989  -0.02554797673089775   -0.5141825828772288  -0.09208561007757846    0.7178396859752156   -0.4506139169366112
  -0.7108920118767221   0.04812996059799536   -0.4808458271313312    0.0711778204894411     0.353438823831345   -0.1048402301572338    0.0488352895280195   -0.3431351063203379
   0.2472311541234859  -0.00989688975413814    0.2708019078682112    -0.049416703375278    0.4868664839485967    0.5526567761458102   0.04380504078174376   -0.5644605895154963
  -0.2471007120896901 0.0002259800000155811   -0.2584607945664826 -0.007478163886696729   -0.3293542675824837    0.8201876658851596    0.0713992949891059    0.2929221425308626
   0.2004986835835394    0.3470619069520267   -0.3590467210805764   -0.6150892860606021   -0.2784413776660284  -0.02022186861959896     -0.38417498598449    -0.326450590833634
  -0.1535372304121611   -0.5171570778767325    0.1386850948795568    0.2991874401550004   -0.4055288210321677   0.02227778764678822   -0.5341408759320111   -0.3872619216234899
  0.05659541727070176    0.7297008983071404   0.04177467214769594    0.6331322715521649   -0.1393383762535622    0.0369021638030437   -0.1628925082769081   -0.1200876313230775

22.75882767495367
45.77018542771929
35.55312473419617
70.61922282315371
67.22231721832024
133.1705726452088
79.37791473200065
157.5572423184854

1.941906932833212
 0.51577195039289

    0.1429439575949357   -0.07335704777423402    -0.1401768214524665    0.07217413335876462    0.00106524092656099  7.771982002596558e-05  -0.004489720051105009  0.0007960326067957334
  -0.03844117878779801    0.01976852127944338    0.03785303914594063   -0.01952569641857656  -0.000365170260170566 -4.110021976924721e-05  0.0007767417857866009 -0.0001652688977476356

 -0.003776797727300083  -0.007703950307573013   -0.02128453225118464   -0.00457128120064675  -3.11583025694239e-05    0.05421960130030602     0.1380458808957822    -0.1532372369386636
  0.001019467694135093   0.001981572096560621   0.005629781816034971    0.00118950913175473 -5.714593468109833e-05   -0.01352032804730805   -0.03567227519643229     0.0423286658457695

cov:
   0.9425003382133188       2.1313373981423  -0.09634425950676553   0.06888345640714252  -0.03962811691873362   -0.1058443036733721    -0.155303763451654    -0.187758555416758
      2.1313373981423     18.47290912206187   -0.2550512423209246     11.65693946312643    -2.091799857848923    0.6826114343457115    -2.337765003985938    -1.836145042536642
 -0.09634425950676553   -0.2550512423209246     1.180000571719298     2.209304283494699   0.06256878179996825  -0.03869135013307465 -0.007911808484433798  -0.04507245264558001
  0.06888345640714252     11.65693946312643     2.209304283494699     14.64656442791399    -2.586096874865882    0.7774463125480344     -2.96974754368389     -2.02425480841304
 -0.03962811691873362    -2.091799857848923   0.06256878179996825    -2.586096874865882     2.653744442166372   -0.3544859733729331     2.627289952267771     1.710430280121318
  -0.1058443036733721    0.6826114343457115  -0.03869135013307465    0.7774463125480344   -0.3544859733729331     1.255262774123027   -0.1452263056169857  -0.04012807270407551
   -0.155303763451654    -2.337765003985938 -0.007911808484433798     -2.96974754368389     2.627289952267771   -0.1452263056169857     3.742675589218213     2.579573395949588
   -0.187758555416758    -1.836145042536642  -0.04507245264558001     -2.02425480841304     1.710430280121318  -0.04012807270407551     2.579573395949588     2.566154568957988

cov.inverse():
   18.66264862820097   -8.963847038575205   -21.47763961246148    11.17173363432996    1.846760361228561  -0.2145916159607648    3.926641495685486   -1.794471660191686
  -8.963847038575214    4.577918391599931     11.0537432266518   -5.722868508977151  -0.9871036091170249   0.1607921834661718   -1.999376532657407   0.9698250975114443
  -21.47763961246147     11.0537432266518    28.06295861809379      -14.08144864988   -2.624243699352879   0.5342651389006997   -4.887635069049043     2.39351512875205
   11.17173363432996   -5.722868508977149      -14.08144864988    7.289665017135078    1.322131679054066  -0.2660360370874147    2.543610127588264   -1.216798341817787
   1.846760361228561  -0.9871036091170253   -2.624243699352882    1.322131679054067    1.614717122386383   0.1800468495042709  -0.5744162993635912 -0.07036098174022154
 -0.2145916159607646   0.1607921834661718   0.5342651389007002  -0.2660360370874149   0.1800468495042709   0.8982833755188343  -0.2189071606652651  0.01296810302361226
   3.926641495685482   -1.999376532657407   -4.887635069049044    2.543610127588264  -0.5744162993635915   -0.218907160665265    2.561171848992347   -1.417795927491019
  -1.794471660191688   0.9698250975114457    2.393515128752054   -1.216798341817789 -0.07036098174022211  0.01296810302361226   -1.417795927491019    1.506830680496764

cov*(cov_.inverse()):
     1.000000000000011  7.771561172376096e-15 -5.995204332975845e-15   3.33066907387547e-16  1.007874339542525e-15 -2.467644144577008e-16  2.442490654175344e-15 -8.326672684688674e-16
-6.217248937900877e-15      1.000000000000002  6.217248937900877e-15  7.549516567451064e-15  3.885780586188048e-16  -4.85722573273506e-17 -1.332267629550188e-15  8.881784197001252e-16
 4.427014310692812e-15 -1.429412144204889e-15     0.9999999999999902  1.040834085586084e-15   4.79217360238593e-16 -1.045170894276026e-16  1.318389841742373e-15 -2.775557561562891e-16
-2.753353101070388e-14  4.440892098500626e-15 -2.309263891220326e-14      1.000000000000012 -1.221245327087672e-15 -2.081668171172169e-17 -3.108624468950438e-15 -8.881784197001252e-16
 5.329070518200751e-15 -3.552713678800501e-15  -1.06581410364015e-14 -8.881784197001252e-16                      1 -1.318389841742373e-16  2.220446049250313e-15 -8.881784197001252e-16
-3.136380044566067e-15  1.318389841742373e-16  2.151057110211241e-15  2.775557561562891e-17 -2.333203075188806e-16                      1 -5.342948306008566e-16  7.632783294297951e-17
 3.552713678800501e-15 -3.108624468950438e-15 -8.881784197001252e-15  8.881784197001252e-16 -6.661338147750939e-16  3.469446951953614e-17      1.000000000000002                      0
-2.664535259100376e-15  -1.77635683940025e-15 -5.329070518200751e-15 -1.332267629550188e-15 -2.220446049250313e-16 -4.163336342344337e-17  1.332267629550188e-15      1.000000000000001
