10
2

0.1498815822800933
0.6282407131400926
0.8841511903752128
 1.001521228375958
 1.386288543414666
 1.756446049139503
 1.859947247154454
 2.139511402410025
 3.201869806528035
 8.046932856518479

 -0.4911293308052508   0.3190993804674237   0.6697792001463531  -0.4368816490057414 -0.07029056873938658  0.04677694492683726 -0.03534112103254525  0.04240483616241345 -0.06532066777934065  0.05527216646827521
 -0.3574552611776311   0.1332688994569607  -0.1947703352615159  0.08389117483511861   0.8027658725096698  -0.3435935316503713 -0.02953522850297806   0.1063968093215609  -0.1417833294933742    0.121273408643108
 -0.6488305445980961  0.07875150429477612  -0.5435358151892947  0.01463662093254825  -0.4116911338068433  0.04378825526221481   0.1779598895402988  -0.2208317205227112 -0.04387453309966052   0.1529815845748461
 -0.2439117892403848 -0.01817161798020014  -0.1822518089207728  -0.0248138413799849   -0.103633752331217 0.005331765453377864  -0.3917909945821743   0.5870238000646338   0.2677735293943469  -0.5707689656272452
-0.01121424893988347 -0.02134502558886181  0.02987167230703857  0.02654296393853561  0.04673210614210508   0.1479000861191778   0.7493619112233488   0.2944644885870624  -0.3967581089239596  -0.4099925042188701
 0.08243919305252892  0.01056651936681632 -0.04352601647173152 -0.07218156713384875  -0.1070401752755415 -0.06575607502764791   0.2808811671727967   0.6396672493337208   0.3207387647698858   0.6158442982433374
  -0.270959538529423  -0.3316739890154456   0.1669339905938542   0.2065410661094449    0.308398280605781   0.5234663591320211   0.1954453657876974  -0.1613318090195745   0.5586291548723402 -0.02504434824372254
   0.233218760038647   0.2838513720807114  -0.3919222247380338  -0.6722437552334851     0.24534630789777    0.432136314223172 0.005601443276232704 -0.06811730197828483  0.08398729816402177 -0.02934105863767893
 -0.1252997327627491   -0.713842984993614 -0.02123869954235454  -0.2614972885465192  0.03529855666445776   0.2247580307512366  -0.2528753426889129   0.1645020771220872   -0.466088361762887   0.2142168566930815
  0.0105648298809977   0.4161305968071772  0.01027300205768921   0.4820791638566084  0.01431287367761872   0.5833834681682204  -0.2647547158053932   0.1997638117579522  -0.3245827290838162   0.1957604113217822

35.56177810116541
53.43831873128086
50.51705058680079
76.01201358356629
68.40385734106326
103.0771017375148
87.22663289360324
131.1454332377764
103.3641643575708
155.9942959626206

 1.509144651331681
0.6645437274384411

   0.08986408678183275   -0.05956829954482763   -0.08595466066111708    0.05684777107083621  -0.001941369576632221   0.001092722632361851 -0.0008657308480758713  0.0006671232079528704  -0.001470381958530403   0.001532577289031736
  -0.03858554039237574    0.02556633241499465    0.03643315977528665   -0.02411139248396715  0.0009395803886748379 -0.0004899640427751236  0.0008740468331328871 -0.0002984927864115323  0.0006169199940417841 -0.0007893381131834775

-0.003260097675794048 -0.007891193894521148  -0.01141432345997091 -0.006933380083270661 -0.002347173658898118    0.0222390778605783  -0.02893083672820937 -0.003210781503097363    0.2023929769905707    0.2870352055448964
 0.001388940089937576  0.003458562909318642  0.005127008198590339  0.002912087168276655  0.001830904299129351 -0.009434961741096605   0.01277917872686508  0.001404965115721363   -0.0890694475039792   -0.1253766998938033

cov:
   1.136968022430856    1.760911494732155  -0.2119189580527621  -0.2728584077161472  0.03074523360367686  0.08556851814821752  0.03192864694403898   0.1131048132945641  0.01029021189685864  0.06069093550338397
   1.760911494732155    17.20214406604478   -0.306758347000952    13.79244367799913   0.1051370815917168    14.01238050433231   -5.505667569101814    4.265895575796764   -5.855771681463542    3.761312362334552
 -0.2119189580527621   -0.306758347000952    1.107852700000805    1.699432234713489  -0.1120674085839729  -0.1089760172073923 -0.01518951068095009  0.03608846202641191 -0.02874013949925752   0.0463689080330914
 -0.2728584077161472    13.79244367799913    1.699432234713489    17.99116956872977    -0.13110555587478     16.6634019439297   -7.477451121552832    5.747728217489847   -8.844882948618178     5.47036608341237
 0.03074523360367686   0.1051370815917168  -0.1120674085839729    -0.13110555587478    1.067874931804491    1.577223958744958  -0.1733834057638637  -0.1450482465843681  0.02073414274700409 0.007523567124306739
 0.08556851814821752    14.01238050433231  -0.1089760172073923     16.6634019439297    1.577223958744958    24.46202595028875   -10.05504106742063    7.433537623103815   -12.31637521292632    7.529565303154806
 0.03192864694403898   -5.505667569101814 -0.01518951068095009   -7.477451121552832  -0.1733834057638637   -10.05504106742063    6.828400518359257   -3.246303468517921    6.749650385070614   -3.741746266172277
  0.1131048132945641    4.265895575796764  0.03608846202641191    5.747728217489847  -0.1450482465843681    7.433537623103815   -3.246303468517921    4.789978346279615   -4.754936288898768    3.542599895175712
 0.01029021189685864   -5.855771681463542 -0.02874013949925752   -8.844882948618178  0.02073414274700409   -12.31637521292632    6.749650385070614   -4.754936288898768    10.86232624263904    -4.44113632043142
 0.06069093550338397    3.761312362334552   0.0463689080330914     5.47036608341237 0.007523567124306739    7.529565303154806   -3.741746266172277    3.542599895175712    -4.44113632043142    4.802088741758761

cov.inverse():
   11.69578770019979   -7.108304980343676   -14.00529982424358    9.419985768159762    1.161372685397313  -0.7733744566928523   0.7381164950924267  -0.9603293452518362    1.504834892388657   -1.289670691395028
  -7.108304980343695     4.68799883508517    9.357490403956854   -6.216208600535268  -0.7845925375442994   0.5155862726415492   -0.496800002175034   0.6053821596596385  -0.9974782456947849   0.8454073298648829
  -14.00529982424359    9.357490403956838    20.51936967475341   -13.00312974857802   -2.190742673365594    1.523911970136292   -1.074551116647922    1.251970448452468   -1.885729856809949    1.571263286735102
   9.419985768159785   -6.216208600535259   -13.00312974857802    8.638413328087063    1.517208963161084   -1.012063263435905    0.713152025959209  -0.8339532475025029     1.25025808266344    -1.05341723442712
   1.161372685397285  -0.7845925375442786   -2.190742673365554    1.517208963161058    2.125849775775252  -0.7922131534351435  0.02253743319899406    0.106913968999375 -0.05670229242658276  0.01776034197829153
 -0.7733744566928327   0.5155862726415357    1.523911970136266   -1.012063263435888  -0.7922131534351434   0.5419697261839201  0.03386570279327664 -0.02998384273821569  0.02832604661782089  -0.0297263358089763
  0.7381164950924254  -0.4968000021750317   -1.074551116647919   0.7131520259592068  0.02253743319899606  0.03386570279327547   0.5874943535516554  -0.1952526205169572 -0.08222688002943544  0.05040691243729919
 -0.9603293452518483   0.6053821596596448    1.251970448452484  -0.8339532475025129   0.1069139689993709 -0.02998384273821312  -0.1952526205169582   0.7042024080113914 -0.02248877052453591   -0.169713432941185
   1.504834892388667  -0.9974782456947899   -1.885729856809963    1.250258082663449 -0.05670229242657795  0.02832604661781766 -0.08222688002943439 -0.02248877052453517   0.5446379110044459  -0.2318743423248074
  -1.289670691395032    0.845407329864884    1.571263286735107   -1.053417234427123  0.01776034197828735 -0.02972633580897359  0.05040691243729854  -0.1697134329411862  -0.2318743423248065   0.7438209679388015

cov*(cov_.inverse()):
     1.000000000000001  1.788152959036893e-14  3.699818229563334e-14 -4.200806369425436e-14 -3.017551486461656e-15  8.517492267046123e-16  -2.46374101675606e-15  2.857089564933801e-15 -2.504940699310509e-15  2.275957200481571e-15
 2.309263891220326e-14      1.000000000000004 -2.398081733190338e-14 -5.773159728050814e-15  5.967448757360216e-16  1.110223024625157e-16  4.996003610813204e-16  1.554312234475219e-15 -2.775557561562891e-15                      0
-1.908195823574488e-15 -4.891920202254596e-15     0.9999999999999944  7.924216838262055e-15 -1.935300877886625e-16  5.833007687972014e-17  1.253337711393243e-16 -5.290906601729262e-16  2.792904796322659e-16  4.718447854656915e-16
-2.398081733190338e-14 -5.329070518200751e-15  1.243449787580175e-14      0.999999999999992 -4.996003610813204e-16  7.771561172376096e-16 -4.440892098500626e-16  3.663735981263017e-15 -8.659739592076221e-15   1.77635683940025e-15
 2.740863092043355e-16  5.056718932472393e-16  8.257283745649602e-16 -1.186550857568136e-15     0.9999999999999996 -6.971419969081794e-17 -4.667490352550097e-17  5.117434254131581e-17  1.348747502571968e-16   9.80118763926896e-17
 7.105427357601002e-15 -1.509903313490213e-14 -3.197442310920451e-14  3.907985046680551e-14  3.441691376337985e-15     0.9999999999999997  2.109423746787797e-15 -1.110223024625157e-15  -1.77635683940025e-15  -1.77635683940025e-15
 6.217248937900877e-15  1.287858708565182e-14  3.552713678800501e-15 -1.731947918415244e-14 -1.582067810090848e-15  6.245004513516506e-16     0.9999999999999993 -1.110223024625157e-16  1.110223024625157e-16  8.881784197001252e-16
-9.769962616701378e-15 -2.220446049250313e-15  6.217248937900877e-15  1.332267629550188e-15  4.579669976578771e-16 -2.081668171172169e-16 -1.110223024625157e-15      1.000000000000001  -1.77635683940025e-15  1.332267629550188e-15
 1.865174681370263e-14 -3.108624468950438e-15 -8.881784197001252e-16 -8.881784197001252e-15  8.881784197001252e-16 -1.665334536937735e-16  2.775557561562891e-16 -4.440892098500626e-16      1.000000000000004  -1.77635683940025e-15
-8.881784197001252e-16 -5.329070518200751e-15   -1.4210854715202e-14   1.06581410364015e-14  -1.52655665885959e-16  -6.38378239159465e-16   6.38378239159465e-16  -3.33066907387547e-16                      0     0.9999999999999991
