12
2

0.01294605285632884
0.03760595020753185
0.04003878826583303
 0.1570661015447331
 0.2562520254793391
 0.4671053129604092
 0.6630314281297909
 0.8648954756837456
 0.9978814296986513
  1.240573758651124
  1.488740841059915
  3.724822095435345

   -0.4679430479437406     0.1331104092489541     0.8116042619089953     -0.223769778348582    -0.1326381607183697    0.03836408251741762     -0.180998562400343    0.05181236723947465  -0.001069679632823606    0.00351127661823025   0.003395958208925038  -0.001356419334700503
   -0.1430246046076677    0.04012633537040119   -0.08325933335101217    0.02028990294811752     0.7165136300287083    -0.2065388040807392    -0.5188298718580621     0.1484893451025878   0.002278981528627788   0.003554468383530776     0.3511198201417847  -0.001872347964209378
   0.06990229172085857   -0.02034665880459056    0.03760136353490905 -0.0001369205509940113     -0.273359223415846    0.06258484345780956     0.1884296435052156   -0.05450207280899557    0.00248797483119535  -0.005490568785926049     0.9359496713458151    0.01137295014120485
    0.6590643636420452     -0.181196497676921     0.5650365932866773     0.2142677627816392     0.3213411761807442   -0.06719679488910153     0.1746434703928397   -0.03642756480111402  -0.003058348856408918     0.1462797545660844   -0.01292373372666921   -0.08029915888971281
   -0.4002554958184416     0.1072839404468109   0.005699300730160501    0.02345157697469917     0.4062856275411439    -0.2116728707092699     0.7313800531501793    -0.1315802091234556    -0.1782488213893621    0.07361526366801392   0.008770036581770536     0.1683179249662292
    0.1502905178025942     -0.063698938566994    0.07388753241260024    -0.0360434200548104    -0.1526182124764861     -0.535825229625705   -0.05604324276799141    0.06888539656258723    0.06737067729604794    -0.4521141460252877   -0.01991608516890897     0.6625458564222882
  -0.01446700846099562   -0.09081356030372432   -0.06253289835443236    -0.1249818936019603    -0.2544873281764022    -0.6439041275700108   -0.01665818343266359     0.2620486939001861   -0.03505899575160613     0.6231709152116141   -0.00506467420784858    -0.1846419600157586
    0.1740378046228951    0.05287784331830064   -0.02439575578101394    -0.5335437728365022      0.108759642343456    0.05839450764247848     0.2525544860301559     0.6455854562636992   -0.07386221207304766    -0.3379888745688892   0.005000280180729759    -0.2571587626936138
   -0.1152321981115171   0.001381606177305742     0.0410395790508379     0.3040430909355825   -0.08788852136467855    -0.4146759353462496    0.02266509629174954    -0.1947541912122315    0.01110369932252346    -0.5094581986377108     -0.002004961630967    -0.6440456429414436
    0.1213307796147505   -0.03792362276230252   -0.00997224732365177    -0.2097130848910178   -0.04493187838638155   -0.03151228247883299    -0.1696397954431622    -0.2565418166140878    -0.9165439710314111   -0.04577959518179652    0.00088583241044157  -0.002991435000717624
   -0.1273053023646022    0.04939013996706763    0.04340343804644504     0.6807953214873201     -0.122099377235682     0.1272038831518788   0.006787054365566664      0.597361031982783    -0.3417151430252522    -0.0123504018516159  -0.002253884230638404     0.1052883755647841
    0.2526354874666975     0.9575673737330567  -0.004612398207868896    0.03952377119550785   -0.03775719842882826   -0.09149393200651586   -0.02434523740657318   -0.05363953551018683   0.006043717836398073    0.06592637446664398 -0.0006533793096868271    0.00259928186935167

22.79499870465007
70.98107009792925
34.82163060049801
113.2530696229165
47.54444918524919
157.9841864923512
55.84362904890803
187.1506067437909
67.30549099466248
222.3065515048262
 74.6333756171794
 259.184611634438

 3.515527524448912
0.2845159035125714

    0.1706882420711047   -0.04868365635735929   -0.09755035051275504    0.02695297172143696   -0.01880055062521185   0.004578427600645469   -0.05707794435888561    0.01611309807450154 -0.0004286049629649047 -0.0005227335803463213    0.01274611598234384    0.00114287363644075
  -0.01368516084250886   0.003902727578498822   0.007732372035889445   -0.00213526817491657   0.001445802498081256 -0.0003542383979912782   0.004684327677950413  -0.001324523347718701 -4.515334266587267e-06  5.266713687925681e-05 -0.0009727493264551137 -0.0001036667520155649

 -2.64273233298725e-05  6.170281681908282e-06  2.402625270300291e-05   0.001350312384073977  -0.008247342956453099   0.005675132676129632   0.004882589595871021    0.00697103814082287   -0.02063493977003045    0.03778381508800021   0.005190292151132379   -0.01674523188723632
 2.103716962390122e-06 -6.113983395074532e-07 -1.794600590780016e-06 -0.0001093279541597978  0.0006652959997460446  -0.000461487848338438 -0.0003873027425742735 -0.0005654494466970786   0.001669174399640812  -0.002993752560515461 -0.0003811392181632091   0.001364490564976718

cov:
     1.006307794804272      3.334818727899389   -0.02634564109668241    -0.1945664588533394   -0.09104472016814594    -0.3162491147259749    -0.1066213460599876    -0.2946530989516924   -0.05736988061406064     0.2221260201893653  -0.001635697464338003    0.03643898788689871
     3.334818727899389      12.73763068853301   -0.05785754164384477     0.5958679874022835    -0.4944349897640849      -1.16609698077674    -0.2969994360081912    -0.6191720553927783    0.09269748604881865     0.8443900621983949  -0.008195898284424656    0.03488240350562642
  -0.02634564109668241   -0.05785754164384477    0.01765684971566039    0.09415895901198046  -0.005168281289959446   0.008643802179585342   0.003442124408916972    0.03843020001726589   -0.01545015729956964   -0.04170922036242352  -0.000704959571904637   0.003082795211767069
   -0.1945664588533394     0.5958679874022835    0.09415895901198046      1.429921590022269    -0.2429200019468906    0.04198586353131313   -0.03889622684457619     0.6227740933202736    -0.1825283921700618   -0.01685051670653406  -0.006257906305759718      0.073674528023006
  -0.09104472016814594    -0.4944349897640849  -0.005168281289959446    -0.2429200019468906     0.1202566853903209     0.1401893744564844    0.06523336153101826   -0.08148477115385813     0.1426066947122173   -0.06247251362344934   0.002780115358784719    0.00823720695845674
   -0.3162491147259749      -1.16609698077674   0.008643802179585342    0.04198586353131313     0.1401893744564844     0.5753454020438015    0.04369933897612392     0.2771738296886481   -0.06284188493677101   -0.01415731069642742    0.00485025561467429     0.2538388588424644
   -0.1066213460599876    -0.2969994360081912   0.003442124408916972   -0.03889622684457619    0.06523336153101826    0.04369933897612392     0.1379675339453273      0.202286859369066     0.2092639534285517   -0.08072718566117847   0.001526054640245333   -0.06063852213839623
   -0.2946530989516924    -0.6191720553927783    0.03843020001726589     0.6227740933202736   -0.08148477115385813     0.2771738296886481      0.202286859369066      1.314058634006178    -0.1343482719075403   -0.04753688612680723 -0.0009989195892044793     0.1266590919351711
  -0.05736988061406064    0.09269748604881865   -0.01545015729956964    -0.1825283921700618     0.1426066947122173   -0.06284188493677101     0.2092639534285517    -0.1343482719075403      1.559990141797875    0.07537636194576679 -0.0002072783325174117   -0.05759523908558569
    0.2221260201893653     0.8443900621983949   -0.04170922036242352   -0.01685051670653406   -0.06247251362344934   -0.01415731069642742   -0.08072718566117847   -0.04753688612680723    0.07537636194576679     0.6239703603238898 -0.0002790160160684135     0.2760327711243838
 -0.001635697464338003  -0.008195898284424656  -0.000704959571904637  -0.006257906305759718   0.002780115358784719    0.00485025561467429   0.001526054640245333 -0.0009989195892044793 -0.0002072783325174117 -0.0002790160160684135   0.001726762409151424  -0.002558944095723574
   0.03643898788689871    0.03488240350562642   0.003082795211767069      0.073674528023006    0.00823720695845674     0.2538388588424644   -0.06063852213839623     0.1266590919351711   -0.05759523908558569     0.2760327711243838  -0.002558944095723574     0.5999690949825488

cov.inverse():
   1344.244462023606   -382.1038567781044   -2240.854299808649    628.0576955673827    291.9943675552341    -84.2988707409262    566.2505223129911   -162.0700312188285     3.84593368177027   -7.296530173193404   -4.591001347230003    1.772130591274161
   -382.103856778104    108.7302269945813    637.5972070702629   -178.6568837071877    -83.1393204104687     24.2526854509499   -160.9116602084205    46.09465196089491   -1.087473711791573    1.989172860324567   0.8969336278977783  -0.5817284924640563
  -2240.854299808643    637.5972070702622    3948.956218445512   -1079.842936408383   -683.5250678395687    197.7420745684292    -837.479560652438    240.0054933352451    -5.31134451419017     19.7704007345773    17.42473005219713   -7.781481791126341
    628.057695567381   -178.6568837071875   -1079.842936408383    301.6770761171367    190.2915210446695   -54.70281374568721    235.8424763864786   -67.79258069374811     1.44528852743253   -3.354117443900809   0.3141853759628763    1.108424337060931
   291.9943675552248   -83.13932041046631   -683.5250678395543    190.2915210446658    521.5917660868149   -147.0748844094567   -144.8681173764695    42.11950840556232   0.4412625365647059    2.272352209837576    15.51556738229696   -2.161813706538734
  -84.29887074092335    24.25268545094917    197.7420745684246   -54.70281374568604   -147.0748844094566    44.69918798536417    39.04110902625874   -11.81222899830581 -0.02301090019208314  -0.1823676049989392   -13.89855989999825   -1.019311741038292
   566.2505223129971   -160.9116602084223   -837.4795606524508     235.842476386482   -144.8681173764639    39.04110902625708    417.4610393136427   -118.3441013118839   -1.336143052805186    -3.91418438026807   -22.45766947947448    4.530798584392615
  -162.0700312188302    46.09465196089542    240.0054933352485   -67.79258069374904    42.11950840556079   -11.81222899830535    -118.344101311884    34.75610980690507   0.1808226745275621    1.322577543266833    6.092712114354079   -1.189274835680893
   3.845933681770068   -1.087473711791516   -5.311344514189856    1.445288527432439   0.4412625365646861 -0.02301090019207776   -1.336143052805288   0.1808226745275909    1.128137295845019  -0.3755781838349073    1.968074267150578  -0.2005941099123345
  -7.296530173193371    1.989172860324559    19.77040073457725   -3.354117443900797    2.272352209837558  -0.1823676049989328   -3.914184380268041    1.322577543266825  -0.3755781838349074    3.286525127277696    -2.28589994985258   -1.548923706063059
  -4.591001347231004   0.8969336278980646    17.42473005219899   0.3141853759623681    15.51556738229646    -13.8985598999981   -22.45766947947476    6.092712114354157    1.968074267150576   -2.285899949852571    633.6956209370088    6.153248534813085
   1.772130591274155   -0.581728492464055   -7.781481791126328    1.108424337060929   -2.161813706538728   -1.019311741038294    4.530798584392609   -1.189274835680892  -0.2005941099123344   -1.548923706063058    6.153248534813092    3.386360110833194

cov*(cov_.inverse()):
    0.9999999999999525  1.723968190425751e-14 -1.322275622328561e-13 -3.042011087472929e-14 -3.888556143749611e-14  2.491062911502695e-15 -5.656586310465173e-14 -1.325328735646281e-14  1.726049858596923e-16   9.71445146547012e-16 -1.387778780781446e-15 -3.469446951953614e-16
-4.488423521742391e-13       1.00000000000008 -1.461109011557937e-12  3.190503417016544e-14  3.996802888650564e-14 -3.261280134836397e-16   2.18852713729234e-13  -9.88722992367741e-14  1.474514954580286e-17  1.165734175856414e-15 -5.273559366969494e-16   1.52655665885959e-16
 1.921292985818113e-14 -6.169760882746012e-15      1.000000000000031  1.278621306055605e-14  2.511012231476428e-15   9.75781955236954e-16  1.252296877307657e-14 -8.417745667177456e-16  1.222980050563649e-16  3.903127820947816e-17  -3.50414142147315e-16 -1.214306433183765e-17
-1.909861158111426e-13    1.5258627694692e-14   6.23945339839338e-14      0.999999999999962  1.063038546078587e-14 -9.520162436160717e-15 -7.771561172376096e-15  1.006139616066548e-14 -7.632783294297951e-17  1.040834085586084e-15   1.27675647831893e-15 -1.110223024625157e-16
 2.102658325231488e-14  1.103717811590244e-14  9.854617122329046e-14 -1.483015099612572e-14     0.9999999999999956  2.369632268184318e-15 -1.018629625093581e-14  3.970782036510911e-15  7.199102425303749e-17  1.214306433183765e-16  3.469446951953614e-16 -1.040834085586084e-17
 1.360023205165817e-14 -7.216449660063518e-15 -5.839773109528323e-14 -2.819966482547898e-14  1.076916333886402e-14      1.000000000000001  7.549516567451064e-15  4.163336342344337e-15 -1.249000902703301e-16  -3.33066907387547e-16  8.881784197001252e-16   3.33066907387547e-16
-7.813194535799539e-15  8.638922910364499e-15  8.038014698286133e-14 -9.103828801926284e-15  6.689093723366568e-15  4.302114220422482e-16     0.9999999999999922  5.120903701083535e-15  3.816391647148976e-17  2.636779683484747e-16  6.661338147750939e-16 -8.326672684688674e-17
-7.388534228880417e-14  6.925016116099414e-15  1.099120794378905e-14  1.249000902703301e-14  2.015054789694659e-14 -1.035282970462958e-14 -1.709743457922741e-14       1.00000000000001  1.318389841742373e-16 -2.775557561562891e-17   1.77635683940025e-15 -4.996003610813204e-16
-1.773581281838688e-14 -7.632783294297951e-17  -9.71445146547012e-14 -4.163336342344337e-16  1.637578961322106e-15 -5.773159728050814e-15  9.103828801926284e-15 -5.523359547510154e-15     0.9999999999999999                      0  2.220446049250313e-16  1.942890293094024e-16
-1.125766146969909e-13  2.892130979148533e-14 -9.547918011776346e-14  -3.05311331771918e-14 -2.287059430727822e-14  -1.27675647831893e-15 -3.486100297322992e-14 -1.498801083243961e-15 -1.249000902703301e-16      1.000000000000001  2.220446049250313e-16  -3.33066907387547e-16
 3.113828639378369e-16  9.627715291671279e-17 -1.235123114895487e-15 -1.643650493488025e-16 -2.038300084272748e-16 -4.727121472036799e-17 -1.335737076502141e-16 -6.548581121812447e-17  4.336808689942018e-19  1.734723475976807e-18                      1 -3.469446951953614e-18
 8.881784197001252e-15  1.332267629550188e-15  1.687538997430238e-14 -3.663735981263017e-15 -7.993605777301127e-15 -1.110223024625157e-16  9.325873406851315e-15  8.881784197001252e-16  1.387778780781446e-17  2.220446049250313e-16 -4.440892098500626e-16     0.9999999999999998
