10
2

0.02079235694585251
0.04060540386394552
 0.1115864948243069
 0.1753797053131489
 0.5386264733245958
 0.6911906543849274
  1.004695280866996
  1.197812518411516
  1.325881711459052
  3.703136471391518

    0.2631854940505591   -0.07477379961953061    -0.7947677987190501     0.2158426437560205     0.4769489260084179     -0.134837597374752   0.004558401342933351  -0.007407383218118179     0.0340560763416693   0.001205610383755919
   0.01671808767918695   -0.00393258997309972    0.03587942707907856   0.002819381856226219   -0.02243025328407482  0.0008636593129473709   0.003071132667525207   0.001276559785920025     0.9989434250809931   0.002620674682137904
   -0.3436900693257123    0.09814947826684867      0.407366829039806    0.04153831279382782     0.7990009997986598    -0.2372123613751529   -0.05868365409331817    0.07622023358606549    0.00955664191807839    0.02353135338831321
    0.8139431645179326    -0.2272738634713787     0.4345118822491579     0.2245492341859551     0.1266064279430072   -0.05128613246649341    0.05885713467631171     0.1126409504319272   -0.02791919525294102    -0.1050195175583001
    0.1370597987377677   0.006902840876008859    0.08605879099639953   -0.05499888572239579     0.1434312555189365     0.2236835571196924    0.05366123668410096     -0.760795327813019  -0.002848346288034262      0.564297739152583
  0.005881705333994185    0.01190404898218434   0.006010428825147513     0.1200144319857977    -0.2553912757840532    -0.7445790259516807    0.08282901485953477      0.160126295906022  -0.007670605169398892     0.5772361439307565
  -0.07083139243950487    0.07342760289401219    0.03867698723765345     0.2210058698291841    -0.1280203186616684    -0.4740664825039243      0.129777136711742    -0.5991447694435033  -0.001147100204272747     -0.567719727955811
    0.2154937012880849  -0.005685395934576569   -0.03341259342069328    -0.5935301073207715     0.0216556834317339     -0.270876330481626    -0.7118288340143482    -0.1110501815029258   0.002520649491104514   -0.08517048093631521
    -0.123678162528331   0.002017940265821632    0.04726467228485415     0.6934614878670498    -0.1221636291507663     0.1359536665473769    -0.6780423568362837   -0.03499872331897048  -0.002530902319044818    0.08483366153923415
    0.2534889942844065     0.9630624695492815  -0.004472456216004326    0.04263161917618086  -0.002338532129881749    0.04346756658551329   0.006152212999441528    0.06681709127798122 -0.0006164769395581969   0.004347432723650107

22.79747663822828
70.98692597633558
34.82150189742581
113.2486145397849
40.65955179206952
 133.774041199487
67.30615597606655
 222.311471860271
74.63351487526545
259.1865649262735

 3.515407390904572
0.2845255223674015

    0.2755018664749224   -0.07840462604767252    -0.2520677753011346    0.07000369393447421   -0.02709159752256174   0.008521466257986825 -0.0006995146724145996  -0.001023635836085347   0.004235617888829315   0.001055241574667807
  -0.02226248171084018   0.006335443534503981     0.0204501307689591  -0.005680972625379698   0.002065351699591366 -0.0006507831559996375  1.712985224047419e-05    9.4314676735612e-05 -0.0003102790705845742 -0.0001009288632392825

 0.0001210049830318575  1.505355760239296e-06  -0.002811535595293106   0.004429233619576489   0.003197459298027343   0.004061947178450802    -0.0203922757411554    0.03490052104119402    0.01310779513666014     -0.016415962976973
-9.835622265355708e-06 -5.986760150505843e-08  0.0002262866287642094 -0.0003575422859511725 -0.0002644246040556426 -0.0003328353119324123    0.00164027308387383  -0.002781634476618824  -0.001002529649655308   0.001337371972390513

cov:
     1.007091966533141      3.334492796373024   -0.02643487272365215    -0.1982702538978152    0.03907032266151225    0.07820376524952699   -0.05646371618478642     0.2210698859043578  -0.001574608954284159    0.03225630007015796
     3.334492796373024      12.72615341255771   -0.05806703994972413     0.5857511305964483    -0.0420720260210206     0.5379036482597934     0.0943656304264717     0.8374992811122559  -0.008106236751720815    0.02150792473873265
  -0.02643487272365215   -0.05806703994972413    0.01762780691791033    0.09419535776285894  -0.007615878386621022   0.004712313986808688    -0.0154594498555187   -0.04171416701643976  -0.000708508121048092   0.003162768077847421
   -0.1982702538978152     0.5857511305964483    0.09419535776285894      1.434394773186599    -0.2128948709461822     0.2693127256625265    -0.1835974593055196   -0.02056052549878257  -0.006422604915521509     0.0752182496239904
   0.03907032266151225    -0.0420720260210206  -0.007615878386621022    -0.2128948709461822    0.08919757610864083     0.1198216894988382    0.09830403619128936    0.02934764376899719   0.001563668446041852   0.005236529900897252
   0.07820376524952699     0.5379036482597934   0.004712313986808688     0.2693127256625265     0.1198216894988382     0.6706972349947906     0.0302567405729156     0.2545963467438364   0.001155918789804578     0.1590201516185919
  -0.05646371618478642     0.0943656304264717    -0.0154594498555187    -0.1835974593055196    0.09830403619128936     0.0302567405729156      1.556980978427635    0.07692346564056779 -0.0001601289758845966   -0.05671895399079496
    0.2210698859043578     0.8374992811122559   -0.04171416701643976   -0.02056052549878257    0.02934764376899719     0.2545963467438364    0.07692346564056779     0.6240588195654897 -0.0001607867512636523     0.2749466024021261
 -0.001574608954284159  -0.008106236751720815  -0.000708508121048092  -0.006422604915521509   0.001563668446041852   0.001155918789804578 -0.0001601289758845966 -0.0001607867512636523   0.001728310189020307  -0.002549183031524869
   0.03225630007015796    0.02150792473873265   0.003162768077847421     0.0752182496239904   0.005236529900897252     0.1590201516185919   -0.05671895399079496     0.2749466024021261  -0.002549183031524869     0.6005723029787682

cov.inverse():
   191.5307576501252   -54.26843055030098   -483.1846373254318    136.0459843853362     271.507183892474   -76.80582842007324    5.941654008412457   -3.947904132041232    29.85780234404749   -2.373257818684851
  -54.26843055030091    15.46861960466984    137.3816111306318     -38.646439998365   -77.08891360098285    21.78494832858087   -1.677959231471702     0.99401556021465   -7.991664100786028   0.7339655447335375
  -483.1846373254322    137.3816111306319    1481.352559480119   -392.1799451318568   -849.3370578126446    239.4637104451831   -9.381360630874459    17.48517753235616   -40.95256027472529   -2.715898821964788
   136.0459843853363   -38.64643999836505   -392.1799451318568    110.1532436880783    241.4980526992539   -68.65119100639144    2.581084237055136   -2.533833197857561    18.53548546239435 -0.09935313580110025
   271.5071838924746   -77.08891360098305   -849.3370578126455    241.4980526992542    578.5121065298686   -163.6456121089188    1.465938727629073    -3.21976354073479    24.48329024980759    2.407331678177041
  -76.80582842007345    21.78494832858093    239.4637104451835   -68.65119100639154   -163.6456121089188    48.27710963303275  -0.4669785272088572   0.1348075890809319    -10.2244289728845  -0.8231089757397493
   5.941654008412435   -1.677959231471696    -9.38136063087437    2.581084237055113    1.465938727629012  -0.4669785272088399    1.098638970240204  -0.3407671323029883    2.119023678811824  -0.1532690767334642
  -3.947904132041224   0.9940155602146483    17.48517753235611   -2.533833197857546   -3.219763540734743   0.1348075890809185  -0.3407671323029892    3.420980370305021   0.1515897184854069   -1.203603099168667
   29.85780234404747   -7.991664100786021   -40.95256027472522    18.53548546239433    24.48329024980752   -10.22442897288447    2.119023678811826    0.151589718485401    607.9367757582764    1.781689159326541
  -2.373257818684856   0.7339655447335387    -2.71589882196477 -0.09935313580110565    2.407331678177024  -0.8231089757397444  -0.1532690767334638   -1.203603099168667    1.781689159326534    2.534065228764366

cov*(cov_.inverse()):
     1.000000000000008 -6.310924005603624e-15 -6.387945727936994e-14   3.27381351195033e-14 -5.995204332975845e-15  9.610368056911511e-16 -1.231653667943533e-16 -4.371503159461554e-16 -4.163336342344337e-16 -8.326672684688674e-17
 7.813194535799539e-15      1.000000000000002 -3.176625629208729e-14 -4.222750621396543e-15 -1.635844237846129e-13 -1.903338597841753e-14 -1.098947322031307e-15 -3.469446951953614e-16 -6.245004513516506e-15  1.040834085586084e-15
-5.854691731421724e-16 -3.317658647805644e-16      1.000000000000009  3.727487069005164e-16 -4.709774237277031e-15  4.531965080989409e-16 -2.331034670843835e-17 -6.938893903907228e-18  1.066854937725736e-16 -1.040834085586084e-17
 2.675637489346627e-14  1.332267629550188e-15  3.289035710452026e-14      1.000000000000011 -1.115774139748282e-14  3.150257832373882e-15  1.023486850826316e-16 -6.938893903907228e-16  3.663735981263017e-15 -2.220446049250313e-16
-1.752070710736575e-16 -2.079933447696192e-15  8.205242041370298e-15  -1.47418969392854e-15     0.9999999999999929 -1.180479325402217e-15 -8.543513119185775e-17  3.469446951953614e-18 -3.139849491518021e-16  1.144917494144693e-16
  5.10702591327572e-15  1.720845688168993e-15  2.459143999544722e-14  2.334937798664782e-15 -1.199040866595169e-14      1.000000000000001 -2.220446049250313e-16 -2.775557561562891e-17 -6.106226635438361e-16  2.220446049250313e-16
-2.248201624865942e-15  3.975986206938842e-15  3.000377724049486e-14 -7.884318198314588e-15 -2.445266211736907e-14  3.261280134836397e-15                      1 -1.942890293094024e-16 -7.771561172376096e-16  5.551115123125783e-17
 4.662936703425657e-15  5.551115123125783e-16 -2.142730437526552e-14   2.96637714392034e-15 -9.992007221626409e-16 -2.775557561562891e-16 -1.942890293094024e-16     0.9999999999999998  7.771561172376096e-16  1.110223024625157e-16
 5.811323644522304e-17  1.496198998029996e-17  1.283695372222837e-16   1.14437539305845e-16  1.058181320345852e-16 -5.681219383824043e-17  7.209944447028604e-18 -1.301042606982605e-17                      1  1.214306433183765e-17
-9.325873406851315e-15  6.661338147750939e-16  1.754152378907747e-14 -2.005340338229189e-15 -1.154631945610163e-14  2.886579864025407e-15  -9.71445146547012e-17  1.110223024625157e-16 -4.440892098500626e-16                      1
