10
2

 0.249723396431439
0.8780524253736639
 1.002722157087524
  1.05804610566414
 1.333641432754201
 1.700500673618808
 1.874349354617293
 1.963410493484866
 3.868137685612308
 7.456319755212719

   0.4714388491679968   -0.2393921028552924   -0.7346644593356748    0.3826954791190877   0.06615242553752866  -0.02581500465288457    0.0660527602538423  -0.06719931395523185    0.1178757169057966  -0.08020709194031071
  -0.6065332288380606   0.09815873522457556   -0.3618465997757175    0.1025476367170555    0.4191878884941233   -0.3618909612018834    0.2317843608522066    0.0148613562194003   -0.2119959775533649    0.2747046185377112
  -0.3733231989398221  -0.03026527645957623   -0.1738272336915393   0.05905895015685978   0.05153610044576246   0.05882505757952212    -0.376411992610909    0.5287062631420255    0.2618445474539154   -0.5745560986196433
   0.4819159455071821    0.0295715395155322     0.261877326175973  -0.04924037667714594    0.4386037001310528   -0.4931858109101389  -0.04410208550336941    0.4972954362699383   -0.1004425718151948   0.03059888708708654
-0.003740408333867124  -0.03624250177133526   0.03341201676197028   0.02308847324919033   -0.3104528607642786    -0.102123975393769    0.6735451018488102    0.1742308350242995   -0.3930029170441685   -0.5017390596114717
  0.05494239016866663    0.1042193436103611   -0.1288147282320704   -0.1254045429944899   0.09927844474801513    0.6263038460414199    0.3290282716347414    0.5478290913496687    0.0599366816369965     0.373789631663799
   0.1333942283122484    0.2409146234553833   -0.1845548509523806   -0.2568183367644232    0.3570160330506433    0.3374109883766093    -0.277875451918802   -0.1862731868568711   -0.6271713503532745   -0.2785443957298194
 -0.08763159279381995   -0.3252701986849484    0.4199843240888476    0.6087490309779352     0.439954582152953    0.3234716218612578    0.1048406971772001   -0.1176140288686998  -0.05107850608891955   -0.1180263391467985
  -0.0971325665045233   -0.7466893345443102  -0.04039894048839213   -0.1177839968552836   -0.2262326586597904  -0.01220214878651009   -0.2653334249050354     0.208536375429953   -0.4370418808245986    0.2475685718562518
  0.01757713968143675     0.444640427867846   0.02739584503591842     0.608647755640125    -0.382671280490645  -0.01900301750986874   -0.2788391796450709    0.2143339722640379   -0.3427966203263001    0.2068454133635659

22.68496527269865
40.47310489752718
50.51328467743084
90.36322965996951
72.45255992952922
 129.794931582135
 87.2545088755442
156.0063809983908
103.3580986211926
185.4387354806483

 1.792574226124779
0.5592444415934881

   0.06323915425566122   -0.03524832357342998   -0.06259464383433762    0.03484098290240401  -0.000245754347947675  7.048279845155884e-05 -0.0001687146354539737  0.0001134418756909197 -0.0003285769181803006  0.0002519414338639091
  -0.01930885676933653    0.01076690328254436    0.01877832077698779   -0.01045175961933502  0.0001669528022079216 -0.0001223180885358806  0.0004816645182936582 -6.926544191291511e-06   3.18954456796619e-05 -0.0001269956900775947

  0.006078734473981247   -0.01204352281815124  -0.009772330619504851    0.01263639892216782 -0.0004768298455711283    0.01039771603871128   0.009295658805394512   0.002755625855607759     0.2832570913991949     0.2923606673087595
 -0.001834411172702171   0.003921026845806631   0.002914691419634812   -0.00386529022259092  0.0007170782732973715  -0.002885589645862047  -0.003028581602391672 -0.0007225293699275541   -0.08831595498537731   -0.09081962650082949

cov:
   0.9568211968425566     1.733671315524243    0.1905652935984311    0.3344560809771506   0.01456049822467337   0.02851949358586791   0.00633586559907469   0.00559881078465549  -0.01421662547341907  -0.08425150072491712
    1.733671315524243     19.99242464200378    0.4023325887340904     15.34068089499566    -7.088169777771774   -0.3032510735399952    -4.213019715051846     3.114805280685422     -4.04381756494567      2.44512882088965
   0.1905652935984311    0.4023325887340904     1.157501784340712     2.127523731392259   -0.0211122819603084 -0.008712529220208265  -0.01177586995126459   -0.0106363963243815 -0.001146528957569497   0.02229199538575967
   0.3344560809771506     15.34068089499566     2.127523731392259     22.53365241245413    -11.87525737886995   -0.3967293368981668    -8.562909225281384     6.589400530067956    -10.41434948360132     6.365292365396001
  0.01456049822467337    -7.088169777771774   -0.0211122819603084    -11.87525737886995     10.65488944810333     1.297435679196869     6.416382887270612    -5.361857483420412     8.029643250422858    -5.330197318173093
  0.02851949358586791   -0.3032510735399952 -0.008712529220208265   -0.3967293368981668     1.297435679196869       2.3552485427613    0.5552482286387882   0.08120599447935631  -0.05534043520778287    -0.100385095261247
  0.00633586559907469    -4.213019715051846  -0.01177586995126459    -8.562909225281384     6.416382887270612    0.5552482286387882     6.996011143433183     -3.50862339882373     7.095598323218701      -3.9459933795922
  0.00559881078465549     3.114805280685422   -0.0106363963243815     6.589400530067956    -5.361857483420412   0.08120599447935631     -3.50862339882373     4.860157713028026    -4.961418447899914     3.624839847402532
 -0.01421662547341907     -4.04381756494567 -0.001146528957569497    -10.41434948360132     8.029643250422858  -0.05534043520778287     7.095598323218701    -4.961418447899914     11.18385065514271    -4.708763087503939
 -0.08425150072491712      2.44512882088965   0.02229199538575967     6.365292365396001    -5.330197318173093    -0.100385095261247      -3.9459933795922     3.624839847402532    -4.708763087503939     4.865355312392351

cov.inverse():
    4.395939090542408    -1.839411068831606    -5.110729345463047     2.744213970933429    0.3474369289691956    -0.126958970932838    0.4313063263430378   -0.4975715576181903    0.8994685517102606   -0.5972304554731225
   -1.839411068831606     1.022438505893883      2.73510296444004    -1.522319663426274   -0.1850448283813083   0.05917878446817698   -0.2326417146691818      0.26172774228527   -0.4994839636457652    0.3648267119528016
   -5.110729345463048      2.73510296444004     8.977931028892302    -4.491823760115741   -0.8630231525656876    0.3361467542418523   -0.8075781980668058    0.7849904249977054    -1.339584911547019    0.8975869503883479
    2.744213970933427    -1.522319663426273    -4.491823760115744     2.495993262813545    0.4780806772203582   -0.1835892613623951    0.4463847895943056   -0.4269707219185656    0.7447364459205322   -0.5114465524109362
    0.347436928969195   -0.1850448283813077   -0.8630231525656858    0.4780806772203571    0.6227196019618356   -0.3035143513711929   0.04290619220167916     0.110151495425673  -0.00609576388501205    0.1002842065095045
  -0.1269589709328381   0.05917878446817677    0.3361467542418515   -0.1835892613623946   -0.3035143513711928     0.602350287817772   -0.1237231686389796  -0.08666623167982303   0.08178449177028192  -0.06999909783915675
   0.4313063263430389   -0.2326417146691823   -0.8075781980668074    0.4463847895943065   0.04290619220167913   -0.1237231686389795    0.6057395662271564   -0.1491566154026485     -0.11727321761493   0.07744344455177694
  -0.4975715576181927    0.2617277422852702    0.7849904249977052   -0.4269707219185659    0.1101514954256726  -0.08666623167982276   -0.1491566154026487    0.7096760151886181  -0.03778159792941779   -0.1525259671238248
   0.8994685517102587   -0.4994839636457648    -1.339584911547018    0.7447364459205318 -0.006095763885011582    0.0817844917702818   -0.1172732176149306  -0.03778159792941797    0.5739025948808092   -0.2181210494570442
  -0.5972304554731249    0.3648267119528025    0.8975869503883507   -0.5114465524109377     0.100284206509504  -0.06999909783915663    0.0774434445517773   -0.1525259671238246   -0.2181210494570451    0.7506199744173248

cov*(cov_.inverse()):
     0.999999999999994  1.127570259384925e-15  5.967448757360216e-15  1.290634266126744e-15 -6.852157730108388e-16  4.093947403305265e-16 -1.804112415015879e-16  2.093811235504006e-15  9.853229343548264e-16   7.91033905045424e-16
-7.771561172376096e-15     0.9999999999999982   1.77635683940025e-15 -2.886579864025407e-15 -2.775557561562891e-16 -1.665334536937735e-16  -1.02695629777827e-15  8.881784197001252e-16  9.992007221626409e-16 -1.110223024625157e-15
 5.360295540768334e-16  6.591949208711867e-16      1.000000000000002  1.406860739017191e-15 -2.654126918244515e-16  8.847089727481716e-17 -1.667502941282706e-16  1.277623840056918e-15 -2.706168622523819e-16  1.318389841742373e-16
 3.552713678800501e-15 -4.884981308350689e-15 -1.243449787580175e-14     0.9999999999999933  1.110223024625157e-15 -5.551115123125783e-17 -1.332267629550188e-15   3.33066907387547e-16 -2.886579864025407e-15  -1.77635683940025e-15
 1.332267629550188e-15  1.998401444325282e-15  9.769962616701378e-15  6.217248937900877e-15      0.999999999999999  1.110223024625157e-16  8.326672684688674e-16  9.992007221626409e-16  8.881784197001252e-16  8.881784197001252e-16
-1.110223024625157e-16 -8.326672684688674e-17 -3.608224830031759e-16  4.718447854656915e-16  7.806255641895632e-17                      1  6.505213034913027e-17  1.214306433183765e-17  5.898059818321144e-17  1.387778780781446e-17
 2.664535259100376e-15  1.554312234475219e-15   1.77635683940025e-15  1.332267629550188e-15 -1.665334536937735e-16   3.33066907387547e-16     0.9999999999999998  1.110223024625157e-16  9.992007221626409e-16 -8.881784197001252e-16
                     0  2.220446049250313e-16   1.77635683940025e-15 -7.771561172376096e-15 -2.220446049250313e-16  5.551115123125783e-17 -2.220446049250313e-16     0.9999999999999997 -5.551115123125783e-16                      0
-1.332267629550188e-15  4.218847493575595e-15  8.881784197001252e-15  3.108624468950438e-15 -5.551115123125783e-16 -1.110223024625157e-16  1.110223024625157e-16  6.661338147750939e-16                      1   1.77635683940025e-15
-2.664535259100376e-15 -6.661338147750939e-16  -1.77635683940025e-15 -4.440892098500626e-15  -3.33066907387547e-16   3.33066907387547e-16  4.996003610813204e-16 -5.551115123125783e-16                      0     0.9999999999999996
