12
2

0.03990323415126876
0.04270458677869768
 0.3889750944589508
  0.596731921294515
 0.7442835517697818
   0.92536539285422
  1.242106588540163
  1.361546190961901
  1.583252249162081
  2.019587482193844
  3.448244867597324
  6.039023240750199

   0.02576137151134704  -0.007314407951866507    -0.4794042032903079     0.1358847041759395     0.7716484234240545    -0.2208324312762127    -0.3143724028659176    0.08914432616980038 -0.0009636820430127653  0.0003653441319088265  -0.001870241564648068  0.0005268792034181105
    0.4182866910797309    -0.1190834063052371     -0.675301513913244     0.1936050075570434    -0.2339803922164807    0.06896353492546912       0.48784106611161    -0.1407832394525707   0.004812401869331161  -0.002037649204009809    -0.0011865457907942 -0.0001194144843382729
   -0.5928260554623112     0.1361089259148833    0.01056471847872014    0.01448356650327601     0.2674632532670116    -0.1466375511868959     0.6209895329606083    -0.2776290437700832     -0.186661956420166    0.06186604837109702    -0.1741934793874255    0.07036852877359433
    0.1454403807324495  -0.002117624385165462     0.0812495500309886    -0.1011933898177158    0.09031193219630715  -0.001973248369887653    0.04870527210854093   -0.06794819387918349  -0.001335566896243352    -0.6709042180206585   -0.03024875750842629     0.7041466321583211
    -0.613229768105675    0.06083568678129284    -0.3512713176338647     0.3616541229105025    -0.3345445997751177      0.123817271246718    -0.2159703211999398     0.1886449743718545     0.2340891312881668    -0.3020879613339262     0.1018086091641056    0.01273832602059408
   0.08316132010939514    0.00749641516728157     0.1027608965691668   -0.02565460128243079    0.09654797786861512   -0.09334888489876217    0.09471109222828676    -0.1569176172366452   -0.03360237462518875    -0.6634251969811464    0.06047724254847959    -0.6966071875869413
   -0.1257217111460352    0.01880470695088057    -0.1839446626156218    -0.3424492205422381     0.1425842038250721     0.7242837501772148    -0.1200990183614746    -0.2887545981213303    -0.2776737528421513   0.004462511969994836     0.3354170068362952   -0.01964518220576299
   0.01750285488114408   -0.04278033968107186     0.1267945824342006     0.2978110192161862   -0.03854796747375285    -0.3058730300572037    -0.1160196552903597     -0.600491736327658     0.1356512921308117     0.1082451551354471     0.6181436223245084     0.1085368909393576
  -0.07668292190616526    0.00636915248067917    -0.1239387365482497    -0.5650621351300009    0.07248763371091835   -0.06079637597947544     0.1492673500900522   -0.02346947803618229     0.7835447609825451    0.03973050316963567     0.1061471782526035   -0.02920262039649515
   0.07524687684666502    0.03494734686819879     0.1050856134168455      0.301154625692679    0.08976741394549233     0.3428689635450506    -0.1851504102795534    -0.5019269206204325     0.3571183160335329    0.02873966820603439     -0.591960081534728   -0.02783297690634645
   -0.1890622734511758    -0.5867142214416962    -0.2091984614474763    -0.3529686568471972    -0.2388407157470581     -0.310167618643957    -0.2860199064842913    -0.2982505082305431    -0.2185730198648438   -0.02249316181975465       -0.2817359606483  -0.002481842911249963
   0.07356086565080752     0.7847286826927408    -0.2310730061810824     -0.248216920306449    -0.2381254172660972    -0.2555803858125134    -0.2308990570863302    -0.2119530646470122    -0.1563667682951568   0.004284515763187204    -0.1380182217969148   0.001357536304295333

22.68737801236694
79.49097543824988
37.35377074653849
130.9719459007677
44.36138668514606
155.5637194196445
53.06003748055573
186.0915327789247
63.51341423000949
222.3116472294451
73.63961953739853
259.2824127526099

 3.513338085344729
0.2849220597363324

    0.1223157509714411   -0.03479819407900028   0.002607828174736529 -0.0008700658350802918   -0.03118606400034903   0.008810263979069193   -0.09197758989970466    0.02578013996477039  0.0007899566553012795 -0.0002934184168119677  -0.002367534475105508  0.0003208939618162368
 -0.009099627321528336   0.002587715973547345  -0.001728599174864888  0.0005002452700882882   0.002334250045062122 -0.0006753746347251897   0.008381727455874769  -0.002340944866392635 -2.211895280486357e-05  1.735839027772952e-05  0.0001002944811104726 -2.069974876813522e-05

 1.153430370470185e-05  2.332351511727322e-05   -0.02282709619361838    0.00341534725833268   -0.02330336440794318   -0.00564067509857523    -0.0180482544779106  -0.007330640607741853   -0.06571692062443207     0.0570094395244695     0.2483586585304574    0.08950124179678449
-3.982974040147035e-07  1.778603862104759e-06    0.00186104124877634 -0.0002741128873653406   0.001888382377431446  0.0004551228459070612   0.001377116705046383  0.0004974288446491716   0.005406350878773955  -0.004447456412944079   -0.02002048064455685  -0.007155012489683309

cov:
    0.9604146770693359      3.396103511229354     0.0756123218169156       0.27364075834831   -0.01614006984739821   -0.05750339011479986   -0.01515893052499946   -0.06513223618998051    0.02387984103366766    0.08097015916872273 -0.0002265367320658869   -0.01015325705260812
     3.396103511229354      26.56509392732159     -5.166893628610247     -4.628587207671671     -5.132698000382773     -5.056902685762219      -4.62503957263124     -4.018150448123528     -2.901793301559625     0.2631533809395519     -2.106185965110167    0.03942978846122823
    0.0756123218169156     -5.166893628610247      2.714179953384213      3.365702128338587      2.643596367108813      2.781237735955839      2.590771325555999      2.208188556106883      1.832897551615626    0.02509213838688306      1.611675655222166   -0.02032829974390277
      0.27364075834831     -4.628587207671671      3.365702128338587      5.320781926565608      2.997258297431841      3.597691759643967      2.805511962675821      2.451226921520742      1.930527906365369    0.07040968993446857      1.738182830506652    0.06823983115952779
  -0.01614006984739821     -5.132698000382773      2.643596367108813      2.997258297431841       2.91117552344498      3.359123081869253        2.8326469578863      2.417854667962126      2.127267160743574    0.01972359699565236       1.80897877650534    -0.0667748493778072
  -0.05750339011479986     -5.056902685762219      2.781237735955839      3.597691759643967      3.359123081869253      5.016998888509483      2.820930951443036      2.426675653783369      2.279280858762652    0.05217351552462372      1.511833575194609   -0.06696913292375067
  -0.01515893052499946      -4.62503957263124      2.590771325555999      2.805511962675821        2.8326469578863      2.820930951443036      3.253267715526751       3.28933138379646      2.057557881248216   -0.01401657037855505      2.387868958056941   -0.05179885600184941
  -0.06513223618998051     -4.018150448123528      2.208188556106883      2.451226921520742      2.417854667962126      2.426675653783369       3.28933138379646      4.576260625513584      1.216174216751702   -0.06580133472158034      2.444640054239239    0.01987560384425478
   0.02387984103366766     -2.901793301559625      1.832897551615626      1.930527906365369      2.127267160743574      2.279280858762652      2.057557881248216      1.216174216751702      3.708561503452303     0.1577178717603961     0.8936688373856426   -0.04410604981563694
   0.08097015916872273     0.2631533809395519    0.02509213838688306    0.07040968993446857    0.01972359699565236    0.05217351552462372   -0.01401657037855505   -0.06580133472158034     0.1577178717603961     0.6240610787583838    0.07551770640079855     0.2423913327699329
-0.0002265367320658869     -2.106185965110167      1.611675655222166      1.738182830506652       1.80897877650534      1.511833575194609      2.387868958056941      2.444640054239239     0.8936688373856426    0.07551770640079855      3.991724683614953     0.1303245830055323
  -0.01015325705260812    0.03942978846122823   -0.02032829974390277    0.06823983115952779    -0.0667748493778072   -0.06696913292375067   -0.05179885600184941    0.01987560384425478   -0.04410604981563694     0.2423913327699329     0.1303245830055323     0.6207976317558515

cov.inverse():
   99.44306389286095   -28.02312524786893   -162.2306620671827    46.16222607898397   -41.82270660284316    12.62319361553619    104.6466843939261   -29.99870747096583    1.566315274553312  -0.7075570183618752   0.2294648552484277 -0.08568659303668885
  -28.02312524786897    7.986118833359666    46.27042653915151   -13.21100427639184    11.94822611141598   -3.579412034992694   -29.86647562628056    8.569540391993847  -0.4463557004749386    0.151143004979067 -0.06278828384114667  0.05688772513135613
  -162.2306620671647    46.27042653914617    394.7004472376769   -112.7534293268193   -145.4401611111376    40.76313627203455   -85.78987689620179    25.10645602660515   -1.639993390534719   0.6137312989210225   0.9137248858469026 -0.02998202513722309
   46.16222607897885   -13.21100427639033   -112.7534293268194    32.70252230871757     40.7527973513539    -11.6144133798318    24.83388122685147   -7.271426072177097   0.5057130251447677  -0.1557018942029144  -0.2624759688401015  -0.1055059761392283
  -41.82270660287617    11.94822611142549   -145.4401611110744    40.75279735133591    404.7109183232607   -116.1264261527674   -213.6923668537832    60.60578320055983   -1.552480586567568   0.4856958716083696   -1.109646179962795   0.4819152846351635
   12.62319361554543   -3.579412034995368    40.76313627201669   -11.61441337982672   -116.1264261527672    33.84589372397122    61.34038358858287   -17.42738316585867   0.4176150736214992  -0.1929200598926037   0.4111194320262784 -0.09960994213068845
   104.6466843939403   -29.86647562628463   -85.78987689624589    24.83388122686396   -213.6923668537532    61.34038358857445     195.260161606785   -56.41008167504587   0.6661379779771501  -0.4162083224828675  -0.7241885271225672   0.1614551954834632
  -29.99870747096962    8.569540391994931    25.10645602661712   -7.271426072180488    60.60578320055149   -17.42738316585632   -56.41008167504571    16.79354303758986 -0.03367746475750998   0.1716874821558731   0.1525987674723916  -0.1205059553464637
   1.566315274553462  -0.4463557004749813   -1.639993390535321   0.5057130251449381   -1.552480586567008   0.4176150736213402   0.6661379779770459 -0.03367746475748216   0.6845917277038928   -0.158579655415992   0.2256522675465222 -0.05741806024981096
  -0.707557018361891   0.1511430049790713   0.6137312989211854  -0.1557018942029603   0.4856958716081296  -0.1929200598925351  -0.4162083224827777   0.1716874821558481  -0.1585796554159915    1.977640510710148 -0.08062029281414991  -0.7592679146770881
  0.2294648552485681 -0.06278828384118673   0.9137248858465644   -0.262475968840005   -1.109646179962672   0.4111194320262447  -0.7241885271224959   0.1525987674723707   0.2256522675465241 -0.08062029281415073   0.6057131715560995  -0.1534525297894472
-0.08568659303676647  0.05688772513137819 -0.02998202513704728  -0.1055059761392784   0.4819152846351152 -0.09960994213067535    0.161455195483414  -0.1205059553464493  -0.0574180602498118  -0.7592679146770875  -0.1534525297894471     1.99944484478606

cov*(cov_.inverse()):
    0.9999999999999731 -4.506486329935999e-15  3.750417944953233e-14  2.057989195725085e-14  9.482432200558222e-14  2.430347589843507e-15   2.52135552020194e-14 -1.324396321777943e-14  -2.62160085306995e-16  4.007211229506424e-16  4.380176776841438e-16   1.35308431126191e-16
-8.349354194137071e-14      1.000000000000017 -8.686064020824169e-14  3.413762328374759e-14  1.457133025350998e-13  -4.29925192668712e-14 -1.053601650369274e-13  4.024384991918595e-14 -3.551846317062513e-16  7.112366251504909e-16  2.211772431870429e-16 -4.163336342344337e-17
  1.30295080280618e-14 -6.333475410791323e-15       1.00000000000012 -8.007917245977936e-15 -2.407102295265418e-13  7.605331295290618e-14  4.081760970886528e-14 -1.891976159074105e-14   8.40473524110763e-16  3.157196726277789e-16  1.378237801663573e-15 -1.665334536937735e-16
 9.111635057568179e-14 -3.739239820554907e-14  1.749785212556976e-13       1.00000000000005  6.078471059822732e-15  1.833776186455083e-14  1.108054620280186e-13 -3.274810977949016e-14  1.284562733960826e-15 -1.457167719820518e-16  8.101158632811689e-16  2.220446049250313e-16
 5.918009138294877e-15  1.742096050749709e-14  3.903444407982182e-13 -3.229187750530826e-15     0.9999999999999807 -6.480146280685162e-14  -1.73824496463304e-13  2.256875242245826e-14 -1.258541881821174e-15  8.673617379884035e-16  9.870576578308032e-16  3.608224830031759e-16
-5.233920935543424e-14  2.860125331016761e-15  1.636950124062064e-13  2.312733338172279e-14  2.141481436623849e-13     0.9999999999999118 -8.300651832549022e-15  -3.16760506713365e-15 -2.142383492831357e-16  4.996003610813204e-16  3.712308238590367e-16  2.220446049250313e-16
-3.888382671402013e-14  1.252470349655255e-14  1.427980997337208e-13 -3.337694703953176e-14 -2.109423746787797e-14 -8.795048023202412e-16      1.000000000000059  6.827004239706724e-15  3.686287386450715e-16  5.551115123125783e-17  2.180547409302847e-15 -6.938893903907228e-17
 2.610585358997497e-14  7.175683658378063e-15  1.361851170028627e-13  1.058181320345852e-15 -2.081321226476973e-14  4.647541032576363e-14  1.045552533440741e-13      1.000000000000003 -3.191891195797325e-16  3.105155021998485e-16  1.828398543679555e-15  7.632783294297951e-17
-3.549244231848547e-15  1.177053246537163e-14 -6.636835178652767e-15  1.117075182355265e-14  2.680147770384167e-14 -3.935914094643778e-14 -7.413340774586885e-15  9.835882108788496e-15                      1 -6.245004513516506e-17  8.040443311152501e-16 -2.775557561562891e-17
 4.059252933785729e-15 -1.828398543679555e-15  6.019490461639521e-16  2.192690473634684e-15 -5.093148125467906e-15   3.90659726789977e-15  1.138672489631176e-14 -4.024558464266192e-15  8.326672684688674e-17     0.9999999999999997  6.938893903907228e-17  2.220446049250313e-16
   1.0994677390741e-14  2.157996004115148e-15  5.321871415775448e-14 -1.082120504314332e-14 -5.297151606242778e-14 -2.310651670001107e-15 -5.204170427930421e-15  7.258083023486961e-15 -6.175615574477433e-16   9.71445146547012e-17                      1  5.551115123125783e-17
-2.470246229790973e-15  6.314393452555578e-16   1.35308431126191e-16 -8.743006318923108e-16  2.386979502944087e-15  5.134781488891349e-16 -1.873501354054952e-15  1.637578961322106e-15  -4.85722573273506e-17  1.665334536937735e-16 -6.938893903907228e-17                      1
