8
2

0.1164756751869462
0.9425281896120365
  1.01416489957597
  1.39688150778823
 1.791808978654612
 1.938652765337438
 3.772245648018431
 6.317137320366715

 -0.5435694995540704   0.3509488742152233   0.6329854956436664  -0.4147840883993639 -0.03646951765199245  0.03995358323011966 -0.05994446036740024  0.04616228219684869
  0.7558886857181774 -0.02424010371147732   0.6112083874416049 -0.07255641823465263   -0.205631322709176  0.02200377444936953  0.05393133274684778 -0.05939351688777847
  0.1311949927035451  0.04033974383987073  0.09272653138566658  0.01228641392690231   0.4430043169581071  -0.6004714459379262   -0.283066786728035   0.5791941171900943
   0.097956536856937  0.01035462160362533   0.1010295631115752  0.02657143968206801   0.6908864982770708   0.3570476138470566  -0.4480734477115684  -0.4169020485312902
  0.1447465008124345   0.1642371881516667 -0.09492421482519538  -0.1630628653974541   0.2985625235543513   0.5874233395670225   0.4141247827337288   0.5574669460024586
 -0.2882036886576868  -0.5039210555256556   0.4435195921058351   0.6009063628853435   0.1470026134893194  0.08861657377199028   0.2487951027274617   0.1176539393443663
-0.04227503864821208  -0.4498440200931952 -0.02176458430927076  -0.1629087609086586  -0.3425898736983118   0.3520883658597423  -0.6254355551719872   0.3692377886606891
 0.02359640201909811   0.6254940969744162  0.02746916286274849   0.6384477342752427  -0.2338623198670022   0.1816185419153311   -0.296704365047139   0.1553058932986438

22.68675048189189
33.87256384597332
35.56557658504121
53.36090913154711
86.90196806298837
131.0085694744367
103.0572484742691
155.9626781051702

 1.513392369181069
0.6625857518081977

     0.100828109296304   -0.06677714950618577    -0.0982027812099497    0.06487068120366853  -0.001047608003753468   0.001230823666968129  -0.001849301269602915   0.001548252137992658
  -0.04262354988770536    0.02825220962657072     0.0410595819200933   -0.02715145330298666  0.0008020228039226927 -0.0004737071705627732  0.0009666298425750288 -0.0008147175151021773

 -0.002266175644629015    0.01168652462826132   0.002512123575761235   0.001729771481542316   0.009241792326896297  -0.001146840164210698     0.2826996245726457    0.02343069578027417
 0.0009522699893961535  -0.005252288361806152  -0.001115280816277931 -0.0003208467395906423  -0.003507193409306965  0.0006133222526796359    -0.1241489448185171  -0.009099186350860594

cov:
  0.9751080001595356    1.470321112260162 -0.04798236623389675 -0.06640237534635227  0.01941577304209503   0.1379158654412674 -0.06736989044540551  0.01399281295982244
   1.470321112260162     19.5376359313815 -0.06932469679489522    15.75575595473507   -3.728860412420442    2.403539102232067   -3.677604046740792    1.601268779894975
-0.04798236623389675 -0.06932469679489522      1.1711551652145    1.765119974168123  0.07027872106140791  0.08414598075835661  0.07040733085207575  0.02331334997139733
-0.06640237534635227    15.75575595473507    1.765119974168123    18.09506229487188   -4.933604346147507    3.712969120405989   -5.794448661958559     3.06407215873221
 0.01941577304209503   -3.728860412420442  0.07027872106140791   -4.933604346147507     5.39089267171534   -2.595656990947135    5.609576267242472   -2.937365559494157
  0.1379158654412674    2.403539102232067  0.08414598075835661    3.712969120405989   -2.595656990947135    4.837773754720145   -4.556398370960629    3.416799866546522
-0.06736989044540551   -3.677604046740792  0.07040733085207575   -5.794448661958559    5.609576267242472   -4.556398370960629    10.33941905794307   -4.080831735543963
 0.01399281295982244    1.601268779894975  0.02331334997139733     3.06407215873221   -2.937365559494157    3.416799866546522   -4.080831735543963    4.639702599351983

cov.inverse():
   22.47267752467584   -14.02860375846659   -24.86294376713338    16.50766392249039    1.380507243126482   -1.622009283242114    2.390345737890374   -1.832055225388586
  -14.02860375846659    9.180855983813922    16.29875685946761   -10.80104585284293  -0.9140366606068345    1.021171905388673   -1.562684937872325    1.219783506304674
  -24.86294376713339    16.29875685946762    30.02295609515961   -19.32388476879022   -1.758468545532316    1.836308735418763   -2.790615566135636    2.140537348181983
    16.5076639224904   -10.80104585284294   -19.32388476879023    12.80446137473237    1.155032610544888   -1.242438634185688     1.84001014162758   -1.416515642233932
   1.380507243126493  -0.9140366606068413   -1.758468545532328    1.155032610544895   0.6241978909185883  -0.1961576251028977 -0.06687335985156295  0.03815406662715116
  -1.622009283242118    1.021171905388675    1.836308735418765   -1.242438634185689   -0.196157625102897   0.6532111615448799 -0.02712006504472645  -0.1653368866276674
   2.390345737890374   -1.562684937872324   -2.790615566135633    1.840010141627578 -0.06687335985156427 -0.02712006504472601   0.5485185628703017  -0.2089336538723306
  -1.832055225388585    1.219783506304672     2.14053734818198   -1.416515642233929  0.03815406662715223  -0.1653368866276677  -0.2089336538723304    0.686942696113052

cov*(cov_.inverse()):
                     1  1.279878980575688e-14  1.381880720963125e-14 -4.971717482149529e-15 -7.921181072179095e-16  2.445526420258304e-15 -2.028325424285882e-15  1.738192922928761e-15
 -1.77635683940025e-15      1.000000000000012  5.329070518200751e-15  7.993605777301127e-15  1.942890293094024e-16  1.720845688168993e-15  1.054711873393899e-15                      0
 5.863365348801608e-15 -1.075875499800816e-14      0.999999999999986  4.794775687599895e-15   4.90059381963448e-16 -7.524363077049401e-16  5.559788740505667e-16 -5.169475958410885e-16
 3.463895836830488e-14 -2.087219286295294e-14 -4.884981308350689e-14      1.000000000000038  1.693090112553364e-15  -3.33066907387547e-15  8.215650382226158e-15 -3.108624468950438e-15
                     0 -1.332267629550188e-15  8.881784197001252e-15 -3.552713678800501e-15                      1  4.440892098500626e-16 -6.661338147750939e-16 -4.440892098500626e-16
 8.881784197001252e-16  -1.77635683940025e-15 -3.552713678800501e-15  3.552713678800501e-15  3.885780586188048e-16     0.9999999999999996  1.221245327087672e-15                      0
  1.06581410364015e-14  6.217248937900877e-15  3.552713678800501e-15  -1.77635683940025e-15  5.551115123125783e-16  2.220446049250313e-16     0.9999999999999999                      0
 -1.77635683940025e-15 -3.552713678800501e-15  -1.77635683940025e-15  5.329070518200751e-15  -3.05311331771918e-16  5.551115123125783e-16  2.220446049250313e-16     0.9999999999999991
