10
2

0.02192081262563863
0.02658720308474721
 0.1501808302988323
 0.2026345999855884
 0.2527724129739884
 0.8033604278970694
 0.8442103991253784
 0.9075206282019567
   1.11705027207199
  3.434723272670548

   -0.2346561112607393    0.09573043203259593     0.7517208309686139    -0.2884177031793356    -0.4733286813787085     0.1948226989162002  -0.003458507907654303   0.003562948326807861    -0.1596320327827052  0.0004982114911651897
   0.04216369009823985   -0.01687380469742959    -0.1135180367401015    0.04965372004112614    0.08410718325543634   -0.03366496273653192    0.00740686495592257  -0.001810602390239303    -0.9870668260507495  -0.004387979315900382
   -0.1761982501341285    0.07537455847072783         0.542616365743     0.1690407696323385     0.7402714293933831    -0.2887180852031234   -0.07471376265113919    0.04662254689016703   0.009418628968230244     0.0325746793666751
    0.8093750042535023    -0.3161374894507488     0.3447068511340875     0.3155234375382769    -0.0965219671485906    0.03529973864590799   -0.09114224188261785    0.06152531910854338   0.006258999256947235    -0.0624285791082382
  -0.06069416579175907    0.02093829462925451   -0.07960097193700694   -0.05120099512163918   -0.03444809198392468    0.03895173743278774     -0.990142984641884     0.0602205173474496  -0.008123166425454206   -0.01184963939642235
    0.1487437154849905  -0.004733881322544703    0.01782005316217892    -0.2873922066820391    -0.2028592143004604    -0.7983705753343666   -0.04881194030591441    -0.4550555291826412 -2.976127340261245e-05    0.08327956103924157
   0.05813141742265978   -0.01703240329292576   0.004514701354391186    0.02252129167094341    0.02014696173207052     0.1383422777063863   -0.01639100511879512   -0.06439169378851438  -0.004000870972590243     0.9858131650192805
   0.08258964598950375    0.03620882818869146    0.03316233229755176   -0.06333681165856327     0.2355280722192039     0.4491545084445556   -0.04402165231366868    -0.8435449407922792   0.002439097567998449    -0.1266152110808933
   -0.3220471919764565    0.08729652965341027    0.03049487478601791     0.8331627507022862    -0.3360828459020215    -0.1283298747813245   -0.03267273039682885    -0.2509988939905461 -0.0009307892117464643   0.009260721836174461
    0.3424935502911043     0.9355447797365929  -0.008377637115866289    0.04821994747563883    -0.0199518856981323   0.006844966904059206   0.002075742016150769    0.06788337682601643 -1.112971733566326e-05  -0.001179824345929873

35.66071889710272
78.43817966404478
49.88415752902191
113.4763313018085
56.34125222681092
129.3829639864068
91.40129368887216
218.3836245526681
107.5164167136243
259.1347071167768

 2.463046137632056
0.4060817035294827

    0.1550624116666441   -0.06291746646481353    -0.1204599913712545    0.04817598944412696   -0.03683741538546993     0.0148131328726864 -7.373739608883614e-05  2.001771376482984e-05  -0.009653073002842108  0.0003661345208924018
   -0.0253046424841383    0.01026679962947906    0.01954357988929786   -0.00782832265785475   0.006028694544681144  -0.002419801895875574  2.105666095796251e-07  4.335626172992037e-06   0.002065461152764732 -8.508719261218199e-05

-6.006187213068244e-05  2.092025298671642e-05  -0.002726880630656777   0.005053542304720682 -0.0001030242662491354   0.001963337559045274   0.008789890793940774   0.001133208351577707   -0.01057592327015405   -0.01869598686653142
 9.713824506475215e-06 -3.744547334803779e-06  0.0004441440875388982  -0.000825679399241823  1.778126500148938e-05 -0.0003321490048169451   -0.00145364836574974 -0.0001886148892886507   0.001746726773900341   0.003075426600900359

cov:
     1.563429547994765      3.735399818755546   -0.03243084936842366    -0.1608914435179272    0.04586071443539159     0.0410147111938117    0.01426566009591949     0.2730427829293551  0.0005170259498919361    0.02957727843312544
     3.735399818755546      10.34061202531336   -0.09188457385174714     0.6177804086738312    -0.2469750072761559    0.07483526105362232    0.01811732132421187     0.6982603598616068 -0.0001745058382848022   -0.02715980294455642
  -0.03243084936842366   -0.09188457385174714    0.01531874915902464     0.0286616265985413   0.001039023767908552  -0.005187865587953579  -0.000435204227496971   -0.04360335662084926  0.0002857998737633965  0.0007164152716703517
   -0.1608914435179272     0.6177804086738312     0.0286616265985413     0.9555169079410714    -0.3333322819878049  -0.003447435146791962   -0.01992532895756493   -0.09417757306651144  -0.001028877801139422    0.01529151636252708
   0.04586071443539159    -0.2469750072761559   0.001039023767908552    -0.3333322819878049     0.2311041121775836     0.2407515012209842    0.01212348799259779   -0.01529489348695953  0.0009404963307156208   -0.02409799750262367
    0.0410147111938117    0.07483526105362232  -0.005187865587953579  -0.003447435146791962     0.2407515012209842      0.614308409469719    0.01053936179082841   -0.03831213409201172  0.0006073570977453706   0.005538299601462078
   0.01426566009591949    0.01811732132421187  -0.000435204227496971   -0.01992532895756493    0.01212348799259779    0.01053936179082841    0.06781562397546584    0.05344789193446025  0.0004666246889367595  -0.009027040087120602
    0.2730427829293551     0.6982603598616068   -0.04360335662084926   -0.09417757306651144   -0.01529489348695953   -0.03831213409201172    0.05344789193446025     0.8560541407939273   -0.00122413107158101    0.01425161339771629
 0.0005170259498919361 -0.0001745058382848022  0.0002857998737633965  -0.001028877801139422  0.0009404963307156208  0.0006073570977453706  0.0004666246889367595   -0.00122413107158101  0.0007261743549555306   -0.00307743230328853
   0.02957727843312544   -0.02715980294455642  0.0007164152716703517    0.01529151636252708   -0.02409799750262367   0.005538299601462078  -0.009027040087120602    0.01425161339771629   -0.00307743230328853     0.7106088017506469

cov.inverse():
   134.6345622724216   -54.58961569065061   -371.2322658050252     148.469577313015    228.5717877136017   -94.32695898889951    1.849880285255574   -1.184546231559335    19.13548783534413   -1.894338357852093
  -54.58961569065064    22.24948653412858      151.60489528863   -60.46460832006112   -93.11301893082107    38.40649936448947  -0.7415585885720859    0.410495377217665   -8.259294065319317   0.7604489276870157
  -371.2322658050257    151.6048952886302    1210.259729850474   -452.3804401864278   -736.9364346915507    303.4792689809769   -7.933002831568833    7.374602431467882   -90.92299114059728    1.762096350104179
   148.4695773130151   -60.46460832006119   -452.3804401864277    181.0237940878377    294.6906093940501   -120.9848981654118    2.132050462894929   -1.393618975886946    26.60312203107005  -0.8233616197056925
   228.5717877136021   -93.11301893082124   -736.9364346915511    294.6906093940503    501.0151387595261   -205.0741786751672    2.594960086373596   -2.404436148345912    40.09706377769292   0.1724370631912391
  -94.32695898889969    38.40649936448955     303.479268980977   -120.9848981654119   -205.0741786751671    85.61474498552737   -1.443975839430558    1.139819513749923   -17.83179028904262 -0.04857711379259929
   1.849880285255548  -0.7415585885720754   -7.933002831568738    2.132050462894893    2.594960086373533   -1.443975839430533     15.9035122758229    -1.18127387849168   -9.113029536622797   0.1422843520670568
  -1.184546231559312   0.4104953772176555    7.374602431467801   -1.393618975886915    -2.40443614834586    1.139819513749902    -1.18127387849168    1.517909771068597    1.363907593077387 -0.04241658413275624
    19.1354878353443   -8.259294065319409   -90.92299114059777    26.60312203107025     40.0970637776932   -17.83179028904273    -9.11302953662279    1.363907593077382    1431.349434815794    5.961418214003145
  -1.894338357852059   0.7604489276870015    1.762096350104061  -0.8233616197056486   0.1724370631913121 -0.04857711379262926   0.1422843520670574 -0.04241658413275667    5.961418214003177    1.565798598479885

cov*(cov_.inverse()):
    0.9999999999999952  6.869504964868156e-15 -1.009123340445228e-13  5.253436574648163e-14  4.813163756445249e-14  2.987844346935553e-15  2.576064361825559e-16 -3.640750895206324e-16  3.747002708109903e-15 -9.020562075079397e-17
-1.429412144204889e-13      1.000000000000032 -7.365635878997523e-14  6.815728537112875e-14 -1.120657386333157e-13  4.268872581814076e-14 -3.842412499288628e-16 -8.304988641238964e-17  4.912736883966318e-15  1.158795281952507e-15
-1.624785375686777e-15  9.530137096147584e-16      1.000000000000009  -2.91401017898929e-15 -2.937943941946908e-15  1.093431443478787e-15 -9.490834767394984e-17  6.171482053694832e-17  2.159730727591125e-16   9.86623976961809e-17
 3.424344141578217e-15 -2.197894644062615e-15 -6.106226635438361e-16     0.9999999999999777 -3.414196009243753e-14  -9.25290660064304e-15 -2.823262457152254e-16 -1.265263935290584e-16  7.077671781985373e-16  1.040834085586084e-17
 9.457712391025552e-15  -9.26342336171615e-16 -2.944866572818228e-14   6.83481049534862e-15      1.000000000000003 -2.632442874794805e-15  1.500535806719938e-16  -9.86623976961809e-17 -1.859623566247137e-15 -6.938893903907228e-18
-5.408867798095685e-15  5.117434254131581e-15  4.536475362026948e-14 -3.265530207352541e-14 -8.352585116611078e-15      1.000000000000005  -7.22078646875346e-17  1.762641681918309e-16 -1.082467449009528e-15 -2.081668171172169e-17
-4.614364446098307e-16  6.245004513516506e-17 -8.604228440844963e-16  4.510281037539698e-16 -3.660266534311063e-16  2.946319403729358e-16     0.9999999999999999  2.981555974335137e-18                      0 -6.938893903907228e-18
 1.620231726562338e-15 -6.661338147750939e-16 -1.704886232190006e-14  6.983996714282625e-15  1.297312951509255e-14  1.069023342070707e-16 -1.561251128379126e-17                      1  6.106226635438361e-16  -7.28583859910259e-17
-5.377642775528102e-17  5.204170427930421e-18  5.464378949326942e-17 -4.380176776841438e-17 -6.689527404235562e-17  5.052382123782451e-17 -5.692061405548898e-18  3.225501463144376e-18                      1 -1.474514954580286e-17
 1.110223024625157e-15  5.551115123125783e-16 -8.881784197001252e-16  4.440892098500626e-16 -1.304512053934559e-15  7.563394355258879e-16  1.387778780781446e-17  5.204170427930421e-17  -1.77635683940025e-15                      1
