10
2

0.2488685633706932
 0.594985350575196
0.7337718399064919
0.8957117474848061
 1.031038448323641
 1.229590460893076
  1.53387449617774
 2.093853556374436
 3.661085830034212
 5.225806712437117

  -0.4125614238066347    0.1283980725265697    0.8119363014090627   -0.3228193377609319   -0.1013095969216313   0.01537024685909059   -0.0884787230816611   0.06355439905830712   -0.1488068241167691   0.07309670499683242
  -0.1660741268298433   0.01473053250528523  -0.02894848064624084   0.05050969664010121  -0.03125672074040766    0.6995113941013023   0.01033235002390834   -0.6915384540741993 -0.007859139926066488  -0.01122594110518714
  -0.8279449443995204    0.1288992721821414   -0.3019302485859375    0.2774051192351095    0.2536575312416007   -0.1981037532314711    0.1248602083828633   0.02388548645291225  -0.06057938843226861   0.07974321840675186
  -0.1527111432412242 -0.001650302008228466   -0.1067687053721546    0.0948679949246755   -0.1015007540533834    0.6178147822926268   -0.2559736532501355    0.6749913977509464    0.1258068045405845   -0.1652765312074435
 -0.06156270812787547  0.005203294854862802 -0.008696317428079791   0.03873980384139986   0.09580187128083004   -0.2130541295640712     -0.61438463257541   -0.1980409938258151   -0.1137668291968167   -0.7144262707103423
   0.2269828805036301    0.0440766329560657    0.1306666198134564    0.1384120475123295    0.6603508857633409    0.1972443113694301    0.1208141583741881    0.1301261721036674   -0.6350618887400001  -0.02243361761821784
   -0.117619324226718   -0.0879616103707573   -0.2323850583628616   -0.7382865650324173    0.1726590560884162   0.06709252772754888    0.4176445821827138      0.05452742369746    0.0484918978135057   -0.4065640468245205
  0.02306643663576615   0.01244100386662499  -0.04390621100813483    -0.309091950768523    0.5825765209901907   0.02116072918188185   -0.4633900339737164  -0.04922486990968651    0.4327923149665212    0.3969153473504482
  -0.1230543216959831   -0.5332128805289361   -0.2802511484348283   -0.2811644746574213   -0.2394397668380274  -0.01533429896736454   -0.3200040009447685 0.0006022700691765468    -0.525944406834573    0.3261295829004461
   0.0926229165225216    0.8200618130540454   -0.2928127867421584   -0.2587776919078986   -0.2057561456675877  0.005065354593368504   -0.1653110899707288  0.001324768780514904   -0.2752687478822167     0.144051212626182

22.69006289575984
66.86177938199508
53.07380540016057
156.6351145077169
63.67115683475535
187.5594879464855
73.65125796213914
 218.136805405103
87.84371645232011
 260.521904563644

 2.957465991174641
0.3385342033682754

   0.09579781582501345   -0.03239017580122182   -0.09407668955088502    0.03162346601054986  0.0003275504583510639 -0.0001518769074516011  -0.001863971429425955  0.0003613218433735655  4.237185718225706e-05  0.0009778315073569396
  -0.01096630870572411   0.003706247241920018    0.01071444298631429  -0.003577352444960053  -1.55146859371777e-05  1.640478680437588e-05  0.0001401481430630418 -3.387347981326401e-05  5.062521318978062e-05 -5.600471704554898e-05

 -0.008055136463265285  -0.004411964193805224   -0.02495517338793926 -0.0008775414929221342   -0.00381518056080698    0.01868777931465148   -0.02590789693344787   -0.01051001731713096     0.3186484728906103    0.05582462700676067
 0.0009185092470533331   0.000503406297015752   0.002870761143318771  0.0001234050983061078  0.0004385169045580965   -0.00218667030270373   0.002812522455921488   0.001561528185611586   -0.03632326453596296  -0.006278549332669515

cov:
   0.9621506527623825     2.932742745585139  -0.04450693832319396   -0.1028143865522001  0.009741068728794275   0.07440835012174059  0.006243394589682255  -0.01440862067952011  0.006910043942847237  0.001661089185548502
    2.932742745585139     22.20811539018577    -4.514785925113297    -3.623695879886413     -2.83932044465451    0.2114706308818386     -1.51381049770903   0.01663367624499849    -2.440752885805037     1.001831565441631
 -0.04450693832319396    -4.514785925113297     3.654942829054441     3.545622600719184     2.430448396137486 -0.009836871555135322     2.411424583020948  -0.05707549804347128     3.934245352150928    -2.223915034565883
  -0.1028143865522001    -3.623695879886413     3.545622600719184     4.676221149300743     1.440809545373172  -0.06108714129911309     2.277813782496514   0.02074091062028424     3.122453163228605    -2.115167710565775
 0.009741068728794275     -2.83932044465451     2.430448396137486     1.440809545373172     4.195640969110999    0.1920764775245657     1.038366934814181    -0.047659067159231     3.696668860366498    -1.078603942300062
  0.07440835012174059    0.2114706308818386 -0.009836871555135322  -0.06108714129911309    0.1920764775245657    0.6240810609095719    0.1032951085651245    0.2485988074921504    0.0209437392788792  -0.01248053085839644
 0.006243394589682255     -1.51381049770903     2.411424583020948     2.277813782496514     1.038366934814181    0.1032951085651245     3.955482581384352    0.1582403936941524      2.59614049339798    -2.753656336756198
 -0.01440862067952011   0.01663367624499849  -0.05707549804347128   0.02074091062028424    -0.047659067159231    0.2485988074921504    0.1582403936941524     0.620355973343189   -0.1336854779776123  -0.06942529422589454
 0.006910043942847237    -2.440752885805037     3.934245352150928     3.122453163228605     3.696668860366498    0.0209437392788792      2.59614049339798   -0.1336854779776123     7.243258285663861    -2.587177203833598
 0.001661089185548502     1.001831565441631    -2.223915034565883    -2.115167710565775    -1.078603942300062  -0.01248053085839644    -2.753656336756198  -0.06942529422589454    -2.587177203833598     3.640946804777335

cov.inverse():
   4.173347685416569   -1.041630364073593   -4.877144627753752    1.737540670846099   0.4082897626193685  -0.2046424909190253   0.4740220558476174  -0.2361155195828609     0.97911160544043   -0.514891864931865
  -1.041630364073593    0.348127944239374    1.624636489498797  -0.5665520396880971    -0.13212465648144  0.01529512221533122   -0.161224354563551   0.1079702223004028  -0.3305777744198932   0.1740268337430374
  -4.877144627753748    1.624636489498796    10.87361989598049   -4.307958815428814   -1.413672823378012   0.1853830369829464   -1.209378194427285    0.794433653864933   -1.982022972535036     0.96817081749978
   1.737540670846098  -0.5665520396880965   -4.307958815428811    2.119836529881063   0.6179379644540112 -0.02129796191727609   0.3952688425111447  -0.3467742034648022   0.6637782436940139  -0.2977535906433693
  0.4082897626193676  -0.1321246564814396    -1.41367282337801   0.6179379644540105    0.693784086560102  -0.1834734261386187   0.2084568704071021 -0.08061332946433608 -0.01544662705648426  -0.1182852076536331
 -0.2046424909190253  0.01529512221533125   0.1853830369829465 -0.02129796191727618  -0.1834734261386188    2.005141471791837 -0.09569007362674825  -0.7817163209851915  0.01068137611827674 -0.03042055600130224
  0.4740220558476175  -0.1612243545635508   -1.209378194427284   0.3952688425111447   0.2084568704071023 -0.09569007362674825   0.7338158695434969  -0.1810762167969147   0.1502543987191414   0.2548035420344817
 -0.2361155195828602   0.1079702223004025   0.7944336538649318  -0.3467742034648019 -0.08061332946433611  -0.7817163209851915  -0.1810762167969147    2.034960626293868 -0.07142407479627674  0.07873084582132582
  0.9791116054404309  -0.3305777744198932   -1.982022972535037   0.6637782436940149 -0.01544662705648375  0.01068137611827676   0.1502543987191417 -0.07142407479627703   0.7303069282983462  -0.1078277849384634
 -0.5148918649318652   0.1740268337430375   0.9681708174997811  -0.2977535906433699  -0.1182852076536334 -0.03042055600130225   0.2548035420344815    0.078730845821326  -0.1078277849384634   0.7278369780522612

cov*(cov_.inverse()):
     1.000000000000002  2.027458062547893e-17  -3.29922721087339e-15 -2.466559942404523e-16 -9.470505976660881e-17 -4.249394889785374e-17 -3.076965765513862e-16 -1.301313657525727e-16 -3.837262538969322e-16 -2.367897544708342e-16
-2.220446049250313e-16                      1  1.998401444325282e-15 -2.220446049250313e-15  4.302114220422482e-16  6.938893903907228e-17 -9.992007221626409e-16  1.249000902703301e-16 -4.579669976578771e-16 -1.110223024625157e-16
-4.440892098500626e-16 -4.996003610813204e-16      1.000000000000003 -7.771561172376096e-16 -9.436895709313831e-16  4.163336342344337e-17  5.551115123125783e-16  7.494005416219807e-16 -1.554312234475219e-15  2.220446049250313e-16
-3.996802888650564e-15  1.443289932012704e-15  1.509903313490213e-14     0.9999999999999958 -5.551115123125783e-16  1.110223024625157e-16 -5.551115123125783e-16  7.771561172376096e-16 -2.275957200481571e-15  6.661338147750939e-16
 -3.33066907387547e-15  6.938893903907228e-16 -4.440892098500626e-16 -5.551115123125783e-16     0.9999999999999999   9.71445146547012e-17  2.775557561562891e-16  4.440892098500626e-16 -5.134781488891349e-16   3.33066907387547e-16
 1.994931997373328e-17  5.854691731421724e-17 -1.908195823574488e-17 -1.379105163401562e-16 -5.572799166575493e-17                      1 -8.196568423990414e-17 -1.517883041479706e-17 -6.375108774214766e-17 -1.561251128379126e-17
-1.332267629550188e-15  5.551115123125783e-17  5.773159728050814e-15 -1.998401444325282e-15 -2.775557561562891e-16 -1.387778780781446e-17     0.9999999999999997  4.440892098500626e-16  -1.27675647831893e-15  4.440892098500626e-16
 9.020562075079397e-17 -5.030698080332741e-17 -2.081668171172169e-16  1.283695372222837e-16  3.816391647148976e-17  4.466912950640278e-17 -3.469446951953614e-18                      1  3.816391647148976e-17 -2.775557561562891e-17
-2.886579864025407e-15  7.771561172376096e-16  7.549516567451064e-15 -1.665334536937735e-15 -9.436895709313831e-16  3.191891195797325e-16  5.551115123125783e-16  5.273559366969494e-16     0.9999999999999982  6.661338147750939e-16
 6.661338147750939e-16  2.220446049250313e-16  2.664535259100376e-15  6.661338147750939e-16  1.110223024625157e-16  1.387778780781446e-17 -2.220446049250313e-16 -1.110223024625157e-16  8.881784197001252e-16     0.9999999999999998
