10
2

0.2418409408762821
0.7661750998058728
0.8337910480207383
0.9443620436801247
 1.270914142526432
 1.773397945384476
 2.168356594667702
 2.282174834181524
 3.970006978283775
  7.15579578613895

  0.4323536113987931  -0.1926681893782571  -0.7752191442292291   0.3567138705640842  0.08510837891932829 -0.05333643797629405   0.1267672215146435 -0.03670452095639208   0.1331339589339858 -0.05009793779112737
 -0.3886661001695172  0.05802184493513803  -0.1404154199242801  0.06420777871163864   0.2688406130061567   0.1539881199589297   0.4758810933701125  -0.5795187479728275  -0.2457631501245461   0.3210000974477548
  0.4129967369366157 -0.08453024704414717   0.1882527195111834 -0.03948075096543192  -0.2133501608694099   0.8297439674519081  0.06535363910331463  -0.1926893859532828  0.09809405345725244  0.01656601707119343
  0.6456162159275879 -0.02323444131647892   0.3668761500491249 -0.09584328350748926 0.004305938980438902  -0.4832339297816028   0.2267211299050477  -0.3130552191851433  -0.1765384070961006   0.1573225851952151
 -0.2210512861530596 -0.05663205330346811 -0.03432740470808909 0.005390698768837065  -0.7199083100630916   -0.213859044469473   0.2277305737586365   -0.347348094606755   0.3976282570502889  -0.2282496427729466
 0.03922364229213824    0.133675074109893  -0.2744542330368158  -0.2769206881674516  -0.5016380242970814  0.02395129527861383   0.2135862060944948   0.3977386323314626  -0.3711699177381692   0.4845469223897588
-0.09133563113434831  -0.3203642214524658   0.3494425255870462   0.6009616928384784 -0.04097559191098717  0.01588277623649759   0.4795416645987911   0.4138304260632564 -0.05096785158656383 0.003836654772472109
 0.04874820210982144   0.1712517921946001 -0.08964947720845293   -0.221331044269399  0.02964864047811444  0.06691963848994985   0.3608141624520671  0.07555330524282709  -0.4400292492971872  -0.7592060291160053
 -0.1146397802373114  -0.8150943844289407   -0.042874773132798   -0.134164387068051  -0.1220119038457234 -0.01732481512296138  -0.2845128339929814  -0.1583742976143878  -0.4217062731146626   -0.059894330249899
 0.01895745603709114   0.3666220823128929  0.02815567474512854   0.5941643826984637  -0.2959574772993612  0.01062052813862223  -0.4040034472076877  -0.2162983335158829  -0.4595134263114153 -0.05044641263872224

 22.6841636306565
46.06837573728482
 50.5031080632362
102.9330286559289
65.43931135769508
133.3426179008287
75.97274314781249
155.5352949057296
90.24679812250071
184.6758240503616

 2.043881240397235
0.4904993316406215

   0.07208145373025712   -0.03525354390579579   -0.07091077136388975    0.03468723417393134 -0.0003012874597068619  0.0001776967791883353 -0.0004754552273359179  0.0001614132172071162 -0.0004691761271030295  0.0001683794270496633
  -0.01708359313198004   0.008350337659842369    0.01649582248928952  -0.008066164717819867  0.0001635988728153089 -3.785768049269212e-05  0.0001537405289977024   4.42468300514152e-05   0.000133125351747772  0.0003290922821609164

  0.006148713524456548   -0.01061399688147734     0.0126090381211256    0.01594561675573175   -0.01861783525451443    0.02624358428622071   0.003081318260746779   -0.02042401782777662      0.302440384331876     0.3845761074032472
  -0.00144025175010315   0.002611513266451166  -0.003047627403985458   -0.00386173401141305   0.004169687889125061  -0.005566541970579721 -0.0005581681503547616   0.003418589209867382   -0.07279703147718088   -0.09160121345177701

cov:
   0.9508187654464821     1.990637026781649    0.1880958199729606    0.3966774135561641   0.03548412858859113   0.05461440845794488 -0.003462503959581132  -0.01354016363198743   0.02425697200301024   0.02694333758002153
    1.990637026781649      18.0601316960886    0.3460935925055529     11.66076801346562    -4.024798625343071    0.4544394135674933    -4.254628418133109     -2.38448204417508     -3.72903728705352   -0.6286840802630959
   0.1880958199729606    0.3460935925055529     1.115751997031057     2.218736766646071 -0.005036606088616301  -0.04673763433010004   0.06998952516308385   0.03756458313430676   0.01181917590081295  -0.04758460964095095
   0.3966774135561641     11.66076801346562     2.218736766646071     20.57437779961703    -8.448290682563185     0.327993650306668    -10.93552517108036    -5.503620989347629    -12.39285161678411   -0.9489546309393525
  0.03548412858859113    -4.024798625343071 -0.005036606088616301    -8.448290682563185     6.435254417775787  -0.01035767084561421     6.098118865911999     3.226574547411163     7.786423706388271    0.3112355812163928
  0.05461440845794488    0.4544394135674933  -0.04673763433010004     0.327993650306668  -0.01035767084561421    0.8116664680948006  -0.06041524192510998    0.1042877954811673   -0.3471974516961351   -0.1891335026491671
-0.003462503959581132    -4.254628418133109   0.06998952516308385    -10.93552517108036     6.098118865911999  -0.06041524192510998     11.80269804479049     6.165008651280706     10.25324136391734    0.2574769801966127
 -0.01354016363198743     -2.38448204417508   0.03756458313430676    -5.503620989347629     3.226574547411163    0.1042877954811673     6.165008651280706     4.628736816578042     5.301814900105877    0.9958684508159018
  0.02425697200301024     -3.72903728705352   0.01181917590081295    -12.39285161678411     7.786423706388271   -0.3471974516961351     10.25324136391734     5.301814900105877     15.39532866412974      2.54155957052204
  0.02694333758002153   -0.6286840802630959  -0.04758460964095095   -0.9489546309393525    0.3112355812163928   -0.1891335026491671    0.2574769801966127    0.9958684508159018      2.54155957052204     4.094397902321378

cov.inverse():
   4.199960899519014   -1.506404776876743   -5.266285309824299    2.484844024324531   0.4216401971752823  -0.3231278868301841   0.7924562914297874  -0.1824970972623567    1.018078972792417  -0.4286226799611289
  -1.506404776876743   0.7312117260816341    2.472601929541181   -1.210436182186321  -0.2160860742334499   0.1132288386589689  -0.3923092846461902     0.10523047761089  -0.4923841376507287   0.1967578864086457
  -5.266285309824312    2.472601929541183     10.5629932182012   -4.720339809454299   -1.192689664548794   0.6985437779766355   -1.676604483752264   0.4465995941904775   -1.723284132802082     0.63250123903362
   2.484844024324528    -1.21043618218632   -4.720339809454297    2.313828020088276   0.5930119412796888  -0.3070111936351759   0.8227777493084842  -0.2303213738180153   0.8429599480614239  -0.2990358224973246
  0.4216401971752888  -0.2160860742334522   -1.192689664548802   0.5930119412796926   0.7165236476447109  -0.1722496802895591    0.250290047062934  -0.1705203700924577  -0.0639367314915561    0.090626900329949
  -0.323127886830187   0.1132288386589698   0.6985437779766376   -0.307011193635177  -0.1722496802895589    1.370623081690076 -0.05765946063481796  -0.1273795523757361 -0.03407468764248746  0.08864175957580417
  0.7924562914297903  -0.3923092846461916   -1.676604483752267   0.8227777493084862   0.2502900470629331 -0.05765946063481787   0.8531648887179174   -0.617005021216785  0.06007931755513005   0.1431941954094067
 -0.1824970972623574     0.10523047761089   0.4465995941904775  -0.2303213738180154  -0.1705203700924573  -0.1273795523757362   -0.617005021216785   0.9234652759238053  0.05671131798459175  -0.2447685240640324
   1.018078972792415  -0.4923841376507271   -1.723284132802074   0.8429599480614203 -0.06393673149155842 -0.03407468764248651  0.06007931755512801    0.056711317984592   0.6495590448914542  -0.3244530556745877
 -0.4286226799611269   0.1967578864086447   0.6325012390336158  -0.2990358224973227  0.09062690032994997  0.08864175957580372   0.1431941954094076  -0.2447685240640325  -0.3244530556745874   0.4644484094899259

cov*(cov_.inverse()):
     1.000000000000002 -2.758210326803123e-16  5.495603971894525e-15  3.485059463237405e-15 -1.307981500886513e-15   9.77950359581925e-16  6.375108774214766e-17  3.677613769070831e-16 -7.199102425303749e-16 -8.673617379884035e-18
-5.551115123125783e-17     0.9999999999999991  7.938094626069869e-15 -2.969846590872294e-15 -2.498001805406602e-16 -3.747002708109903e-16  1.290634266126744e-15  1.110223024625157e-16 -5.828670879282072e-16  1.665334536937735e-16
-2.126770981547565e-15  1.087671619437458e-15       1.00000000000001 -1.519617764955683e-15  -4.77048955893622e-16   5.48172618408671e-16    1.0321604682062e-16  6.245004513516506e-17 -8.760353553682876e-16  1.457167719820518e-16
 4.496403249731884e-15  1.693090112553364e-15  6.883382752675971e-15     0.9999999999999947  2.636779683484747e-16  1.665334536937735e-16  2.775557561562891e-16 -1.332267629550188e-15 -3.996802888650564e-15 -6.106226635438361e-16
 2.442490654175344e-15 -4.239664175287317e-15 -1.090794121694216e-14  6.578071420904053e-15                      1  2.671474153004283e-16  1.471045507628332e-15 -8.326672684688674e-16   6.38378239159465e-16 -1.665334536937735e-16
 4.163336342344337e-16 -1.318389841742373e-16  -6.38378239159465e-16  1.595945597898663e-16  6.245004513516506e-17     0.9999999999999999  9.020562075079397e-17 -2.081668171172169e-17  9.020562075079397e-17 -2.775557561562891e-17
 2.248201624865942e-15 -2.789435349370706e-15   8.68749516769185e-15 -6.800116025829084e-16 -7.945033519973776e-16  4.510281037539698e-16     0.9999999999999992  1.887379141862766e-15   1.02695629777827e-15  6.800116025829084e-16
 7.771561172376096e-16 -1.249000902703301e-15 -3.108624468950438e-15  2.831068712794149e-15  6.106226635438361e-16  2.775557561562891e-17   6.38378239159465e-16                      1   1.27675647831893e-15 -3.885780586188048e-16
-9.769962616701378e-15  2.331468351712829e-15  2.131628207280301e-14 -3.552713678800501e-15  -1.77635683940025e-15  1.165734175856414e-15 -2.442490654175344e-15 -2.220446049250313e-16                      1  8.881784197001252e-16
 8.881784197001252e-16 -4.440892098500626e-16                      0  8.881784197001252e-16 -5.551115123125783e-17                      0 -1.110223024625157e-16                      0  2.220446049250313e-16     0.9999999999999999
