10
2

0.1105055625363967
0.7398586832054358
0.8384998559730935
 0.960951689889462
 1.121636318866752
 1.333605220950916
 1.764055357580704
 2.384549501862535
 3.944473308018686
 5.847039522155665

    0.572637173820277   -0.2717055048953729   -0.6947454991887235    0.3312884279632834   0.02758024665372974 -0.009430248191968074   0.03520452348518074  -0.02924873794347777   0.03715869646795532  -0.03891322613918224
 -0.08063137205869553  -0.01025075288263927  -0.08971247870668035  -0.02367751343016925   -0.2072114155306654     0.959687967639354    0.1421473760487593   0.01341028851501374 -0.003121909130362161   0.02124913638576108
  -0.7359769157700905   0.07955762099067909   -0.5885286847838261   0.09375288543991492    0.2741921524052453  -0.05584440103282754   0.00558106128886538   0.04045288784841845   -0.1283336059808992  -0.02039401094375246
   0.0148957636891559   0.01257116519412256  0.008699649073979148  0.006244190256975653    -0.186267803614077   -0.1474027508331278    0.7136500158997201   -0.2674156445485544   -0.5417359407851851    0.2622915189746297
  0.01515038395434549   0.03138975034463507   0.01304767376510517   0.02752832075845617    0.2873348845522782    0.1024255946619734   -0.2694724674519032   -0.6823853794784551    0.1418344258347803    0.5885767067170532
   0.2086933589172238   0.05384134431828623    0.1782401137782068   0.04351267776942499    0.6715085013835337    0.2025054757446296   -0.1100937742746003   -0.0184814007432108   -0.5632764298732271   -0.3133857485662181
  -0.1436491088234613   -0.1580877751601116  0.004833550265413768    0.0571268395903111   -0.3478150900965226  -0.03841544702778407   -0.1776354488515703   -0.6401745365854269  -0.09276864086114725   -0.6153466142686738
   0.2298780884928507    0.5268141553359229   -0.3585091196722167   -0.6817624479617334   -0.1379073159600097  -0.02886251641499719   -0.1692547070519122  -0.06394185898713277   -0.1493421235306806  -0.03746766779420448
 -0.07170615030849833   -0.5008986319086181   -0.0203452673426279   -0.1426026522633386   -0.2830445347211918   -0.0159587057957195   -0.4940927453904692    0.1994516229069651   -0.5151816204118282    0.3058100069653511
  0.03602941103647973    0.6018928860460602   0.04396366527050299    0.6243465144931689   -0.3046846755643477 0.0009824683976619242   -0.2831290732612801   0.07831216765839739   -0.2344005281501499    0.1030207219427341

22.68481325415219
46.44398690338198
35.56209245671726
73.33018866125822
64.50285552914218
133.4012196598732
88.44385648871139
 184.233016467777
104.9925663613264
219.2014507836502

 2.087645555413914
0.4797894122038345

    0.1438505482031684    -0.0690426625374756    -0.1398060684204998    0.06711689015549183 -0.0009941438231749957  0.0005624362898576773  -0.001108042298027911   0.001113663336718742  -0.001165529649578422   0.001031631382614971
  -0.03255348639214271    0.01562640914450818    0.03146969319552794   -0.01512187666734244  0.0002138476011938436 -0.0001201490249273953  0.0003680454462694691 -9.770270289785622e-05  0.0003047308771961165  -0.000136224967005918

  0.002690315546651111  0.0003781433893024972    -0.0161201659119553  0.0003632289350381016  -0.000266575351722932   0.007444162322082756    -0.0227460943920129   0.008142576080458173     0.3033933371477966     0.0160080559680432
-0.0006071642585782687 -6.184569748411743e-05   0.003719581826309748  -3.99563074124186e-05 -3.609083755003084e-05  -0.001866684856295473   0.004596703784549561  -0.001968739347549322   -0.06900978878286854  -0.003002353362553449

cov:
  0.9554174008324607    2.037638622669975 -0.02375678075545318 -0.01691404595854707  0.03531343997167267  0.06002115797426359  0.01556820568058874  0.03126017201965219 -0.01470338915935064 -0.08033355710335688
   2.037638622669975    17.95692091176109 -0.02550241628777553    11.89808978984629   -4.215844812177153  0.09027789383281906   -2.408516854982644   0.1509138290985448   -1.271963956699039 -0.07776779340919104
-0.02375678075545318 -0.02550241628777553    1.114025642585789    2.348041925496356  0.02011711736307824   0.1055379552790395  0.03003186491177775   0.1389284300012318 -0.01383150910851702  0.04531158342683932
-0.01691404595854707    11.89808978984629    2.348041925496356    16.30835052969503   -5.321029745487416   0.1636480280261868   -4.337674092456276    1.338886899739842   -3.347875122893158    1.552194400426242
 0.03531343997167267   -4.215844812177153  0.02011711736307824   -5.321029745487416    5.919089835167123   0.3088635777570898    5.083438712324819   -1.167535661669149    4.375307594548276   -1.937429024122653
 0.06002115797426359  0.09027789383281906   0.1055379552790395   0.1636480280261868   0.3088635777570898   0.6258618327969585  0.06512203339610032 -0.01259802472131961   0.0481875237912772 -0.05352075811964952
 0.01556820568058874   -2.408516854982644  0.03003186491177775   -4.337674092456276    5.083438712324819  0.06512203339610032    7.394312224167029   -1.815984876678863    6.128846927092569   -2.935674574389804
 0.03126017201965219   0.1509138290985448   0.1389284300012318    1.338886899739842   -1.167535661669149 -0.01259802472131961   -1.815984876678863    2.780909131771046   -1.960351902726012    1.904144834339013
-0.01470338915935064   -1.271963956699039 -0.01383150910851702   -3.347875122893158    4.375307594548276   0.0481875237912772    6.128846927092569   -1.960351902726012    7.033715101766607   -2.777834114649982
-0.08033355710335688 -0.07776779340919104  0.04531158342683932    1.552194400426242   -1.937429024122653 -0.05352075811964952   -2.935674574389804    1.904144834339013   -2.777834114649982    3.678789298603905

cov.inverse():
   27.67636762753453   -12.78451403913389   -31.94302937497136    15.41722640252643    1.127547421763943  -0.5018228247734212    1.622761394649333   -1.404462611020637     1.80453878104539    -1.80641807865034
   -12.7845140391339    6.140790827999997     15.3669847083635    -7.40851323939276  -0.5451511834909346    0.192020282951155  -0.7814076729489647    0.655440005450538  -0.8587977102392298       0.891640369688
   -31.9430293749714    15.36698470836351    40.07414854303434    -18.8737615650838   -1.688019490941947   0.4477255590289045   -2.027280328544938    1.619411896308003   -2.056566807902867    2.205779036532688
   15.41722640252645   -7.408513239392762   -18.87376156508379    9.098346786433547   0.8223939312938026  -0.2956752141690686   0.9622947507708918  -0.8103578284968386   0.9934139313375618   -1.060065842775088
   1.127547421763954  -0.5451511834909394   -1.688019490941958   0.8223939312938081   0.6544848297653588   -0.271499520246804  -0.1837168967620319 -0.09547274526730047 -0.01049637719930343 -0.07748553754070488
 -0.5018228247734257    0.192020282951157   0.4477255590289088  -0.2956752141690708   -0.271499520246804    1.749810248342811  0.07674274472480674  0.03593571425898708  0.01233536530574713  0.04676774443416822
   1.622761394649334   -0.781407672948965   -2.027280328544937   0.9622947507708917  -0.1837168967620326  0.07674274472480709   0.7877247279581822  -0.1084119839771996   -0.280842204368205  0.01488424554036222
  -1.404462611020636    0.655440005450538    1.619411896308002  -0.8103578284968382  -0.0954727452672999  0.03593571425898685  -0.1084119839771997   0.6556271608563496 0.002962911735143446  -0.1682313929783033
   1.804538781045381  -0.8587977102392265   -2.056566807902859    0.993413931337558 -0.01049637719930413  0.01233536530574739  -0.2808422043682059 0.002962911735143707   0.6740687361416717   -0.094578620085851
  -1.806418078650342   0.8916403696880001    2.205779036532687   -1.060065842775087 -0.07748553754070416  0.04676774443416792  0.01488424554036203  -0.1682313929783033 -0.09457862008585124   0.6587478866988474

cov*(cov_.inverse()):
     1.000000000000014   1.02695629777827e-14  1.484923295436147e-14  -1.23789867245705e-14 -9.740472317609772e-16  4.518954654919582e-16 -2.012279232133096e-16 -1.023486850826316e-16   1.81452075587174e-15  1.443289932012704e-15
 1.249000902703301e-15      1.000000000000003 -1.093569679255779e-14  1.110223024625157e-16  -1.32012456521835e-15 -1.331400267812199e-16 -6.199468022272114e-16 -1.769417945496343e-16 -1.804112415015879e-16  1.595945597898663e-16
 -3.95516952522712e-15  3.885780586188048e-16      1.000000000000003 -4.170275236248244e-15 -2.498001805406602e-16  1.678344963007561e-16   1.40837862205867e-16  1.543903893619358e-16  1.413799632921098e-16 -1.110223024625157e-16
 -1.77635683940025e-15 -1.088018564132653e-14 -3.375077994860476e-14      1.000000000000001   1.52655665885959e-15 -5.134781488891349e-16   4.40619762898109e-16 -7.771561172376096e-16   3.33066907387547e-16 -1.998401444325282e-15
  1.77635683940025e-14  3.996802888650564e-15  7.105427357601002e-15  5.329070518200751e-15     0.9999999999999998 -2.220446049250313e-16 -7.389922007661198e-16 -7.771561172376096e-16  2.720046410331634e-15 -8.881784197001252e-16
-5.828670879282072e-16  1.429412144204889e-15  2.262079412673756e-15 -1.616762279610384e-15 -1.474514954580286e-16                      1 -7.958043946043603e-17  6.071532165918825e-17  7.546047120499111e-17  2.012279232133096e-16
-3.552713678800501e-15  4.440892098500626e-16  1.687538997430238e-14 -5.773159728050814e-15  -1.27675647831893e-15  3.608224830031759e-16     0.9999999999999986  8.326672684688674e-16  3.885780586188048e-16  6.661338147750939e-16
-4.440892098500626e-16  2.220446049250313e-16  5.329070518200751e-15 -4.440892098500626e-16                      0 -2.775557561562891e-17  2.151057110211241e-16     0.9999999999999993                      0  2.220446049250313e-16
-2.664535259100376e-15  4.440892098500626e-15  1.243449787580175e-14 -2.220446049250313e-15 -2.775557561562891e-16  5.551115123125783e-17  -2.22738494315422e-15  9.436895709313831e-16      1.000000000000002  4.440892098500626e-16
-2.664535259100376e-15                      0                      0  4.440892098500626e-16  4.440892098500626e-16 -8.326672684688674e-17  2.151057110211241e-16 -2.220446049250313e-16  -3.33066907387547e-16     0.9999999999999998
