10
2

0.6715872101062728
0.7101272179128414
0.8851330263659608
0.9843133724880455
 1.123794134242886
 1.321416062994133
 1.788864900102527
 2.237422391022019
 3.310459661331168
 5.486233877002928

  -0.8045773766707164    0.2146483316413123    0.2588514026615535   0.03221158616503439    0.3153342881987338   -0.3073141640591213  -0.02569661284054401    0.1385276740327277  -0.09155641682181229    0.1281763829234812
   0.1025558650950291  -0.07263286566448013   -0.1826955999136768    0.9308817240926365   0.09054518123041433   -0.2528939247611536   0.08029710633534314   0.05435781900205208    0.0245072732841377   0.04616842688480377
  -0.4218180463409852   0.06087033439196114   -0.1203932639092379    0.2073800906021356   -0.3872908813225507    0.5606521627988653    0.3999716819924065   -0.2917997598970932   -0.2251363014692008  -0.02697078570427379
   0.2134625873774218  -0.01034628973621652   -0.1648603502126454   -0.2121716261372592    0.2356030267023609   -0.3114491211667547    0.6034454440127864   -0.1314106142983968   -0.4882277718454923    0.3314213212071969
 -0.05713689273053693  -0.03297817556105997   -0.2577894510142582   -0.0720384166441833   0.02320094605382233   0.03213358918754183    0.2668114988324997    0.7061568025693612   -0.1630982175956852   -0.5709511320068867
   0.1969994182348775   0.05311864391850744    0.6512680327165936    0.1456928675832365   -0.1209206239247515  -0.09868971115590203  -0.09348741819759303   -0.1375335231938132   -0.5460504654189622   -0.4034913162066874
  -0.2024800406399222   -0.1354190810860927   -0.3667654776455226   -0.1245343714974503    -0.156949380219634    -0.501874109715572  -0.05030820849205987   -0.5080993454837859   0.07319948522593933   -0.4980692974167762
  0.01696303829444917   0.05976929375332737   -0.2997904732054941   0.04148445768413196    0.6822484566769051    0.3837527459763756   -0.3336885036619326    -0.234630198477414   -0.3015542976232122   -0.1856909534435702
  -0.1819587200495875   -0.7744427692112021  -0.08970879195374828  -0.02646808598536101    -0.169219592375542 -0.007925397994170651   -0.3257853179040728    0.1511126783467025   -0.3771237888951229    0.2418463252525806
  0.04661026101516517    0.5650282011122162   -0.3672879439642365 -0.007214840580882835   -0.3911156193173621      -0.1424515146928   -0.4108832298316589    0.1476998487519097   -0.3723928759849527    0.2025772399235786

35.56213493244699
73.30801837973763
64.51840911204901
133.4021069634878
74.41168076958367
154.5856828250801
88.46489443895058
 184.223802017902
105.0132683172439
219.1871582361459

 2.087270747453759
0.4798767346571662

   0.03897306502762669   -0.01895722027576745   -0.00825425155124733   0.005260054609286494  -0.009914504532063533   0.001978319114890675    -0.0086399934798013   0.004751609503787828  -0.009494256180686783   0.007637175684966937
 -0.008999123563848228   0.004362650441920813   0.001855295370476522  -0.001196074451057691   0.002235940847264552 -0.0004135682454808322    0.00207563969818976 -0.0009246475287875591   0.002185827586760606  -0.001632590541996173

 -0.01731912550608164  0.005075464371844663  -0.01055375447459667  0.006914327321997621 -0.002249215416244411  0.009292913749755188  -0.02837479064660913 -0.002858944601044723    0.2061792059646698    0.2115753983781282
 0.003996119025497574 -0.001155054719399319  0.002463392717466474 -0.001547113898717744 0.0006229536632378769 -0.002336890518418339  0.006064123506095967 0.0001871547351345142  -0.04697222905601015  -0.04746440007586659

cov:
   1.113585497180697    2.346575289875937   0.0207420732624752   0.1062252036142418 -0.02792798332705431 -0.01379051637853691  0.03216833236749943   0.1387006146958875 -0.01158949620507668  0.04461566498360627
   2.346575289875937    16.29142464625935   -5.316915469793416   0.1658726088296066   -4.949014246352109   -2.024172826986384    -4.31296097560653    1.335985882697021   -3.313826208803521    1.545295029948399
  0.0207420732624752   -5.316915469793416    5.938201278945022   0.3111476454141132    3.532728814231411    1.457280809560346    5.084710991830297   -1.159534945459846    4.372584860129772   -1.926648416559062
  0.1062252036142418   0.1658726088296066   0.3111476454141132   0.6258637126969202   0.2411060492704886   0.3168382892792322   0.0646757882356596 -0.01424863713800564   0.0483455073377899 -0.05389891860478041
-0.02792798332705431   -4.949014246352109    3.532728814231411   0.2411060492704886    7.573520278241553    2.979686726053588    4.370676223482122    -2.43467865796233    4.072015090447943   -3.044674730716812
-0.01379051637853691   -2.024172826986384    1.457280809560346   0.3168382892792322    2.979686726053588    2.588111914999887    1.243609784653534  -0.3434290692502118    1.078039199124044  -0.5355473905705629
 0.03216833236749943    -4.31296097560653    5.084710991830297   0.0646757882356596    4.370676223482122    1.243609784653534    7.396961114923283   -1.799674287457113    6.124055343694221   -2.919204633467938
  0.1387006146958875    1.335985882697021   -1.159534945459846 -0.01424863713800564    -2.43467865796233  -0.3434290692502118   -1.799674287457113    2.764968117286736   -1.950601357001798    1.889984235721325
-0.01158949620507668   -3.313826208803521    4.372584860129772   0.0483455073377899    4.072015090447943    1.078039199124044    6.124055343694221   -1.950601357001798    7.033981517844575   -2.760901719631563
 0.04461566498360627    1.545295029948399   -1.926648416559062 -0.05389891860478041   -3.044674730716812  -0.5355473905705629   -2.919204633467938    1.889984235721325   -2.760901719631563    3.654080834482026

cov.inverse():
    1.771029193859728   -0.4027389660392542   -0.3621632507954256  0.001597651373591248   -0.2839191355670949    0.1466802894703214  -0.03601835708860966   -0.1262970804224934    0.1277612676381652   -0.1242273000736041
  -0.4027389660392551    0.1917093922620386    0.1798396312425266  -0.08655615777583321    0.1195413688296737  -0.04307823847730798  0.004479395995113601   0.02500015194154253  -0.05877143252046733   0.05692313354078164
  -0.3621632507954259    0.1798396312425266    0.6220328527724485   -0.2333891910738242    0.1010488795826915   -0.1249349448780939   -0.2638829470100716 0.0008173208311466051  -0.09682353591382557   0.03439199406275475
 0.001597651373591463  -0.08655615777583328   -0.2333891910738243     1.843547829921564   0.03640542840658337   -0.2594755198746853   0.09717244630540023   0.02744751123270703   0.04541868322346516   0.03077613965393304
  -0.2839191355670951    0.1195413688296736    0.1010488795826915   0.03640542840658354    0.6026375639723727   -0.5268370546537783  -0.07579020510831003    0.2300901153242204  -0.06624905538741528    0.2020362114912614
   0.1466802894703213  -0.04307823847730792   -0.1249349448780939   -0.2594755198746853   -0.5268370546537781    0.9527459870216977   0.06604628887916457    -0.201586480107387   0.04007711765374999   -0.1653019725133922
 -0.03601835708860975  0.004479395995113602   -0.2638829470100717   0.09717244630540012     -0.07579020510831   0.06604628887916456    0.6939894182837131  -0.05638306471436894   -0.3798795590152365    0.1039323802755938
  -0.1262970804224934   0.02500015194154248 0.0008173208311465179   0.02744751123270707    0.2300901153242202   -0.2015864801073869  -0.05638306471436896    0.6750712900252587   0.07188957340830752   -0.1859129665052885
   0.1277612676381645   -0.0587714325204672  -0.09682353591382543   0.04541868322346516  -0.06624905538741525   0.04007711765374996   -0.3798795590152364    0.0718895734083075    0.5597439468932388  0.005845579924006478
  -0.1242273000736041   0.05692313354078164   0.03439199406275471    0.0307761396539331    0.2020362114912615   -0.1653019725133923    0.1039323802755939   -0.1859129665052883  0.005845579924006288    0.5974193429511664

cov*(cov_.inverse()):
                     1  7.849623728795052e-16  3.387047586844716e-16 -1.951563910473908e-18  3.799044412389208e-16  3.903127820947816e-17   1.35308431126191e-16  2.671474153004283e-16  3.535041183388987e-16  3.469446951953614e-18
 6.106226635438361e-16                      1  1.734723475976807e-16  4.163336342344337e-17   3.33066907387547e-16  2.775557561562891e-16  2.498001805406602e-16  1.110223024625157e-16  1.370431546021678e-16 -1.110223024625157e-16
 7.216449660063518e-16  5.828670879282072e-16                      1  3.469446951953614e-17 -3.885780586188048e-16 -5.551115123125783e-17 -2.498001805406602e-16  2.775557561562891e-16  2.949029909160572e-16 -2.220446049250313e-16
 1.153591111524577e-16  4.466912950640278e-17  -2.45029690981724e-17                      1  3.989863994746656e-17 -3.989863994746656e-17  3.209238430557093e-17  4.336808689942018e-17  2.775557561562891e-17                      0
 1.332267629550188e-15  1.665334536937735e-16  -1.52655665885959e-16  2.636779683484747e-16     0.9999999999999998 -7.771561172376096e-16 -1.110223024625157e-16                      0  7.979727989493313e-16 -4.440892098500626e-16
 2.359223927328458e-16  2.151057110211241e-16  5.898059818321144e-17  1.769417945496343e-16   3.33066907387547e-16     0.9999999999999999 -2.775557561562891e-17  2.081668171172169e-16  3.274290560906223e-16  1.665334536937735e-16
 7.216449660063518e-16  2.220446049250313e-16 -3.608224830031759e-16  2.359223927328458e-16 -2.220446049250313e-16  -3.33066907387547e-16                      1  2.220446049250313e-16 -2.636779683484747e-16 -2.220446049250313e-16
 2.498001805406602e-16  1.387778780781446e-17 -1.110223024625157e-16 -2.081668171172169e-17 -5.551115123125783e-16  4.440892098500626e-16  1.110223024625157e-16     0.9999999999999999  1.058181320345852e-16                      0
 4.440892098500626e-16  2.498001805406602e-16  1.387778780781446e-17 -1.249000902703301e-16  2.220446049250313e-16 -6.106226635438361e-16 -1.110223024625157e-16  2.220446049250313e-16                      1  2.220446049250313e-16
-2.775557561562891e-16 -1.387778780781446e-16                      0 -5.551115123125783e-17                      0   3.33066907387547e-16 -1.110223024625157e-16 -1.110223024625157e-16 -5.551115123125783e-17                      1
