10
1

0.3437119647204741
0.4252824946440587
0.9329200268335921
0.9950997427053704
 1.028492611014896
 1.110352407747687
  1.28547120045926
 1.555909130798814
 8.738059611571012
 50.88206864648067

   -0.2619891636319401     0.4702664467693429     0.3893634371378116    -0.7149848466346875   -0.09305127632156596     0.1916045866693348   -0.01026675728414346    0.01882641123844741   -0.01892825714746243    0.03485618228786613
   -0.2424422482988932     0.3880950410949197   -0.03767836115455739    0.08473241323445592      0.432474954912948    -0.7356554547257764   -0.04635119998031605    0.08394221650880029    -0.1080014893782282     0.1814446712108028
    0.2808887151644374   -0.06488839866034168     0.2528707712768639   -0.04234479797093905     0.1347983925968411   -0.07173689943191787    -0.7542381494927886     0.3091749396705795     0.3811225702550378     -0.134606032985139
    0.7667194925725438    0.09533174938608427     0.4329642155231609   -0.02175795526144435     0.1536910979347783   -0.09624684112237357     0.2679221212854273   -0.04396930193318867    -0.3239028255394489    0.06007200461194834
    -0.103979023357002     -0.103928833786177     0.2970287007310494    0.07183717226779715     0.4305662538336751     0.0864275081741924     0.4716493199003955   -0.03076071522468342     0.6842848706821926   -0.02232558878084297
    0.3652504770728378     0.3138019659851942    -0.3719380742317326     -0.155842418218688    -0.4788829128452324    -0.2915229525393158      0.186527643313045    0.04329271951171228     0.4955744724566291    0.09444717918897393
   -0.2376093299697992   -0.08372876267921171     0.6073181634756278     0.3602708246018362    -0.5846833512483481    -0.2954867697398676    0.01684836500614401   -0.04618208486258551    0.04343520907050287    0.06656245032960369
    0.0715315334380122     0.1873411720806531    0.01258131304663415     0.1264744958778658    0.07706034152640362     0.1316774291515835    -0.3155285050410186    -0.8124629438516137     0.1485704428272567     0.3723274724358148
 -0.005627244312385756    -0.6553280287262788  -0.004146147886480146    -0.4825354954080765  -0.002500325746982173    -0.2806739345249215   0.000975979246188537   -0.03986420602431636   0.003178240281209676     0.5072193767955832
 0.0001250533232291461     0.1846568150917042  6.513313952506029e-05     0.2669677669057302  2.948519180148922e-05     0.3630489183924558 -0.0001030347054457693     0.4779522690756725 -0.0004564513307834987     0.7310177451327954

22.68232313160402
 10.5223558803726
 35.5577606713263
16.78536088930546
50.56281993879323
24.09417793026409
68.33987369958027
 32.7835821505677
107.7060903277008
52.07399573981542

0.4859271663371896

  0.01113196703691818  -0.02295781616559173   0.00042029203658419 -0.001160427286256328 -0.008202631077346232   0.01674755388252037 -0.001144576465920996  0.002350628370715522 -0.002550788620205956  0.005103072763942738

-0.001000046551245564 -0.004727619831439518  0.002085168329011886  0.004360828777729076 -0.003475818173752765 -0.006117306174055778 -0.001548907337870329 -0.005085162976712846     1.019002366131771     16.53701732076734

cov:
   0.9535713575651734    0.5843511731296083  -0.05449360893185138   0.08767096892689361    0.1145474218317213    0.1718915849969792 -0.008212353892187265    0.1101271376608102  0.007638500462693798    0.1057353445477297
   0.5843511731296083     121.3654365582608   0.02930550607590715      151.680645879752    0.0545252146335472     187.5404310395825   -0.1591479024965819     230.1344616473026   -0.2601068282624824     324.3273648912302
 -0.05449360893185138   0.02930550607590715     1.134508238418953    0.6050999774949103   -0.1404095397680974  -0.02484263275571827   0.01834356645742379   0.04209479455183507  -0.02034060038318339  -0.01298939928153439
  0.08767096892689361      151.680645879752    0.6050999774949103     202.6521394321143  -0.08104547792578776     261.1757413562595   -0.1715674437159205     331.5199829271013   -0.4115812309543612     486.7111860831217
   0.1145474218317213    0.0545252146335472   -0.1404095397680974  -0.08104547792578776     1.132641507699756    0.5201146180629929  -0.02187384826619752  -0.06648218456657856 -0.008642736232975679  -0.09465121569376035
   0.1718915849969792     187.5404310395825  -0.02484263275571827     261.1757413562595    0.5201146180629929     347.6696888897241   -0.2229986779672369     449.8144429881572   -0.5655319533702716     676.2637389396886
-0.008212353892187265   -0.1591479024965819   0.01834356645742379   -0.1715674437159205  -0.02187384826619752   -0.2229986779672369     1.086386735346665    0.2681071243707854  0.008254904364545972   -0.3264371843081021
   0.1101271376608102     230.1344616473026   0.04209479455183507     331.5199829271013  -0.06648218456657856     449.8144429881572    0.2681071243707854     593.2360917851746   -0.7508613190764826     902.2580607905637
 0.007638500462693798   -0.2601068282624824  -0.02034060038318339   -0.4115812309543612 -0.008642736232975679   -0.5655319533702716  0.008254904364545972   -0.7508613190764826     1.088421775314331   -0.6280918186996132
   0.1057353445477297     324.3273648912302  -0.01298939928153439     486.7111860831217  -0.09465121569376035     676.2637389396886   -0.3264371843081021     902.2580607905637   -0.6280918186996132     1403.543244581079

cov.inverse():
    1.74501027183657   -1.389435794432011   -0.622460756704319    1.340233752820134   -0.308699000365482   0.4150667347777825  0.04608263242222022 -0.09004863048075894   0.1366527343049022  -0.2858787074892031
  -1.389435794432011    2.833207347040257    1.338287895533751   -2.714261517345725   0.4337516200920029  -0.8748474822521288 -0.08244440172021013   0.1816625510746489  -0.2985158474887561   0.5912798510203364
 -0.6224607567043148    1.338287895533743    1.972791617056946    -2.19566227046323  -0.2395264921277422   0.7261416408453838 -0.04545466331289516  0.07227341389406075 -0.01139922151716792  0.05584740080195864
   1.340233752820125   -2.714261517345708    -2.19566227046323    4.482218299991319   0.7221701088724231   -1.511664845388026  0.06686538904393589  -0.1484655022251264  0.05357316133394114  -0.1033417270948025
 -0.3086990003654958   0.4337516200920311  -0.2395264921277243   0.7221701088723865     1.72273440919014   -1.678857648470694 -0.07445568165816552   0.1880929635800338  -0.1591841628245976   0.3373922892510533
  0.4150667347778097  -0.8748474822521844   0.7261416408453477   -1.511664845387953   -1.678857648470694    3.455326174389839   0.1822562998191055  -0.3805749503048677   0.3476876718387793  -0.6937935846181023
 0.04608263242223096 -0.08244440172023197 -0.04545466331291032   0.0668653890439668 -0.07445568165816242    0.182256299819099    1.018702121301025  -0.2047191047192076 -0.02743193057108386  0.03986608948789905
-0.09004863048078163    0.181662551074695   0.0722734138940927  -0.1484655022251916   0.1880929635800272  -0.3805749503048538  -0.2047191047192075   0.4302263727270452   0.0430545983642751 -0.08369960279354691
  0.1366527343048999  -0.2985158474887514 -0.01139922151716524  0.05357316133393569  -0.1591841628245967   0.3476876718387775  -0.0274319305710851  0.04305459836427775   0.9924914705784692  -0.1443831288770421
 -0.2858787074891991   0.5912798510203283  0.05584740080195367  -0.1033417270947924   0.3373922892510515  -0.6937935846180987  0.03986608948790149 -0.08369960279355211  -0.1443831288770422   0.2880001314059613

cov*(cov_.inverse()):
                     1  4.163336342344337e-17 -5.637851296924623e-17  7.632783294297951e-17 -8.326672684688674e-17   9.71445146547012e-17 -1.734723475976807e-18 -1.734723475976807e-17 -6.938893903907228e-18 -2.081668171172169e-17
   1.4210854715202e-14     0.9999999999998863 -5.684341886080801e-14   1.27897692436818e-13   -1.4210854715202e-14 -5.684341886080801e-14 -5.329070518200751e-15   1.06581410364015e-14   -1.4210854715202e-14 -5.684341886080801e-14
-6.461844948013606e-17 -1.561251128379126e-17     0.9999999999999996 -3.629908873481469e-16  2.862293735361732e-17  5.204170427930421e-17 -1.095044194210359e-17  2.233456475320139e-17 -8.673617379884035e-18 -1.647987302177967e-17
 2.842170943040401e-14  -1.13686837721616e-13   -1.4210854715202e-14      1.000000000000064 -5.684341886080801e-14                      0 -2.486899575160351e-14  2.842170943040401e-14   -1.4210854715202e-14 -2.842170943040401e-14
-1.387778780781446e-17  1.249000902703301e-16 -5.724587470723463e-17  1.509209424099822e-16                      1 -1.110223024625157e-16 -1.257674520083185e-17 -1.387778780781446e-17 -1.040834085586084e-17   4.85722573273506e-17
-5.684341886080801e-14  -1.70530256582424e-13 -7.105427357601002e-14 -9.947598300641403e-14 -8.526512829121202e-14     0.9999999999999432   -1.4210854715202e-14  5.684341886080801e-14   -1.4210854715202e-14 -5.684341886080801e-14
-4.163336342344337e-17  1.942890293094024e-16  5.898059818321144e-17 -1.804112415015879e-16  8.326672684688674e-17  2.775557561562891e-17     0.9999999999999999 -5.204170427930421e-17 -1.387778780781446e-17   9.71445146547012e-17
  1.13686837721616e-13 -2.273736754432321e-13 -2.131628207280301e-14   1.70530256582424e-13  -1.13686837721616e-13   1.13686837721616e-13  7.105427357601002e-15                      1                      0 -5.684341886080801e-14
 1.387778780781446e-16  1.110223024625157e-16                      0  2.359223927328458e-16 -1.387778780781446e-16  5.551115123125783e-17  6.938893903907228e-18 -2.775557561562891e-17                      1 -2.775557561562891e-17
                     0 -2.273736754432321e-13 -8.526512829121202e-14  3.694822225952521e-13  -1.13686837721616e-13  -1.13686837721616e-13   -1.4210854715202e-14   1.27897692436818e-13                      0     0.9999999999999432
