12
2

0.04015126680178623
0.04320974672877799
 0.3311591651792238
 0.5030387095425436
 0.8906243456216264
 0.9014684836665272
  1.002323014929319
   1.32924129568726
  1.379271529554987
  2.863935135929285
  3.513628380440952
  6.193990711603011

   -0.2557356845766101    0.09480130147862011     0.6454924823484738    -0.2389801736008558    -0.5957412274611738     0.2197945890611081       0.20807283045616   -0.07294361624115778   0.001817957278045682   0.001908906884146989  0.0002008102991732541 -0.0007550553667659881
   -0.4051686427672289     0.1500304236747978      0.451817615516116      -0.16785968094369     0.4801878677314213    -0.1778176314093801     -0.530033146886096      0.194403866288125   0.009040150666551266  0.0004349696587278365  -0.001493177592097332  -0.001253486615907552
  -0.03232203410095928    0.01841592488306823    0.02245921784173554  0.0003778394144251792    0.06237985115718769   -0.02385689214989361     0.0957825099177262  -0.003632682384206536    -0.9457323199830314    -0.2879338186372887      0.050403952264955   -0.06787955872895753
    0.5877392504131749    -0.1530117617873797      0.146301992413939   -0.02999609661468153    -0.3115612807402224    0.07368436410927696    -0.6350178834989766    0.08594077091710205   -0.04116066786413499     -0.142592322565853     0.2376221168106171    -0.1312308973174764
    0.5288418208032376   -0.01828567448131817     0.4368696827169664   -0.05391721680501144     0.4250909679455657     0.1187601705189712     0.4153251852919134     0.2439630048428431  -0.006986635825013987     0.2566104932453225  -0.001713496041798154    -0.1830568653187029
    0.2540598608963484  -0.002999118054507302     0.1597040128397489   -0.01839514006418179    0.06658163237098769    -0.0173975614693529    0.01084877344049969  -0.003903578028258361    0.02532383635626311    -0.3343466393887851    -0.3528121818425686     0.8172066502062901
  -0.03650251292190579   -0.02464257720673573   -0.04100012200837159   -0.01291803720474412   -0.07596057494060521   -0.08115060557244781   -0.02038090809981595      0.100298855294337    -0.1983352687494348     0.6073548242334367     0.5474871412760276     0.5151920239275112
    0.1617274839485164    0.02336334513545517     0.1556864751246695     0.0727022498856548    -0.2011853569784956     -0.826663965691354   0.006798490012973495     -0.220569065787921   -0.07842166930376013     0.2552063787872597    -0.2987369559373013    -0.1034633473635469
  -0.08777069136613405   -0.05654327435338791    -0.1400613201829131   -0.04280278119941076    -0.2593964793542077     -0.227675259344918      0.117617500356542     0.9005701371121501    0.02750597432333131    -0.1171630012389783   -0.09431079428949844   -0.01698921725548326
    0.1193035765045054     0.2726863549106665    -0.2917511102350213    -0.6436881537698087   -0.04922501435183733     0.2082018940478522    -0.1677892753324177    0.01824624036119433    -0.1604854278521563     0.3526661033904778    -0.4326160115978557   -0.02031736696817671
   -0.1696836286031141    -0.7093175839555688    0.08767484482802537     0.2527557037102101   -0.01642524897693618      0.244585176590584    -0.1580918067325502    0.04452099938653759    -0.1507769310845008     0.3242965861235525    -0.4260680397580982   0.000968362409762867
   0.03895666668195436     0.6021369874289924    0.05088286552889537      0.651967631217054    -0.1104078717778713     0.2338831856875023    -0.1526240999688747     0.1337982727600999   -0.09158803486197364     0.2045533881099807    -0.2234781352845833   0.001516008439257419

22.68619748673194
 61.6821616629823
35.55563756690102
96.41783210386815
48.48964174509337
131.3028715572021
57.13763847903771
154.5954636205434
68.42455562347722
185.9148428906364
82.40340392336998
222.3983524877236

  2.69887434424621
0.3710765156185942

   0.08286305756103785    -0.0306868290706755   0.007011600045069188  -0.002573862168261429   -0.03727656774208208    0.01407504090376633   -0.05193168743787381    0.01965190262889541  0.0009772798671338549   5.15143569697977e-05 -0.0003228662670415385 -4.694351150154809e-05
 -0.009807566496133372   0.003630574816231951  -0.002356829263295127  0.0008689467769575669   0.001996883354223646 -0.0007462611784250897    0.01009725306606135  -0.003785049323600922  4.809201588941028e-05  2.591831542433383e-05  2.177999382706416e-05 -3.349387156590179e-05

-9.504370789672762e-06 -4.410922873211701e-05  -0.001288110900368403    0.02573489960359157      0.013208141138075    0.01546260840838556   0.001841127823429337   0.008486513043352663    0.02225245775500289     0.1227743565426368     0.2569977574537477    0.05314244110650707
 3.461113343098038e-06 -3.151591854382526e-06  0.0001540749176505719  -0.003568268603679585  -0.001813794367556161  -0.002167507025281558 -0.0003232376521215911  -0.001213152727797887   -0.00308934306810827   -0.01702806527169212   -0.03563354786906082    -0.0075162536905692

cov:
    0.9548694323072668       2.63845091022052   -0.08642509807235241    -0.1871906043244597   -0.04477748022798152   -0.09699003975030779    0.00392254917091901    0.02169576180782425   0.001717389038405066    0.06011523186788569   0.007110953674173272   0.007390324229780716
      2.63845091022052      20.74543810933532    -0.2344478166128341      11.41808574029795     -2.489444299914514      3.714630623350583     -2.509946103347189      2.626575039300846     -1.155960598116167      2.684513236668677     -2.423131003152765    -0.0284912907087871
  -0.08642509807235241    -0.2344478166128341      1.152858479717831      3.096016023544462    0.04573902770551558     0.1013425556960631    0.02565033027845892    0.04825172898321751     0.0183345855216704    0.02236149904514808    0.02074263121171913    0.04506880522516597
   -0.1871906043244597      11.41808574029795      3.096016023544462      20.51078821318532     -2.573470097573993      5.422114896393315     -3.446503039640218      3.275270509450702     -1.923634529602853      4.296044523306177     -4.669596225027024     0.1262228631258162
  -0.04477748022798152     -2.489444299914514    0.04573902770551558     -2.573470097573993     0.8691253216784275    -0.6791940356317478     0.8780681311498885    -0.8813066913069919     0.5085590932433451     -1.076153346548307      1.280580411837484 -0.0001953414699097088
  -0.09699003975030779      3.714630623350583     0.1013425556960631      5.422114896393315    -0.6791940356317478      4.518403240111279     -2.165484615147233      1.314658087168299     -1.431673959159991      3.072410053075881       -3.5889108590511    0.06724045105463231
   0.00392254917091901     -2.509946103347189    0.02565033027845892     -3.446503039640218     0.8780681311498885     -2.165484615147233       1.70053926137597    -0.6323850087672154      1.055302254930344      -2.25016039238741      2.658299067351915   -0.03112506636631964
   0.02169576180782425      2.626575039300846    0.04825172898321751      3.275270509450702    -0.8813066913069919      1.314658087168299    -0.6323850087672154      2.402147634170798    -0.5212803121382473      1.089792337698452     -1.430145137394254    0.02755860930371314
  0.001717389038405066     -1.155960598116167     0.0183345855216704     -1.923634529602853     0.5085590932433451     -1.431673959159991      1.055302254930344    -0.5212803121382473      0.964635952842498     -1.926108783479028      2.060233485286822   -0.04335531306113419
   0.06011523186788569      2.684513236668677    0.02236149904514808      4.296044523306177     -1.076153346548307      3.072410053075881      -2.25016039238741      1.089792337698452     -1.926108783479028      4.592884008634201     -4.405293516887546   -0.02392443162271846
  0.007110953674173272     -2.423131003152765    0.02074263121171913     -4.669596225027024      1.280580411837484       -3.5889108590511      2.658299067351915     -1.430145137394254      2.060233485286822     -4.405293516887546      6.283758808224459     0.1527147750704344
  0.007390324229780716    -0.0284912907087871    0.04506880522516597     0.1262228631258162 -0.0001953414699097088    0.06724045105463231   -0.03112506636631964    0.02755860930371314   -0.04335531306113419   -0.02392443162271846     0.1527147750704344     0.8637558276262047

cov.inverse():
   130.3231398464286   -47.95011889447467   -199.7523339653567    74.22213636249938   -10.14183078403626    3.910535239876885    80.78603871225147   -30.31910373615481   -2.065359551115152  -0.5693991397750483   0.6742372114051921   0.2127226991869958
  -47.95011889447473    17.78849948500281     74.1623093377121   -27.54536350450274    3.746384960023452   -1.420435769149197   -29.96668748663685    11.24178462778309   0.7043746561888482   0.1686564651806255  -0.2500411947087156  -0.0901758710048534
  -199.7523339653639    74.16230933771467     368.188241939029   -136.3228709771761   -122.2469403356887    45.01673658058657   -45.07053855842369    17.93006400890253    2.702869999296549   0.8001547446447398  -0.2331618575668648  -0.6638092040849829
   74.22213636250207    -27.5453635045037   -136.3228709771761    50.59617673648808    45.14799418024407   -16.64723727972097    16.86032128862066   -6.720301737843137   -1.074067524557376  -0.3282779471176452  0.08880501097139162   0.2250307140255587
  -10.14183078401756    3.746384960016503   -122.2469403357192    45.14799418025535     344.363770857956   -126.8677248156463   -212.1618716967754     76.8701673229663    1.185862856475057  -0.5337767110876944  -0.7426680739681956  0.02372090958228826
   3.910535239869923   -1.420435769146606    45.01673658059798   -16.64723727972519   -126.8677248156463     47.3784283445371    78.68003485103925   -28.40780362201193  -0.3791487567618561   0.1477101012243504   0.3211577669844465 -0.04357374172008201
   80.78603871223949   -29.96668748663239   -45.07053855839988    16.86032128861183   -212.1618716967872    78.68003485104362    179.2315115624502   -64.64246071449834   -3.046736561118604   0.3283820025795005  -0.1109775279871579   0.4319839846948148
   -30.3191037361499    11.24178462778125    17.93006400889266   -6.720301737839478    76.87016732297131   -28.40780362201379   -64.64246071449844    24.11103911196922   0.8758869969740902 -0.02346206356103994 -0.04033133428151085  -0.1426280070171163
  -2.065359551115276   0.7043746561888943    2.702869999296612   -1.074067524557399    1.185862856475404  -0.3791487567619832   -3.046736561118895   0.8758869969741949    8.257331613948665    2.353561602150804  -0.5732896220777798   0.5298989073871011
 -0.5693991397751426   0.1686564651806606   0.8001547446448882  -0.3282779471177003  -0.5337767110876864   0.1477101012243479   0.3283820025794374 -0.02346206356101675    2.353561602150807    1.495293055268114   0.1409092930035232   0.1522572478589624
  0.6742372114051298  -0.2500411947086924  -0.2331618575667394  0.08880501097134516  -0.7426680739682633   0.3211577669844715  -0.1109775279871518 -0.04033133428151232  -0.5732896220777834   0.1409092930035222   0.7930633128436428  -0.2077980313227813
   0.212722699187005  -0.0901758710048567  -0.6638092040849768   0.2250307140255564  0.02372090958223904  -0.0435737417200636   0.4319839846948486  -0.1426280070171287   0.5298989073871027   0.1522572478589629  -0.2077980313227809     1.24576050060547

cov*(cov_.inverse()):
      1.00000000000005  1.759508337639826e-14  1.790911169363696e-13  -6.07936010560417e-14   5.02397602686333e-15 -1.270901786587508e-14  2.532522802578541e-14  1.834253235410976e-15 -6.852157730108388e-16 -1.778091562876227e-17  1.758575923771488e-16 -2.133709875451473e-16
 2.216976602298359e-15      0.999999999999993 -3.457997777012167e-14 -6.982782407849442e-14  1.127839141523701e-13  2.175668499526662e-14  -2.09728068245596e-15  1.769764890191539e-14 -1.153591111524577e-15  5.117434254131581e-17  2.072994553792284e-16 -2.081668171172169e-17
 6.274494812608111e-15  1.888073031253157e-14      1.000000000000053 -8.396061623727746e-15   4.29777741173254e-16 -1.567496132892643e-14 -1.298613994116238e-14  7.640589549939847e-15  -2.42861286636753e-17 -1.821459649775647e-17  -1.35308431126191e-16  1.179611963664229e-16
-2.582933866790427e-13  7.654120393052466e-14  -2.44582132324922e-13      1.000000000000097 -2.497715576033066e-13  8.599718159807423e-14  -9.44591627138891e-14 -9.509754095304856e-15  2.248201624865942e-15  7.806255641895632e-16 -9.228728892196614e-16                      0
 7.714610065134506e-14  -5.63145111597517e-15  1.148343573009747e-14  1.188929326084026e-15      1.000000000000072 -4.411415690749355e-14 -1.824910123189583e-14 -7.728538674919155e-15 -1.091574747258406e-15 -3.452743462233759e-16 -2.283329775254472e-16  9.790345617544105e-17
-1.019219431075413e-13  -2.07559663900625e-15  3.818473315320148e-14 -4.111294638065033e-14  -7.48700147018555e-14      1.000000000000068 -5.741934705483231e-15  1.097733015598124e-14 -2.040034807748725e-15 -4.805184028455756e-16 -1.682681771697503e-16 -4.579669976578771e-16
 5.369749783712408e-14  2.043070573831685e-15 -1.922420556077498e-14  1.242669162015986e-14  1.752070710736575e-15 -3.780461187152806e-14      1.000000000000034 -1.914614300435602e-14 -3.039235529911366e-15 -7.164407955784213e-16 -2.177077962350893e-16 -6.938893903907228e-17
 -9.90813334156293e-14  3.807718029769092e-15 -2.583697145119856e-14   9.98593568946049e-15 -5.596434773935677e-14  2.335653372098623e-14  5.065392549852277e-15      1.000000000000004  1.425942697252935e-15  1.058181320345852e-16  3.556183125752455e-17 -2.775557561562891e-17
-2.506328478091291e-14  1.872200311447969e-14  7.744846430846053e-14 -4.642120021713936e-15  4.684143697919474e-14 -3.184843881676169e-14 -3.487141131408578e-14  7.730795170690641e-15      1.000000000000001  1.040834085586084e-16  2.550043509685906e-16 -6.938893903907228e-17
-7.036211890909527e-14  6.075868974608767e-16  3.481590016285452e-14 -1.885904626908186e-14  3.703125046189415e-14  3.005234949782221e-14  3.300831830088669e-14  6.536438057480609e-15  2.156261280639171e-15      1.000000000000001 -1.049507702965968e-16  2.116362640691705e-16
 4.685835053308551e-14  3.803034276383954e-14  1.060679322151259e-13  6.938893903907228e-18 -2.491496592371689e-14 -5.445730671960192e-14  -4.20496970576778e-14  1.383615444439101e-14 -2.220446049250313e-16 -4.267419750902945e-16                      1 -2.775557561562891e-17
 2.664535259100376e-15 -5.689893001203927e-16  1.887379141862766e-15 -4.996003610813204e-16 -3.032296636007459e-15   9.71445146547012e-17  5.551115123125783e-17  2.622901895676932e-15                      0  2.775557561562891e-17 -2.775557561562891e-17                      1
