14
2

0.01659854047834907
0.02587722218323827
0.03227725088217034
 0.1021633370692704
 0.2514919102991324
 0.3095134270422888
 0.4252984682281902
 0.6549124586289068
  0.806262737672007
 0.8253410394033491
 0.9281763527682818
  1.253633949062887
  2.733445916974652
  3.536433813137276

   -0.3836821283899716     0.1565709590898032     0.7469709559947885    -0.3035021659777664     -0.378761470284437     0.1468541881660535    0.03290968574786669    0.00123600264770256  -0.002800508837827042   0.001148013118896597   0.001604878226762309  -0.001564725533833917    -0.1098599637876337   9.88481543961457e-05
  -0.03770044608508319    0.01433978424986546    0.07340442307936844   -0.03023778522510871   -0.06775735881428582    0.01782251973139486   0.005788601550101785  -0.007125526094023405   0.007206395503960733  -0.004563540885220072  -0.008522750821510125   0.003809299713962119     0.9934176510388202   0.006244643600586378
  0.006546863241030194  -0.001037904673834575   -0.01613195952065802   0.007875963865222166    0.03831549759013519  -0.008923489305678165     0.9982508121718924   0.007767598110404378   0.004433346544262844   -0.01001965430125773   -0.02359939519923849    0.02890372483928048  -0.001668675476786383  -0.002423950596562225
    0.3133108235613578    -0.1136356849355914    -0.2485278202715119    0.09516443446259437    -0.8991902810443924    0.05459631071228861    0.02910791791389659   0.005949004224752473    0.04910910985398903   -0.01973687258077201    0.03485356960394682   -0.02648619198080246   -0.02759996286969454   -0.01466408088778495
  -0.08276766256492019    0.01981296394979002   -0.03115455042467543    0.01573319095633392    0.01390060946976531   -0.02261490921167358    0.02615909321642819     0.0231247313332624    -0.0785666496257148    0.05240285524961488     0.9849827988598274    -0.1018553736176812     0.0103421365604987   0.004872383288716007
    0.6961091179202602    -0.2213178610503082     0.3616261735482256    -0.1353478504677143     0.1987872669250312     0.4552901747503061  -0.003020083190341652    0.06233212360969084     0.1912030924172965   -0.02885114634912217     0.1081383739583709    0.07792601734312328   0.004409593941639542    -0.1071503954240336
   -0.1203970329232108    0.06283729738599199   -0.05678125298725616  -0.004378338878620448   0.001095823093879008   -0.08233352100598362   -0.01366021506949195    -0.1700884649983632     0.7351293695580698    -0.4896456612434389     0.1052490522141265     0.3119377467825578   -0.01033505710833155     0.2318591236960082
    0.1075481768512059     0.1832681088551997    0.05216533867167601   -0.06209127053014239   -0.00973495953850627    -0.3300345255552685   -0.01074959677147178     0.8849022904191921     0.1005142187205949    -0.1772413279747833  -0.003705442046231138   -0.01678814121068277   0.006597437567554072    -0.1192802242890797
    0.3093407323374618    0.05337938689134547     0.1644346040414084   -0.08740454350324521  -0.007628069167590172    -0.2911558002864902  -0.003884933537076236   -0.06384477298342407     -0.432556323177948    -0.2002770387421707    0.01896332307287319      0.191363529769716   -0.00243216343932828     0.7166994735450365
     0.153529736257792   0.007739729553031401     0.1547328451126603    0.02526115678793875    0.02831847401364378    -0.2751628216226796    0.02115890283613765      -0.11260919944302     0.3647940232251907     0.1898927931098805   -0.05117347518112375    -0.7877544836011782  0.0001339778586536415     0.2642602329675476
   -0.2496515698344354   -0.04048991042548972    -0.2113807244444529    0.06072144630494345    0.01750535229743774     0.6300338053980988   0.004377871477141384     0.3805462697865366    0.06240765336454029     0.1192577754207277   -0.03860943938880576    -0.1145628309646531  -0.002140448400983428     0.5593255303038168
   0.04439026794412845  -0.005622257199987907    0.05216501073218244  -0.006094199062340645   -0.02932696035713659    -0.2274511038508669  -0.006380876482808321    0.06246610582041624     0.2822902266403908     0.7912787510622985    0.02652601574010399     0.4579595480373768 -0.0005920832670435964     0.1498732793711753
   -0.2173128300685298    -0.8596453501447224     0.2286080413745496     0.3146168019410364  -0.007812438935140061    -0.1839578774292161  -0.002284171738857207     0.1339085505509293   -0.01714231669975334    -0.0896191529738188  0.0005450031104197982    0.03178428939475903  -4.95045674302505e-05    0.03695122275228806
   0.06996702309954482     0.3631603659374177     0.2937427571762941     0.8743152154185323  -0.006649044964367441     0.0924676463510902  -0.002832800798206926  -0.006619065201292522   -0.01425581522121881   -0.01399543371820747   0.002005372320262236    0.05807889839150165  6.881761777119136e-05  -0.009201285496793844

22.43165547838706
45.84622849038043
35.66088142643122
 78.4388908402709
49.88399377730759
113.4753991903548
67.64344938637385
158.2817761480937
80.04687740891475
187.5631180633479
91.40110745242214
218.3888189262241
107.5163614339995
259.1409225299086

 2.463037003133797
0.4060835422123015

   0.09117979486353749   -0.03699819564588552  -0.002510078473892867    0.00106442001985123   -0.08961314474272793    0.03613627479417958  0.0003966128483002916  6.634003022314151e-05  0.0004991847225034109 -0.0006081824970470707 -0.0003482808869784206  0.0004417028063979152   0.008035651506004984   0.000130933366290197
  -0.01483106361082488   0.006016913875322574  0.0002705955023523728 -0.0001187442728122911    0.01462116092519524  -0.005908203770025077 -0.0001147955254387971 -3.289089202225989e-06 -0.0001118291112396067  9.852284589632917e-05  5.022877097545616e-05 -6.725899617519355e-05 -0.0008689941046621072 -4.701418147098365e-05

-1.267115009705523e-06  7.049811187200337e-06 -2.771050699111146e-06   0.001209168194531438 -0.0006711396409565315   0.006646533086284525  -0.002811165792625654  -0.003423370747126185    0.01036163424381459  0.0004379777978463266  0.0004591321262376269  -0.002520647040174544    0.04390840535933286   -0.03629301624305491
 1.535620017651911e-07 -8.660108094753043e-07   4.02797002913379e-07 -0.0001968628100015249  0.0001095004465730906  -0.001087112133191321  0.0004531713623700572  0.0005606529626344375  -0.001701417709883066 -9.405446932969448e-05 -7.538932918981017e-05  0.0003907081331543946  -0.007196706759112035   0.005961531924403276

cov:
     0.604631156758512      1.725279349207033     0.0112220677735708      0.214258570783189    0.01229588795714698     0.1581167573362643  0.0008365675035643804    -0.2767456319251578   -0.02525069159395429     0.1426312899845011   0.009191851963488823   0.009973338977153938  0.0007501689037186136   -0.02390445028864392
     1.725279349207033      7.194273752813952    -0.1247211605916194       1.94305249782766    0.01561337675293355      1.533399755494252  0.0007481185335649701    -0.8404719550402583    0.03964662045652743     0.4761655215549136   0.006913328766998407    0.06254621466574382  0.0009848661816943176    -0.2781473772448336
    0.0112220677735708    -0.1247211605916194      1.561392256777826      3.724714619414554    -0.0323126536683665    -0.1588610206912361   -0.01415536520422079      0.145183959376257   -0.07631076625827997    -0.1627203438158511    0.01468833210526616     0.2628730278929253  0.0007476313651933229    0.03547375551702345
     0.214258570783189       1.94305249782766      3.724714619414554      10.31196690212046   -0.09211667487106842     0.6285676162189501   -0.03507326678227821     0.2391946635178518    -0.1705294322588584    -0.3448820590714919    0.01860488241362558     0.6740350765632407  0.0004175546365315004   -0.01772680562442908
   0.01229588795714698    0.01561337675293355    -0.0323126536683665   -0.09211667487106842    0.01553058641904404    0.02865281487077917  0.0009270686046131628  -0.008838383928926712   0.002135688932340939    -0.0232958232423639 -0.0004507848232261137   -0.04388884216766317  0.0002956462714791023  0.0003244714121103251
    0.1581167573362643      1.533399755494252    -0.1588610206912361     0.6285676162189501    0.02865281487077917     0.9576097704043578   0.002854737009455935   -0.09433500048015876   -0.06316140371397862    -0.0777757200501249   -0.02058099728009039   -0.08971234977091497  -0.000978054731758924    0.01215002823352665
 0.0008365675035643804  0.0007481185335649701   -0.01415536520422079   -0.03507326678227821  0.0009270686046131628   0.002854737009455935    0.00170943468848308  -0.006333441470192898   0.002106780833553955 -0.0001115538288317544   6.40021131103308e-05   -0.02032438413657452  8.032333927050836e-06   0.002309967456066571
   -0.2767456319251578    -0.8404719550402583      0.145183959376257     0.2391946635178518  -0.008838383928926712   -0.09433500048015876  -0.006333441470192898     0.6182059792359214    0.03873424279143809   -0.03028659604587425  -0.009092167985419114    0.07122419926345643   0.002132507291339017     0.1327628084823223
  -0.02525069159395429    0.03964662045652743   -0.07631076625827997    -0.1705294322588584   0.002135688932340939   -0.06316140371397862   0.002106780833553955    0.03873424279143809     0.4516088854992819     0.4013884413843847   0.002155552154158402   -0.02429920808944747 -0.0007362162832183847   -0.01869601531633105
    0.1426312899845011     0.4761655215549136    -0.1627203438158511    -0.3448820590714919    -0.0232958232423639    -0.0777757200501249 -0.0001115538288317544   -0.03028659604587425     0.4013884413843847      1.166459940756962    0.01313493511728752     0.3725756439837523 -0.0001626087222548178     0.1504343895893549
  0.009191851963488823   0.006913328766998407    0.01468833210526616    0.01860488241362558 -0.0004507848232261137   -0.02058099728009039   6.40021131103308e-05  -0.009092167985419114   0.002155552154158402    0.01313493511728752    0.06896613198604085    0.05472396366462499  0.0004804107232381176  -0.009021957199736504
  0.009973338977153938    0.06254621466574382     0.2628730278929253     0.6740350765632407   -0.04388884216766317   -0.08971234977091497   -0.02032438413657452    0.07122419926345643   -0.02429920808944747     0.3725756439837523    0.05472396366462499     0.8561362638797172  -0.001205288469731341    0.01522127070833892
 0.0007501689037186136  0.0009848661816943176  0.0007476313651933229  0.0004175546365315004  0.0002956462714791023  -0.000978054731758924  8.032333927050836e-06   0.002132507291339017 -0.0007362162832183847 -0.0001626087222548178  0.0004804107232381176  -0.001205288469731341  0.0007271729902853685  -0.003106136534389276
  -0.02390445028864392    -0.2781473772448336    0.03547375551702345   -0.01772680562442908  0.0003244714121103251    0.01215002823352665   0.002309967456066571     0.1327628084823223   -0.01869601531633105     0.1504343895893549  -0.009021957199736504    0.01522127070833892  -0.003106136534389276     0.7144894835077288

cov.inverse():
     551.426807963661    -223.8326429819933     -1049.04886323359     426.1962488515545     505.9533268670556    -201.0060221452341    -39.05791967659553   -0.5031539994947086     5.891084602575272    -2.056173058613104     -1.42195687775651     1.797899209596321     96.25063822423905    -1.672230863746798
   -223.8326429819938     91.25679402640969      427.955896335868    -173.9002347688038    -207.4053404528282     81.99165300638795     17.52060892530992    0.6193445130374092    -2.178036396353191    0.6039596237557336    0.4699731367192356   -0.6502779271178049    -40.86465998263376    0.6611313563788533
   -1049.048863233576     427.9558963358637     2040.961605798981    -829.0882899436716    -1012.772639066354     400.3588456259629     73.69045944522379     2.563880713124738     -7.53226094023129     3.221205911210095     2.845549687495201     -3.48213816254126    -188.2576773426462    0.9550388485654788
    426.1962488515477    -173.9002347688018    -829.0882899436717     336.9247264010415     412.1191620717892    -162.6744687183158    -28.68855176521349    -1.096987037065952      2.99213726516578    -1.188412233460684    -1.160580374825479     1.328746305978159     75.89407254489181   -0.4254575873572096
    505.9533268670415    -207.4053404528229    -1012.772639066337     412.1191620717825     606.8546000119345    -207.7680205430766     -11.6223538261567    -1.089232563275779   -0.5490020574743087    0.1660953762397322    -4.776574147819893     5.206145846722399     52.83825751262648    0.2003684654935049
   -201.0060221452285     81.99165300638576     400.3588456259559    -162.6744687183129    -207.7680205430763     82.31689443462314     9.285805876765965    0.4582358968318209   -0.5057073709735335    0.6642406029034921     1.109846284818536   -0.7589797421105481    -32.23134422104172   -0.4031673044384325
    -39.0579196765955     17.52060892531007     73.69045944522495    -28.68855176521403     -11.6223538261579     9.285805876766505     960.5780540300238     7.542173637218732     4.029208174215654    -9.489460636216302    -22.00310348214234     27.37129963468912    -6.206234114952067    -2.300662772071078
  -0.5031539994943673    0.6193445130372717     2.563880713124103    -1.096987037065695    -1.089232563275484    0.4582358968317053     7.542173637218723     2.375170399377921   -0.3957547640093111    0.1337149618986224    0.2562835659514918  -0.08208485589746566    -11.06273753903394   -0.4848788905107999
    5.891084602575664    -2.178036396353352    -7.532260940232108     2.992137265166111   -0.5490020574738588   -0.5057073709737178     4.029208174215597   -0.3957547640093144     4.384906259748611     -1.96457125109529   -0.6633496228945676     1.125799309727796     11.62757253631148    0.4133282481938523
   -2.056173058612673    0.6039596237555567      3.22120591120927    -1.188412233460348    0.1660953762401524     0.664240602903337    -9.489460636216364    0.1337149618986226    -1.964571251095288     2.151044551131315     0.713858290357513    -1.270009354688939    -7.126998392890575   -0.5278454068083779
   -1.421956877756068    0.4699731367190538     2.845549687494361    -1.160580374825135    -4.776574147819484     1.109846284818378    -22.00310348214237     0.256283565951492   -0.6633496228945648     0.713858290357513     16.29813285969848    -2.039741652211359     -13.1780998543079 -0.003573999495773469
    1.797899209596049   -0.6502779271176924    -3.482138162540759     1.328746305977953     5.206145846722142   -0.7589797421104562     27.37129963468912  -0.08208485589746677     1.125799309727795     -1.27000935468894     -2.03974165221136     2.782103315450825     6.266981441590891    0.1892323944103115
    96.25063822423535    -40.86465998263235    -188.2576773426416     75.89407254488991     52.83825751262546    -32.23134422104143    -6.206234114951713    -11.06273753903401     11.62757253631138    -7.126998392890629    -13.17809985430798     6.266981441590908     1517.650479733554     9.244070685776835
   -1.672230863747796    0.6611313563792613    0.9550388485674379   -0.4254575873580052    0.2003684654925253   -0.4031673044380448    -2.300662772070906   -0.4848788905107961    0.4133282481938471   -0.5278454068083762 -0.003573999495772895    0.1892323944103113     9.244070685776622     1.805420038614358

cov*(cov_.inverse()):
     1.000000000000611 -3.164482564876892e-14 -1.120770143359096e-12  7.085877024026743e-13  3.085491931398288e-13 -6.991802969924521e-14 -4.556077737305486e-14 -6.574601973952099e-16 -1.509209424099822e-16 -2.636779683484747e-16 -4.049224063690238e-16  1.429412144204889e-15  9.853229343548264e-14 -8.257283745649602e-16
 4.385380947269368e-14     0.9999999999999657   2.14661621811274e-13 -4.643507800494717e-14 -2.571831636544175e-13 -3.423650252187826e-14  2.775557561562891e-15  1.387778780781446e-16 -5.412337245047638e-16 -1.110223024625157e-16  2.070826149447313e-16 -1.124100812432971e-15 -1.998401444325282e-14  -3.33066907387547e-16
 3.343089693963464e-13  -8.65904570268583e-14      0.999999999998796  5.426683408193966e-13  4.809807066519234e-13 -2.141533478328128e-13 -3.516631430500183e-14 -7.459310946700271e-16  1.125835535908948e-15 -6.349087922075114e-16 -2.501796513010301e-16  2.318457925643003e-15  1.622035838977354e-13 -6.106226635438361e-16
-6.965573950967752e-13 -6.793177131925177e-14  9.076281393127772e-13      1.000000000000218 -1.634638605030325e-13 -2.852752756243859e-14  2.191996584244293e-14 -2.029626466892864e-15 -1.157927920214519e-15    9.8879238130678e-17 -3.366854321382173e-16 -2.664535259100376e-15  8.548717289613705e-15  1.249000902703301e-16
 1.964791176978231e-14  1.923076498391851e-15 -2.486753207867065e-14  1.580693583837223e-14      1.000000000000001 -1.419139328620589e-15 -2.078090304002966e-15 -9.351243737687476e-18  6.575686176124584e-17 -2.936019483090746e-16 -8.232249686893501e-17  3.233090878351774e-16  3.604321702210811e-15 -1.409462824231156e-18
 3.925679226135514e-13 -3.814136506630206e-13 -6.617744546799642e-13  6.413619635381451e-14  5.658503179906127e-13     0.9999999999997217 -1.980707264870318e-14 -1.712172070789109e-15  6.634449933873299e-15 -2.687954026026063e-15 -1.947586243753602e-15  8.348356728138384e-16  7.124856260531942e-14 -1.179611963664229e-16
-9.918281473897395e-16  4.735795089416683e-16  8.331009493378616e-16 -9.057424948943904e-16 -1.645059956312256e-15  6.461844948013606e-17     0.9999999999999999 -2.168404344971009e-17  5.095750210681871e-18  5.984795992119984e-17  6.479802046495398e-18  2.032879073410321e-17 -8.534839501805891e-16   -9.8879238130678e-17
-9.445222381998519e-14 -3.380629109983602e-14  1.035838081975271e-13 -1.508862479404627e-13  2.425837308805967e-14 -1.501576640805524e-14  4.052314039881821e-15     0.9999999999999999   9.71445146547012e-16 -3.885780586188048e-16  -6.16911036144252e-17 -2.706168622523819e-16 -1.176836406102666e-14  1.665334536937735e-16
-1.836655827425204e-13  2.831936074532138e-14  3.421984917650889e-13 -1.859276621551942e-13 -1.342454793162862e-13  4.287022126181483e-14  1.195571419643215e-14  3.920475055707584e-16     0.9999999999999992  5.516420653606247e-16  3.814765343890247e-16 -6.518223460982853e-16 -3.549938121238938e-14 -6.938893903907228e-17
 6.294964549624638e-14  1.221245327087672e-14 -1.937339177970898e-14  5.037636974236648e-14 -3.136380044566067e-15 -1.015160178141628e-14  9.992007221626409e-16   9.71445146547012e-17 -3.122502256758253e-16                      1  -4.77048955893622e-17 -4.510281037539698e-17  5.995204332975845e-15 -1.110223024625157e-16
 2.191823111896696e-14  7.320533068622126e-16 -4.110947693369837e-14   2.57593425756486e-14  1.187266431001976e-14 -2.963341377837381e-15 -1.665334536937735e-15 -2.688821387764051e-17 -2.298508605669269e-17 -1.647987302177967e-17     0.9999999999999999  1.227316859253591e-16  3.677613769070831e-15 -1.387778780781446e-17
-7.521760991835436e-15  2.522981823460668e-14  1.320419468209266e-13 -7.120172507146805e-15  3.000984877266077e-14   2.41889841490206e-14  1.255939796607208e-15  1.006139616066548e-16 -3.469446951953614e-18    2.0643209364124e-16  2.013295671669801e-16     0.9999999999999996 -5.190292640122607e-15 -1.734723475976807e-17
 5.828670879282072e-16   4.31946145518225e-16 -1.185249814961153e-15  1.136243876764809e-15  5.496905014501507e-17  1.476683358925257e-16 -1.465841337200402e-16 -1.539567084929416e-17 -1.843143693225358e-17  6.071532165918825e-18 -7.247213896707794e-18 -5.204170427930421e-18                      1   2.51534904016637e-17
-1.798561299892754e-14  5.978550987606468e-14  1.831867990631508e-14  3.169686735304822e-14 -6.386557949156213e-14  4.074518500374325e-14  2.220446049250313e-15  2.775557561562891e-16 -8.881784197001252e-16  2.220446049250313e-16  2.749536709423239e-16                      0 -2.664535259100376e-15                      1
