8
2

0.04142650084443327
0.04302355691294883
 0.4590541503676305
 0.8119178153991513
  0.978861047103697
   1.52733344952144
  1.792671828419772
  3.932028282648748

  -0.5444950803557205    0.1135567117129805    0.7964328160291587   -0.1610845577114979   -0.1239779676477949   0.02307180845216761   -0.1184506962878968   0.02105001790234454
  -0.3550323975562014    0.0718473632073955    -0.159583427515637   0.03578134873012417    0.8394891755831979   -0.1723988161235037   -0.3212385811138553   0.06622026965264127
  -0.6574888728041305    0.2123010259825703    -0.432823035468306  -0.05310558027856693   -0.1391261743671192    0.1126434843871315    0.5320517500094669   -0.1317458240694581
   0.1993941937539566    0.8310105040494005   -0.1069876448742156   -0.3566799440572822  -0.04433406113479869    0.2382963548537653   -0.2398067111653031    0.1214027947582724
  -0.0911240533906935   -0.4789039376145949   -0.1834791021941572   -0.6986989285253987 -0.007665130288727828     0.410082428014976   -0.2523173509702045  -0.09280223152893625
   0.1172860404159262 -0.004874540617066096   0.03461587786934536   -0.5805719491693669   0.04700948174420264   -0.7013179788622289     0.330284939093164    0.2116913710412114
  -0.2103947135607926   -0.1238058193948708   -0.1977754515055667    0.1261636259659717    -0.272414597284908 -0.002859386583323991   -0.2128219232356873    0.8751358374214007
   0.1977419983532903  -0.03990015822478472    0.2597456330058814   -0.0396160800531259    0.4267170348553371    0.4901529875547054    0.5693360392094299    0.3791938121980215

25.75628242449496
129.1862352604291
31.51544612058098
 157.977585763407
36.92357195836002
 184.924204840738
52.17514632645756
261.1654050971613

 5.010008229502854
0.2001447535343263

    0.1244584860922783   -0.02208484842850041    0.02824988508643698   -0.01039129202699898    0.06763475230943915   -0.01218797503458284    -0.2219652231610532    0.04358442855826337
  -0.00583897640813304   0.001222948159678305  -0.002422522205764132  0.0004391129672756994  0.0005172533591358203 -0.0001110100740373016   0.007832849571724513  -0.001567604426732977

-4.729540069047495e-05  0.0001525546403031178   -0.04906143601242573    0.03939750927239141     0.0457591993039616   -0.07148125702029007      0.117756041073375    -0.8305198966945633
 4.986521488242683e-07   7.34013017983294e-07   0.001983700469252801  -0.001426191955448038  -0.001721162536785312   0.003097438295377662  -0.005038593661297439    0.03372573943775077

cov:
  0.9048983609265224  0.08186744305674823   0.9985911241283154   -0.343657648606448    1.515318789936624    1.288579864368408    1.891984331236041   0.6677489002923307
 0.08186744305674823   0.7584495841756329 -0.07558455702044288   0.1036605579270015  -0.1822923219052074  -0.3458706755528583  -0.2621481162405466  -0.4813107387511558
  0.9985911241283154 -0.07558455702044288    1.252022664454548  -0.1335600009324657    1.907332789643632    1.814492871341633    2.461002821593949    1.003448500917949
  -0.343657648606448   0.1036605579270015  -0.1335600009324657    1.413967787198941  -0.4182771717336798   0.3165903902222393  -0.6629579842262866  -0.1290761480160254
   1.515318789936624  -0.1822923219052074    1.907332789643632  -0.4182771717336798    3.065628350076335    3.145782899438606    3.971464839320674    1.759865818244708
   1.288579864368408  -0.3458706755528583    1.814492871341633   0.3165903902222393    3.145782899438606    5.063144637670986    3.652055380736841    2.498689276448277
   1.891984331236041  -0.2621481162405466    2.461002821593949  -0.6629579842262866    3.971464839320674    3.652055380736841    5.570344607539177    2.890813320065963
  0.6677489002923307  -0.4813107387511558    1.003448500917949  -0.1290761480160254    1.759865818244708    2.498689276448277    2.890813320065963    4.810487556835324

cov.inverse():
  242.9941597963526  -50.16751171743177  -220.7270521872584   44.33161896457487  -121.2342199001728   25.39929389573978   97.52535940346603  -18.96511558953896
 -50.16751171743194   11.80842217604612   46.03282538585663  -9.427462505481492   24.19821312839397  -4.955764672987567  -19.94076812509878   3.994758699113302
 -220.7270521872557   46.03282538585571   384.3251343683346  -77.55720944796933  -129.5919009753613   25.21970365402303  -28.25346718843081   4.284124338317238
  44.33161896457422  -9.427462505481286  -77.55720944796924   16.67706813573906   27.90595680942396  -5.781347072824093   4.996144615078261 -0.6798733865038902
 -121.2342199001775   24.19821312839514  -129.5919009753557    27.9059568094228   389.8175110846539  -79.94818130757741  -137.4257730903798   28.53205064393111
  25.39929389574086   -4.95576467298782   25.21970365402168  -5.781347072823811  -79.94818130757731    16.9151106285306   28.33538658354511  -6.003210237172012
  97.52535940346779  -19.94076812509914   -28.2534671884336   4.996144615078862  -137.4257730903787   28.33538658354487   65.50413817110217  -13.31154385343063
 -18.96511558953936   3.994758699113384   4.284124338317807 -0.6798733865040106   28.53205064393095  -6.003210237171978  -13.31154385343066    3.00775467329102

cov*(cov_.inverse()):
     1.000000000000014   1.77635683940025e-15  1.021405182655144e-14  9.103828801926284e-15 -2.486899575160351e-14 -1.332267629550188e-14   -1.4210854715202e-14  7.549516567451064e-15
 7.105427357601002e-15     0.9999999999999993 -1.021405182655144e-14 -1.165734175856414e-15 -3.552713678800501e-14  4.440892098500626e-16                      0 -8.881784197001252e-16
-2.131628207280301e-14  1.865174681370263e-14      1.000000000000102 -3.996802888650564e-15 -4.618527782440651e-14  2.398081733190338e-14  -1.77635683940025e-15 -1.332267629550188e-15
-3.463895836830488e-14  4.218847493575595e-15  1.854072451124011e-14     0.9999999999999987 -9.325873406851315e-15 -2.886579864025407e-15 -6.439293542825908e-15 -2.775557561562891e-16
 7.105427357601002e-14  4.440892098500626e-15  4.618527782440651e-14 -4.662936703425657e-15     0.9999999999999218 -5.329070518200751e-14  5.684341886080801e-14  1.332267629550188e-14
 2.842170943040401e-14 -8.881784197001252e-15  1.652011860642233e-13 -6.661338147750939e-15 -2.131628207280301e-13     0.9999999999999947  6.394884621840902e-14  -1.06581410364015e-14
                     0 -8.881784197001252e-15 -3.375077994860476e-14  1.287858708565182e-14 -4.263256414560601e-14  2.486899575160351e-14                      1  1.598721155460225e-14
-4.263256414560601e-14  7.105427357601002e-15  2.486899575160351e-14  4.440892098500626e-16  5.684341886080801e-14   -1.4210854715202e-14                      0     0.9999999999999982
