12
1

0.3418845303566652
 0.398557089284408
0.9273135403491565
0.9348943293307252
 0.995436467007879
 1.045482679428128
 1.101628065643973
 1.285627645169058
 1.551913585775734
 1.579921595919587
 8.908751273290251
 59.51468893046319

    0.2851313706548594     -0.513849854042945     -0.381277366374545      0.702621741102499    0.04296162127772953    -0.1004812890748395    0.01072065901051549   -0.02051213810012469     0.0171754292344532   -0.02928872612561047    0.02108595662183496   -0.03915832834775843
    0.2029096635702339    -0.3345292636543336    0.08155109837679207    -0.1625939607636102    -0.4354234499683474     0.7672994978064571    0.02966888985145858   -0.05655675647672595    0.05006788629315139   -0.09073992180150653     0.0713738875783196     -0.124798614361008
   -0.2023320052694714    0.06190871503876515    -0.1998488133639993    0.03289241036139046    -0.1308157378231633    0.04433689814534057     0.3391253290468028     -0.145886993219311     0.5326120359232533    -0.2105700870149166    -0.6181859050448756     0.2206149016737672
    0.2026609882454623   -0.02751391101157789     0.1556830520973443   -0.02861729382690361    0.05219166628288782   -0.05911468432120286    -0.7174959646110866     0.2818477520103655     0.5410978515136613    -0.1899235420766085   -0.05820686263829992    0.02030616270520823
   -0.7630975990602621   -0.09065412132640677    -0.4469088974884659    0.01839368408996022    -0.1720541788497235    0.09380880760860107    -0.3017917780035071    0.05027330964086404    0.03732772565391253   -0.01404862202737021     0.2704956767409094   -0.05129273369586435
    0.1767018192125867     0.1340710014100715    -0.2947446740632511   -0.08792647363326254    -0.4324231585142506    -0.1182377019507372    -0.3726231664861142    0.01895980909963627    -0.4942708267353474     0.0461155370955007    -0.5191875753102656   0.005698595314754668
   -0.3432316069788416    -0.2934150086009054     0.3542149455427226      0.145595473528133     0.4747810802011314     0.2778951385156957    -0.1861116789140849   -0.01758198872780216    -0.3028530708668123    -0.0615042510435576    -0.4618723382439832   -0.05491037599972665
   -0.2432107017465164   -0.08955360143912254     0.6094710717148593     0.3591333272404905    -0.5837365754472805    -0.2909195910276321   0.009427785818615805   -0.05554014567918477   0.009183219415342111    0.03402803787471499    0.02568625124479145    0.04403137249294186
  -0.07061799329407507    -0.1909101626239707   -0.01433779551776878    -0.1305808274782067   -0.07285194595852636    -0.1311634863764915     0.2984323348527717     0.7694430193929583    0.04061655847397658     0.1168567904409314     -0.171727558530894    -0.4392018107029926
-0.0001108872194403761    0.00800022862555717   0.007241089419662144    0.01168362981071341   -0.02554355972486523  -0.008219623277382699      0.124431741341493     0.3501309416143141    -0.2856275687175382    -0.7684084476201932     0.1507089467208887     0.4076815378183036
 -0.005501931017835701    -0.6620166420504924   -0.00412546687338584     -0.501065819945158  -0.002493748023425137    -0.3130167002922171  0.0007111452867797175   -0.08997682630120145   0.001255581512094829      0.170297299585544   0.002468315512760459     0.4189616584564841
 9.375305713810063e-05     0.1561302303319169  4.063704704100859e-05     0.2269053459782033  2.568495269206525e-05     0.3095216385703965  -0.000110897143593436     0.4082262064235709 -0.0001817542652285544     0.5197353315295532 -0.0004185196907840937     0.6257475436279021

22.68274062354276
10.47695449811393
35.55855891928328
16.71160763580153
50.56247306061677
23.98697679022363
68.34039021874723
32.63657824743832
88.51814068099335
42.45862254092226
107.7059846117979
51.83651875315278

0.4837270485555487

  0.009942818369332026   -0.02061906448009829  0.0007814664101662585  -0.001890033396250489  -0.006610620916585251    0.01347790307351384 -0.0009285289891344816   0.001908263240434952   -0.00140084376099284   0.002987594329582332  -0.002075509903934536   0.004210681989094453

  0.001145074890819822   0.003392335151897192  -0.001548478459152253   0.001486964548588589  -0.004157705266417493   0.002740511805968662   0.005282606442848729  -0.001206832272207545   0.005236266000411159 -0.0001586510422887999     0.9865647053655194        19.453328272597

cov:
   0.9534692439599256    0.5825025931361578  -0.05502220240735039   0.08783294841820519    0.1163669145347578    0.1723969332181047 -0.005955970508394583    0.1119857065736064 -0.003304121493699629    0.1091291435992409  0.005449841630258244    0.1043770027523538
   0.5825025931361578     121.4114645945644   0.03076100664465806     151.7179741645885   0.05998250282655358     187.5634001518964   -0.1629578597009067     230.1375586937736   -0.1485159326006257     278.4284613710778   -0.2554548323664632     324.2824454221453
 -0.05502220240735039   0.03076100664465806     1.134646178077751    0.6030182823548748   -0.1435311045714774  -0.02687629150375597   0.01887662571966869   0.03970324866532682 -0.003251495944319231   0.01080330306781808  -0.01910444842578523  -0.01796599223501305
  0.08783294841820519     151.7179741645885    0.6030182823548748     202.6422348291989  -0.07243825947618024     261.1150810525335   -0.1769598778763528        331.3887182348    -0.215340496958138     410.8823311453719   -0.4037952007443411     486.4218978581487
   0.1163669145347578   0.05998250282655358   -0.1435311045714774  -0.07243825947618024     1.132819581248617    0.5330864915750653  -0.02208176455054006  -0.04338345014393846   0.01610789984690588  -0.02444910542986478 -0.009578962237016006   -0.0584494188514419
   0.1723969332181047     187.5634001518964  -0.02687629150375597     261.1150810525335    0.5330864915750653     347.5112162988595   -0.2297777125608947     449.5298830014389   -0.2783791010621897     565.4937639598969   -0.5569815822012494     675.6923284813574
-0.005955970508394583   -0.1629578597009067   0.01887662571966869   -0.1769598778763528  -0.02208176455054006   -0.2297777125608947     1.086426869691968     0.257127700631603   0.01556248105666762   -0.2921423076913382   0.01556471525206847   -0.3341282346741946
   0.1119857065736064     230.1375586937736   0.03970324866532682        331.3887182348  -0.04338345014393846     449.5298830014389     0.257127700631603     592.7402643260552   -0.3829115582490237     749.8121114219955    -0.736567203680929     901.3149944022867
-0.003304121493699629   -0.1485159326006257 -0.003251495944319231    -0.215340496958138   0.01610789984690588   -0.2783791010621897   0.01556248105666762   -0.3829115582490237     1.087993418634541   0.05230696583039306   0.02686335929021698   -0.5692706148214051
   0.1091291435992409     278.4284613710778   0.01080330306781808     410.8823311453719  -0.02444910542986478     565.4937639598969   -0.2921423076913382     749.8121114219955   0.05230696583039306     960.6701434076753   -0.9480125778684182     1156.662878922918
 0.005449841630258244   -0.2554548323664632  -0.01910444842578523   -0.4037952007443411 -0.009578962237016006   -0.5569815822012494   0.01556471525206847    -0.736567203680929   0.02686335929021698   -0.9480125778684182     1.088380517173987   -0.6146669462187557
   0.1043770027523538     324.2824454221453  -0.01796599223501305     486.4218978581487   -0.0584494188514419     675.6923284813574   -0.3341282346741946     901.3149944022867   -0.5692706148214051     1156.662878922918   -0.6146669462187557     1401.769597725495

cov.inverse():
    1.800515174672236    -1.508469512203804   -0.6357230688980334     1.373377721505832   -0.3921726849806584    0.5876042623543373   0.03255831940004213  -0.06767983880783085   0.08047147459029663   -0.1545910176977658    0.1142018025697273   -0.2398363857039338
   -1.508469512203801     3.090038431952488     1.372402514219732    -2.795727238557491    0.6023127953067889    -1.230640032542986  -0.05948285310304869    0.1357924786956764   -0.1550992837203712    0.3175188446384287   -0.2497608973297383    0.4991500208230866
  -0.6357230688981599     1.372402514219993      1.96903964257841    -2.196983856177935   -0.2060905655852049    0.6650439150326483  -0.04202239828060641   0.06502409457751757  -0.02735403511193432   0.04962590192009097  -0.00470990153551441   0.04158992252177796
    1.373377721506094    -2.795727238558032    -2.196983856177939     4.505465858337617    0.6627932151317497    -1.395329635482882   0.05903028290921643   -0.1344748773539645   0.05722094333537675   -0.0999469050967224   0.03891094702817337  -0.07518869317557672
  -0.3921726849804774     0.602312795306419   -0.2060905655854238    0.6627932151321976     1.827681557854928    -1.904466931653993   -0.0584440767547342    0.1561660997345111   -0.1106148489553893    0.2110964914865958   -0.1250104173846066    0.2740675031659147
   0.5876042623539647    -1.230640032542224    0.6650439150330999    -1.395329635483806    -1.904466931653992     3.943976469187463    0.1509051335779147   -0.3163515648738369    0.2027065206010374    -0.441995539342484    0.2790344318789243    -0.563981359052205
  0.03255831940001047  -0.05948285310298369  -0.04202239828058039   0.05903028290916351  -0.05844407675471699    0.1509051335778794     1.019987114574859   -0.2079495462164215  -0.02879368635551091   0.02759271486003248  -0.02892549820534975    0.0316898177086337
 -0.06767983880776426    0.1357924786955397    0.0650240945774625   -0.1344748773538526    0.1561660997344756   -0.3163515648737637   -0.2079495462164216    0.4394563324869508   0.03359724704138212   -0.0588219156247977   0.03381471167517208   -0.0662954404897817
  0.08047147459030574   -0.1550992837203907  -0.02735403511190445   0.05722094333531462   -0.1106148489554465    0.2027065206011557  -0.02879368635550302   0.03359724704136555     1.017093662869823   -0.1968514340858192  -0.05310277126421989   0.05951451820048483
  -0.1545910176977801    0.3175188446384596   0.04962590192002678  -0.09994690509658898    0.2110964914867101   -0.4419955393427205    0.0275927148600164  -0.05882191562476391    -0.196851434085818    0.4006248751761907   0.06144687449639533   -0.1184952101051926
   0.1142018025696988   -0.2497608973296799 -0.004709901535481082   0.03891094702810522   -0.1250104173846053    0.2790344318789217  -0.02892549820534628   0.03381471167516487  -0.05310277126422951   0.06144687449641463     1.002139007169433   -0.1622732703945749
  -0.2398363857038764    0.4991500208229691   0.04158992252171034  -0.07518869317543848    0.2740675031659127   -0.5639813590522013   0.03168981770862662    -0.066295440489767   0.05951451820050419   -0.1184952101052314    -0.162273270394575    0.3235797989491316

cov*(cov_.inverse()):
    0.9999999999999999  1.595945597898663e-16  1.292368989602721e-16   -2.8796409701215e-16 -1.734723475976807e-17  -2.42861286636753e-16 -7.806255641895632e-18  1.387778780781446e-17  8.673617379884035e-19  2.255140518769849e-17 -1.040834085586084e-17 -1.387778780781446e-17
 2.842170943040401e-14      1.000000000000028  1.243449787580175e-14  2.842170943040401e-14   1.13686837721616e-13 -5.684341886080801e-14  3.552713678800501e-15  2.131628207280301e-14  7.105427357601002e-15  7.105427357601002e-15                      0    1.4210854715202e-14
-1.474514954580286e-16  2.029626466892864e-16     0.9999999999999998 -2.909998630951094e-16  5.551115123125783e-17  1.908195823574488e-16  3.144186300207963e-18  2.081668171172169e-17 -2.168404344971009e-19  -2.42861286636753e-17  2.602085213965211e-18  1.474514954580286e-17
 7.105427357601002e-14 -2.842170943040401e-14  3.552713678800501e-15                      1  5.684341886080801e-14  2.842170943040401e-13  8.881784197001252e-15 -2.131628207280301e-14 -3.552713678800501e-15  7.105427357601002e-15    1.4210854715202e-14 -2.842170943040401e-14
 2.775557561562891e-17 -1.804112415015879e-16  1.517883041479706e-16 -2.766883944183007e-16     0.9999999999999992  5.065392549852277e-16  1.669671345627677e-17 -5.854691731421724e-17  1.908195823574488e-17 -3.903127820947816e-17   4.85722573273506e-17 -2.081668171172169e-17
                     0 -5.684341886080801e-14 -8.881784197001252e-14 -7.105427357601002e-15  2.273736754432321e-13      1.000000000000114   1.77635683940025e-14  7.105427357601002e-15  7.105427357601002e-15                      0    1.4210854715202e-14  2.842170943040401e-14
-4.163336342344337e-17  5.551115123125783e-17  4.510281037539698e-17 -1.144917494144693e-16 -1.249000902703301e-16                      0     0.9999999999999999   2.42861286636753e-17  -2.42861286636753e-17 -6.938893903907228e-18  6.938893903907228e-18 -2.775557561562891e-17
 5.684341886080801e-14   1.70530256582424e-13  7.105427357601002e-15   1.70530256582424e-13   1.70530256582424e-13  -1.70530256582424e-13                      0      1.000000000000085    1.4210854715202e-14 -2.842170943040401e-14                      0 -5.684341886080801e-14
                     0                      0 -4.163336342344337e-17 -2.081668171172169e-17 -1.110223024625157e-16 -5.551115123125783e-17 -2.081668171172169e-17                      0     0.9999999999999996                      0                      0  5.551115123125783e-17
-5.684341886080801e-14   1.13686837721616e-13 -4.973799150320701e-14    1.4210854715202e-13  4.547473508864641e-13 -2.273736754432321e-13  2.842170943040401e-14  5.684341886080801e-14  4.263256414560601e-14     0.9999999999999716 -2.842170943040401e-14  5.684341886080801e-14
 1.387778780781446e-16  5.551115123125783e-17  1.804112415015879e-16 -3.191891195797325e-16 -1.110223024625157e-16 -2.775557561562891e-16 -2.081668171172169e-17  6.938893903907228e-18  3.469446951953614e-17 -1.387778780781446e-17     0.9999999999999998  2.775557561562891e-17
  1.13686837721616e-13 -2.273736754432321e-13 -2.842170943040401e-14  4.263256414560601e-14  4.547473508864641e-13  4.547473508864641e-13    1.4210854715202e-14    1.4210854715202e-14 -2.842170943040401e-14  5.684341886080801e-14  2.842170943040401e-14     0.9999999999998863
