10
2

0.05240271586413731
 0.2137262414234392
 0.7641271503161746
 0.9826659476238114
  1.296521357920445
  1.502076850333112
  1.596015059762883
  1.889354768513815
  3.960734852067608
  6.700272212937002

    -0.34456813083315    0.2757712667885812     0.638465834413114   -0.5093808381460464   -0.2898945548680874    0.2325364032706316 -0.001122385783687219 0.0003758134403708825 0.0001594378770442587  0.001446876129151641
  -0.4466010701486371    0.3346313074507667   0.05024427007921967  -0.03484606961295748     0.635106175950207   -0.4825145846642835   -0.1402054070998777      0.10090029566772  -0.09666194354448746     0.097306221040091
  -0.1749970076511994   0.05199401556625259  -0.09871592967814204   0.01935288080421482   0.01454024055204734   0.01365153334837806    0.8401406217871227   -0.2967473596729238   -0.2989126527455037    0.2700212660359326
   0.6768578354617584  -0.01721990118275141    0.5782057907090361 -0.002302310789743273    0.4123791836791601  -0.05491589529928697    0.1521477490407395  -0.01585439688273086  -0.04495065153841932   0.09352273163261171
   -0.261592342955132   -0.2926312197727084    0.1177076332234177   0.09809868334362822    0.3322604222035273    0.2700872513296744    0.3553983925792964      0.30336656801392    0.2585344013202089   -0.5949239754225699
   0.2277630455113753    0.3438325605318308   -0.1997638661359526   -0.2453662236640082   -0.1923348533494036   -0.2990219279840586    0.3399565665587747    0.5120251530408849    0.4689749124264583   0.07555446566664976
   -0.190335362548072   -0.2438025082558816   0.05639811704939088   0.08864114198341035    0.1910866261084108    0.2799608570530217   -0.0505523954357768  -0.04725775855452772    0.5802001676026477    0.6610457866136072
   0.1853902778018134     0.183982182177585   -0.4336998610158153   -0.5790779445493628    0.3977382396423523    0.4748181059163624  -0.07291261935138799   -0.1191467741084846  -0.05665312709953896  -0.04454710538288367
 -0.04304347111304327   -0.4780402185483215  -0.02214413380080533   -0.2482583668557043  -0.00677510533542207  0.008980223431989813  -0.02396982575450927    0.6221663162247209   -0.4760473655373523    0.3051050825167874
  0.01741840132787972    0.5322657009691809   0.01558048726476137    0.5140898836909518   0.01370731998367818     0.493591106558914  -0.03211152860014427      0.37919312391086   -0.2145849424398878    0.1310470093621025

 22.6880916969454
28.17265254386042
35.54629386709794
44.26730895542352
50.51572655846073
63.00495512507339
88.30720879877377
110.2050107886456
104.2917223040577
130.5405204890234

 1.251537644061389
0.8013419641945898

   0.04451272154677034   -0.03547295223478018  -0.001197353826299443  0.0009428352370525206   -0.04262876373263123    0.03399761467563823  -0.000360878807486256  0.0002854525346627833 -0.0002910766034734297  0.0002936933232233003
  -0.02804398554629886    0.02236932459853397  0.0008370178712989298 -0.0006631361373203719    0.02652073218767998   -0.02110990356541862  0.0003348788972101853 -0.0003134082390713864  0.0004204014541565421  -2.33337994485463e-05

-1.675196400020252e-05  -0.003434360627150017   -0.00576581691315909    0.01021642107139711   -0.01106968769636437  -0.009269587869107445   0.004061167844100734   0.003150063421934504     0.2485280653423584   -0.05487243704900922
 1.127685068563216e-05   0.002146129693017241   0.003687292796828575  -0.006518777481933798    0.00685898924542858   0.006000801713101902  -0.001893445920163364  -0.001954176009368717    -0.1587528368597959    0.03641209478008276

cov:
   0.9594375841566899     1.260685046569903  -0.05526661076128578  -0.02807546952562602    0.1962825826343274    0.2583103207552093  0.002212532770576602  -0.03190486467866607  -0.03469639871830897   -0.1215416287292159
    1.260685046569903     16.99371097614771 -0.005725058271025998     13.47184546804195    0.2113206502672334     11.49446178908611   -0.4943152704263228     4.587071952483064    -1.728290968855968    0.7629679603523404
 -0.05526661076128578 -0.005725058271025998     1.141213304796345     1.481695564131592   -0.1935833679485478   -0.1966800819558688   0.04478126262244415   0.06450323804652816   0.01802775926445962   0.03471883775039614
 -0.02807546952562602     13.47184546804195     1.481695564131592     14.20175880729635   -0.2763720974578524     10.64930517288513   -0.6286741153669255     6.327197424729425    -3.070507716500991     1.940339248265976
   0.1962825826343274    0.2113206502672334   -0.1935833679485478   -0.2763720974578524     1.118900726897269     1.357875223144368  -0.03071577833404692  -0.08361214617204013   0.03816416409245268  -0.01597773631389714
   0.2583103207552093     11.49446178908611   -0.1966800819558688     10.64930517288513     1.357875223144368     12.28140559035893   -0.9408572497308018     8.043118969687102    -4.701229319337137     3.016751466637844
 0.002212532770576602   -0.4943152704263228   0.04478126262244415   -0.6286741153669255  -0.03071577833404692   -0.9408572497308018    0.9892482624584651   -0.3180752407358244    0.7899340223262975   -0.5290610785215344
 -0.03190486467866607     4.587071952483064   0.06450323804652816     6.327197424729425  -0.08361214617204013     8.043118969687102   -0.3180752407358244     13.38230640631967    -7.619358564056918     4.884247612562871
 -0.03469639871830897    -1.728290968855968   0.01802775926445962    -3.070507716500991   0.03816416409245268    -4.701229319337137    0.7899340223262975    -7.619358564056918     7.154387257744514    -2.785186670364638
  -0.1215416287292159    0.7629679603523404   0.03471883775039614     1.940339248265976  -0.01597773631389714     3.016751466637844   -0.5290610785215344     4.884247612562871    -2.785186670364638     4.010775005181746

cov.inverse():
   48.21668245504005   -37.79301399881295   -80.23491609241901    64.17350038542899    30.38595033662271    -24.5715636999932    1.345523074356734  -0.9555688869277579   0.9451694663136523   -1.100568757732065
  -37.79301399881279    30.30769347214065    64.38901914210768    -51.4871690685825   -24.55064823626925    19.73053808201082   -1.076355686638386   0.7599032782921793  -0.7379518133154861    0.922290270039007
  -80.23491609241984    64.38901914210838    148.9438214820323   -118.3745232849336   -66.46232168099546    53.49372530012925  -0.4635634774516177   0.2276310648950064 -0.04872488047516419    0.425099062318633
   64.17350038542995   -51.48716906858308   -118.3745232849337    94.65468607486187    53.27204533823527   -42.77944292092047   0.3364878219062709  -0.1822802541501748  0.03290641946129874  -0.3499262694191242
   30.38595033662369   -24.55064823627017   -66.46232168099688     53.2720453382364    39.75113141753516   -31.12733740410913   -1.715637439782966    1.348395792139405   -1.338955082730941    1.167337521350151
  -24.57156369999398    19.73053808201157     53.4937253001304   -42.77944292092138   -31.12733740410914    24.97401302188946      1.3933880228825   -1.075673829482643    1.063112669155351  -0.9416052951174728
   1.345523074356568   -1.076355686638256  -0.4635634774513108   0.3364878219060251   -1.715637439783111    1.393388022882615     1.79253938973592  -0.5958940318510539 -0.02470559187809057 -0.02316619544257908
 -0.9555688869276363   0.7599032782920825   0.2276310648947795  -0.1822802541499932    1.348395792139511   -1.075673829482727  -0.5958940318510538   0.5776835918032756  0.06267815621502378 -0.01141913239644476
  0.9451694663135174  -0.7379518133153788 -0.04872488047491702  0.03290641946110094   -1.338955082731053    1.063112669155441 -0.02470559187809135  0.06267815621502437    0.645440983246313  -0.2828181267529761
  -1.100568757731962   0.9222902700389231   0.4250990623184365  -0.3499262694189668    1.167337521350242  -0.9416052951175461 -0.02316619544257903 -0.01141913239644479  -0.2828181267529765   0.7334818599961966

cov*(cov_.inverse()):
     1.000000000000092 -1.459943277382081e-13  -6.39349684306012e-14 -2.104982854689297e-13  1.552369344182125e-13 -1.386946113512977e-13  2.282462413516484e-15 -6.602791230436722e-16  9.089951014118469e-16   1.40165656858926e-15
 5.129230373768223e-14      1.000000000000006 -1.554312234475219e-13 -3.391731340229853e-14  4.762856775641922e-14  2.775557561562891e-14 -2.036565360796772e-15 -1.505739977147869e-15  5.551115123125783e-16 -5.551115123125783e-16
 5.412337245047638e-16 -1.321165399303936e-14     0.9999999999999781  4.118753949011733e-14  8.264222639553509e-15 -6.453171330633722e-15  5.290906601729262e-17  3.642919299551295e-17 -4.163336342344337e-17 -2.498001805406602e-16
-9.769962616701378e-15  6.683542608243442e-14  -2.40918396343659e-14      1.000000000000181 -2.708944180085382e-14  1.507682867440963e-13 -1.214306433183765e-15 -2.817190924986335e-15 -1.110223024625157e-16 -4.218847493575595e-15
 3.027786354969919e-14 -3.606837051250977e-14 -2.332248977277018e-14 -3.977373985719623e-14      1.000000000000033 -2.946427823946607e-14  8.757643048251662e-16 -2.870696302198494e-16  3.426078865054194e-16                      0
-4.485301019485632e-14  9.325873406851315e-14  1.687538997430238e-14 -7.438494264988549e-14 -7.771561172376096e-14      1.000000000000105 -3.302913498259841e-15  1.679212324745549e-15  2.220446049250313e-16                      0
-2.442490654175344e-15 -7.771561172376096e-15  4.773959005888173e-15 -7.271960811294775e-15  7.327471962526033e-15 -1.221245327087672e-15                      1  1.387778780781446e-17 -1.387778780781446e-16  1.110223024625157e-16
-4.352074256530614e-14  2.486899575160351e-14 -1.376676550535194e-14  1.576516694967722e-14 -4.796163466380676e-14  2.842170943040401e-14 -1.457167719820518e-15     0.9999999999999994                      0  4.440892098500626e-16
-3.774758283725532e-14 -4.884981308350689e-15  3.641531520770513e-14 -7.627232179174825e-14  -4.04121180963557e-14 -1.598721155460225e-14  2.067790383364354e-15  2.567390744445674e-16                      1 -4.440892098500626e-16
-2.398081733190338e-14  4.884981308350689e-14  9.992007221626409e-15  4.884981308350689e-14 -2.309263891220326e-14   3.33066907387547e-14 -8.187894806610529e-16  6.938893903907228e-18  2.220446049250313e-16     0.9999999999999982
