12
2

0.03933637010288742
 0.2205259814047993
 0.6270010449261255
 0.7589988966084603
 0.8178130861807749
 0.9611814997384616
  1.063236965682923
  1.487074994582784
  1.568246099878557
  2.053190491569577
  2.517386143093194
  5.440938722049652

   -0.3858355589711867     0.2233251993979162     0.7048301537655827     -0.409738231552735    -0.3199654580960166     0.1849210827068082  -0.002699167265221265   0.001077421570054688 -0.0003417743804331856   0.001445442198159866   0.001040610912079342  0.0006133228623977467
   -0.4731343265604426     0.2458545824910433    0.06585971275637501   -0.03262583319883919     0.7091457779483372    -0.3838080438544406    -0.1801279480145671     0.1030163739788664   -0.07852003653792891    0.03056047538163087   -0.07479071568626378     0.0659522306122578
    0.2083147639933315   -0.09783713843091708     0.1064260023071846   -0.03490396565596869   -0.05216238776882991   -0.03270553987602141    -0.8385282580407175     0.2900422124025817    0.08015434659500524    -0.1853759578375651     0.1542634686699491    -0.2808152387738009
  -0.09968190855524073    0.01719897966765533   -0.06866488711595926    0.02676935989194744   -0.04874383498211686    0.01622405285840699   -0.03402472476764282   -0.06667987241932034     0.5044622545502362    -0.6000845318542942    -0.5819798566910719     0.1510265307863544
   -0.4095984668977219    0.01925646866209007    -0.2613825760680392    0.03368344945117739   -0.09021149757220974    0.04399982887309476     0.1597239427540732    -0.1196093468735401    -0.1486607750354162    -0.3351227031365586     0.1389645253243367    -0.7475240691890804
    0.5089563555339459   -0.03267312083768494     0.4878407464409943  5.823553162233751e-06     0.3814523897883927   -0.08982537587780205     0.3883344253197916     0.1278381580554969    0.01199331656529995    -0.2954559182179158    0.01822706858953548    -0.3056407887739712
  -0.07142617810996948   -0.07715147449328516  -0.002112912147106771     0.0197830493658529    0.05507903586937365    0.09148746629581052  -0.007067373132761227    -0.1144472863994429    -0.2593633448999572    -0.6061934056389312      0.547214544702427     0.4793900125823828
    0.1387166593407336  -0.003358327207487974      0.206305844054244     0.1369950053138919     0.1002029782966957   -0.01439342538642518     -0.278655955947276    -0.8767312109923703    -0.1785626743594674    0.03829898756018306    -0.1499641879767649   -0.08379387103385039
   -0.2571610052907645    -0.4689813704181275     0.1451230066642845     0.1913863023038934     0.3232184149449779     0.4587762289151971   0.004019210434555305   -0.07601933822031078     0.4913503999268939     0.1813347806139199     0.2430254166036363   -0.04610369495592051
    0.1461874121710521     0.4283931346793652    -0.1490206013673187    -0.2589464860275054   -0.02306067718223405    -0.2576099071926338    0.04496578371284146    -0.2596395172389721     0.5929464199758346    0.05406704521739081     0.4613802296290286   -0.04624350828298297
   -0.1751018302220361   -0.08328382926605243     0.3001829345201875     0.6602584895830064    -0.3369391369768668     -0.529055357749878    0.06000931905499745      0.045258423511705     0.1350947928175691    0.01557071871534452     0.1347673006875029    0.02489604520775996
   0.06803401491043438     0.6797139813027643    0.02412385474257028     0.5188433322676415    0.06625101853751575     0.4917752861542624   -0.06004721438753909     0.1147651675927022   -0.01638557179385887  -0.003405635089329108    0.01535639723107624  -0.007427462792985042

22.79483475506039
36.99716632153517
 35.5245407102264
58.96071863908646
50.55272909864001
 84.8897288504081
67.55128932755639
113.8798114958114
90.89374073367007
154.2585897044851
107.1358598039059
183.4018948253766

 1.725150617342602
0.5802932543261499

   0.06334075013292631   -0.03673878669250798  -0.003282847861459065   0.001938474989964587   -0.05959298687777078    0.03453655489485624 -0.0005551260451567193   0.000185924645252966 -0.0002805416824135684  9.291441724515183e-05  0.0001116431534346844  5.016912573181535e-05
  -0.02105248682152056    0.01222172406970521  0.0005265443067783434 -0.0003062711008671348    0.02040704247225011   -0.01182797743294019  0.0001409601333307089 -3.168105606217073e-05  4.828752008260804e-05 -1.164794049896293e-05 -0.0003452427526460379  -3.93067534520775e-06

-1.593092429794799e-05  -0.004603335668970362   0.007404218031768811   -0.00198837269918251   -0.01267752352660052   0.005327481207755856  -0.001902458067984604   0.004542164799751927  -0.006625429225761279   -0.05986074043133695   -0.03786174025917707    -0.1965559987802692
 4.071436188749145e-06   0.001556899990435752  -0.002502552240179685  0.0007528090856245857   0.004231666414526224  -0.001811583545476291  0.0004542827317052593  -0.001433160584005807   0.001992896896533273    0.01947097138958876    0.01250186439334214    0.06648848694411351

cov:
    1.017808242310337     1.991793130661587  -0.09296401809470932    0.0594990852886562    0.5014553169090483     1.067643796788366   -0.1709975751668699  -0.07261861025600018    -0.136323825922373  -0.07335507347542213  -0.05990042788641656  -0.07845910421141337
    1.991793130661587     15.05076164089071   -0.1327000892892654     9.402134436392092     1.088161839534527     9.172710419263113    -1.140599440169382     1.904732137968259    0.1257237987844406   -0.1295197136943305    0.7328200568275115   -0.2214366099027847
 -0.09296401809470932   -0.1327000892892654     1.101527625158854     1.911043139950315   -0.2288639893689684   -0.3876542077456124   0.03013136388280492  -0.00204854805137109  -0.01813565285811961   0.01836849556398112   0.00766866805045741 -0.009305894710972795
   0.0594990852886562     9.402134436392092     1.911043139950315     11.14862182566617   -0.1863159254712385      5.83688234429991   -0.7881188701778382     1.923746845622809   -0.1588451823426787   0.02290914793318853    0.3694710484314384 -0.006563166026854508
   0.5014553169090483     1.088161839534527   -0.2288639893689684   -0.1863159254712385     1.301123406088392     2.439000804385006   -0.1701114612455014  -0.05639446862815493  -0.04869471941065881  0.007508250879771932  -0.09983159843872245   -0.1474163438577235
    1.067643796788366     9.172710419263113   -0.3876542077456124      5.83688234429991     2.439000804385006     9.757121841247153    -1.125248864031309     1.710914810605468   -0.8023779874049057 -0.008950844800857477    -0.397197222093967    -0.133997188672041
  -0.1709975751668699    -1.140599440169382   0.03013136388280492   -0.7881188701778382   -0.1701114612455014    -1.125248864031309    0.7449471857324692     0.242284407940297    0.2626618590842685  -0.06393761017928402    0.1844458411009927  -0.03922242032542549
 -0.07261861025600018     1.904732137968259  -0.00204854805137109     1.923746845622809  -0.05639446862815493     1.710914810605468     0.242284407940297     2.476717471339756   -0.3753563388278726   -0.1020300655034707   -0.2090483269831438    0.1277874412479685
   -0.136323825922373    0.1257237987844406  -0.01813565285811961   -0.1588451823426787  -0.04869471941065881   -0.8023779874049057    0.2626618590842685   -0.3753563388278726     2.510404158321399    0.3815714173748775      1.27605608421276   -0.1481310776580132
 -0.07335507347542213   -0.1295197136943305   0.01836849556398112   0.02290914793318853  0.007508250879771932 -0.008950844800857477  -0.06393761017928402   -0.1020300655034707    0.3815714173748775    0.8904963124870515 -0.008693631246849999   -0.1441819241742405
 -0.05990042788641656    0.7328200568275115   0.00766866805045741    0.3694710484314384  -0.09983159843872245    -0.397197222093967    0.1844458411009927   -0.2090483269831438      1.27605608421276 -0.008693631246849999     1.770928774636642   0.08220386219608994
 -0.07845910421141337   -0.2214366099027847 -0.009305894710972795 -0.006563166026854508   -0.1474163438577235    -0.133997188672041  -0.03922242032542549    0.1277874412479685   -0.1481310776580132   -0.1441819241742405   0.08220386219608994    0.7995174090687102

cov.inverse():
    101.5211700967759    -58.09078326159788    -175.9102944708716     102.4042059313787     73.10880597493703    -42.52089740539139     2.085481147682935    -1.011798413895218    0.8725722505024998   -0.5864879128798601    0.5184544856746395   -0.7131212490127636
   -58.09078326159775     33.65638310833127      101.959650480164    -59.35212023078367     -42.6612817563491     24.66031169586605    -1.099117333923048    0.5934506282413323   -0.4734911357992647    0.4040777662587911   -0.3183138444463906    0.4566226729390154
   -175.9102944708707     101.9596504801637     321.5889608963774     -186.644096768057    -144.5448362375978      83.6478296720492    -1.578285005755393    0.7563508518189845   -0.2377703633253839    0.7103263424427785    0.4285794177022412    0.3967926469447696
     102.404205931378    -59.35212023078342     -186.644096768057     108.6441133539214     84.24871585947587     -48.6980032792408    0.9018610531535368   -0.4288416054458921    0.1520182309092767   -0.4274441403227611   -0.2539522720093205   -0.2074380688252738
    73.10880597493565    -42.66128175634836    -144.5448362375961      84.2487158594749     76.75270981861138    -43.78050316358274    -1.831558572714249     1.259439644248358    -1.069235656637217    0.1402236487824534    -1.246069137409638    0.8464159340879892
    -42.5208974053907     24.66031169586565      83.6478296720483    -48.69800327924029    -43.78050316358278     25.30462179266018     1.133810115012581   -0.7343057405859191    0.5994829760859182  -0.08338565450202706    0.7441713646451118   -0.4076871690870765
    2.085481147683128    -1.099117333923161    -1.578285005755753    0.9018610531537463    -1.831558572714079     1.133810115012484     2.700146879484385   -0.8644876497755725   0.09276878990878194    0.1108940824517952   0.04342783713292851   0.04494644261617882
   -1.011798413895318    0.5934506282413906    0.7563508518191692   -0.4288416054459994     1.259439644248273   -0.7343057405858703   -0.8644876497755727    0.8580391146912192  -0.09133078209894581   0.05483334744631237  -0.02970996633760904 -0.004023243193543448
   0.8725722505025882   -0.4734911357993165   -0.2377703633255455    0.1520182309093706    -1.069235656637146    0.5994829760858771   0.09276878990878261  -0.09133078209894614    0.8765212929131024   -0.3621347735852453   -0.3854271316337767   0.01216251169198733
  -0.5864879128798712    0.4040777662587977    0.7103263424428005   -0.4274441403227738    0.1402236487824415  -0.08338565450202032    0.1108940824517956   0.05483334744631215    -0.362134773585245      1.33528749685038     0.140138692419263    0.2269724558154952
   0.5184544856747256   -0.3183138444464404    0.4285794177020826    -0.253952272009228    -1.246069137409563    0.7441713646450692   0.04342783713292891  -0.02970996633760898   -0.3854271316337771     0.140138692419263     1.145865233007222   -0.2964841982789082
  -0.7131212490128224    0.4566226729390498    0.3967926469448798   -0.2074380688253379    0.8464159340879366   -0.4076871690870464   0.04494644261617883 -0.004023243193543629    0.0121625116919878    0.2269724558154952   -0.2964841982789083     1.474409340799073

cov*(cov_.inverse()):
      1.00000000000006  -5.68295410730002e-14   -1.9895543545978e-13  1.782983483078482e-13  9.386935673205699e-14  2.019218126037003e-15  4.046242507715903e-16 -4.090152695701565e-16  9.330643896410251e-16 -3.469446951953614e-18 -2.046973701652632e-16 -3.191891195797325e-16
 1.249000902703301e-15      1.000000000000017 -5.771771949270033e-14  4.205663595158171e-14 -1.915134717478395e-14  3.697042672001771e-14  6.175615574477433e-16 -1.768333743323858e-16   1.70610053862319e-15  1.318389841742373e-16  2.359223927328458e-16  2.775557561562891e-16
 6.517095890723468e-14 -7.632783294297951e-16     0.9999999999999453  7.086930868538399e-14  1.825969930813187e-14 -1.701676993759449e-14   8.53267109746092e-17 -1.279358563532895e-17 -1.237345729349082e-17 -1.301042606982605e-18  -2.40692882291782e-16 -2.255140518769849e-17
-7.639548715854261e-14  1.828129661540778e-13  2.160979728493828e-13      0.999999999999701 -1.108791877757476e-13  1.000488754343554e-13  1.268028650830422e-15  2.868121322038841e-16 -7.949234803392158e-16 -1.893016993159691e-16  1.730169826852368e-15  5.828670879282072e-16
-4.639344464152373e-14  2.763067552535858e-14  3.585326480148865e-14 -3.816391647148976e-17     0.9999999999999923  4.215378046623641e-14  -6.74807432154978e-16  4.868067754459915e-17  6.589780804366896e-16  3.122502256758253e-16 -3.261280134836397e-16                      0
 1.930122728310835e-13  7.153999614928352e-15 -1.109390357356688e-13  1.210836986231811e-13   9.52293799372228e-14      0.999999999999985 -7.919012667834124e-16 -1.679429165180046e-16  4.972151163018523e-16  8.673617379884035e-17 -3.469446951953614e-17 -7.494005416219807e-16
-9.808126533172867e-15  2.220446049250313e-15  1.455432996344541e-15  5.944897352172518e-15 -7.258083023486961e-15  3.587408148320037e-15                      1 -2.274656157874588e-16  2.128288864589045e-16 -2.949029909160572e-17  -9.71445146547012e-17  7.632783294297951e-17
  5.92303983637521e-14 -1.450228825916611e-14 -3.927413949611491e-15 -2.906355711651543e-14  -3.83026943495679e-15 -1.296879270640261e-14 -4.779163176316104e-16                      1 -5.728924279413405e-16  1.040834085586084e-17  1.179611963664229e-16 -8.326672684688674e-17
-2.951805466722135e-14  3.301525719479059e-14  4.894695759816159e-14 -4.760428162775554e-14 -2.095545958979983e-14  4.191091917959966e-15 -3.989863994746656e-17 -4.591596200476111e-16                      1 -4.163336342344337e-17  2.706168622523819e-16 -5.551115123125783e-17
 3.358424649491099e-15  4.579669976578771e-16  3.434752482434078e-15 -6.144390551909851e-15 -1.387778780781446e-15 -4.163336342344337e-15 -3.903127820947816e-17   4.77048955893622e-17 -1.086370576830475e-16                      1  1.387778780781446e-17  2.775557561562891e-17
 -1.47798440153224e-14  3.361894096443052e-14  4.010680676458378e-14 -3.817085536539366e-14 -1.079691891447965e-14  5.891120924417237e-15  -2.90132501357121e-16 -1.052218208397182e-16  1.220811646218678e-16  8.673617379884035e-17     0.9999999999999999   1.52655665885959e-16
 5.551115123125783e-15 -7.049916206369744e-15  1.443289932012704e-15 -3.358424649491099e-15 -2.220446049250313e-16 -5.551115123125783e-15  2.220446049250313e-16  2.255140518769849e-17 -5.030698080332741e-17 -2.775557561562891e-17 -2.775557561562891e-17                      1
