12
2

0.03783760140570767
0.04330816530603254
  0.385825737449112
 0.5881461261494582
 0.8164380863567008
  0.921416940421994
   1.35466656842223
  1.438491184043045
  1.988379059611932
  2.873480539902149
  3.432683129656197
  6.317506781258913

   -0.4537839595309706      0.153521479163261     0.7440287570061247    -0.2512962996053282    0.07595872482177439   -0.02755024348662168    -0.3630659306535676     0.1239244058555238   0.002583258640221361  -0.001080336516834755   -0.00825016519449775   0.001968329716540347
  -0.04884494655589795    0.01657668106837831    -0.3152682684002475     0.1063942584984185     0.7868028922073759    -0.2691361770464111    -0.4180978174077924     0.1424253972777072  -0.005649059343331615   0.002670156469277324   0.001630704204392489 -0.0001142104758904609
   -0.5129692644472319     0.1411008591742312   -0.01208792881470752    0.01039875055725815     0.3054104161670194    -0.1429004978207133     0.6367919708809044    -0.3219991257918759    -0.2113507824736438    0.05741228953912531      -0.18555273617445     0.1068651548568023
    0.1356027190051521   -0.00829771232629699    0.09099704214645934   0.004968165806422942    0.05497778830868165   -0.02302194495738912    0.01305831197412599   -0.04847607535364842    0.03191964837477366     -0.707724281270991   -0.01223483885896554     0.6819990294220503
     0.669449719791207   -0.07756045555935512     0.4897307797540569   -0.06155881382779831     0.2864753072498798    -0.2811303577190324      0.189303161873883    -0.1987728157443859    -0.1784797539296659     0.1524323274500679   -0.06024323732485241   -0.08382804112548373
   0.04243299993002348   -0.01272706237353355   -0.03003466167975104   -0.01766325203420558   -0.05658081963795826     0.0455108697326386   -0.07829917455168296     0.1197839797113188   -0.01659573887906418     0.6752298774808275   -0.09319995803663754     0.7114595996331841
  -0.01098712148338094  -0.007437850252101532 -0.0008333758038258343    0.01672520255730737     0.1373497986664069     0.4611092693700056    -0.1962379399996191    -0.5031394365180134    -0.3743842703162248    0.05512795294940571     0.5741456532578066    0.05960103396992346
    0.1048962998944348    0.07745958271594768   -0.01787101173756566    -0.0168826223710943    0.09712782250904874     0.4995215867531286   -0.02115323855102135     0.3296336909540253    -0.5866836051229276    -0.1015519470094944    -0.5046838563569498   -0.07151698214843119
  -0.07319034221803752   -0.07233387258539047   -0.03624297357286139   -0.01316109406375578    -0.1768865316138391    -0.4204576941562511     0.1372090036676557     0.4717167468201459     -0.555349400785738   -0.04276533386845825     0.4761172163314281     0.0397273856638519
   0.03436500149219254      0.118218937363295      0.253142704845768     0.4997038039226405     0.2649623836985806     0.3563992604999564     0.3446389701229941     0.4140283984347307      0.295574694542617    0.03750400897982615     0.3080008655787357   0.001301080689627812
   -0.2007767073285927    -0.7490263408088847     0.1726345762848741     0.5361741799265746   -0.06725992763708775    -0.0559659920121491    -0.1267660157355288    -0.1087825170914719    -0.1145211902928852  -0.004424907362125791    -0.1807446568544858 -0.0003790899270196585
     0.047246401877161     0.6030727884232017    0.04842193500694077     0.6191700285349294    -0.2434898802942557    -0.2359443813979776    -0.2304509097393946    -0.1920626046875875    -0.1699684152235926   0.006631631680296039    -0.1202684193164696   0.002075840080354423

22.68806340863677
66.69551251625211
35.55873485948079
104.7689565441531
44.33295395189707
130.6665671282786
53.14607513449068
156.6948722342773
63.68864904005181
187.5593378991112
73.70460567431554
218.1384491417319

 2.957778316704133
0.3385005894187497

    0.1132668103843399   -0.03831036119449596    -0.0223924284339131    0.00765080882807846   -0.01408979405733334   0.004642373524901664   -0.07561331036937055    0.02535306265192668  0.0006138102937285742 -0.0001439833570618332  -0.002041454740978098  0.0001659621850032666
  -0.01181368387767492   0.003992215080215844   0.001281544724992725 -0.0004437335226215734  7.657205242459698e-05 -4.295002378325235e-05    0.01031164292544579  -0.003433657019231664 -1.855781297067227e-05  1.860147952522508e-05  0.0001283547242869683 -2.153049264685482e-05

-6.649901485248751e-05  4.611758326803354e-05   -0.01848553517677215   0.003749484542944442    0.02842480008467728    0.01358245836520115  0.0001369726962976357    0.04296780602251479   -0.01574784555465897    -0.1698904511518004     0.1650246539357449    0.03720193089189322
 4.116486628125098e-06  -8.50802247370988e-06   0.002126286811147655 -0.0004304547630358494  -0.003262601090120281  -0.001547015377231468 -0.0002444660483943502  -0.004890934081627149    0.00159998798795273    0.01932540171951111   -0.01876587020594266  -0.004023600489559212

cov:
   0.9641028128988611     2.934344301838615  -0.01647032797987306    0.0121297364664136   -0.0503971296421831   -0.1045158467137627  -0.04327865605447107   -0.1042925654949484   0.01260313618768975   0.07760161537891141   0.01268413579687894  -0.01098760022293351
    2.934344301838615     21.28214724809833    -0.128944960840958      10.6627571131133    -4.951948912606481    -4.632033112660925    -4.127162178233742    -3.331341409425267    -2.716946355313875    0.2185415241128046    -1.223493995041649   0.02787553735161452
 -0.01647032797987306    -0.128944960840958     1.144218955842746     3.314387796737253   0.06373795223070032    0.1229122222739586   0.06146527248264037     0.125076996411032     0.101763830012479    0.1021622703593527  -0.02411277058751086  -0.02140856594308872
   0.0121297364664136      10.6627571131133     3.314387796737253     20.75469159768193    -5.348921642562671     -4.68452552341666    -5.091694891343602    -3.770918393501679    -3.658989622360274    0.2806215341800426    -2.829102009174748   0.05063839438063204
  -0.0503971296421831    -4.951948912606481   0.06373795223070032    -5.348921642562671     3.250559887990638     3.564417805468328     3.012737545341078     2.408946747177449     2.522956924084494   0.03033043908807908     1.680455728461666  -0.07651588050845182
  -0.1045158467137627    -4.632033112660925    0.1229122222739586     -4.68452552341666     3.564417805468328     4.970787851775917     2.799950298261168     2.278576499251569     2.582886076046033   0.06554498922626738     1.342540372275715  -0.06950376742264272
 -0.04327865605447107    -4.127162178233742   0.06146527248264037    -5.091694891343602     3.012737545341078     2.799950298261168     3.525706023104576     3.465859563465368     2.393382636591007 -0.009677116244465055     2.307176997708374   -0.0562692384191309
  -0.1042925654949484    -3.331341409425267     0.125076996411032    -3.770918393501679     2.408946747177449     2.278576499251569     3.465859563465368     4.651047306091508     1.401445613618175  -0.05928924377817874     2.227711755155382   0.02620334916338985
  0.01260313618768975    -2.716946355313875     0.101763830012479    -3.658989622360274     2.522956924084494     2.582886076046033     2.393382636591007     1.401445613618175     4.246171218102116    0.1945518944337715    0.9984572160315009  -0.04763261968989905
  0.07760161537891141    0.2185415241128046    0.1021622703593527    0.2806215341800426   0.03033043908807908   0.06554498922626738 -0.009677116244465055  -0.05928924377817874    0.1945518944337715    0.6240796834542945   0.09846416259927007    0.2486095160400847
  0.01268413579687894    -1.223493995041649  -0.02411277058751086    -2.829102009174748     1.680455728461666     1.342540372275715     2.307176997708374     2.227711755155382    0.9984572160315009   0.09846416259927007     3.788723418775227    0.1476508587980747
 -0.01098760022293351   0.02787553735161452  -0.02140856594308872   0.05063839438063204  -0.07651588050845182  -0.06950376742264272   -0.0562692384191309   0.02620334916338985  -0.04763261968989905    0.2486095160400847    0.1476508587980747    0.6205544657279835

cov.inverse():
    147.608211962921   -49.64031391205238   -227.0500551152296     76.7760292951162   -45.30258553168299    15.97704733714137    123.9628156136805   -42.07665895609134  -0.1251712210111406 -0.01999979143387271     3.10832164716192  -0.7751399567211688
  -49.64031391205241    16.81465916623445    76.92007947454432   -26.00739749849951    15.36537762092481   -5.406149996895634   -42.03781728422177    14.28032668690906  0.04565722915792481 -0.05103375107513966    -1.05329139461707   0.2905091430980199
  -227.0500551152368    76.92007947454665    440.0525935598831   -148.4993387899822   -92.56881295170521      30.727992817838   -118.3020460549679    40.32882576459532    2.204558139381624    -1.11065760985841   -4.584347235480315     1.12635028655459
   76.77602929511852   -26.00739749850029   -148.4993387899822    50.21547525800928    31.30625492985267    -10.3995469962251    40.04857040219843   -13.67171251054733  -0.7580863450486647   0.3104574509281572    1.551292823796799  -0.3406812715775559
  -45.30258553166946     15.3653776209203   -92.56881295172855    31.30625492986056    334.8849402027978   -114.6935950850932   -193.2659344348474    65.53160507366488   -2.756373676248403    1.091079337356254  -0.1463266431360725   0.3000784330396681
    15.9770473371368   -5.406149996894094    30.72799281784595   -10.39954699622778   -114.6935950850932    39.70739745461153    66.23255872821336    -22.4967450208509    0.873710936878339  -0.4029808587443121   0.1107771770229517  -0.1024389638486745
   123.9628156136739   -42.03781728421954   -118.3020460549511    40.04857040219276   -193.2659344348579    66.23255872821693    188.0998200097422   -64.53551811154765  -0.3065882985676399  -0.1261202627822206   0.9017395812262315 -0.08444679347963659
  -42.07665895608919    14.28032668690834    40.32882576458965   -13.67171251054541    65.53160507366859   -22.49674502085216   -64.53551811154773    22.59083312461493   0.2578360170183241  0.09954646671699828  -0.3457108023645813 -0.06258870817354995
  -0.125171221011272  0.04565722915796921    2.204558139381728  -0.7580863450486998   -2.756373676248154   0.8737109368782537  -0.3065882985678625   0.2578360170184009   0.7059483550122672  -0.1859139399890198   0.2328448351432762 -0.07378040140728838
-0.01999979143380151 -0.05103375107516347   -1.110657609858521   0.3104574509281949    1.091079337356233  -0.4029808587443047  -0.1261202627821571  0.09954646671697619  -0.1859139399890208    2.053877441237247 -0.08757161953521454  -0.8042223383128652
   3.108321647161988   -1.053291394617093   -4.584347235480364    1.551292823796815  -0.1463266431362106   0.1107771770229988   0.9017395812263497  -0.3457108023646216   0.2328448351432766 -0.08757161953521526   0.6710367924731847  -0.1983711941105191
 -0.7751399567211787   0.2905091430980232     1.12635028655463  -0.3406812715775693   0.3000784330396234  -0.1024389638486593   -0.084446793479622 -0.06258870817355494 -0.07378040140728796   -0.804222338312865  -0.1983711941105193    2.035585816585163

cov*(cov_.inverse()):
     0.999999999999975  1.712345543136706e-14  1.776530311747848e-13  4.129509234562789e-15 -1.321009274191098e-13  1.023335062522168e-14  2.738033324373168e-14  7.752045533271357e-16  2.533780477098624e-16 -8.049116928532385e-16  -3.03142927426947e-16  3.122502256758253e-17
 7.240735788727193e-15      1.000000000000025  1.535091498361396e-13  2.073168026139882e-14  1.630119650375406e-14  3.517281951803675e-14  4.948905868440434e-14 -1.500232230111642e-14   -5.9761223747401e-16 -1.457167719820518e-16 -1.708702623837155e-16  2.081668171172169e-17
 1.395411564075744e-14  5.339478859056612e-15     0.9999999999998922  4.946043574705072e-14  1.887379141862766e-14  3.939990694812323e-15   6.16542407405607e-15  2.836923404525571e-15 -7.585078398708589e-16   2.42861286636753e-16  4.510281037539698e-16 -1.457167719820518e-16
-7.577966032457084e-14  3.585153007801267e-14 -2.108521690580289e-13      1.000000000000126  3.017187194531701e-13 -5.191333474208193e-14 -1.149514511356031e-13 -8.656183408950469e-14  6.982261990806649e-17  8.604228440844963e-16  2.692290834716005e-15 -8.326672684688674e-16
-1.297573160030652e-13  -2.46677678283902e-15  1.199318422351325e-13 -3.766778555736039e-14      0.999999999999804   4.84525614075082e-14  3.794013714308875e-14 -1.647033204266179e-14 -1.055579235131887e-15 -2.567390744445674e-16 -1.647987302177967e-15  1.387778780781446e-16
-7.265021917390868e-15 -1.457514664515713e-14 -4.153621890878867e-14  4.620262505916628e-14 -3.173850071647166e-14      1.000000000000002 -2.319325287380991e-15  1.482494682569779e-14 -1.493596912816031e-15 -2.775557561562891e-17 -9.870576578308032e-16  1.942890293094024e-16
-1.342398414649892e-13   3.00974523081976e-14  1.677963323842846e-13 -4.549485788096774e-14 -5.334968578019073e-14  1.021318446481345e-14       1.00000000000004  8.070800971982095e-15  6.349087922075114e-16 -4.093947403305265e-16 -5.464378949326942e-16  4.579669976578771e-16
-7.575537419590717e-14  2.979300833816367e-14  1.055162901497653e-13  1.656313974862655e-14  7.879114027886658e-15 -2.920580444154552e-14 -1.032576801840435e-13      1.000000000000001 -1.208234901017846e-15 -5.898059818321144e-17 -3.764349942869671e-16  3.747002708109903e-16
 3.622102617839573e-15 -5.943162628696541e-15 -1.089406342913435e-14  4.361094818605693e-15 -4.438116540939063e-14   2.74875608385905e-14 -1.645385216964002e-14  2.271186710922635e-14     0.9999999999999982                      0  2.203098814490545e-16 -1.249000902703301e-16
  7.91033905045424e-15 -2.609024107869118e-15   -1.5931700403371e-14  1.108835245844375e-14 -1.110223024625157e-15 -1.675742877793596e-15  8.819334151866087e-15 -6.418476861114186e-16 -3.157196726277789e-16                      1  1.387778780781446e-16 -1.110223024625157e-16
 3.631817069305043e-14  1.186550857568136e-15 -6.300515664747763e-15 -3.767819389821625e-15 -1.523503545541871e-13  1.908195823574488e-17  1.674355099012814e-14 -1.858409259813953e-14  6.938893903907228e-18 -2.220446049250313e-16      1.000000000000001  1.110223024625157e-16
 6.661338147750939e-16 -2.775557561562891e-16 -1.887379141862766e-15  -1.02695629777827e-15   5.10702591327572e-15  -1.52655665885959e-16 -1.290634266126744e-15 -6.730727086790012e-16  6.938893903907228e-18                      0 -1.387778780781446e-17                      1
