10
2

0.03766870226206567
 0.3994226199011569
 0.5998739059828186
 0.7609861837356025
  0.925731879923172
  1.228346450751723
  1.482898062526578
  2.082342079011734
  3.503054711859918
   4.04870409018003

   -0.1629091416320958     0.0723739207388194     0.7090835208861866    -0.3192355125990771     -0.549725807625176     0.2475035527219719 -0.0006855222356490487   0.003985247345534714 -0.0003580863225580772  -0.006238792409875136
   -0.5531273971731927     0.1974908222174697      0.330388734600646     -0.134585640466928     0.5788729382451525    -0.2550298109030201    -0.2686397554250827    0.02235619303319169    -0.2103044152286368     0.1036740052140215
   -0.1755976041115507     0.0528865038714383    0.03736465582002449   -0.01179339445666739    0.08122638578250831   -0.07147255648694636     0.8930717175430255     0.3279248624923128    -0.1315336344763359     0.1752550720769742
    0.1565368726920354   0.009745141553823276    0.03755952210093295   -0.08210795525266316    -0.3518144424055479    -0.8883749865061233   -0.03698776318753331   -0.06122518778268089   -0.03330109207105088     0.2191796208022586
   -0.7301947688468645     0.0731402763681151    -0.4582046892003871    0.09417545581402136    -0.4092988526846318    0.02794146188153616    0.01057685856017125    -0.2715764432853235    0.01429236416314458    0.01641229964247347
    0.1897420852285432    0.04957883436062518  -0.003156191790694278   0.004709240784393703    0.03954256331991907     0.2386208326608623    0.03824740630869911    -0.5019662833867594    -0.3976008219138724     0.7010597680329843
  -0.06932683160288722   -0.02260767306497545    -0.1722207324200202   -0.09812702300298011   -0.08986206878373516     0.1330417489617874    -0.2944421655413346     0.6262816041099816     0.2866236157095731     0.6070754139884115
     0.136909979662294      0.321098198946891    -0.3798805611552105    -0.7565218077718209   -0.02265916353528167     0.0515144961585929   -0.03215582408437592      0.106397623061397    -0.3346074947446588    -0.1844811913514259
  -0.07277687272238136    -0.3994513084389362   -0.02002108533320087    -0.5233135205746609     0.2263750629303263   -0.03598169982825825     0.1755249595126182    -0.3604241152909406     0.5789516083354201     0.1115545757933448
    0.1189070995126356     0.8257622973685707    0.03009061685950232    0.09160895090855227    0.05842145862668954   0.003766149835148675    0.09366479196626074    -0.1703599731435281     0.4997708898105145    0.06071472722767056

22.59611097911327
49.90122834033428
50.15733104529545
111.5066648400434
58.10722198698865
129.2435448005807
69.18084945058519
155.1419983742809
 99.5850595228946
222.0425281145008

 2.235269949426098
0.4481989914835282

    0.0707762712622602   -0.03165428470732246   -0.03698259594972582    0.01669681196077932   -0.03281247683949629    0.01480179801030304 -0.0006574368930894747  0.0002377647170921388 -0.0002548380526931765 -0.0004413628709509386
  -0.01367230072064993   0.006105885296568381   0.004289223231177659   -0.00191905169553053   0.009362365944453558  -0.004072037001090545  0.0002498206647142154   8.85006360076666e-05 -3.501039387420542e-05 -0.0002647103318684939

-3.358525555038444e-05   -0.01315312974415527  -0.007181552406145577   0.003663673461231734   -0.01861047163272794     0.0210288493403947    0.01200438297496959    0.01154479308765623    -0.1087509686568749    -0.3183952614569799
 2.420189091983365e-07   0.002682904383878336   0.001500026528768822 -0.0008743700960219282   0.003695241907208327  -0.004710659705723174  -0.002886176064502341  -0.001946298229367864    0.02089195009116384    0.06353409804378291

cov:
  0.9739906425786305    2.108847023251511   0.1348130420753025    0.159425104275041  0.09141258933112746  0.04703761245415029  0.01985806027774167  -0.0444898136823921    0.115809275368658 0.006730020465438403
   2.108847023251511    13.59925837012553 -0.03246441899000641    2.758044986299712  -0.3508992717285832   0.2976834209787839   0.3891585258166114  -0.4702069122384695    3.408632218241921  0.04927932349257164
  0.1348130420753025 -0.03246441899000641   0.9101158423230419    1.410713225690446   0.2284861057769298  -0.1701276541197217    0.160259202719594  -0.2946270679659407   0.5295961528744758  0.07931330654210027
   0.159425104275041    2.758044986299712    1.410713225690446    6.015655867592947   -1.300830685607559  0.09088553353139425  -0.8126506039163541    1.550132733266396   -1.926638463963388   -0.158114085932864
 0.09141258933112746  -0.3508992717285832   0.2284861057769298   -1.300830685607559   0.9786520058153313  0.03189553683092564   0.6460402434589726   -1.209160810761693    2.017914984576922   0.2723171844607523
 0.04703761245415029   0.2976834209787839  -0.1701276541197217  0.09088553353139425  0.03189553683092564   0.6224644826080572  -0.1440305869473135   0.1905410743904266  -0.3294075562774794   0.2222032337374533
 0.01985806027774167   0.3891585258166114    0.160259202719594  -0.8126506039163541   0.6460402434589726  -0.1440305869473135     1.01862127843524   -1.383920634170372    1.820063217470072  0.05394688275595741
 -0.0444898136823921  -0.4702069122384695  -0.2946270679659407    1.550132733266396   -1.209160810761693   0.1905410743904266   -1.383920634170372    3.465785515873383   -3.433199265452132  -0.4335122513218172
   0.115809275368658    3.408632218241921   0.5295961528744758   -1.926638463963388    2.017914984576922  -0.3294075562774794    1.820063217470072   -3.433199265452132    9.126196282580763    1.503852825480144
0.006730020465438403  0.04927932349257164  0.07931330654210027   -0.158114085932864   0.2723171844607523   0.2222032337374533  0.05394688275595741  -0.4335122513218172    1.503852825480144     1.95351258597439

cov.inverse():
    21.40333974040255    -9.054092459949342    -82.18047035843695     37.00530212386019     61.32786369090375    -27.73335917619329    0.5680002743298852   -0.5588395661417163    0.7438442111698981     0.379558370967824
    -9.05409245994934     4.030391263455996     36.51917934310703    -16.47779641077442    -27.35549850896144     12.29703322995081   -0.2350703636539281    0.2430283431003616   -0.3317289098160987    -0.156471472398438
   -82.18047035843688     36.51917934310701     355.3332134709327    -159.7924453737807    -273.3029655978766     123.0616486674252   -0.7885433949315298     2.156086744641408    -0.630255338409118    -2.912299725231699
    37.00530212386013     -16.4777964107744    -159.7924453737807     72.11771708955095     123.1916789126609    -55.35022556354799    0.3698984495178653   -0.9810418476369036    0.2910288682105869      1.28401383290553
    61.32786369090357    -27.35549850896138    -273.3029655978762     123.1916789126607     215.5132916558998     -96.3036703590824   -0.4733706884431764    -1.268494499148919   -0.6485511813945295     2.688589255029192
   -27.73335917619324     12.29703322995078     123.0616486674251    -55.35022556354796    -96.30367035908245     45.00405055844031    0.1769235381675576    0.6401313480917024    0.3003006970922212    -1.479370521198732
   0.5680002743298906   -0.2350703636539307   -0.7885433949315558    0.3698984495178773   -0.4733706884431551    0.1769235381675483     2.715277642225161    0.6713312877946667 -0.004680358459241751    0.1893879421755295
  -0.5588395661417359    0.2430283431003705       2.1560867446415   -0.9810418476369447    -1.268494499148991     0.640131348091735    0.6713312877946667    0.7660261528693049   0.03214960348346182   0.05957097028525091
   0.7438442111699083   -0.3317289098161034   -0.6302553384091649    0.2910288682106082   -0.6485511813944926    0.3003006970922047 -0.004680358459241926   0.03214960348346137    0.5380526284528642   -0.2957409634493036
   0.3795583709678128   -0.1564714723984331    -2.912299725231654     1.284013832905509     2.688589255029159    -1.479370521198717    0.1893879421755293   0.05957097028525209    -0.295740963449304    0.7658470056635628

cov*(cov_.inverse()):
     1.000000000000012 -6.143956871040857e-15  -3.37403716077489e-14  2.668872067790318e-14  6.082981340860272e-14 -2.838007606698056e-15  4.653395724307785e-16 -3.520946555146676e-16  3.794707603699266e-16  3.070460552478949e-16
-1.734723475976807e-17      1.000000000000002 -8.770761894538737e-15  1.415534356397075e-15  1.723621245730556e-14  2.117750419472486e-14 -1.769417945496343e-16  4.536301889679351e-16 -2.983724378680108e-16 -2.498001805406602e-16
 6.970118926474811e-15 -1.309716224362489e-15       1.00000000000001  2.493838469064258e-14  3.941291737419306e-14 -6.536438057480609e-15  3.469446951953614e-17 -5.637851296924623e-16   1.35308431126191e-16  7.840950111415168e-16
 2.835232049136494e-14  1.353431255957105e-14  5.384581669432009e-15     0.9999999999999529  1.265654248072678e-14 -3.208544541166702e-14 -1.040834085586084e-17 -8.291978215169138e-16  2.567390744445674e-16  1.235123114895487e-15
-6.425415755018093e-15  1.589006703994755e-15  1.998401444325282e-15 -1.937339177970898e-14     0.9999999999999715  3.380629109983602e-14 -6.245004513516506e-17 -2.220446049250313e-16 -8.326672684688674e-17 -4.440892098500626e-16
   3.4555691641458e-15   3.33066907387547e-16  8.548717289613705e-15  1.443289932012704e-15 -3.663735981263017e-15     0.9999999999999969 -4.163336342344337e-17  3.122502256758253e-17 -4.163336342344337e-17 -8.326672684688674e-17
 3.781697177629439e-16 -5.892855647893214e-15 -3.036459972349803e-14   4.85722573273506e-16  3.658184866139891e-14 -3.982925100842749e-15     0.9999999999999997 -3.751339516799845e-16  -9.71445146547012e-17  4.718447854656915e-16
-2.023381462379348e-14  1.720845688168993e-14  1.814104422237506e-13 -2.942091015256665e-14  -1.13242748511766e-13  2.498001805406602e-14  5.551115123125783e-17      1.000000000000001  7.216449660063518e-16  -1.77635683940025e-15
 8.548717289613705e-15 -5.301314942585122e-15  -8.43769498715119e-14  1.310063169057685e-14 -3.197442310920451e-14  9.769962616701378e-15 -5.551115123125783e-16 -3.469446951953614e-16     0.9999999999999996  1.332267629550188e-15
-1.110223024625157e-15 -7.216449660063518e-16  1.154631945610163e-14 -3.552713678800501e-15 -5.329070518200751e-15  3.108624468950438e-15 -1.110223024625157e-16 -5.551115123125783e-17  1.110223024625157e-16                      1
