10
2

0.2220368306860314
0.6604518089853273
0.9133464449158886
0.9937004303704328
 1.386381630508412
 1.604834642143655
 1.804030110029511
 2.038325747242306
 3.889105317552645
 7.866174363427668

  0.4204530730466983  -0.2579523775546108  -0.7119241841345333   0.4493661514691982   0.1355456869394477 -0.08339148711044754  0.05566695164344205 -0.06226063713730445  0.09518552291361626 -0.08094163732541915
  0.2460615584274441  -0.1288813152393008  0.02114317200126528 -0.03806906034974932   -0.853490632412598   0.3457601607603619  0.06098530008584037   -0.137576097585965    0.174126840940959  -0.1413652517189009
  0.7733987643770855 -0.04839621392207852   0.4401719896080447  -0.1253085137772743   0.2787670923278809  0.07730154048772549  -0.1407801284410846   0.2248959523573301  0.09895456512322345  -0.1618106728290466
  0.2941429884554336  0.04503185540279071   0.1159931347546909 -0.04607513798259449  0.06754873647364028  0.03774768908867132   0.4017287796810683  -0.5637729562250734  -0.2615121251641999   0.5850405444563118
 0.03163617685625528  0.02533771209041245 -0.04090805190280911 -0.04590079238715184 -0.04755340068945687  -0.1403137867673553  -0.7484421762648747  -0.2816764060877516   0.3954215407600029   0.4204307703747857
  0.2165729881404097   0.3467257725431427  -0.4263456217893124  -0.4928095704137614  -0.1896648854922602  -0.1280209802535872  0.02679827014461521   0.4809329130104176  -0.1528557058676535     0.31702349512674
 -0.1086932011006449  -0.1916019113988984   0.1596816636892007   0.2412304724027832 0.009162738718033801  0.07355631608922979    0.352141470489581    0.439194327503872   0.5592388759585596    0.482334158750543
 0.09621201859467117 -0.09405769296991057   0.2726971394636329   0.4145747738945174   -0.361142099213418  -0.6416696514658353 -0.09940037927690487   0.1934517397582761  -0.3656474295363684   0.1117802024992312
-0.09469022586850984  -0.7777926785407911 -0.04442917042782062  -0.2254450945908071  0.04466342853090769   0.2511959202428596  -0.2131116133777234   0.1669662047065193   -0.387718389910099   0.2110896329371111
0.008078749383845635   0.3756324827850967   0.0152040084148145   0.5029290571433339  0.01306504545650795   0.5914120062845533   -0.267941183452598   0.1998681662357108  -0.3254906868517475   0.1950470912682591

22.68740385924542
34.00811326934802
50.51766290176428
76.01306717587893
68.40385625794342
 103.076926744324
87.22764941596506
131.1448548019378
103.3657942368247
155.9935188585322

1.509085274154625
0.664568870569119

   0.05284149504252455   -0.03499393208049403   -0.05182828878903208     0.0342802295836166 -0.0004689596766138643   0.000312875966488069 -0.0002184943295965149   0.000139017469642048 -0.0003497112844358288  0.0003513051259506079
  -0.02266195138121573    0.01501324128379545    0.02177262894558416   -0.01441564498663391  0.0003119982872564334 -0.0001560499110052865  0.0005979827762088256 -7.427039723828657e-05  0.0001394343623805638 -0.0002838413309131589

  0.004110373963974412    0.00675097972013055    0.01277678727370907   0.006405414276215234   0.002775310871468081    0.01233301626200085   0.003031614949618132    0.03588924086192398     0.2590331267195818     0.2587776767256592
 -0.001737832082499118  -0.002927394611929127  -0.005697142169726381  -0.002671363433824167  -0.002016809060020152  -0.005282790399323105 -0.0009886024718145947   -0.01579043640111301    -0.1138591268058503    -0.1130279181433267

cov:
   0.9588207444357117     1.489524081476706    0.1886456981562024    0.2880074346716969   -0.2030479626492815   -0.3303663982244686  0.009967981538983112 -0.000830026331076399 -0.004075300891312345  -0.07968892751192611
    1.489524081476706     18.36248747443091    0.2824572432705929     13.58640563920176   -0.2200227019498541     10.85491886740576    -3.894486746516269     2.721947421640211    -3.353841190815804     2.050798919271086
   0.1886456981562024    0.2824572432705929     1.107569739027934     1.697042850456722   -0.1126628925809904   -0.1107701163148502  -0.01612793966271332   0.03623638484077898  -0.02791408595072848   0.04691772252254946
   0.2880074346716969     13.58640563920176     1.697042850456722     17.97848621786016   -0.1306935237563516     16.65792469162746    -7.477606781115272     5.745982972299727    -8.837927083973652      5.47259099003189
  -0.2030479626492815   -0.2200227019498541   -0.1126628925809904   -0.1306935237563516     1.067865487163866     1.579372917700554    -0.173885050092221   -0.1464838661023905   0.02016848247418527  0.007135528328159223
  -0.3303663982244686     10.85491886740576   -0.1107701163148502     16.65792469162746     1.579372917700554     24.46411464419473    -10.05772059674315     7.428254633249102    -12.30934481449908     7.529614401233444
 0.009967981538983112    -3.894486746516269  -0.01612793966271332    -7.477606781115272    -0.173885050092221    -10.05772059674315     6.830022712229101    -3.243903179929116     6.748239541413599    -3.743377280508769
-0.000830026331076399     2.721947421640211   0.03623638484077898     5.745982972299727   -0.1464838661023905     7.428254633249102    -3.243903179929116     4.789406554373796     -4.74907990055475     3.542287570295566
-0.004075300891312345    -3.353841190815804  -0.02791408595072848    -8.837927083973652   0.02016848247418527    -12.30934481449908     6.748239541413599     -4.74907990055475     10.85257831534956    -4.438952516293272
 -0.07968892751192611     2.050798919271086   0.04691772252254946      5.47259099003189  0.007135528328159223     7.529614401233444    -3.743377280508769     3.542287570295566    -4.438952516293272     4.804471361528547

cov.inverse():
    4.554428851662919    -2.265365510344011    -5.652267468576821     3.641823555274923    0.9274192377523893   -0.4651243503356982    0.4754730041754652   -0.5434285674244743    0.8927430505097115   -0.7270277650574055
   -2.265365510344008     1.495314668268855     3.627346805408813    -2.410675224015576   -0.4908668218436894    0.3131867919388077   -0.2982025702253226    0.3510787744893518   -0.5892007553532108    0.5089684497138459
    -5.65226746857684      3.62734680540882     10.62480110537244    -6.440083016418166    -1.834668891422952     1.251280800834019   -0.8051913667031462    0.9050379138813768    -1.323210180749796     1.114334749382241
    3.641823555274941    -2.410675224015581    -6.440083016418163     4.282297008813408      1.26645375001808    -0.833317186777927    0.5344037328723593   -0.5972714949391988    0.8776495629408519   -0.7537844176147891
    0.927419237752395   -0.4908668218436918    -1.834668891422956     1.266453750018083     2.187135339726496   -0.8076495885933489   0.03964803203346104   0.09110780060666598  -0.03021055562778912 -0.001428420525718674
  -0.4651243503357035    0.3131867919388106     1.251280800834025   -0.8333171867779311   -0.8076495885933491    0.5509308615279763   0.02700826242152785  -0.02306082476966492   0.01448361641285184  -0.01521565535835739
   0.4754730041754645   -0.2982025702253221   -0.8051913667031437     0.534403732872358   0.03964803203346025   0.02700826242152854    0.5949419753481289   -0.2024906831613526    -0.070706401581579   0.03944524861434109
  -0.5434285674244745    0.3510787744893518    0.9050379138813757   -0.5972714949391981   0.09110780060666693  -0.02306082476966583   -0.2024906831613527    0.7063837308313287  -0.03252157103501988    -0.160001568353389
   0.8927430505097125     -0.58920075535321    -1.323210180749792    0.8776495629408496  -0.03021055562778999   0.01448361641285296  -0.07070640158157911  -0.03252157103501936    0.5646324669814887   -0.2525574056710824
  -0.7270277650574039     0.508968449713845     1.114334749382237   -0.7537844176147868 -0.001428420525717278  -0.01521565535835862   0.03944524861434124   -0.1600015683533891   -0.2525574056710824    0.7657578473247985

cov*(cov_.inverse()):
    0.9999999999999987  -9.71445146547012e-16  1.094957458036561e-14 -1.229571999772361e-14 -2.408338285742051e-15  1.053410830786916e-15  -4.77048955893622e-17  1.249000902703301e-16 -2.175343238874916e-15 -9.020562075079397e-17
  1.77635683940025e-15     0.9999999999999967   1.06581410364015e-14  2.442490654175344e-15 -4.349819116011844e-16 -5.100087019371813e-16  8.049116928532385e-16  1.665334536937735e-16 -5.551115123125783e-16                      0
-2.602085213965211e-15   1.19002030452009e-15      1.000000000000004 -5.037636974236648e-15 -8.716443365697213e-16  4.189357194483989e-16 -2.517517444511341e-16  7.806255641895632e-17 -7.702172233337023e-16  6.314393452555578e-16
-1.154631945610163e-14 -4.440892098500626e-16  4.440892098500626e-15      1.000000000000006 -4.388850394221322e-16 -1.304512053934559e-15 -3.608224830031759e-16  2.664535259100376e-15                      0                      0
-8.543513119185775e-16  7.606762442158299e-16 -1.731254029024853e-15  2.322794734332945e-15      1.000000000000001 -4.066706823721566e-16 -8.131516293641283e-17  2.357055522983487e-16   7.37257477290143e-17  1.595945597898663e-16
 -1.06581410364015e-14 -1.332267629550188e-15  -1.77635683940025e-15  5.329070518200751e-15  6.543376951384516e-15      0.999999999999999 -2.775557561562891e-16   1.77635683940025e-15   3.33066907387547e-15                      0
 2.664535259100376e-15   3.33066907387547e-15 -4.440892098500626e-15 -1.332267629550188e-15  -1.43982048506075e-16    -5.759281940243e-16     0.9999999999999997 -2.220446049250313e-16 -6.661338147750939e-16                      0
 8.881784197001252e-16 -2.664535259100376e-15 -4.884981308350689e-15  2.664535259100376e-15  4.139050213680662e-15 -7.355227538141662e-16  4.996003610813204e-16                      1  -3.33066907387547e-16  4.440892098500626e-16
-3.552713678800501e-15  3.996802888650564e-15  8.881784197001252e-15 -3.552713678800501e-15 -1.264613413987092e-15  6.938893903907228e-17 -1.748601263784622e-15  9.992007221626409e-16                      1  8.881784197001252e-16
-2.220446049250313e-15 -8.881784197001252e-16  4.440892098500626e-15  1.332267629550188e-15  1.405126015541214e-15  1.387778780781446e-16  1.387778780781446e-16  7.771561172376096e-16                      0                      1
