10
2

 0.388757207419301
0.8906960571337313
0.9488130271031269
0.9908066932981358
 1.034230673776649
 1.144512118708045
 1.559480808983982
  1.58483666376468
 4.464673862325007
 55.95224375872143

    0.2567151064923695    -0.4522407621432385    -0.3869530418307903     0.7353790387083344    0.04147701692626565   -0.06285390549781901    0.05022280982355309   -0.09421603988110827    0.06745706099153244    -0.1320615604804168
    0.6621215245140989     0.1343342802377869   0.004164596023456446    -0.1588287760367323     0.6855920416233348    -0.1097909383668237  -0.005875967265201469    0.05222650398414681    -0.1677753512999641     0.0728303719096802
   -0.2979351590375846   -0.01471964616321173     0.2545688051256212      0.123598283489137     0.3839423776925385   -0.06704226214994741     0.7566763813809215    -0.1238364123170852     0.2883229649078346    0.08947072845692063
  -0.03617709296741822     0.0575818989399681    -0.1729892463825235    0.01878578561332175    -0.1749485840279435   -0.01999471951333318      0.376322542968283    -0.2615050883263541    -0.8254806807358143     0.2065638885605096
   -0.5784469931116767    0.01401397059513569  0.0002525419944486162     0.2267521557116741     0.4692994335976143    -0.3628290950508097    -0.4245711193276486    0.08647033853591829    -0.2677642095306694    0.04963611166483987
   -0.1554184969022511     0.2519584107416519    -0.8550449223225234     -0.261687603775008    0.07596519006831337    -0.1143349553257791     0.1205667615138157    0.03613299908393829     0.2559022009432447     0.1122887472294623
   -0.1834551098263047    -0.2461797332479229    -0.1433602855420656    -0.1637138066989733     0.2407851237267011     0.5252841302398855     0.1431120410655337     0.4002516203578682    -0.2417915912398103    -0.5341712242911932
    0.1130618912996333    0.09503492253006135     0.0600833355656868    0.05108221548257588    -0.2573597658369312    -0.5923236011356933      0.260740604084115     0.6599388982298331   -0.08376508681076048    -0.2106254328583894
  -0.02058386657186122    -0.7869816149927256   -0.01598061958990354    -0.4154875994959611 -0.0004787059982325083    -0.1845876778525322   0.001281103705991281     0.1131207929062989   0.009436233388204717     0.4004885504899812
  5.15697408993686e-05     0.1457554771740146  4.240180756130963e-05     0.3105207839126385  0.0001748477960724245     0.4165815306871498  2.011033405233224e-05     0.5360742728592782 -0.0002753921182826524      0.649165829835841

22.67950702297621
9.939437117560161
 50.5143691927232
22.30764872852263
68.31810982511131
30.22797022727438
88.52903984124148
39.20083412615157
107.7388573673246
47.71642543519033

0.4443063024013233
  19.4474178479884

  0.009830644819788927   -0.02217276743230626  -0.006178096821283423    0.01385218539360063 -0.0006684488676208123   0.001534696439143146  -0.001283082546007582   0.002890023436824579  -0.001833202431980251   0.004096404229733177
    -9.393400149015253     -7.343322671933357      -20.0096265146457      7.180598231644288     -20.70875469278773      4.387551054679858      9.056439170347799     -2.246916195335291      10.81254523271154     -3.379602979539099

 0.003627593789999338  0.001144208810116216 -0.003883224124393729 0.0008871273208576757 -0.002395401898648936 -0.007522192212351713  0.005219726643661111 -0.001338445468233469    0.2642380379739245     18.52731870905412
    2.212618870084229    -20.10330221912946    0.3614052049024218     1.394636756135448    -12.25698683310054     21.17222327324393     5.180302683544247     2.059772911139031     20.22675858369778    -1311.799618950316

cov:
  0.9509116635001733   0.4782128123516816     0.18654398328636   0.1324181068583503  -0.2211454435727307 -0.05322438384468007  0.03036423252271502  0.05438911712006227   0.0602203460944981  0.06722421639233328
  0.4782128123516816     79.1572842288068   0.1017530549104916    148.1710024325972 -0.03093681265745381     192.479235894921  0.00625150919730849    242.7714391135333  -0.1414542818039106    290.2728923455649
    0.18654398328636   0.1017530549104916    1.132183609735123   0.5131241114307086 -0.09002934045740418 -0.03912473271384506 -0.03955941680976011 -0.02356264897503887 -0.01631082460916496 -0.01931248643248585
  0.1324181068583503    148.1710024325972   0.5131241114307086    305.6408675279407  0.09055233970026261    406.1664913901532 -0.06143421505105354    520.0968678465346  -0.3675156523158797    627.9077784315539
 -0.2211454435727307 -0.03093681265745381 -0.09002934045740418  0.09055233970026261       1.086510247787   0.6469185209931114   -0.091844779935638   0.1770766668050338 -0.04603219440753511   0.2451955463488893
-0.05322438384468007     192.479235894921 -0.03912473271384506    406.1664913901532   0.6469185209931114    545.6981403858392 -0.08988311612347447    698.2165589690254  -0.4997761193812785    844.7309615016843
 0.03036423252271502  0.00625150919730849 -0.03955941680976011 -0.06143421505105354   -0.091844779935638 -0.08988311612347447     1.08733711108984   0.3926544860951903  -0.0840360227735544   -0.141648341229622
 0.05438911712006227    242.7714391135333 -0.02356264897503887    520.0968678465346   0.1770766668050338    698.2165589690254   0.3926544860951903    901.5062619368854  -0.6559030275514962    1089.456649983362
  0.0602203460944981  -0.1414542818039106 -0.01631082460916496  -0.3675156523158797 -0.04603219440753511  -0.4997761193812785  -0.0840360227735544  -0.6559030275514962    1.091091650597247  -0.2577158052189832
 0.06722421639233328    290.2728923455649 -0.01931248643248585    627.9077784315539   0.2451955463488893    844.7309615016843   -0.141648341229622    1089.456649983362  -0.2577158052189832    1323.385950387378

cov.inverse():
   1.438809069801274  -0.6671293282553893  -0.6168335179831039    0.998470695474185   0.2294774134810184 -0.03178836407573331  0.03235490080037942  -0.1174805298240496  0.03845916672156433  -0.2105249827826823
 -0.6671293282553895      1.4878689347857   0.9972491307556072   -2.240767866298139 -0.03789572052258307  0.07439102807528325  -0.1286216027202043   0.2655531112146721  -0.2167497124944056   0.4707303002497574
 -0.6168335179831005   0.9972491307555993    1.661264183252122   -1.669953563262003 -0.03302412563403253   0.1744788553875472 -0.06196260883864424   0.2211006293614746  -0.1014646966947755   0.2802522731684259
  0.9984706954741766    -2.24076786629812   -1.669953563262003    3.748433676136547    0.176804616936505  -0.3910344946712629    0.238189814919627  -0.4956129947330961   0.2921001944515093  -0.6294478045190716
  0.2294774134810115 -0.03789572052256766 -0.03302412563402158   0.1768046169364804     1.05930444373816  -0.1902763192892618  0.07251757364016406   0.0251043757743092  0.02560177640993434  0.02501639389282554
-0.03178836407571779  0.07439102807524843   0.1744788553875222  -0.3910344946712068  -0.1902763192892616   0.4346944987448889  0.01881539940383114 -0.05613727468137868  0.02643883449317317 -0.06199191727964441
 0.03235490080038128  -0.1286216027202084  -0.0619626088386484   0.2381898149196363  0.07251757364016621   0.0188153994038262    1.012106906602151  -0.1749562234791658  0.05647691350194572  0.04732116384703728
  -0.117480529824054   0.2655531112146822   0.2211006293614846  -0.4956129947331183  0.02510437577430449   -0.056137274681368   -0.174956223479166   0.3968564988347422  0.05079642606161079  -0.1139700417859472
 0.03845916672156514  -0.2167497124944075  -0.1014646966947781   0.2921001944515151   0.0256017764099364   0.0264388344931685  0.05647691350194543  0.05079642606161158    0.995914308325112  -0.1495525806774617
 -0.2105249827826845   0.4707303002497624   0.2802522731684318  -0.6294478045190849  0.02501639389282108 -0.06199191727963428   0.0473211638470378  -0.1139700417859488  -0.1495525806774618   0.3295398672075627

cov*(cov_.inverse()):
                     1 -4.163336342344337e-17  1.734723475976807e-17  2.775557561562891e-17  7.068998164605489e-17  1.734723475976807e-18  2.602085213965211e-18 -1.040834085586084e-17  8.673617379884035e-18 -4.510281037539698e-17
-2.842170943040401e-14      1.000000000000057 -9.947598300641403e-14  2.842170943040401e-14 -4.440892098500626e-15 -3.552713678800501e-15                      0  2.131628207280301e-14 -7.105427357601002e-15                      0
 1.084202172485504e-16 -1.647987302177967e-16     0.9999999999999999 -2.498001805406602e-16  2.265982540494704e-17  -7.37257477290143e-18 -8.456776945386935e-18  1.127570259384925e-17  2.168404344971009e-17  5.204170427930421e-17
-5.684341886080801e-14 -5.684341886080801e-14  5.684341886080801e-14     0.9999999999999432   1.06581410364015e-14 -7.105427357601002e-15  -1.77635683940025e-14  7.105427357601002e-14                      0 -2.842170943040401e-14
-3.469446951953614e-17  1.387778780781446e-17 -6.938893903907228e-17 -2.775557561562891e-17                      1 -3.469446951953614e-18  1.908195823574488e-17  2.775557561562891e-17 -1.387778780781446e-17 -1.387778780781446e-17
-8.526512829121202e-14  2.273736754432321e-13                      0                      0    1.4210854715202e-14      1.000000000000007    1.4210854715202e-14   -1.4210854715202e-14 -2.842170943040401e-14  5.684341886080801e-14
-6.938893903907228e-18  2.775557561562891e-17  2.775557561562891e-17 -1.387778780781446e-17  7.806255641895632e-18  6.938893903907228e-18                      1   7.28583859910259e-17  1.387778780781446e-17                      0
 5.684341886080801e-14 -4.547473508864641e-13 -3.410605131648481e-13  3.410605131648481e-13  2.842170943040401e-14 -5.684341886080801e-14  2.131628207280301e-14                      1  2.842170943040401e-14  -1.13686837721616e-13
 7.632783294297951e-17 -1.387778780781446e-16                      0  2.498001805406602e-16  1.474514954580286e-17 -1.387778780781446e-17 -3.122502256758253e-17 -1.387778780781446e-17                      1 -1.387778780781446e-17
-5.684341886080801e-14   1.13686837721616e-13                      0                      0  7.105427357601002e-15                      0   -1.4210854715202e-14  2.842170943040401e-14                      0      1.000000000000057
