12
2

0.04927588827202788
 0.2228546299308933
 0.5510695284339904
 0.6854417205290243
 0.8877617412552649
 0.9412310560360065
  1.680712131777736
  1.939203065880528
  2.395029481644406
  2.492688681735018
  4.260716271918299
  5.666208455205003

     0.385549348432861    -0.2281120691247036    -0.6995339345650563     0.4184548678674775     0.3153740369997793    -0.1881252475333828   0.003381628427972401 -3.032292852233924e-07  0.0002496774464975216  0.0002780268901019924  0.0006240078249282713  0.0007248345259996737
    0.4457972819934075    -0.2438883654067747   -0.07859068102093542      0.040666090868642    -0.7096505908861614     0.4054382761004388     0.1568919738495928   -0.07751230456491669      0.132149427570822   -0.07374071120565776     0.1020312819467175   -0.04510067199907687
    -0.030960855149303    0.05085498529246766   -0.02859812247874412   0.008998703909557121   -0.01423534696186343   -0.01098714454122282     0.6574124919142752    -0.2597723233949873    -0.5337298867108274     0.4580686031256052   -0.01969536491372461   -0.02185898272617333
    0.1541549862085073    -0.0726022456198266    0.05788166750422358   -0.01333149731070685   -0.09069536531155797  -0.003110650944722791     -0.571152256048122     0.1884485001902309    -0.3832289981851077     0.4987716280343484     0.3259446656748842    -0.3091869152945937
   -0.3749856692650856    0.03921925557241308    -0.4003518108245131   0.000398428126469029    -0.3714123537864069    0.04661716442140856    -0.2922504124390566  -0.002863776071545122   -0.08862972814921197     0.2577805053348038    -0.3712264667087792     0.5098156118511187
    0.6135335733921876  -0.001776557294869423     0.4022196834211316    -0.0471746152593458     0.1501788038481557   -0.08929327975399753   -0.05714446669423488     0.1336031734367918   -0.06333030839060873     0.1638842892032905    -0.3415441275995246     0.5102977952545484
   -0.2262560841460691    -0.5218575520960639     0.2675217226869085     0.3650658271196472     0.2974043613017883     0.4832839753975421    -0.1238416129337696    -0.3206469134910048    0.04872127815803037      0.129745545184849   -0.02499983763754455     0.1078672560232137
    0.1477595642227374     0.2040156260329246    0.09788109245670989     0.1253050530440317    -0.1451460470716254    -0.2804536730423758    -0.2987954485364466    -0.7680046554901263   -0.06491905074838275    -0.1240137273343059     -0.254184199462374    -0.2196079855979396
   -0.1426804212877557   -0.09365050775546033     0.2507462340103602     0.5278559957098634    -0.2634799656057056    -0.3772453465726158     0.1463815507807997     0.2882334581310641     0.3096316838571097       0.27903973420953    -0.2704605688761114    -0.2573724011756069
    0.1202422038704402      0.201938188647351    -0.1818416799467697    -0.3170123783355633     0.2171567020383667     0.3355507058691092   0.008271336247291051   -0.06020735414336841     0.4536562332988645     0.4463852077270536      -0.35415476428134    -0.3424405891436717
  -0.02841311374574112    -0.4043356024440108   -0.02703661899303835    -0.2202573716065168   0.004186555873971793    0.04495774754799902   -0.02117076537565043      0.220610496239925    -0.4053431809570712    -0.3124094099898554     -0.585382978868572    -0.3615649908796258
   0.04699522801932424      0.593371989557269    0.02063403672695842     0.4941062230212104    0.04351057010828133     0.4698985654449994   -0.04161676937674559     0.2124177472176428    -0.2576263857992551    -0.1889907973262166    -0.1483831779128185   -0.08646893942937064

22.73124387015047
37.60810452967429
35.53294265745654
59.04752957003299
50.51727643922859
84.14683081429963
67.78160487078301
112.9481876273871
78.04409883391651
 131.744032664643
 92.7112310306689
155.2690821630128

 1.674714323734223
0.5982784691163721

   0.06246797499118424   -0.03744951740179452   -0.00632369555027531   0.003760327796898873   -0.05542138499939603    0.03326086719110042 -0.0003096583354764021  0.0001978772597665528 -0.0001854837855410991  6.094785960732629e-05 -0.0003666987369208038  0.0001971299157828416
  -0.02211257504753813    0.01326226654724744   0.002491554247036894  -0.001500548927194317    0.01899414967409166   -0.01139490256778823  0.0001409908188917839 -6.573413657029307e-05  0.0002424194258729703 -0.0001592528576596529  6.576654194925555e-05   0.000218735273250792

 3.614854384952604e-05   0.004485037136726936  -0.001009885573614281   0.007982733373894799  0.0001050468874334494    0.02185593619402396    0.01323890118676898  0.0005760688413038917   -0.01681775761115615  -0.006069525626219162     0.2582008679551092    -0.1352272168841161
-1.405146065879655e-05  -0.001558480648452379  0.0003129343710301211  -0.002915810132372447  0.0001667861843643492  -0.007633542379640133  -0.004634013055358627 -0.0004488273529032614   0.005724777332027572   0.001794906863619405   -0.09235384004425222    0.04916670462108851

cov:
   0.9848708178004331     1.754360812879793  -0.07358667729358849  0.001049317368088062    0.3401876536355019    0.7269085997312854   -0.2411338763238669   -0.2081429605884303   -0.1893651921750412   -0.1276361871834548    -0.140324523749638  -0.07662538695300372
    1.754360812879793     15.50914109297177   -0.1046703837294908       9.9064279155624     0.662001076390253     8.314725249741455   -0.7335775907661842     2.070676480394776    -1.650831171846852    -1.184816286715757    0.9891743047666529    0.4134559594818208
 -0.07358667729358849   -0.1046703837294908     1.104206775223942     1.856603756661413    -0.255642688766428   -0.4182946163831343    0.0304417109603476   0.04623579342591719    -0.026927927684677  -0.03554128796153792   0.09176563314044107    0.1505209034106251
 0.001049317368088062       9.9064279155624     1.856603756661413     11.37988296022617   -0.3207054668239342     5.841970714773773   -0.4091293510456657     2.778771746153749    -2.398743993699231    -1.716736083013533   -0.2678724042963825  -0.04239848906201393
   0.3401876536355019     0.662001076390253    -0.255642688766428   -0.3207054668239342     1.239278225938617     2.202063526276538   -0.1168586866043986  -0.03910521401817001   -0.1386810857286198 -0.004773604274902638   -0.1573093878365818  -0.07733699462858087
   0.7269085997312854     8.314725249741455   -0.4182946163831343     5.841970714773773     2.202063526276538     9.614385580972497   -0.8030064200865217     2.996038899479993    -3.799949825178779    -2.478644312413943    -2.620509439499563    -1.399790878295542
  -0.2411338763238669   -0.7335775907661842    0.0304417109603476   -0.4091293510456657   -0.1168586866043986   -0.8030064200865217    0.9220777564521614    0.7362987888267019    0.8601471494701992    0.6131465822404371    0.4844867148538055    0.1648034005105447
  -0.2081429605884303     2.070676480394776   0.04623579342591719     2.778771746153749  -0.03910521401817001     2.996038899479993    0.7362987888267019     5.393049446931152    -2.894385117527308    -1.977931228206282    -2.923848778971464    -1.764841931997884
  -0.1893651921750412    -1.650831171846852    -0.026927927684677    -2.398743993699231   -0.1386810857286198    -3.799949825178779    0.8601471494701992    -2.894385117527308     7.130996357917695     5.472330073730963     4.105082786788675     2.016527924936654
  -0.1276361871834548    -1.184816286715757  -0.03554128796153792    -1.716736083013533 -0.004773604274902638    -2.478644312413943    0.6131465822404371    -1.977931228206282     5.472330073730963     4.965697539677302     2.862727522825798      1.45777561531157
   -0.140324523749638    0.9891743047666529   0.09176563314044107   -0.2678724042963825   -0.1573093878365818    -2.620509439499563    0.4844867148538055    -2.923848778971464     4.105082786788675     2.862727522825798      8.63384271564575     5.258371281809787
 -0.07662538695300372    0.4134559594818208    0.1505209034106251  -0.04239848906201393  -0.07733699462858087    -1.399790878295542    0.1648034005105447    -1.764841931997884     2.016527924936654      1.45777561531157     5.258371281809787     4.416794107229665

cov.inverse():
    65.90822350075884    -38.40144803701135    -111.3176650783887       66.728960582185     43.94056407726401    -26.34942228021243     1.784975051480283   -0.5264753268169443     1.147716451231923   -0.5233273743690611     1.056575677044067    -0.295179657992516
   -38.40144803701133     22.78517483530399     66.01691743738756    -39.57380325306173    -26.20118456187826     15.60404058662916    -0.899975144362983    0.3175591108226463   -0.7054203935508854    0.3308569670048393   -0.6370977927269531     0.189532763115431
   -111.3176650783892     66.01691743738795     202.0985456529351    -120.5735345372189     -89.4820106859906     53.50570175627416    -1.245616880163501     0.196351063493822   -0.2581097819717115  0.006896493665086002   -0.2753787795832476   -0.1970272020828014
    66.72896058218547    -39.57380325306197    -120.5735345372189      72.2782868559088     53.76254447957442     -32.0765415830398    0.7365338534743968   -0.1205236502609138    0.1600555683608462 -0.005220696902717746    0.1855510524797748   0.07266295226837848
    43.94056407726472    -26.20118456187872    -89.48201068599155     53.76254447957496     51.37768499175349    -30.17241689154976     -1.60313025352607     1.088208836110318    -1.716996533494993    0.8992372039995828    -1.314934943879939    0.6650306856588519
   -26.34942228021298      15.6040405866295     53.50570175627493    -32.07654158304024    -30.17241689154986     18.05108790683201    0.9785244092654021   -0.6543738383554147     1.094996853357413   -0.6110143469305448    0.8053364002911373   -0.4116777403501933
     1.78497505148017   -0.8999751443629169    -1.245616880163295    0.7365338534742728    -1.603130253526167    0.9785244092654615     2.762909537507297   -0.9620525516096949   -0.2224631605274374   0.05907378144850097   0.05880049909237794  -0.02865732663437306
  -0.5264753268168619    0.3175591108225974    0.1963510634936715   -0.1205236502608237     1.088208836110387   -0.6543738383554559   -0.9620525516096944    0.6513347231484833   0.09963333021397411  -0.03766869359362324  -0.02532244794227288   0.05820410204093873
    1.147716451231894   -0.7054203935508689   -0.2581097819716615    0.1600555683608161    -1.716996533495014     1.094996853357426    -0.222463160527439   0.09963333021397479     1.679715248258217    -1.388281491052686   0.08423001562659961    0.0523950255175235
  -0.5233273743688981    0.3308569670047429  0.006896493664786111 -0.005220696902538519    0.8992372039997214   -0.6110143469306276   0.05907378144850183  -0.03766869359362304    -1.388281491052685     1.506782283349927  -0.04013059309356832  -0.05119951986165947
    1.056575677044104   -0.6370977927269753   -0.2753787795833206    0.1855510524798181    -1.314934943879902    0.8053364002911152   0.05880049909237791  -0.02532244794227259   0.08423001562659753  -0.04013059309356672    0.8136119258633299   -0.6848192952136574
  -0.2951796579925812    0.1895327631154697   -0.1970272020826775   0.07266295226830449    0.6650306856587914   -0.4116777403501571  -0.02865732663437356   0.05820410204093857   0.05239502551752593   -0.0511995198616615    -0.684819295213657    0.9247394818519841

cov*(cov_.inverse()):
    0.9999999999999296   3.83547360538472e-14  1.063229365660945e-13 -1.883484687659198e-13 -3.333444631437033e-14  2.655514697025296e-14  1.278924882663901e-15  -1.48318857196017e-16 -3.903127820947816e-17 -2.159730727591125e-16  7.632783294297951e-17  4.163336342344337e-17
-1.459943277382081e-14     0.9999999999999961 -1.168509733417977e-13 -2.340141969092713e-14  2.547961841514734e-14  3.683164884193957e-14   1.43982048506075e-16  1.422473250300982e-16  -7.28583859910259e-17  2.116362640691705e-16                      0  1.110223024625157e-16
   9.3119956190435e-15  3.396588565962588e-15     0.9999999999999758  1.369911128978885e-14   7.78543896018391e-15   5.80785419757035e-15  1.118896642005041e-16  2.706168622523819e-16   6.38378239159465e-16  8.500145032286355e-16  8.465450562766819e-16 -6.661338147750939e-16
-9.057685157465301e-14 -6.535570695742621e-14 -2.603021964642238e-13      1.000000000000283  7.180020467068005e-14 -2.575370472435168e-14 -6.186457596202288e-16  8.716985466783456e-17  2.513180635821399e-15 -1.444157293750692e-16  4.787836793695988e-16 -2.775557561562891e-16
  7.44890260584441e-15 -4.180683577104105e-15 -5.275467562793068e-14 -1.988166575817019e-14      1.000000000000039 -1.312838726619248e-14  9.055256544598933e-16 -1.049507702965968e-16 -5.611830444784971e-16 -4.076600168545497e-17  -1.52655665885959e-16  1.110223024625157e-16
-8.609779555968089e-14 -1.515454428613339e-14 -1.201261312644419e-13 -4.556077737305486e-14  2.597921877622866e-14      1.000000000000053 -1.824929096727601e-15  8.465450562766819e-16 -8.881784197001252e-16  1.235123114895487e-15 -9.992007221626409e-16 -4.440892098500626e-16
 9.492406860545088e-15 -5.214578768786282e-15 -3.927413949611491e-15  3.105155021998485e-14  5.342948306008566e-15  -3.05311331771918e-15     0.9999999999999996  1.249000902703301e-16  1.925543058334256e-16  1.734723475976807e-17 -1.110223024625157e-16  1.665334536937735e-16
 1.221245327087672e-14 -2.020605904817785e-14 -6.861178292183467e-14  6.875056079991282e-14  2.575717417130363e-14 -9.547918011776346e-15 -2.289834988289385e-16     0.9999999999999996 -7.632783294297951e-16  1.013078509970455e-15 -4.440892098500626e-16  2.220446049250313e-16
 8.881784197001252e-15 -7.771561172376096e-16 -7.494005416219807e-15  7.494005416219807e-15 -1.287858708565182e-14 -6.328271240363392e-15  2.775557561562891e-16  2.081668171172169e-16     0.9999999999999996 -1.790234627208065e-15  8.881784197001252e-16 -6.661338147750939e-16
 3.386180225106727e-15 -7.882583474838611e-15  1.093569679255779e-14  1.425248807862545e-14  4.884981308350689e-15 -4.884981308350689e-15 -6.245004513516506e-16  4.718447854656915e-16  2.983724378680108e-15     0.9999999999999983 -4.440892098500626e-16  6.661338147750939e-16
 3.108624468950438e-14  -1.27675647831893e-14 -7.593925488436071e-14  6.250555628639631e-14  1.643130076445232e-14 -1.687538997430238e-14  1.665334536937735e-16  2.775557561562891e-16  8.881784197001252e-16 -7.216449660063518e-16      1.000000000000001 -8.881784197001252e-16
-2.220446049250313e-14  1.143529715363911e-14   1.06581410364015e-14  4.274358644806853e-15 -1.021405182655144e-14  4.884981308350689e-15 -1.387778780781446e-16  2.775557561562891e-16  1.498801083243961e-15  -3.33066907387547e-16                      0                      1
