10
2

0.04095379685303326
0.04222563428318626
0.04362484940251899
 0.5590497112503788
  1.002153293271003
  1.114734723669554
  1.679953867287685
  3.074168749900278
  3.292589320594246
  6.568229023070297

   0.1502807220982659  -0.03252967669016545    -0.445919341193377   0.09603222882991901    0.6118397021874612   -0.1302886529889572   -0.5513587117965821    0.1171189863145523    0.2384448620358997  -0.04898044859439035
   0.3044073949210957  -0.06541219896626659   -0.6911388023518169     0.148502744824212   0.02842371342412092 -0.009757221585929522    0.5816864715990934   -0.1217957878036888   -0.2166592079265315   0.04789346930167769
   -0.460317576706532   0.09945220944542796    0.1657309994074974  -0.03305714352202196    0.6282042969957938   -0.1315494966000873    0.2094977834637739  -0.04248149942300975   -0.5275678677613356    0.1170029261411263
  -0.7794907680757927    0.1101601456177088   -0.3850716195201492   0.04201518227937281   -0.1403765750798935   0.04502639938515317    0.1177378108501558  -0.04408033502502604    0.4321519640462923  -0.07694094851723297
  0.00342633733293827  -0.01766311503339347   -0.1165199460949555   -0.3921783974816092   0.08096983200863815    0.6198340081748523   -0.2010674442250193   -0.5977432593808663   -0.0639996871421636    0.1993090281152244
  0.01235255310677127  -0.03350179979665768    0.2081425155822924    0.7172797466940461    0.1555467328295873    0.3657221517308486     0.045309881814264   -0.2788844503400705   0.03822656708496279    -0.449080428440743
 -0.07568724043662231  -0.03858263081388284   -0.1924241884417252   -0.3330774476771746  -0.09377593591294957     0.243514554334038   -0.1127733848115586    0.3390318044654215    -0.382527989563931   -0.7090372626994721
   0.1205335749999114    0.2804791933727256   0.06157497467937789   -0.2702684523753766   0.04302925817666098   -0.5210836093490333   0.06959542935332487   -0.5678539991923215     0.136741062385131   -0.4588977164982727
  -0.2097226012589062    -0.458485871107536   -0.1615402244446281    0.2350303590002046   -0.3404031048177195   -0.3372260464333425   -0.4061493535544357   -0.3079651599875745   -0.4152596044409008   0.05134750576901242
  0.02913619125530655    0.8251280004773018   -0.1546679868626427    0.2415526296789666   -0.2307107127391565   0.03318515296619628   -0.2736661219186068     0.019605254603671    -0.296809888410364    0.1354352118921865

22.42036074137919
104.4827273746998
33.40464575035934
155.9179494405435
39.77442415466883
185.6905164866978
47.18855726798463
220.4477328637772
55.80532020267311
260.8896453041941

 4.701590372687928
0.2133644794639284

    0.1109431715453343   -0.02392044366600797    0.03021712360924232  -0.006763797401828516    0.04306791931875222   -0.01195905531881746   -0.05360778207241113    0.00888900643418274    -0.1382584583288322    0.02542176543059959
 -0.005122506383260915   0.001109656742529526  -0.002461750034764782  0.0005315785457584654 -0.0003987676461641297   0.000136775335787507   0.002508520558355334 -0.0005160457740355342   0.005635839202061305  -0.001135556521218499

 4.632731065782416e-05    2.4419523247468e-05  8.510585127675246e-05   -0.05501472930760041    0.01545599860039977   -0.01947754233106851    0.07319575265988046    -0.1976425079511651     0.5242249100884656      1.129400063620973
 6.205905903425135e-08  6.817341543358079e-07 -1.492856417868485e-06   0.002496733448351182 -0.0006922011853025176  0.0009188179028542208  -0.003094096952094839     0.0101072826891007   -0.02255808554373824   -0.04966145161852781

cov:
   0.857630427961117    2.379793943102548   0.3800839939555161  -0.4679026549129995   0.5894824019232899   0.1597107265297106   0.6541202896085947  0.00998023854705966   0.7040269558470833  -0.3053339136782011
   2.379793943102548    32.40448386283863   -4.538387202772276    6.728806521418027   -6.409111764894202    1.425064922660728   -7.520533312011011    0.707223634015448   -8.083154437750329    3.439263188834579
  0.3800839939555161   -4.538387202772276    1.570326206349243    -1.77369229776747    2.258910440382913 -0.04961928473238369    2.659937046586841   -0.102873947589268    2.960338809440931   -1.005818486127822
 -0.4679026549129995    6.728806521418027    -1.77369229776747    4.913883741994606    -3.18835644858672   0.6710157533553838   -3.837306777697032   0.5375802936939006   -4.075835021188192    2.901032141217606
  0.5894824019232899   -6.409111764894202    2.258910440382913    -3.18835644858672    3.639033190397077   0.7566662892970731    4.267803972560857   0.5202060182335521    4.626348703924482   -1.603593139057891
  0.1597107265297106    1.425064922660728 -0.04961928473238369   0.6710157533553838   0.7566662892970731    4.566568928941416   0.5699636196755569    3.683893038790132   0.1406426177894664    1.697609698503154
  0.6541202896085947   -7.520533312011011    2.659937046586841   -3.837306777697032    4.267803972560857   0.5699636196755569    5.149687769129514   0.7462805016435922     5.57470428472503   -1.969468495671324
 0.00998023854705966    0.707223634015448   -0.102873947589268   0.5375802936939006   0.5202060182335521    3.683893038790132   0.7462805016435922    4.872720457209104  0.05490112161847969    1.764379774476336
  0.7040269558470833   -8.083154437750329    2.960338809440931   -4.075835021188192    4.626348703924482   0.1406426177894664     5.57470428472503  0.05490112161847969    6.324748179166279   -1.837633691243042
 -0.3053339136782011    3.439263188834579   -1.005818486127822    2.901032141217606   -1.603593139057891    1.697609698503154   -1.969468495671324    1.764379774476336   -1.837633691243042    4.521297320855897

cov.inverse():
   178.7268721112808   -38.39838354700756   -197.0662621284986    41.85586698425634   -91.91061871566539    18.36538619703346    -1.04722126420973  0.07011515065728773    110.9226407888106    -24.3116227899539
  -38.39838354700767    8.311824896600172    42.53379662976945   -9.044493848792575    19.87623335405041   -3.998287151711278   0.3607378395056269 -0.02882970785642553   -24.07184256909399     5.28516140414973
  -197.0662621284595    42.53379662976086    401.4313199836259   -85.84380658678543   -118.7786620165501    26.88487465790019   -60.74269853173764    12.42810150621039   -25.83924243327142    4.687215428715744
   41.85586698424792   -9.044493848790724   -85.84380658678538    19.06751572419831    26.52807677895275   -6.033442401847237    13.36083900501296   -2.664166147461878    4.907067322397948   -1.096573818990475
  -91.91061871568974    19.87623335405561   -118.7786620164275    26.52807677892617    431.1179547500683   -91.03200463579883   -122.7520765374431    26.69253217599279   -90.78194383522282    21.53075265956658
   18.36538619703858   -3.998287151712379     26.8848746578749   -6.033442401841751   -91.03200463579961    19.82442387365388    25.07123052130965   -5.882225588227617    19.13597366305945   -4.602394196143173
  -1.047221264267667   0.3607378395182435   -60.74269853181055     13.3608390050291   -122.7520765372148     25.0712305212616    394.1899280452221   -82.82552486363214   -206.9323153649561     44.5430122879894
 0.07011515066952968 -0.02882970785908617    12.42810150622564   -2.664166147465253     26.6925321759452   -5.882225588217596   -82.82552486363267    17.95459245760254    43.15272022389393   -9.369566756649856
   110.9226407888522   -24.07184256910296   -25.83924243327984    4.907067322399556   -90.78194383534901     19.1359736630858   -206.9323153648645    43.15272022387449    207.1482801209914   -45.26396029686668
  -24.31162278996328    5.285161404151748    4.687215428718301   -1.096573818990983    21.53075265959427   -4.602394196148949    44.54301228796837   -9.369566756645394   -45.26396029686623    10.33200159562417

cov*(cov_.inverse()):
       1.0000000000001 -3.019806626980426e-14 -1.736388810513745e-13  3.508304757815495e-14 -9.769962616701378e-15  3.308464613382966e-14  7.460698725481052e-14 -3.241851231905457e-14  -1.06581410364015e-14  3.508304757815495e-14
-4.263256414560601e-14     0.9999999999999787  6.394884621840902e-14  8.570921750106208e-14  2.842170943040401e-14  2.131628207280301e-14 -2.842170943040401e-14 -2.842170943040401e-14    1.4210854715202e-13                      0
 8.881784197001252e-14 -5.329070518200751e-15      1.000000000000087  3.552713678800501e-15 -2.486899575160351e-13  3.463895836830488e-14 -2.700062395888381e-13 -2.486899575160351e-14  8.526512829121202e-14  -1.77635683940025e-15
 8.526512829121202e-14  3.019806626980426e-14 -1.865174681370263e-13     0.9999999999999987  5.684341886080801e-14 -8.881784197001252e-14  2.842170943040401e-14  -1.06581410364015e-14 -2.842170943040401e-14  -1.06581410364015e-14
 7.105427357601002e-15 -1.243449787580175e-14                      0 -3.108624468950438e-15      1.000000000000107  1.154631945610163e-14  9.947598300641403e-14 -6.927791673660977e-14 -5.684341886080801e-14  2.842170943040401e-14
 7.105427357601002e-15 -5.329070518200751e-15  2.575717417130363e-14 -2.664535259100376e-15 -5.684341886080801e-14      1.000000000000009   -1.4210854715202e-14 -1.243449787580175e-14    1.4210854715202e-14  7.105427357601002e-15
-6.394884621840902e-14 -4.973799150320701e-14 -3.286260152890463e-13  4.218847493575595e-14  9.023892744153272e-13 -9.769962616701378e-14     0.9999999999998295  3.552713678800501e-15   -1.4210854715202e-14  6.394884621840902e-14
                     0  3.552713678800501e-15    1.4210854715202e-14 -9.992007221626409e-15                      0                      0 -4.263256414560601e-14      1.000000000000011  5.684341886080801e-14 -3.552713678800501e-15
-2.060573933704291e-13    1.4210854715202e-14  7.993605777301127e-14 -3.508304757815495e-14 -5.684341886080801e-14  3.197442310920451e-14  5.684341886080801e-14 -9.947598300641403e-14       0.99999999999973  4.973799150320701e-14
-5.684341886080801e-14 -7.105427357601002e-15  5.684341886080801e-14  8.881784197001252e-16 -5.684341886080801e-14 -3.552713678800501e-15 -8.526512829121202e-14  3.552713678800501e-14  8.526512829121202e-14     0.9999999999999574
