14
2

0.04277636454735063
 0.2024249883256137
 0.7052703559427038
 0.7794153440775778
 0.9119011174183148
 0.9782773394276136
  1.120580484251243
  1.307385056903176
  1.723443382881206
  1.973694363744758
   2.23617230530684
  2.719661506310026
  4.131622898033144
  7.004230041589616

    0.3974624596320755     -0.191011092164626    -0.7361734276927795       0.35297012246552     0.3362778497592666    -0.1609594949598122  0.0002988123721311859  0.0005363502466488883   0.001437126917276533  -0.001008043172518894   0.000417315238320447   0.001482948139309599  0.0002673592148314153  -0.001574290070799698
    0.4939312053727049    -0.2219993144969049   -0.07397086282688187    0.03384860697737545    -0.7445906450208978     0.3413642668648567    0.06782189773820532   -0.04871775546911906     0.0813093472560026   -0.01687354014834959    0.06839210315990962   -0.03966023690511231    0.07575800953954212   -0.05768201314965942
    0.1034503423513869  0.0004624424644402009     0.1102451403327646      0.022124587591363    0.08514033649738717   -0.03014214211721559    0.07837269788110567    -0.8795300555976167    -0.2028152391735988     0.3561590480898322   -0.06237169689646413    -0.1055973013587314    0.00176932470355364   -0.07585553673304979
    0.4151440775358097   -0.08346521062777282     0.3092327957801523   -0.05631541711876253     0.1808275905497651   -0.04187912099152614    -0.3419960027378188     0.3654408398525914    -0.4077402208180866     0.4238218006191639      0.158857923024396     -0.217045396847118     0.0672923031007481    -0.1190884096000145
    0.4899242709615764   -0.04212523245133798     0.4115148980765518   -0.02466917505214792     0.3016327888721684   -0.04060986491522033    0.02091764542443987   -0.07569264023342442     0.2449325128427242     -0.401630219980776     -0.382969739210329     0.2001201059370124     0.2849718148139057    0.01505281407177321
    0.2102688524051693     0.0100935448484644     0.1722920653927249   0.001710155364132229       0.12517029664771   -0.01700797176173697    -0.1566389429925429    -0.1730257394116604     0.2154675176901081    -0.2827623797323761     0.5879416385771721    -0.1659069471184015    -0.4742276094626254      0.362069033171576
-0.0001380057574957435    0.02919966320214687  -0.001123389975252946    0.02667879330086434  -0.009304344302434875  -0.002696344759592678     0.2991461385488052    0.09698746242041539   -0.04489625869576022   0.009122433954177276     -0.284555602873871    -0.6979860646555875     0.1517167675680094     0.5533283034918557
    0.1322378469987072   -0.00788205280819281      0.144212587357347    0.05765358067885096     0.1200838968998996    0.05672335431798031       0.66277569940992     0.1621305122303196    -0.1158808923928958   -0.04838514971597099   -0.06805766101382486   -0.09935333068579434    -0.5249245050253466    -0.4114803008057743
   -0.1762122518091651    -0.1846421167325545   -0.04477177940863247    0.01419222416513828   0.005470882503455976    0.03239456379966217    -0.3237924773914652    -0.1259597778303541    -0.1294620025680083    -0.5149173515518387   -0.02961654349276413    -0.5267740264741639    0.07251881372252585    -0.4953145921726133
     0.247117118171933     0.4968969851530122    -0.1684729869486854    -0.3218426256716337    -0.2990811296530249    -0.5413606793195518    -0.1461254155120802    -0.0198311416635741    -0.1539298070018259    -0.1311181071855928    -0.2344937731140787   -0.02130608809204101    -0.2422974159329961   -0.02753569053221258
  -0.01787011721784041   -0.02637137042941849     0.0424611149710305    0.09617892537161819  -0.009003992007117535    -0.0133687358527375    -0.2905640586552704    0.04428307179577466     0.6837903167169973     0.3892455127647478    -0.3308707969941132    -0.2248132138046957    -0.3020630966826597    -0.1759084248583909
    0.1215333972912209     0.2370135803902459    -0.3011397522888525    -0.6652524450064524     0.2852155327527531     0.5339026232662143     0.0138622547115981   -0.02257893131554801     0.1092239159944125    0.04475006929559198    0.03081812948256744     -0.083492780440642    0.04350721374479961   -0.07042894925605279
  -0.07423156291977996     -0.594969169638914   -0.04188560973251815    -0.2891206676425309   0.002828656019970906     0.0810253421080656    -0.1875410406316897   -0.02008697460348349    -0.2701168423764113   -0.05645561946804872    -0.3893045740405842     0.1819218900249968    -0.4207134264595409     0.2742338482189196
    0.0237838147035447     0.4611016432809089    0.01844784015707803     0.4762060457491958    0.02194090112571357     0.5136343000442704    -0.2694025375987447  -0.003548014230209773    -0.2668733938003846    -0.1025701268763275    -0.2653367442775025    0.08357120040882568    -0.2257498576978059     0.1127936169087329

22.68494821694239
46.42985450016614
35.56166374653459
73.30751815970247
50.50103442888055
104.4901020635175
64.52026870048303
133.4011214897317
74.41480535171503
154.5845027396964
88.46849582341235
184.2202389260304
105.0185994450801
219.1833017940274

 2.087070154739127
0.4799213063543503

   0.07817788034860543   -0.03744716201427311  -0.008293521727002741   0.004014690881249347   -0.06878426772304629    0.03295890514173814 -0.0002548511064014922  0.0002773256333434182 -0.0002323869176734452  1.426027320032585e-06 -0.0002222758572233575   3.74653850148325e-05 -0.0002015407848650519  0.0002932273219881991
  -0.01763489048067992   0.008449396370049473   0.001606045197785155  -0.000791485671913527    0.01560532985189078  -0.007475832458059228  4.615717045227684e-05 -6.967997778341689e-05  4.691360463309949e-05  3.207619896308448e-05  0.0001697085377495259  0.0001421722658631892  8.585641869441157e-05  2.932574025635384e-05

 3.167714363896947e-05   0.004509216481896665  8.257163700392271e-05    0.01164157487580565    0.01183856095079678   0.005239097183322881 -0.0003852571497410858   0.005431636201023852   -0.01734028750439302     0.0144353438067154 -0.0009722058261237424   -0.01215656491292351     0.3158467384969269     0.1001350221811219
-6.648698177790405e-06  -0.001019592867762746  -3.37033400893824e-05  -0.002672023479678069   -0.00275361580445247  -0.001162784759292036 -1.487242486207676e-05   -0.00142420007017849   0.003535950853244717  -0.003414800368160049 -0.0002366290080136986   0.002704222865204483   -0.07183377703294772   -0.02184833532372894

cov:
   0.9548795474111887     2.039751331117355  -0.02209469645770796  -0.01065096857499351    0.1988176822717725    0.4272245063641062   0.03644322741426633   0.06078844049096315  -0.00710775515220285 -0.006005598221440771    0.0159433739163523   0.03205988650871902  -0.01480825021057903  -0.07995528680804884
    2.039751331117355      17.9645380515938   -0.0218144543369756     11.90262301858364    0.3730719723227875     10.66770778471913    -4.215625107672126    0.0930843138076701    -3.405972973605746    -1.700097060035002    -2.387473428956449    0.1522447152600343    -1.232558442170361   -0.0802398378811861
 -0.02209469645770796   -0.0218144543369756     1.113068865363099     2.345310464240891   -0.2298980288431287   -0.4472034145471165   0.02078605032840465    0.1065734493159986  -0.02538113708391605  -0.01176922909766333   0.03288085406161118     0.139008129274101  -0.01294838420441029   0.04575750481294601
 -0.01065096857499351     11.90262301858364     2.345310464240891     16.28550513971461   -0.5344550289417651     9.654111343169932    -5.319374380925528    0.1664463652329334    -4.928467813820576    -2.015247320605256    -4.308988523334641      1.33043859742096    -3.305625205732727     1.538693186153053
   0.1988176822717725    0.3730719723227875   -0.2298980288431287   -0.5344550289417651     1.136193123486014     2.298024908410973 -0.009025124819283553  -0.03654279026611668   0.08468745615620099   0.02564470906433818   0.02467193781074135   -0.0600320346600698   0.03585129394163641  -0.04028251511405607
   0.4272245063641062     10.66770778471913   -0.4472034145471165     9.654111343169932     2.298024908410973     16.32244809612364    -6.623202547699184   -0.1556405809398784    -6.408950762527535    -2.287951709526605    -6.593485776226008     2.032270919758464    -5.614498345263383     2.920763751599552
  0.03644322741426633    -4.215625107672126   0.02078605032840465    -5.319374380925528 -0.009025124819283553    -6.623202547699184     5.940521523016014    0.3113503522778826     3.522591851774669     1.455061193751873     5.085016104122853    -1.155626408782306     4.366726499909052     -1.91896438998249
  0.06078844049096315    0.0930843138076701    0.1065734493159986    0.1664463652329334  -0.03654279026611668   -0.1556405809398784    0.3113503522778826    0.6259027742624814     0.241945536963743    0.3168215488811241   0.06610538161154195  -0.01360495860735484   0.04859886036037303  -0.05409689846809464
 -0.00710775515220285    -3.405972973605746  -0.02538113708391605    -4.928467813820576   0.08468745615620099    -6.408950762527535     3.522591851774669     0.241945536963743     7.549487644868776     2.974933418249658     4.354512346764645    -2.423953425645416     4.054346674976101    -3.027655011729855
-0.006005598221440771    -1.700097060035002  -0.01176922909766333    -2.015247320605256   0.02564470906433818    -2.287951709526605     1.455061193751873    0.3168215488811241     2.974933418249658     2.584477703435156      1.24258920655439   -0.3407968509353302     1.076623841828338   -0.5326449000595356
   0.0159433739163523    -2.387473428956449   0.03288085406161118    -4.308988523334641   0.02467193781074135    -6.593485776226008     5.085016104122853   0.06610538161154195     4.354512346764645      1.24258920655439     7.392182316099452    -1.792014203166967     6.115054929270945    -2.907194667485849
  0.03205988650871902    0.1522447152600343     0.139008129274101      1.33043859742096   -0.0600320346600698     2.032270919758464    -1.155626408782306  -0.01360495860735484    -2.423953425645416   -0.3407968509353302    -1.792014203166967     2.760370142640958    -1.942925467976341     1.882300117163337
 -0.01480825021057903    -1.232558442170361  -0.01294838420441029    -3.305625205732727   0.03585129394163641    -5.614498345263383     4.366726499909052   0.04859886036037303     4.054346674976101     1.076623841828338     6.115054929270945    -1.942925467976341     7.021843779081556     -2.74759648375086
 -0.07995528680804884   -0.0802398378811861   0.04575750481294601     1.538693186153053  -0.04028251511405607     2.920763751599552     -1.91896438998249  -0.05409689846809464    -3.027655011729855   -0.5326449000595356    -2.907194667485849     1.882300117163337     -2.74759648375086     3.642126119664472

cov.inverse():
     92.96727895739244     -44.19724059743204     -160.2862681906613      77.00353918215076      64.41011301852843     -30.93353831779175     0.7060744853857437    -0.4682474837029847      1.152457670850257    -0.3393788105708185     0.8990934397561577    -0.2238188310850039      1.024545087482265      -1.05193207784284
    -44.19724059743207       21.2641168391042      77.15942679148226     -37.06908003033584      -31.1380378192577      14.90819823769384    -0.3429192156079057     0.1654551340320305     -0.550136478480276       0.17221341826198    -0.4309467028110221    0.08511528766002416    -0.4809701987354384       0.52841010437291
      -160.28626819066      77.15942679148165      296.7607218313661     -142.0566233686226     -133.6533614450059      64.09579762563556    -0.3530385727352071    -0.1876704712274848    -0.8166805579260278     0.4919619177165933    -0.3060998095220236    -0.5875691023038109    -0.1924567020573327     0.7068857938600763
     77.00353918215016     -37.06908003033556     -142.0566233686225      68.22289186705829      64.23384428514215     -30.76116331740738     0.1809178952559694   0.003909556002225072     0.3788323822831853    -0.2100701165368796     0.1376802298436623     0.2444658530452977    0.09978733666958821    -0.3462756589928789
     64.41011301852676     -31.13803781925686     -133.6533614450037      64.23384428514107      75.56701112569476     -35.75178634403527     -1.222915709344008     0.9029921636808121     -1.245869675614912      0.132436564752988     -1.174619838565463     0.9575338509538274     -1.283036741264468     0.7291203464548319
    -30.93353831779095      14.90819823769346      64.09579762563452      -30.7611633174069      -35.7517863440353       17.1314363891216     0.5955144078272646    -0.4134900283946113     0.5937792283298796   -0.06623178011603716      0.563238807414266    -0.4545836493913541     0.6136810550969879    -0.3549716478004837
     0.706074485385849    -0.3429192156079555    -0.3530385727353972     0.1809178952560606     -1.222915709343921      0.595514407827223     0.7328399645380727    -0.3003730166031947     0.2324608115893901    -0.1512846374233599    -0.1489910700794782   -0.06379606362441831    0.02989704095954737   -0.06577102922599376
   -0.4682474837030642     0.1654551340320687    -0.1876704712273399   0.003909556002155758     0.9029921636807483    -0.4134900283945807    -0.3003730166031947      1.900097619832056   -0.04628314798535915    -0.2453683772681338    0.02469012632426962    0.07267855125041649   -0.03505414836813622    0.08695816048169057
     1.152457670850368    -0.5501364784803293    -0.8166805579262388     0.3788323822832864     -1.245869675614811      0.593779228329831     0.2324608115893899   -0.04628314798535885     0.7615262369963742    -0.5600033020123596    0.06257540705401142     0.1529782452427846    0.08561796278966903     0.0818578667523457
   -0.3393788105708135     0.1722134182619774     0.4919619177165874    -0.2100701165368767     0.1324365647529868    -0.0662317801160367    -0.1512846374233599    -0.2453683772681337    -0.5600033020123594      0.961820376498669    0.03819005125507593    -0.1881584885248038    0.00950798139353609    -0.1398256952692654
    0.8990934397562668    -0.4309467028110742    -0.3060998095222211     0.1376802298437569     -1.174619838565376     0.5632388074142243    -0.1489910700794777    0.02469012632426968    0.06257540705401288    0.03819005125507483      0.815119628802312    -0.1248722743988732    -0.2473304040994809 -0.0006911492828719949
   -0.2238188310850736    0.08511528766005771    -0.5875691023036866     0.2444658530452382     0.9575338509537752    -0.4545836493913291    -0.0637960636244186    0.07267855125041656     0.1529782452427841    -0.1881584885248037    -0.1248722743988738     0.7168981763821581  -0.003871695438435662    -0.1297772681766456
     1.024545087482362    -0.4809701987354854    -0.1924567020575163    0.09978733666967589     -1.283036741264382     0.6136810550969466    0.02989704095954704   -0.03505414836813583    0.08561796278966879   0.009507981393536114    -0.2473304040994813  -0.003871695438435231     0.7065029630634062    -0.1088144834948066
    -1.051932077842949     0.5284101043729624     0.7068857938602817    -0.3462756589929774     0.7291203464547344    -0.3549716478004371   -0.06577102922599325    0.08695816048169004    0.08185786675234544    -0.1398256952692649 -0.0006911492828719062    -0.1297772681766462    -0.1088144834948062     0.6919205232176076

cov*(cov_.inverse()):
     1.000000000000012  3.584632590758474e-14  5.074413111927356e-14 -1.179265018969033e-14 -6.566969190657801e-14  9.325873406851315e-15 -2.092943873766018e-15  2.246466901389965e-16 -2.263814136149733e-16  3.087807787238717e-16 -1.082087978249158e-15  4.336808689942018e-17 -2.220446049250313e-16  6.175615574477433e-16
-1.106476021917047e-13      1.000000000000018 -2.148281552649678e-14 -1.630293122723003e-14  1.146097106108357e-13  9.697104230710352e-15 -3.556183125752455e-16  -2.34187669256869e-16 -8.664943762504151e-16  4.510281037539698e-17 -4.052205619664573e-16 -1.734723475976807e-18  3.209238430557093e-16  1.804112415015879e-16
-2.695760281667958e-14 -5.176414852314792e-15      1.000000000000101 -4.369421491290382e-14 -3.827493877395227e-14  2.804007026568911e-14  1.340073885192083e-16 -5.646524914304507e-16   3.97685356867683e-16  5.204170427930421e-18  4.952771049185345e-17  -3.00974523081976e-16  8.795048023202412e-16 -1.040834085586084e-16
 7.194245199571014e-14 -6.306066779870889e-14 -1.743050148661496e-13      1.000000000000036  1.556532680524469e-13 -4.729550084903167e-14  1.804112415015879e-15                      0 -2.137179322403426e-15 -1.387778780781446e-16  7.077671781985373e-16  1.054711873393899e-15 -2.775557561562891e-16  1.554312234475219e-15
 1.297573160030652e-15  1.038752417414912e-14  2.969846590872294e-15  1.035976859853349e-14     0.9999999999999777  6.382047668118673e-15  -4.49293380277993e-16   7.32920668600201e-17  2.307182223049153e-16  4.597017211338539e-17 -3.288148019923304e-16 -1.361757928641794e-16 -8.673617379884035e-18   7.28583859910259e-17
-9.459100169806334e-14  6.639133687258436e-14  2.393640841091838e-13  1.620925615952729e-14  6.306066779870889e-14      1.000000000000038  5.551115123125783e-16 -2.220446049250313e-16 -2.220446049250313e-16 -2.775557561562891e-16 -1.698294282981294e-15 -2.220446049250313e-16  9.436895709313831e-16  1.332267629550188e-15
-3.153033389935445e-14  2.531308496145357e-14  4.729550084903167e-14 -3.663735981263017e-14  -9.85878045867139e-14    1.4210854715202e-14     0.9999999999999986 -2.775557561562891e-16  7.216449660063518e-16  1.665334536937735e-16 -6.392456008974534e-16  -3.05311331771918e-16  -3.05311331771918e-16 -8.881784197001252e-16
 5.898059818321144e-16  1.009609063018502e-15  3.143318938469974e-15  -3.95516952522712e-16  -4.78089789979208e-15  1.436351038108796e-15  -7.28583859910259e-17                      1  6.158268339717665e-17  1.387778780781446e-17 -6.769487314456368e-17  1.301042606982605e-17  2.949029909160572e-17  2.081668171172169e-17
-3.552713678800501e-15  1.643130076445232e-14 -1.243449787580175e-14 -4.884981308350689e-15 -4.973799150320701e-14 -7.327471962526033e-15 -5.273559366969494e-16                      0      1.000000000000001  3.885780586188048e-16 -4.180683577104105e-16  -3.33066907387547e-16  7.771561172376096e-16                      0
 2.153832667772804e-14 -7.938094626069869e-15 -2.997602166487923e-14  1.168509733417977e-14 -1.837419105754634e-14  1.887379141862766e-15 -4.093947403305265e-16 -9.020562075079397e-17  3.747002708109903e-16                      1  1.405668116627456e-16                      0  2.289834988289385e-16 -1.110223024625157e-16
 1.953992523340276e-14   1.77635683940025e-15 -8.881784197001252e-16   8.43769498715119e-15 -5.906386491005833e-14 -4.440892098500626e-16   1.27675647831893e-15 -5.551115123125783e-16  2.220446049250313e-15 -3.885780586188048e-16     0.9999999999999992   3.33066907387547e-16  1.665334536937735e-16 -8.881784197001252e-16
-2.953193245502916e-14  1.565414464721471e-14  4.218847493575595e-14 -2.819966482547898e-14 -5.995204332975845e-15  1.598721155460225e-14  3.469446951953614e-16 -1.942890293094024e-16   3.33066907387547e-16 -5.551115123125783e-17  -4.87890977618477e-17     0.9999999999999997 -5.551115123125783e-17 -2.220446049250313e-16
-2.353672812205332e-14  1.088018564132653e-14  6.683542608243442e-14 -1.221245327087672e-15 -1.731947918415244e-14  9.325873406851315e-15   3.05311331771918e-16 -5.273559366969494e-16  9.436895709313831e-16  6.106226635438361e-16 -1.034328872551171e-16 -5.551115123125783e-17      1.000000000000001 -2.220446049250313e-16
 9.769962616701378e-15 -4.440892098500626e-16 -3.064215547965432e-14  4.440892098500626e-16  1.110223024625157e-14  3.552713678800501e-15  1.942890293094024e-16  1.110223024625157e-16 -5.551115123125783e-16 -1.110223024625157e-16 -1.296705798292663e-16 -1.665334536937735e-16                      0                      1
