10
2

0.04114265044064651
  0.296569437434035
 0.4556015360984503
 0.7895388187090607
 0.8269097840590115
 0.9311606004418775
  1.378309291942495
  1.500013976186883
  3.321231854777424
  5.440912655386967

   -0.3699059935338384     0.1149743378708271     0.7789212375081612    -0.2430495095840301    -0.4105532536659525     0.1248561604408566   0.003867611410921996  8.096285298523418e-05  -0.001016821357021887 -0.0002558011184347613
   0.03273962456175753   -0.01424805169506463   -0.02991273113537623    0.02151554811744142   -0.09236595010851875   0.004797427750141694     0.9511356910233265     0.2739232211332702   -0.07173648510261886     0.0630379135908407
   -0.5787080372013185     0.1348985476866914     0.1114948583588786    0.01410554100810653     0.7427385483651228   -0.06766320216410086    0.04260603264002811     0.1068348956672871    -0.2348347586188592    0.09825541625401851
    0.1561665268793343   -0.01887820781160249    0.05045744667519518    -0.0302496749625675   -0.02653189661120113    0.02168480481267233   -0.04649554802016985    -0.1138363039724983    -0.1179377848043721     0.9703559135296798
      -0.6384474777565    0.06690443322200665    -0.5365401908408772    -0.1401434299936936    -0.4189867009441597    -0.2556229826136437   0.007825005580814426    -0.1362617942426424    0.08530472400512039     0.1165962674150599
   0.07143870399176264    0.01146474308132566    0.02981002369944704    0.03091089991629382   -0.04436295879611084   -0.08076364155610838     0.1649387586486043    -0.7224679676066124    -0.6385898495731331    -0.1657358071778798
   -0.2177564109337195   -0.08203297664258952     0.1223262205669341     0.8479899528726956   -0.04828794015874607     0.1595047586782863    0.08336820711913021    -0.2707876919469513     0.3165920457666336    0.05934495018520888
    0.1303448410752679    0.05827526370862884     0.2430500563362506     0.2184310666183796   -0.05042889676781494    -0.9232602031605351   -0.03833531944952561     0.1278934929773702   0.001426634539789187    0.00692108207182729
   -0.1265531619886628    -0.4281446292140706   -0.05298030163304999     0.2988771927227836    -0.2534022657243047    0.09994062708792843     -0.217593027313887     0.4779587121621932    -0.5986666765818575   -0.01216971819588819
   0.09830916185017326     0.8774867560796665    -0.1086366260725697     0.2502552214974404     -0.154740523619745     0.1401221233018126   -0.09119333206147739      0.204790557299711    -0.2282277755784898 -0.0007459115952265817

22.68640237460562
73.36806054175177
40.79906283649152
131.5433871778042
57.16371381362691
184.0592935107633
68.32746076342134
220.8807345955776
82.14435298061385
263.4413121720966

 3.213026541294912
0.3116242292853358

    0.1043778760842022   -0.03249193245786201   -0.02452863868458439   0.007867886487953842   -0.07962370122153821    0.02530362478960647    0.00177571450219515  2.014350798610389e-05 -0.0002078569233204158  0.0001375909608409888
 -0.009018405455760829   0.002806202415684931 -2.136975978204222e-05  1.755648905951885e-05   0.009019970338494202  -0.002829690469632423 -9.481128857156895e-06   8.15918570435121e-06  1.793869507349448e-05 -1.762324399099522e-05

-4.656289777271791e-05    0.00122934255692535   -0.02659481228202071    0.01132822493251161   -0.02041296884486068   0.007346691360064297   -0.01600773570159501    -0.0268717769196273     0.2956709331857172    0.06334824415921576
-7.089798384478334e-07 -0.0001046750643351153    0.00259069703470782  -0.001111684116572985   0.001980846248161246 -0.0006934701666515422   0.001634945139692466   0.002577770784519894   -0.02897532179215612  -0.006254452712608177

cov:
   0.9592700924166748     3.155792371577614  0.005493363035816171   0.08303395992958071 -0.003065711619868792   0.04829177767290403 -0.007487912894119873   0.06992957408026509  -0.01932212106940223   0.01397341786047964
    3.155792371577614     24.84384694215892    -2.580538727578047     4.980365893794607    -2.820460394411756     3.007377665684808    -1.356751459786663      3.11207800273574    -3.157986769904322   0.02469599813715453
 0.005493363035816171    -2.580538727578047    0.7445718360946794   -0.6117642041885801    0.7755650911798841    -0.885918879346935    0.4172703007433028   -0.9014302995839206     1.101443074509178   0.01265588568680672
  0.08303395992958071     4.980365893794607   -0.6117642041885801     4.327775868457763    -2.042743529510182     1.192443314772191    -1.271026259764675      2.71620876413106    -3.177660368948497   0.01985092469829993
-0.003065711619868792    -2.820460394411756    0.7755650911798841    -2.042743529510182     1.665028829086105   -0.7656794570337152     1.013678708243244    -2.180810487674841     2.656107543981797  0.002762384749007894
  0.04829177767290403     3.007377665684808    -0.885918879346935     1.192443314772191   -0.7656794570337152     2.709314136361122   -0.5269990434699465     1.100146641479222    -1.482235125776135 -0.009915564448948573
-0.007487912894119873    -1.356751459786663    0.4172703007433028    -1.271026259764675     1.013678708243244   -0.5269990434699465     0.889884175944793    -1.830856822425835     2.007529054988089 -0.005035578189088083
  0.06992957408026509      3.11207800273574   -0.9014302995839206      2.71620876413106    -2.180810487674841     1.100146641479222    -1.830856822425835      4.41984018735973     -4.30884407790613  -0.06942366324971491
 -0.01932212106940223    -3.157986769904322     1.101443074509178    -3.177660368948497     2.656107543981797    -1.482235125776135     2.007529054988089     -4.30884407790613     6.064913074027475    0.1431601753447096
  0.01397341786047964   0.02469599813715453   0.01265588568680672   0.01985092469829993  0.002762384749007894 -0.009915564448948573 -0.005035578189088083  -0.06942366324971491    0.1431601753447096    0.6308751574788815

cov.inverse():
   83.13579982562064   -25.55214375271826   -170.0216087686093    53.12045147514529    87.99812328880905   -26.92911646196265  -0.6248643706564686   -0.140752476452983   0.6583089910208469 -0.08026217608307991
  -25.55214375271827    7.954319315837503    52.93013141859657   -16.55048259072205   -27.42307114818399    8.378583750396972   0.1418133671259493  0.01364136249588792  -0.2037477464736229  0.01416569859764107
  -170.0216087686096    52.93013141859662     358.959480104717   -111.6570170563736   -188.1715638354894    57.52495797646731    1.477501293870986  0.06767897291022594  -0.6438259688248998  -0.1003859952765736
   53.12045147514533   -16.55048259072205   -111.6570170563735    35.34580846892862    59.02827679058002   -17.89702196853665  -0.2864086073001221 -0.02343637755256776    0.201273721244272 0.008759805736516829
    87.9981232888093   -27.42307114818406   -188.1715638354897    59.02827679058014    102.5997458404406   -30.35642302879437    -1.79149310103572   0.1922457160366328  -0.5260422674781216   0.2417751716369496
  -26.92911646196268    8.378583750396977    57.52495797646732   -17.89702196853666   -30.35642302879433    9.729446031102341   0.3236899286127065  0.03044849686493651   0.0406169137348845 -0.03982466498556533
 -0.6248643706564554   0.1418133671259456    1.477501293870954  -0.2864086073001138     -1.7914931010357   0.3236899286126996    10.34706065871017     2.82971867607826  -0.9116123196829667   0.6014398610608179
 -0.1407524764529256  0.01364136249587019  0.06767897291010443 -0.02343637755253102   0.1922457160366956  0.03044849686491674    2.829718676078262    1.626024635608914    0.119738584179417     0.17594847140238
   0.658308991020794  -0.2037477464736064  -0.6438259688247867   0.2012737212442368  -0.5260422674781828  0.04061691373490291   -0.911612319682963   0.1197385841794176   0.9150867310222589   -0.198835320827998
-0.08026217608306267  0.01416569859763575  -0.1003859952766099 0.008759805736527938   0.2417751716369687 -0.03982466498557119   0.6014398610608173   0.1759484714023798   -0.198835320827998    1.655659437691489

cov*(cov_.inverse()):
    0.9999999999999903  2.590972141697234e-16   6.89090711575302e-14 -2.100156528718478e-14  1.076612757278106e-14 -1.180804586053963e-15  1.214306433183765e-16   -4.9439619065339e-17 -5.030698080332741e-17 -2.775557561562891e-17
-2.514134733733187e-14     0.9999999999999676 -7.607803276243885e-14 -1.321460844395939e-14  3.950399035668184e-14   6.11381605064576e-15 -1.498801083243961e-15  2.090341788552053e-16 -4.007211229506424e-16   4.85722573273506e-17
-6.767806801089016e-15  1.215932736442493e-16      1.000000000000044  -1.41001983309727e-14   1.16009632455949e-15 -4.508112633194727e-16  1.394717674685353e-15  1.219510603611695e-15 -1.327063459122257e-16  2.220446049250313e-16
 -2.21543703521343e-14 -1.074775034595743e-14 -9.348077867343818e-14      1.000000000000001  2.137439530924823e-14     2.058780663311e-14   2.27075303005364e-15 -3.339342691255354e-17 -4.510281037539698e-17 -4.163336342344337e-17
 5.839567111115551e-15  7.867099712562803e-15  1.488246375094815e-14  6.119199792058508e-15      1.000000000000009 -1.782876960215035e-14 -8.484966201871558e-16  1.481020167615199e-16  2.474149357611921e-16   2.34187669256869e-17
-3.519266041779323e-14 -1.691599334566196e-15 -9.196463035543445e-14  1.711465984124277e-14  2.604210250223282e-14      1.000000000000004   5.48172618408671e-16 -1.964574336543734e-16 -3.625572064791527e-16 -9.020562075079397e-17
-1.636830861823091e-14  2.198802663382071e-15  9.208129050919389e-14  -9.54638657620771e-15 -3.352179644977582e-14   1.64473469566051e-15      1.000000000000002  7.265238757825365e-16 -2.851451713636877e-16  3.295974604355933e-17
-2.634524542965977e-14   6.30073250518226e-15  -1.58345558887163e-14  1.272658194106935e-14 -3.371261603213327e-14 -1.929446186155204e-15  1.623701173514291e-15     0.9999999999999989  3.001071613439876e-16 -2.636779683484747e-16
-2.704954316090635e-14  4.780030538054092e-15   4.38000330449384e-14 -1.953992523340276e-14 -1.364186541508161e-14  1.261230703208938e-14   3.05311331771918e-15  2.223915496202267e-15                      1  1.387778780781446e-16
 2.289834988289385e-16 -9.367506770274758e-17  5.551115123125783e-16 -2.957703526540456e-16  8.604228440844963e-16 -8.326672684688674e-17 -5.551115123125783e-17  1.387778780781446e-17 -2.775557561562891e-17                      1
