12
2

0.1355069439685551
0.5490997449189402
0.6404168993860609
0.7566671360598481
 0.805615569918798
0.8634082135294863
 1.079745271073244
 1.441653801851089
 1.787158552587355
 2.428213129471104
 2.777829229299375
 4.576650849556097

   -0.5004767937680924     0.2882186304069717     0.6997940593948233    -0.4015113811712016   -0.06316451366659294    0.04000790028265157   -0.05306075515204244    0.02684624158511016   -0.04702525969623419    0.01341799657093244   -0.05255256737976016    0.03535735985129415
    0.2115606491722143   -0.07929642792916042     0.1183600761050747   -0.04958109307307695    -0.7569601530619529     0.3132538096379059     0.3811211568487697    -0.3268776496172907  -0.009964138498784768   0.005749963787725093    0.08942749228104749   -0.03373717126586176
    0.2384940356729091   -0.08088514801363157    0.07846214735914987   -0.08677286158239879    -0.3630709656182656       0.13587718527062    -0.5430242409013413     0.5897992751072784     0.1011885943701194    -0.2324541320911203    0.06588502650468574    -0.2474991134406322
   -0.2297212968624058    0.06079194163126442    -0.1789784536801922    0.02782907377578389    -0.1347950505365152   -0.04705274517401214    0.08133758439878687   -0.06112116072920976     0.4865955522975643      -0.55943753164854     -0.563140060179136     0.1145301063387848
   -0.5253523764210122    0.07973565992088315    -0.3625666210022174    0.01282759562537038    -0.1164313573494693     -0.038384938041906    0.06737017335438079    -0.0522362227055758    -0.1794020751110203    -0.1082201850809058     0.1966750469074721    -0.6936520658796268
    0.4203056378289755   -0.04251078193604605     0.3836566995776073   -0.04329630506142591     0.3650810637035837   -0.04528173740893442     0.1031966446359376    -0.2901085792452645   0.004377551596302738    -0.4708444809996182    0.03900775969964073    -0.4680667938120722
   -0.1213588003676996 -0.0009616247117782119   -0.05784483480051472    0.03010204640102286   -0.05910563820718635    -0.1347396500032473  -0.006577424782062755  -0.005649676127329992    -0.2915474106995258    -0.6071718543765259     0.5397533871957266     0.4629300759409875
    0.1495157643169864    0.08984675807233856    0.06879983503402727   -0.01598812579301236       -0.3346036396815    -0.8991913198583071    -0.0848997168135605   -0.09893083470831181   -0.06800261088492231     0.1022659952721439   -0.09253062452437737   -0.05864346595093433
   -0.1307751645363943    -0.1062937782364369    0.09017137924463689    0.07675236719879379    0.01803458132034743   -0.09881175943070335     -0.116661941687618    -0.1809612853592275      0.766630336770493     0.1415924752864021     0.5412186540955957   -0.02106053952791576
    0.2392703874759573     0.4239067054401877    -0.3981399805053559    -0.6943925166785836    0.05192812598450912    0.07409198691123275    -0.1939746328766997    -0.2468595749290947    0.07659695656904633    0.01411319683966447    0.08312603481458673      0.051265982802607
   -0.1708570295521408      -0.58369945921579  -0.002595239950351099    -0.1136787173435591   -0.03395426737173263    0.06208106987174411    -0.5499349576904545    -0.5001232525680156    -0.1745057229160358   0.002693622265670953    -0.1643856226646058    0.04617811048498859
   0.04282912560328213     0.5936879674271278     0.0686298359207758     0.5690612661859371   -0.08101329703194511      0.173964825730361    -0.4175355727850781    -0.3167184181328025   -0.06931845439922503   0.002150505699339932   -0.02872055342762644    0.00717742875340274

35.52465893496458
58.96179537643878
50.55201512218313
 84.8891726108403
67.55163802485612
113.8810099565924
76.32254793809211
 130.519534937138
90.89359424453352
154.2586491202753
 107.135735731168
183.4017822929144

 1.725132814366811
0.5802999941837643

     0.106680314574189   -0.06206532188385675    -0.1041293239623587    0.06024987138446228  -0.001447874376731389  0.0006679768649610233  -0.000715750634431632  0.0001965620869146792 -0.0008606891174414634  0.0004559728270755792 -0.0003337341172553544  0.0005220318457183435
  -0.03613738633419265    0.02103370067598869    0.03535792573993129   -0.02045656070694307  0.0004528593693599736   -0.00020258383388698  0.0001934368720077345 -5.254551567372766e-05  0.0002356504633045943  -0.000138768090940049 -0.0002032340846578755 -0.0001635941205408157

 -0.003086591236864313   0.003953055336659909   0.007317315449246664  -0.004751478901920145   -0.01473600273982002   0.002797556744053721  -0.005846904524719943   0.004732917688285427   -0.04136214801732169  -0.006835655397414501    0.09288814642655446   -0.09624246702241462
  0.001047533998995499  -0.001340238460286156  -0.002467081635318905   0.001682171072393406   0.004930616292528534 -0.0009595611209733801   0.001788394514017021  -0.001529730622407673    0.01334391504587341   0.002193191466103658   -0.03081142985460968    0.03303706321915105

cov:
    1.101948748556391     1.908509691384079   -0.2286379578847371   -0.3901179947152445    0.0308004318638111 -0.002349864759391659   0.07043015171265617   0.04415247388760117  -0.01591414738502622   0.01729008258276855  0.008914031299015111 -0.008939505632670239
    1.908509691384079     11.13773163502283   -0.1865933457744601     5.828688942077995   -0.7857136346849373     1.920679909392601    -3.164633415237518    -2.267190477485692   -0.1530562883188608   0.01908642953838985    0.3741327040236333 -0.002789805551220657
  -0.2286379578847371   -0.1865933457744601     1.302183264140103     2.440218355943044   -0.1702274143807536  -0.05607976653411071   -0.1783595766908957    0.0115992142762843  -0.04933450202398917  0.007280843071212075  -0.09967374458986254   -0.1477212478803775
  -0.3901179947152445     5.828688942077995     2.440218355943044     9.754773598205032     -1.12518741021683     1.707253265133776    -3.713656860823319    -2.375299439023453   -0.8037973492831533  -0.01103968783960696   -0.3956737361660571   -0.1316124514310974
   0.0308004318638111   -0.7857136346849373   -0.1702274143807536     -1.12518741021683    0.7455306847019986     0.242572799939349    0.8566330895899439    0.5681051858131336    0.2627939177312417  -0.06466223168986815    0.1846416241592334  -0.04020940409669496
-0.002349864759391659     1.920679909392601  -0.05607976653411071     1.707253265133776     0.242572799939349     2.469747238929364     -1.67474577294592    -1.243846261126456   -0.3759031341989565   -0.1038758052567851   -0.2087208941712146    0.1272353463734011
  0.07043015171265617    -3.164633415237518   -0.1783595766908957    -3.713656860823319    0.8566330895899439     -1.67474577294592     6.445044465557048     5.063026178038852    0.9792354978172629    -0.127115961328405    0.6452267367750881   -0.3125098467147752
  0.04415247388760117    -2.267190477485692    0.0115992142762843    -2.375299439023453    0.5681051858131336    -1.243846261126456     5.063026178038852     4.756948140089698     0.608149992666583  -0.07578410190225961    0.4182781425380201   -0.2150497626699783
 -0.01591414738502622   -0.1530562883188608  -0.04933450202398917   -0.8037973492831533    0.2627939177312417   -0.3759031341989565    0.9792354978172629     0.608149992666583     2.516810807397958    0.3837776831958159     1.278269886725625   -0.1491335082815902
  0.01729008258276855   0.01908642953838985  0.007280843071212075  -0.01103968783960696  -0.06466223168986815   -0.1038758052567851    -0.127115961328405  -0.07578410190225961    0.3837776831958159    0.8911293462599138 -0.008046035364342832   -0.1442604534571333
 0.008914031299015111    0.3741327040236333  -0.09967374458986254   -0.3956737361660571    0.1846416241592334   -0.2087208941712146    0.6452267367750881    0.4182781425380201     1.278269886725625 -0.008046035364342832     1.771592595507419   0.08170401840590005
-0.008939505632670239 -0.002789805551220657   -0.1477212478803775   -0.1316124514310974  -0.04020940409669496    0.1272353463734011   -0.3125098467147752   -0.2150497626699783   -0.1491335082815902   -0.1442604534571333   0.08170401840590005    0.8000397417752219

cov.inverse():
     14.7248043502462    -8.028984505123802    -18.37193168605845      10.7804294743539     1.317547376159211   -0.8118466755137373     1.371690656739704   -0.7135793222712289     1.286915024052696   -0.3849826487980232     1.544121928235165   -0.9301340221360159
   -8.028984505123805     4.678345165301031     10.82573016394611    -6.293579341739878   -0.7812170304858204    0.4817562532969814   -0.7989358798952305    0.4075312036741415   -0.7375552874543636    0.2101809543863806   -0.9041116099515727    0.5644783242652663
   -18.37193168605846     10.82573016394611     27.22187339314765    -15.32716379828978    -2.490180102591543     1.656218175114282    -1.980271716902155    0.9143252138281019    -1.797838833643962    0.4987354314444593    -1.889078885618023     1.368753482758672
     10.7804294743539    -6.293579341739878    -15.32716379828979     8.911847884909843     1.546072834355829   -0.9593497594920183       1.2290307785905   -0.6211116789409534     1.031433218105039    -0.261855637541958     1.114239206041968   -0.6908051580587297
    1.317547376159205   -0.7812170304858171    -2.490180102591535     1.546072834355825     2.728384982636356   -0.8978205875041965   -0.2586170307380171     0.104306036518063   0.04873831309426505   0.08094555869456577  0.006496038737899138   0.03649265695808174
  -0.8118466755137357    0.4817562532969803     1.656218175114279    -0.959349759492017   -0.8978205875041964    0.8770621296763326    0.1142847520006246  -0.02068409765631469    -0.070552138830279   0.06093737155706786 -0.007094318073525376 -0.006369177547305913
    1.371690656739718   -0.7989358798952386    -1.980271716902176     1.229030778590512   -0.2586170307380132    0.1142847520006227     1.448552644622067    -1.265172228759379   0.02814779747355398    0.1137561991035404    0.1140007055934221   0.05778084297501435
  -0.7135793222712381    0.4075312036741474    0.9143252138281166   -0.6211116789409619    0.1043060365180615  -0.02068409765631358    -1.265172228759379     1.427955762225171   0.01872097714948235   -0.0799802993411856  -0.07119802854258059  -0.04540172769390022
    1.286915024052695   -0.7375552874543625    -1.797838833643959     1.031433218105037   0.04873831309426523  -0.07055213883027893   0.02814779747355233   0.01872097714948363    0.8732066655698907   -0.3576183770531419   -0.3820025477769869   0.01652593398968625
  -0.3849826487980225      0.21018095438638    0.4987354314444578   -0.2618556375419571   0.08094555869456578   0.06093737155706778    0.1137561991035408  -0.07998029934118592   -0.3576183770531418     1.331284490983321    0.1572531609674886    0.2200857497571904
    1.544121928235165   -0.9041116099515729    -1.889078885618024     1.114239206041969  0.006496038737899635 -0.007094318073525663    0.1140007055934214   -0.0711980285425802   -0.3820025477769867    0.1572531609674886     1.153476955613898   -0.2852065096410024
  -0.9301340221360163    0.5644783242652663     1.368753482758672   -0.6908051580587298    0.0364926569580814 -0.006369177547305737   0.05778084297501537  -0.04540172769390102   0.01652593398968617    0.2200857497571904   -0.2852065096410027     1.465706189338076

cov*(cov_.inverse()):
    0.9999999999999875   5.14518982974721e-15   1.44502465548868e-14 -5.280498260873401e-15    6.3463774166439e-16  1.510632439451209e-16 -5.354874529905906e-16 -6.803910733432783e-16 -9.648586183491625e-16  1.765081136806401e-16  -1.52655665885959e-16  2.220446049250313e-16
 2.540502530568034e-15     0.9999999999999979  1.382010825223823e-14  2.352718714293545e-16   4.05356087238018e-17 -2.514095431404434e-16 -1.330505801019899e-15  -8.15048983165978e-17 -1.029924301225449e-16  3.707971429900425e-17 -6.074784772436281e-16  4.683753385137379e-17
 2.942091015256665e-15  -4.73232564246473e-15     0.9999999999999909   3.95516952522712e-15 -1.595945597898663e-16 -1.947227101783966e-16  1.710437347313132e-15 -4.276093368282829e-16  4.462576141950336e-16 -3.469446951953614e-17  2.498001805406602e-16  -3.05311331771918e-16
 1.429412144204889e-15 -5.689893001203927e-15 -2.695066392277568e-14     0.9999999999999962 -2.677545685170202e-15  2.582569574860472e-16 -9.558326352632207e-16   1.09721259855533e-15  1.750335987260598e-15 -3.295974604355933e-16 -6.938893903907228e-16  5.551115123125783e-17
-2.949029909160572e-15  1.092875789865388e-15  3.406996906818449e-15 -9.020562075079397e-16                      1 -4.109126233720062e-17  -4.81385764583564e-16 -2.818925648462312e-16 -1.587271980518778e-16  1.283695372222837e-16  1.266348137463069e-16  1.387778780781446e-17
 3.691491556878645e-15 -8.743006318923108e-16  -1.52655665885959e-15 -6.938893903907228e-17  4.336808689942018e-18                      1  1.257674520083185e-16 -1.136243876764809e-16  2.983724378680108e-16 -3.816391647148976e-17 -2.151057110211241e-16                      0
-1.887379141862766e-15  6.245004513516506e-15 -1.221245327087672e-15 -2.636779683484747e-15  1.051242426441945e-15 -3.963843142607004e-16     0.9999999999999984  8.586881206085195e-16 -1.804112415015879e-16  2.775557561562891e-17 -2.220446049250313e-16 -4.996003610813204e-16
-5.523359547510154e-15  1.262878690511116e-15   3.33066907387547e-16  1.665334536937735e-16  5.984795992119984e-16 -5.269222558279552e-16 -3.452099717193846e-16     0.9999999999999992 -4.640385298237959e-17 -6.938893903907228e-18  4.024558464266192e-16 -6.661338147750939e-16
-1.054711873393899e-15  8.743006318923108e-16  3.247402347028583e-15  1.249000902703301e-16 -2.645453300864631e-16  6.819631664933823e-17  2.584737979205443e-16 -3.148523108897905e-16     0.9999999999999999  3.469446951953614e-17 -1.942890293094024e-16                      0
-2.220446049250313e-16  4.163336342344337e-17  2.220446049250313e-16 -5.551115123125783e-17   2.42861286636753e-17   1.24683249835833e-17  3.295974604355933e-17  4.250072516143177e-17 -3.035766082959412e-17                      1   4.85722573273506e-17  5.551115123125783e-17
 3.747002708109903e-16  8.326672684688674e-17  2.331468351712829e-15 -1.734723475976807e-16 -2.823262457152254e-16 -3.024924061234557e-17  6.028164079019405e-16 -8.387388006347862e-16 -9.237402509576498e-17   7.28583859910259e-17     0.9999999999999999 -1.110223024625157e-16
                     0  5.551115123125783e-17  2.220446049250313e-16 -6.661338147750939e-16 -3.469446951953614e-18  3.903127820947816e-17  1.179611963664229e-16 -1.457167719820518e-16   4.85722573273506e-17                      0  -3.33066907387547e-16                      1
