10
2

0.08470960952419501
 0.3197175122749581
 0.8961696816838634
    1.1204253188625
  1.556843632210174
  1.827831380869753
  2.480579144983873
  2.538497864442003
  4.241445059667984
  13.32369992757018

  -0.3921299033067839    0.2046670671145456    0.7241780993281529    -0.377242254631404   -0.3290351224156616    0.1712596291125295 -0.001013967919990008  0.001202695151381318 -0.001530067978247765  0.001050849172478249
   0.5063840371744146   -0.2271518367413793  -0.05915082507531186   0.02099489442155402   -0.7246456353389419     0.337975810364082    0.0904593070825693  -0.04569402147391719    0.1828090365634882   -0.0707723488975207
  -0.6464224267604155   0.06929215832763583   -0.5389708246824988   0.03834363710497844   -0.3879584845540752   0.05669314117451008    0.2959240525398815   -0.1612386012018385  -0.09442848353684906   0.09573552488054655
   0.2541543316194396   0.04265552130739114    0.2067269255365133   0.03985386550418206    0.1342675117906754  0.004919017186942227    0.5819833827769696   -0.5618913725903548   -0.4052183732104532    0.2293060531774017
   -0.122975251467126   -0.1024873621620027  0.004038710177563942   0.05282975031625355   0.05824977333688088   0.05945466261526267    -0.355232469785746   -0.7183767944363474     0.110092801878959   -0.5570121094056401
   0.2431457244046186    0.4411562718514158   -0.1647140435261123   -0.2704721076886293   -0.3269668655522357   -0.5027759241801671   -0.3907308110188408   -0.1485944707230347   -0.3074083011036114    0.1305132760951108
 -0.09506642940133567   -0.2582281970827696   0.05563760812955749    0.1032239253268482   0.01277083711594673    0.1045859415685829   -0.4007045324181186   -0.2958251185226927    0.2297397731036326    0.7736740593974163
   0.1367937387019201    0.2425418724891498   -0.3261813725729462   -0.6656319366826916    0.2958925367992513    0.5062540154021604  0.003931879798760105  -0.07745145940347073    0.1356501453386238   0.06884822858077258
 -0.07309043912733051   -0.6886715389655698  -0.04679074385433065   -0.3750788938953877 -0.005328498924597654   0.01050259490682809   -0.1534372673195204       0.1097738135722   -0.5823653715010678  -0.05132582486361024
 0.004224537745237301    0.3082096237026162  0.003931471563018012    0.4287628208382251  0.006386952590976067    0.5740592682226917   -0.3202454241357218    0.1117307202336871   -0.5258410470281616  0.001199698660929003

 22.6841044053831
43.14751642805391
 35.5589887199196
67.77493008141039
50.50789316297811
96.36800682100177
69.10255257059804
131.4883497578315
97.09948733807938
185.0789997253654

 1.912576875641029
0.5264258900309245

   0.07048242370771697   -0.03685493127222303  -0.006674056633227173    0.00358023178345046   -0.06260578488563706    0.03274672986699179 -0.0003416705228133283  0.0002277007090283512  -0.000813749041675511  0.0004075475945025517
   -0.0174280222026513   0.009114909395177491  0.0009653788805368972  -0.000499827544111513     0.0151785262097197  -0.007937154060390819  0.0005475408856633456  -0.000389695352366783  0.0007910388877255189 -0.0007661894672589465

-0.000108748640359055   0.01029843763842556  -0.01466319053936863  0.008732101895826138  -0.01644975151809471   0.01810281053981707   0.03469174796408344 -0.009995887668984647    0.3671133869110551     1.670383188167384
2.318195397456322e-05 -0.002491982065195629  0.004092841346062785 -0.002285527674799046  0.005327668320607519 -0.005718871795461377  -0.01136035746573436  0.002605948785645598   -0.1002652449417694   -0.4562387338896398

cov:
   0.9536366572385174     1.855739659256844  -0.04994180640855267  -0.07290471307811268    0.1898480614745396    0.3647855634253288   0.02466547924256402   0.03970503647490156  0.003245483225942165  -0.03166016956864512
    1.855739659256844     26.87207964288785  -0.06366469617870429     26.49318186851483    0.3631969950269447     31.14385121603231    -15.42013184708886     5.023637216221916    -22.22037812474241   -0.0702243669289517
 -0.04994180640855267  -0.06366469617870429     1.128529835905597     2.190417786409332   -0.2226739018310295   -0.3836410403900641  -0.00586341784893929   0.04609134247697886   0.02159185520523438    0.1054262007428668
 -0.07290471307811268     26.49318186851483     2.190417786409332     38.34199394596573   -0.4419458810320328     41.98244867902481    -23.26531013420948     7.917032118865627    -36.26132122529198    0.4587456440735994
   0.1898480614745396    0.3631969950269447   -0.2226739018310295   -0.4419458810320328     1.136302569012412     2.138721742445684   0.00348642162567719  -0.03495459118032759   0.03525272546165316 -0.008798764909968407
   0.3647855634253288     31.14385121603231   -0.3836410403900641     41.98244867902481     2.138721742445684     61.08942524731844    -32.28413187667299      11.0975938299679    -52.57508613587165    0.5388910778946568
  0.02466547924256402    -15.42013184708886  -0.00586341784893929    -23.26531013420948   0.00348642162567719    -32.28413187667299     20.92995467985221    -5.564253907931435     30.92840820031578    -1.333548016418889
  0.03970503647490156     5.023637216221916   0.04609134247697886     7.917032118865627  -0.03495459118032759      11.0975938299679    -5.564253907931435     4.752079355389131    -11.80765321738749    -0.788989205893927
 0.003245483225942165    -22.22037812474241   0.02159185520523438    -36.26132122529198   0.03525272546165316    -52.57508613587165     30.92840820031578    -11.80765321738749     56.19251762019577     1.171718016281712
 -0.03166016956864512   -0.0702243669289517    0.1054262007428668    0.4587456440735994 -0.008798764909968407    0.5388910778946568    -1.333548016418889    -0.788989205893927     1.171718016281712     4.644158353819518

cov.inverse():
   24.53757122190004   -12.30757115812363   -39.41115196705074    20.65973318815264    14.70969108557286   -7.759630662679851   0.3796540385952603  -0.2479491951319739    0.956921828764642   -0.411179856632422
  -12.30757115812358    6.459204199729457    20.71236635910338   -10.85399192357739    -7.83821953292241    4.085062456564581  -0.1989236060415048   0.1190871015978963  -0.5001971155032556   0.2161711443717327
  -39.41115196705084    20.71236635910344     73.5397582240734   -38.05381674374771   -32.50327267256684    17.05101303598158  -0.2421891980451713   0.1705861751652048  -0.2515070256389911   0.1168009288897728
   20.65973318815268   -10.85399192357742   -38.05381674374771    19.94220142386358    17.13247406907923    -8.93856393597258    0.123677286751336  -0.1007594119947568   0.1286134292427732 -0.07369752214989064
   14.70969108557302   -7.838219532922506   -32.50327267256709    17.13247406907936     20.4734543065114   -10.20163312931398   -0.646402025190503   0.2796522382187391   -1.183932766032433   0.4104308807001533
  -7.759630662679895    4.085062456564631    17.05101303598172   -8.938563935972653   -10.20163312931398    5.329407114089572   0.3405225570068046  -0.1419088350877727   0.6211483483134671  -0.2160349108653665
  0.3796540385952286  -0.1989236060414879  -0.2421891980451077   0.1236772867513028  -0.6464020251905347   0.3405225570068213   0.5847855631097572  -0.2197673429300726 -0.04980598943023228  0.09527223188604958
 -0.2479491951319766   0.1190871015978972    0.170586175165207  -0.1007594119947579   0.2796522382187387  -0.1419088350877726  -0.2197673429300726   0.5399205554343469  0.08283874655230457  0.03090827540497084
  0.9569218287645943  -0.5001971155032306  -0.2515070256389036   0.1286134292427274   -1.183932766032472   0.6211483483134879 -0.04980598943023296  0.08283874655230479   0.5342949343498792  -0.2173841443226388
 -0.4111798566324079    0.216171144371726   0.1168009288897498 -0.07369752214987858   0.4104308807001632  -0.2160349108653717  0.09527223188604984  0.03090827540497074  -0.2173841443226388   0.3337174918417537

cov*(cov_.inverse()):
     0.999999999999949 -4.271669823419089e-14   2.19746096319362e-14   3.65896549170408e-15  8.257283745649602e-15 -4.424672434000243e-14 -2.415602440297704e-16  7.611099250848241e-16  3.972516759986888e-16 -1.323594012170304e-15
-6.038919364570461e-14     0.9999999999999203  2.235191198796116e-14 -9.832412661836543e-15  1.921379721991912e-14  -1.70159025758565e-14  3.165870343657673e-16 -1.726049858596923e-16 -2.628106066104863e-15 -3.573530360512223e-16
 1.309369279667294e-14  4.288236432614667e-15     0.9999999999999875 -6.200769064879097e-15  1.817990202823694e-15 -2.726985304235541e-15 -9.020562075079397e-17  -7.24247051220317e-17   7.28583859910259e-17   9.71445146547012e-17
-2.056688153118102e-14  4.621303340002214e-14 -4.510281037539698e-14     0.9999999999999103 -3.635980405647388e-15  1.046246422831132e-13  7.424616477180734e-16  -9.80118763926896e-16  1.804112415015879e-16   6.38378239159465e-16
 -1.64104840827406e-14 -5.070163039411213e-15  1.137978600240785e-14 -6.533944392483892e-15     0.9999999999999941 -5.921695425681328e-15 -1.627387460900742e-16  2.234540677492625e-16 -6.995272416876475e-16 -3.686287386450715e-17
  1.18099974244501e-13  4.604649994632837e-14  4.579669976578771e-15 -6.023653797981865e-14  2.234323837058128e-14      1.000000000000018  1.380839886877538e-15 -2.269018306577664e-15 -3.483324739761429e-15 -1.332267629550188e-15
-9.214851104388799e-14 -2.498001805406602e-14  2.595146320061303e-13 -3.319566843629218e-14 -6.417089082333405e-14 -1.343369859796439e-14      1.000000000000001  9.159339953157541e-16 -2.720046410331634e-15  1.110223024625157e-15
  5.88418203051333e-15 -4.579669976578771e-15 -6.085409953726639e-14  2.026850909331301e-14  1.620925615952729e-14  1.867950238931826e-14  1.249000902703301e-16     0.9999999999999998  2.498001805406602e-16 -1.665334536937735e-16
-2.720046410331634e-15 -2.930988785010413e-14  1.637023849809793e-13  8.340550472496489e-14  4.057865155004947e-14 -6.167288901792745e-14  2.511879593214417e-15 -1.131039706336878e-15     0.9999999999999999  1.332267629550188e-15
 2.886579864025407e-15  1.998401444325282e-15 -8.881784197001252e-16 -1.165734175856414e-15 -2.664535259100376e-15  1.998401444325282e-15  5.551115123125783e-17                      0  2.220446049250313e-16                      1
