10
1

0.3895938627925232
0.4851610231115384
0.9005990648387933
0.9897644012250558
 1.043910651048298
 1.174368192506607
 1.365087013514774
 1.644025072543376
 7.676510837261703
 54.86744575936289

      0.30976996502632    -0.4331572171654848    -0.4667478468194897     0.6728272347907578     0.1074370240233107    -0.1760062968349578    0.01886233277484207    -0.0253033196682272    0.02884963387711023   -0.03896249456736634
    0.2680697599689305    -0.3118197287579838     0.0322017740529266   -0.06334631823081736    -0.5288610613011282     0.6821645860670938    0.08597329400543319    -0.1174370259194441        0.1498300910923    -0.1928286469423587
    0.1902918225519245    -0.0415444269323226     0.1548348179030825     -0.032404738180756    0.07797236206212406   -0.05437156998502653     -0.750484896099523     0.3088904826338358     0.4854909944340744    -0.1834688608157828
    0.7659475673121486    0.04759007420688584     0.5022518741558655   -0.01447301670173764     0.2137234324638457   -0.07336915328732616     0.1032686396973833   -0.02253635571528307    -0.3058860027154448    0.05285651795874124
  -0.04077204693813021   -0.06003314680934404     0.2384832160751812    0.04965586550321274      0.378150686358838    0.04404852601628363     0.5352628335270609   -0.01172250818610814     0.7095063241312486   -0.02031146894030618
    0.3960584742136558      0.380749057444255    -0.3674502616237237    -0.2256762185806251    -0.4526252268656351    -0.3753881715581495     0.1944599325440425    0.07690212278546461     0.3176196317827468      0.147721637446851
   -0.2205753722554268    -0.1084711409477613     0.5593575180162097     0.4112512322272815    -0.5528567619226771       -0.3743264238604    0.02984977689948797      -0.01173125657671    0.05898154573970392    0.08540364548866039
    0.0451137544267066     0.1258257959759505   0.008229619915420561    0.07905863408911983    0.05896425104000243    0.09043249874029241    -0.3051962302948487    -0.7735538737972947     0.1991802046800973     0.4826558977595125
 -0.009004311433164281    -0.7046856938901859  -0.006018387116436434    -0.4798494112386471    -0.0033080903309287    -0.2181966759298256   0.002015323365672118    0.09986923848073684   0.004189704030007282     0.4641434088309883
 0.0001443599949360027     0.1959557537228605  8.719781750877149e-05     0.2881014736357931  7.565700515961507e-05     0.3956884012809671  0.0001946428288069302       0.52449845837409 -0.0005525617222430746     0.6685286548452263

 22.6830309000116
 13.1209707093518
35.55777791784723
20.86554906445035
 50.5630231864511
 29.9039668589094
 68.3462486784705
40.66227472904067
88.50335468255757
52.82916176353735

0.6008946043628791

  0.01489306781263936  -0.02482416767027336 0.0008290864713588763 -0.001662214109699192   -0.0107379797188617   0.01763451661267615 -0.002010438529279525  0.003389772863115904 -0.003373134367921287  0.005588245093081686

  0.00139104198310848  0.006454078151692997  0.001739329761692653  0.007955375493294701 -0.006438434433727853 -0.007748598325619325 -0.002419043652304203 -0.004318852785477458     1.016733265823743     21.52812551497113

cov:
    0.9547288804713755     0.7188990152638722   -0.05613756226298151      0.106722795536182     0.1162684212791684     0.2169488482704892 -6.438185391365922e-05     0.1501383385241755  -0.004232707742485217     0.1469371533023534
    0.7188990152638722      145.1832716802376    0.02906425602562745      189.6638304565152    0.09048068517090603       242.348716015648     0.0109543590156429      305.0402016696501    -0.3672758450327837      375.3503096064421
  -0.05613756226298151    0.02906425602562745      1.133446598882533     0.7441652013503958     -0.142780850175534   -0.03051643992105461    0.02010128265664602     0.0594167946178947  -0.002730428865464075    0.03476101928408538
     0.106722795536182      189.6638304565152     0.7441652013503958      263.9180189947506   -0.07680669291026579      349.1809299408556    0.05683531156993238       451.871915055673    -0.5781269414817449      566.8223170418717
    0.1162684212791684    0.09048068517090603     -0.142780850175534   -0.07680669291026579       1.13526882411709      0.678604940677638    -0.0167871491050685   -0.03501667165293494    0.01262617816952059   -0.02703155134893981
    0.2169488482704892       242.348716015648   -0.03051643992105461      349.1809299408556      0.678604940677638      474.7491511438736     0.0745195405693011      623.2442851685332    -0.8110535777760606      790.3352165792261
-6.438185391365922e-05     0.0109543590156429    0.02010128265664602    0.05683531156993238    -0.0167871491050685     0.0745195405693011      1.087201795697629     0.7776751363924163    0.01484125364291354     0.1942462333696246
    0.1501383385241755      305.0402016696501     0.0594167946178947       451.871915055673   -0.03501667165293494      623.2442851685332     0.7776751363924163      830.4618607823353     -1.116795755606806      1057.281108799682
 -0.004232707742485217    -0.3672758450327837  -0.002730428865464075    -0.5781269414817449    0.01262617816952059    -0.8110535777760606    0.01484125364291354     -1.116795755606806      1.091617809025319    -0.7742983866199525
    0.1469371533023534      375.3503096064421    0.03476101928408538      566.8223170418717   -0.02703155134893981      790.3352165792261     0.1942462333696246      1057.281108799682    -0.7742983866199525      1358.863904216188

cov.inverse():
   1.723144011985521   -1.085042177417058  -0.6673924646459697    1.168136602160345  -0.2753504193582829   0.2839728006221682  0.06826604163164639   -0.119551938240866   0.1652664278929924  -0.2597842277423617
   -1.08504217741706     1.78269330760484    1.159120322730895   -1.914771176688703   0.2895664296069888  -0.4796164347432679  -0.1160348745754651   0.1962553939032453  -0.2661536588083502   0.4324970379937385
 -0.6673924646459303    1.159120322730828    2.044777390055172   -1.896548005709371  -0.2406925465347473   0.5841565710317281 -0.06320606640621135  0.08021510468153793 -0.04340730403056046  0.06876279885062475
   1.168136602160279   -1.914771176688593   -1.896548005709371    3.137271785878404   0.5833407666844252  -0.9752494210090191  0.07914754957726215  -0.1316648698268514  0.07184935766793943  -0.1101174708227918
  -0.275350419358341   0.2895664296070845  -0.2406925465346749   0.5833407666843055    1.763509302941135   -1.426996388385392  -0.1230279874224737   0.2280210909490213  -0.2074744508868583   0.3292040058774908
  0.2839728006222653   -0.479616434743428   0.5841565710316077  -0.9752494210088198   -1.426996388385393    2.373270626482998    0.222355003777351  -0.3752570522387346   0.3281632329471644  -0.5489876856157979
  0.0682660416316524   -0.116034874575475 -0.06320606640622076  0.07914754957727765  -0.1230279874224712   0.2223550037773467    1.064319514460933  -0.2419792753340565 -0.05142174182674688    0.057797208168726
 -0.1195519382408759   0.1962553939032616  0.08021510468155371  -0.1316648698268774   0.2280210909490171  -0.3752570522387276  -0.2419792753340565   0.4071081616284211  0.06507610443431081 -0.09770257847401881
   0.165266427893005  -0.2661536588083707 -0.04340730403058438  0.07184935766797905  -0.2074744508868458   0.3281632329471436 -0.05142174182674773  0.06507610443431223    1.038605056744483  -0.1973721286679377
 -0.2597842277423827   0.4324970379937726  0.06876279885066419  -0.1101174708228571   0.3292040058774707  -0.5489876856157644  0.05779720816872734 -0.09770257847402107  -0.1973721286679378   0.3224334402956228

cov*(cov_.inverse()):
                     1  1.387778780781446e-17 -1.734723475976807e-18  1.561251128379126e-16 -2.081668171172169e-17  1.387778780781446e-17  1.734723475976807e-18  6.938893903907228e-18  1.040834085586084e-17                      0
-2.842170943040401e-14     0.9999999999999147    1.4210854715202e-14  3.552713678800501e-14    1.4210854715202e-14                      0   1.77635683940025e-14  7.105427357601002e-15                      0  2.842170943040401e-14
 4.683753385137379e-17  1.110223024625157e-16                      1 -2.792904796322659e-16  3.122502256758253e-17  3.469446951953614e-18  3.903127820947816e-18 -1.387778780781446e-17  3.469446951953614e-18 -6.938893903907228e-18
-5.684341886080801e-14 -5.684341886080801e-14 -4.263256414560601e-14     0.9999999999999361 -2.842170943040401e-14                      0    1.4210854715202e-14   -1.4210854715202e-14 -2.842170943040401e-14  5.684341886080801e-14
-7.632783294297951e-17 -3.122502256758253e-17 -5.182486384480711e-17  4.380176776841438e-17                      1 -5.551115123125783e-17 -4.119968255444917e-18  5.334274688628682e-17 -1.387778780781446e-17  3.642919299551295e-17
-2.842170943040401e-14  -1.70530256582424e-13  -1.13686837721616e-13 -8.526512829121202e-14                      0      1.000000000000114  3.552713678800501e-14    1.4210854715202e-14  2.842170943040401e-14 -2.842170943040401e-14
-1.387778780781446e-17  4.163336342344337e-17  2.949029909160572e-17  -4.85722573273506e-17  1.387778780781446e-17                      0     0.9999999999999998  2.775557561562891e-17  2.775557561562891e-17 -2.775557561562891e-17
-5.684341886080801e-14  -1.13686837721616e-13 -7.105427357601002e-14 -5.684341886080801e-14 -5.684341886080801e-14 -2.273736754432321e-13  7.815970093361102e-14     0.9999999999999716 -2.842170943040401e-14                      0
 1.110223024625157e-16  1.110223024625157e-16                      0   4.85722573273506e-16  5.551115123125783e-17  1.665334536937735e-16  -4.85722573273506e-17                      0     0.9999999999999996 -2.775557561562891e-17
 5.684341886080801e-14 -3.410605131648481e-13 -2.700062395888381e-13 -5.684341886080801e-14                      0   1.13686837721616e-13    1.4210854715202e-14  2.842170943040401e-14                      0     0.9999999999999432
