12
2

0.04857662111622429
 0.2805105100568246
 0.7504070341796842
 0.8591136043722308
 0.9129995737800652
  1.293024015587182
  1.420066013135531
   2.10291818060544
  2.693414424701876
  2.755777285956666
  4.117921911914295
  7.727216153556959

    0.4455819453421506    -0.1832507939967204    -0.7504884650888811     0.3085177321309961     0.3061909070787543    -0.1247890870273578   -0.00251572415150311   0.002805120704771721   0.004673519338978743  -0.006677870960339946   0.002009484111997539  -0.007063289246600386
    0.4578130459438975    -0.1719577498895896   -0.04518129988756206    0.01799928354594496    -0.7743047945042546     0.3114616542746025     0.0971091660217943   -0.05653425203386466     0.1420377711076099   -0.02371674215291847     0.1656937562770801   -0.03313912107743701
   -0.2979611935016746    0.03346112058264105    -0.2208658189322142    0.01187464803354577   -0.09955115159835616    0.03411436068882616     0.2187503824386537     0.3356880467212638     0.4577711537243357    -0.6073531623817794    -0.1683283346147429     0.2877457665163851
   -0.2257779252165868    0.04237037439779619    -0.1510419977658645    0.04253534608052216   -0.03272659458725297    0.04070418476709513     0.2141079092239849    -0.9074818806960437     0.1284029894593114   -0.06594671996781465    -0.1428134172753259    0.09633663964352296
    -0.604451793510267    0.02149998455933244    -0.4987226584060102    0.03108046035578749     -0.278450937509071     0.1842621431581946    0.05311118112242223     0.1732430879755236    -0.2111371662158093     0.4037627575162963     0.1531307954831746   -0.09545553954654981
    0.1811734115260345    0.05186094039532295    0.08629320617752588  -0.009063534839804483    0.08237163743734831     0.1718921693263055     0.6766360956985074     0.1586889840260644    -0.1776606989670718     0.3436117534993555    -0.4398926935252208     0.3073587897242246
  -0.03782674616709526   -0.02989894905282766    0.03750069180982792     0.0510153226971893     -0.128284349639044    -0.4786743516994367     0.5480415487765423    0.02077012642551336    -0.2654476591847779     -0.282180300985299     0.1464955768695795    -0.5251192648687912
   0.03419681885594416    0.05161255180047743   -0.02601109609482426   -0.08723912350986072     0.1465749940965562       0.32986382798269    0.08721206901739212   -0.06170877443477128    -0.5755391783103739      -0.40061480326369     0.4646613211408746     0.3721874243268441
   -0.1231795045219757    -0.2807569764779193     0.2133880100342946     0.4618068348102303     0.2964466177765028     0.5892582577119155     0.1329816650931426    0.02594245691718005     0.1459908237874861     -0.072674148587099    0.04885084157291885    -0.4059039927135641
    0.1624456974448026     0.4522192245918285    -0.2371837788949044    -0.5341344359624449      0.127314161839184     0.3655105686847662  -0.007260552390629436 -0.0008641176969481706    0.01462164703221773    -0.1374360653417203    -0.2000395182136735    -0.4675198607848216
  -0.09732371909094391    -0.6682893109801833   -0.04898851388024499    -0.2762574239007707   -0.08202401861431417    0.04115536580947962    -0.2004099144308787   -0.01802052147383606     -0.351660394061482    -0.2012104340234408    -0.4978277664052201   -0.06561797393346193
   0.01695990811027329     0.4441709854333604    0.02619484895207051     0.5624925676855034    -0.2502782545809483    0.02535610207753243    -0.2652468548221522     0.0123673764663892     -0.361551510183603    -0.2007458627315363    -0.4233804700194588   -0.03577761125157905

22.68449796362169
54.88170563508317
35.55469154842758
86.17479080003001
 54.1540734170709
131.2504440298277
65.20077695166522
 158.161190257804
 75.9666365011694
184.8485542485211
90.18657380209468
219.6268941799604

 2.431339878112967
0.4122166097355285

   0.08335590861020122   -0.03425288362479153   -0.01295638908178607    0.00526705955485202   -0.06975570312380039    0.02817548845813836   0.000333539407197078 -0.0003091132018174214  -0.001230563094809527   0.001223627445672118 -0.0009765013368547258   0.001901232769375074
  -0.01254374442318027   0.005153896450386122 -0.0005360085838252746  0.0002113714200770088    0.01286225611219666  -0.005131301333927976 -3.909414461953471e-05  6.268942864291289e-05  0.0001951424837806618  -0.000114438896756046  0.0001334568577123371 -3.794857914514462e-05

 7.046449376656115e-05   0.008430486712035074  -0.008885435534961914    -0.0104988886052187   -0.01624914591786601    0.02187959710943885   -0.01586678549651473   0.002431570368802502   -0.04433389711922688  -0.008760563245456704     0.3616280626672982      0.444719674531816
-3.504416858068952e-06  -0.001425161009054886   0.001527910955629135   0.001812160809025948   0.002821803260090947  -0.003405496936622957   0.002252768441928959 -2.872807551240677e-06   0.006716501060317051  0.0006007409275808315   -0.06146437891852972   -0.07520514477928293

cov:
   0.9603369665348318     2.357380099815677  -0.04547621247039054  -0.08966966874440534  -0.03413903944545334  -0.07368316725701544   0.01504099175201669   0.06074535394553766 -0.005496429311003919 -0.002211857238057106  0.009112957849593385   0.03002004668362141
    2.357380099815677     21.50104424719871  -0.01689878503623827     15.25174014358277    -5.823966779385773    0.3813044822800386    -5.003393669673663    0.4566462450092287     -5.97466487555311    -3.418422646385829    -6.321616412306502   -0.8337048479584626
 -0.04547621247039054  -0.01689878503623827     1.110625687731081     2.779109177887271   0.02558155791973569    0.1236683117664732   0.02608787744346863   0.09518509245348875  -0.03720216290024437  -0.02233110362757897   0.05405678432123756    0.1674282882407474
 -0.08966966874440534     15.25174014358277     2.779109177887271     23.94152137634087      -7.6257503044522    0.9778092782637304    -7.472700228672061    0.5919145853038201     -9.86678581402262     -5.36110579126735    -11.07153397073425   -0.5574999756749466
 -0.03413903944545334    -5.823966779385773   0.02558155791973569      -7.6257503044522     4.872828703340733     1.481059611611778     4.493846082936777   -0.1619795444028959     5.903016649011849     2.794663168810866     7.101069913760506   -0.2738819901125954
 -0.07368316725701544    0.3813044822800386    0.1236683117664732    0.9778092782637304     1.481059611611778      4.63113061636423   -0.1793055390737036   0.05459444174488989   -0.7788349109524281    -1.301983619977521   -0.9048235048504948    -2.001746354596828
  0.01504099175201669    -5.003393669673663   0.02608787744346863    -7.472700228672061     4.493846082936777   -0.1793055390737036     6.479357843761395  -0.02570039336213362     6.413416418431964     3.655459968307217     8.263630609925714    0.3809270742641843
  0.06074535394553766    0.4566462450092287   0.09518509245348875    0.5919145853038201   -0.1619795444028959   0.05459444174488989  -0.02570039336213362    0.7758871309275969  -0.06393658789223511   0.07691504851285844    -0.302178726771818   -0.1454767944760123
-0.005496429311003919     -5.97466487555311  -0.03720216290024437     -9.86678581402262     5.903016649011849   -0.7788349109524281     6.413416418431964  -0.06393658789223511     11.88714511518923     6.275859081584445     10.92576239541866    0.0241120947677986
-0.002211857238057106    -3.418422646385829  -0.02233110362757897     -5.36110579126735     2.794663168810866    -1.301983619977521     3.655459968307217   0.07691504851285844     6.275859081584445     4.689107189438054     5.912935068632629     1.035546372430257
 0.009112957849593385    -6.321616412306502   0.05405678432123756    -11.07153397073425     7.101069913760506   -0.9048235048504948     8.263630609925714    -0.302178726771818     10.92576239541866     5.912935068632629     16.60115424573211     2.358346594613377
  0.03002004668362141   -0.8337048479584626    0.1674282882407474   -0.5574999756749466   -0.2738819901125954    -2.001746354596828    0.3809270742641843   -0.1454767944760123    0.0241120947677986     1.035546372430257     2.358346594613377     4.392365365969884

cov.inverse():
   87.49505316161921   -35.62516829246673   -141.4535071511033    58.30042589225309    53.58837787226619   -21.88825724520783 -0.06742289942570147    0.191092093582833    1.561540045717341   -1.311394409182889    1.316014519470697   -1.595792121729018
   -35.6251682924667    14.68191092672247    58.32775165723231   -24.03119764660574   -22.09764304853137     9.03324925797909  0.02403632716900668   -0.118333552077428  -0.6461196012537263   0.5521957962874195  -0.5401326773953959   0.6529678249310937
  -141.4535071511033    58.32775165723226    239.1505756607621   -98.13270051908439   -96.71985811690297    39.38166778856156   0.6321670777896203   -0.899513827067827   -1.653478502871769    2.165121115577985  -0.7443943150829474    2.196757287118442
     58.300425892253    -24.0311976466057   -98.13270051908435    40.42499472888452    39.84379401884643   -16.24256051775469  -0.2695549359265987   0.3180688200851252   0.6689012500382038  -0.8747489997817252   0.3127873385978652  -0.9375282359510574
   53.58837787226597    -22.0976430485313    -96.7198581169028    39.84379401884638    47.49536627327392   -19.24706184352005   -1.339183425106609   0.8488644836170235  -0.8088874733740192   -0.639567995448906   -1.397574999586417  -0.5767507164162745
  -21.88825724520779    9.033249257979067    39.38166778856149   -16.24256051775467   -19.24706184352005    8.098672037176309   0.5100633109226139  -0.3547287194383575   0.3165815434717912   0.3674284629446923   0.5129816156523871   0.3723662649959153
-0.06742289942566455  0.02403632716899125   0.6321670777895573  -0.2695549359265731   -1.339183425106585   0.5100633109226039   0.7034906231126223  -0.1252849946149269   0.2249694035699052  -0.1949481598199435 -0.01491700633385743  0.08323784642463286
  0.1910920935828251  -0.1183335520774249  -0.8995138270678174   0.3180688200851211   0.8488644836170219  -0.3547287194383568  -0.1252849946149273    1.412094773845617 -0.03610547847095216  -0.1527368590418344 -0.05567480258577549  0.06589524024336575
   1.561540045717406  -0.6461196012537517   -1.653478502871875   0.6689012500382479  -0.8088874733739717   0.3165815434717719   0.2249694035699042 -0.03610547847095126   0.8547782825565698  -0.6070873156697972  0.08307703674081608    0.181578673453322
  -1.311394409182933   0.5521957962874373    2.165121115578065  -0.8747489997817578   -0.639567995448945   0.3674284629447081  -0.1949481598199423  -0.1527368590418351  -0.6070873156697962    1.035258872289697  0.07032016028583736  -0.2188626158019598
   1.316014519470686  -0.5401326773953912  -0.7443943150829273    0.312787338597857   -1.397574999586424     0.51298161565239 -0.01491700633385795 -0.05567480258577503  0.08307703674081637  0.07032016028583628   0.6551239789218497  -0.2661362041516024
  -1.595792121729001   0.6529678249310861    2.196757287118412  -0.9375282359510448  -0.5767507164162625   0.3723662649959104  0.08323784642463344  0.06589524024336574   0.1815786734533228  -0.2188626158019604  -0.2661362041516029   0.4819777392770208

cov*(cov_.inverse()):
      1.00000000000006 -4.053701818662603e-14  5.709321904134868e-14  3.883698918016876e-14  8.245487626012959e-14  2.350550309948574e-15  1.530893467549532e-16  7.320533068622126e-16 -2.393051035110005e-15  4.137315490204685e-16 -1.186550857568136e-15  1.491862189340054e-16
-1.665334536937735e-14     0.9999999999999943  5.506706202140776e-14  4.174438572590589e-14  7.033262861000367e-14  1.332267629550188e-15  1.249000902703301e-16  1.873501354054952e-16 -1.110223024625157e-15  1.054711873393899e-15  1.193489751472043e-15 -1.110223024625157e-16
-3.458344721707363e-14  8.062994716340199e-15      1.000000000000105 -1.587618925213974e-14 -1.053324094613117e-14  1.817990202823694e-14  9.627715291671279e-16 -1.301042606982605e-16 -6.487865800153259e-16  1.179611963664229e-16  -4.85722573273506e-17  4.996003610813204e-16
-1.014743844507393e-13 -1.099120794378905e-14 -3.801403636316536e-13     0.9999999999999808  7.066569551739121e-14  1.082467449009528e-14 -1.373900992973631e-15  -2.42861286636753e-16  2.067790383364354e-15 -1.609823385706477e-15  -1.52655665885959e-15 -1.221245327087672e-15
  3.47499806707674e-14 -4.446443213623752e-14  1.016964290556643e-13  4.052314039881821e-14                      1  9.298117831235686e-16  6.071532165918825e-16 -4.232725281383409e-16  4.232725281383409e-16 -2.706168622523819e-16  1.665334536937735e-16  5.551115123125783e-17
-1.021405182655144e-14   3.33066907387547e-15  8.881784197001252e-15  1.221245327087672e-14   1.13242748511766e-14     0.9999999999999996 -5.828670879282072e-16   3.33066907387547e-16  5.551115123125783e-17 -2.220446049250313e-16 -6.661338147750939e-16   3.33066907387547e-16
 3.597122599785507e-14 -3.630429290524262e-14  1.263433802023428e-13  2.164934898019055e-15  3.175237850427948e-14  1.784683512084939e-14                      1 -4.544975507059235e-16 -1.221245327087672e-15 -2.775557561562891e-17 -5.967448757360216e-16  5.551115123125783e-17
-3.858025010572419e-15 -1.693090112553364e-15  5.495603971894525e-15 -9.992007221626409e-16  8.049116928532385e-16  7.563394355258879e-16 -2.081668171172169e-17                      1  -3.50414142147315e-16  1.040834085586084e-16 -6.245004513516506e-17                      0
-4.900246874939285e-14 -3.118338920415908e-14  7.342737529114629e-14  3.441691376337985e-14 -2.087913175685685e-14  2.330080572932047e-14  1.063819171642777e-15  6.678685382510707e-17     0.9999999999999988  1.132774429812855e-15 -9.280770596475918e-17  9.298117831235686e-16
-5.551115123125783e-15 -8.881784197001252e-15  1.527666881884215e-13  -8.43769498715119e-15 -3.286260152890463e-14  1.432187701766452e-14  5.967448757360216e-16 -4.579669976578771e-16  -1.02695629777827e-15                      1  1.665334536937735e-16 -2.220446049250313e-16
-2.531308496145357e-14   1.77635683940025e-15  2.211564265053312e-13 -8.881784197001252e-15  2.708944180085382e-14  1.898481372109018e-14  2.775557561562891e-17  1.387778780781446e-16 -1.609823385706477e-15 -8.881784197001252e-16      1.000000000000001                      0
 2.664535259100376e-15 -7.105427357601002e-15  2.842170943040401e-14   1.77635683940025e-15  2.664535259100376e-15   5.10702591327572e-15  6.661338147750939e-16                      0                      0 -4.440892098500626e-16 -4.440892098500626e-16                      1
