10
2

0.3895994860341946
0.4867776627186748
0.9007327027677233
0.9857518396030125
 1.005835134407208
 1.075941737499229
 1.380181054198797
 1.651015575459539
 4.499514932983264
 52.63443935787206

    0.3225687382593451    -0.4884531740494374    -0.4251212885224998     0.6775452767504693    0.02258984575074346   -0.07891175821591395    0.04944866025913505   -0.05017684919709229    0.04341755205841553   -0.06310195811239112
    0.2196396917120818    -0.2542101440366517    0.08655002683900936    -0.1735486313550169    -0.5043353766012273      0.722436791304557    0.09291733824548055    -0.1182184892847108     0.1270564690510972    -0.1857522411638964
   -0.5230605635863882    -0.1285662716375437    -0.2486712931674763    0.05480602544185726    -0.1577983032594258    0.09354135357982223    -0.7331629697495616     0.1385779440910066     0.1799991932531265    -0.1491826478992453
   0.03099529949742796     0.1120295609267896    -0.2582679658827291   -0.02746887722257509    -0.4474637193204588   -0.08662236512904793    -0.1206526496792245    -0.1243760346328212    -0.8154587967964949     0.1276912842895154
    0.5882803654579918   -0.06454846611796859      0.473868957500136    0.01431770958748211    0.08569278337073327   -0.08908409770242809    -0.5648865181161247     0.2348932135713703    -0.1455765633106293    -0.1194133826104695
    0.3827234291389655     0.3273882433346383    -0.3958168412141333    -0.2270703634862528     -0.428529961281086    -0.3378440819024471   -0.02454152159197844     0.2071215322995587     0.4418566378462715    0.03990410914684088
   -0.2380713482240026    -0.0671889290672909     0.5493891246545863     0.3765019554856722    -0.5669997129773484    -0.3446467303279286     0.1019550474069117   -0.07373547283030302      0.157644342303304     0.1194655374771547
    0.1530898499821358     0.1553963083162219  -0.004680159865580388    0.04238589247474309    0.08627129869143119    0.08405652398948057    -0.3266679009874514    -0.7489249506995586      0.207839046985278     0.4746485146359955
  -0.02211937430421307    -0.7029187432235401    -0.0129672619665469    -0.4831948682410147  -0.009942293631170824    -0.2328280934264358   0.005495325504806249    0.08609225718467022     0.0109586392982488     0.4581491086011267
 7.631851898148574e-05     0.1833142109910281  6.255669030552912e-05     0.2797525996766617  2.496919540559132e-05     0.3917578446378259  0.0004286073161098359      0.526328698259386 -0.0002948212254240548     0.6764894637694582

22.67985388718326
  12.061307494232
35.55790255129676
18.98211510316049
50.51299424345505
27.01905274884384
68.32478900494144
 36.6120484695772
88.51936497609637
47.43573683254477

0.5373994188332087
 16.96118984394151

  0.01374857510528917  -0.02561557690061141 0.0003864544991702698 -0.001101490543883422  -0.01021483774051963   0.01895725518951476 -0.001446030649254284  0.002826460138284144 -0.002890156551944958  0.005288146408610411
   -25.55566217626339     27.98348227283986     39.33409993902387    -50.31800592768199    -20.93803598507628     16.06676929811005    -20.47358266712691     6.445639107253845     6.484238813168992    -1.666298244108683

   0.00206993963560647   0.006346821208244638 -0.0004272405382875015   0.003177977983526217   0.008715545609149441  -0.006366529982130376  -0.005097340461636977  -0.002581853072600952     0.3349242869072663      20.74708159516692
    -11.44730909371348      4.750025916272521      15.70451996819594     -2.223565651725347      10.30660194870501      3.956791144807092      21.83733584855823     0.2209397759467407       18.5437981190726     -1102.468392050425

cov:
  0.9515946201410984   0.5762807987927376  -0.0571824431963061  0.03044855638944633   0.1870773396196422   0.1671950140487243  -0.2172454201407108  -0.0459546969188238  0.02718823353614505  0.08276230109475707
  0.5762807987927376     103.379381969353 -0.01282224115357919     148.783227932722  0.09172600879288358    202.1685553109922  0.06970863502013108    265.8094745086115  -0.1792641918659844     337.289791128577
 -0.0571824431963061 -0.01282224115357919     1.13117028096515   0.6282846975150602  -0.2220954079999179 -0.09786498064704989  0.02683909867555374  0.02277516866796525  0.05527903770083526  0.03871217534326785
 0.03044855638944633     148.783227932722   0.6282846975150602    221.9561750219969  -0.1381926382666492    305.7173782443104   0.2839544949546258    406.8929398357865  -0.2878701058733341    519.9318665312965
  0.1870773396196422  0.09172600879288358  -0.2220954079999179  -0.1381926382666492    1.129820449502577   0.5649382023437139 -0.08942566060593182  -0.1094932816078138 -0.03895383691274712  -0.1074250776795095
  0.1671950140487243    202.1685553109922 -0.09786498064704989    305.7173782443104   0.5649382023437139    426.8047102951027    0.327826796992894    570.6050953115116  -0.4836700059250547    732.0201381987127
 -0.2172454201407108  0.06970863502013108  0.02683909867555374   0.2839544949546258 -0.08942566060593182    0.327826796992894    1.088000147395647    1.076149884941838 -0.09128265515874986    0.591107443044771
 -0.0459546969188238    265.8094745086115  0.02277516866796525    406.8929398357865  -0.1094932816078138    570.6050953115116    1.076149884941838    769.2861961381975  -0.6709727109948717    986.1788812608569
 0.02718823353614505  -0.1792641918659844  0.05527903770083526  -0.2878701058733341 -0.03895383691274712  -0.4836700059250547 -0.09128265515874986  -0.6709727109948717    1.091774802471333  -0.2370825206857584
 0.08276230109475707     337.289791128577  0.03871217534326785    519.9318665312965  -0.1074250776795095    732.0201381987127    0.591107443044771    986.1788812608569  -0.2370825206857584    1272.782890880959

cov.inverse():
   1.734275736280083   -1.098607361537037  -0.5953568058929636     1.13190253284615  -0.3481465853848462   0.3234410732133059   0.2923622489489101  -0.1374026941340473   0.1213725285599979   -0.251045816463866
  -1.098607361537038    2.010207833833099    1.123450223482727   -2.065203352701161   0.3403947039236503  -0.6107270477292945  -0.1498489725708491   0.2525381087100413  -0.2584125786581329   0.4665921555719977
 -0.5953568058929047    1.123450223482618    1.882893705001996    -1.77736303195944  -0.0571994183821743   0.4536386859195439 -0.07400268095875277   0.1071036665909161 -0.08778515102471837  0.08444215376290108
    1.13190253284604   -2.065203352700957   -1.777363031959438    3.287370589012631   0.4469901271573252   -0.868812135593382    0.118317240877764  -0.1900381156488751  0.08135763259208548  -0.1487014552178958
 -0.3481465853849251   0.3403947039237946 -0.05719941838206818   0.4469901271571296    1.650939096859591   -1.304825514905388 -0.07170230221437739   0.2159004531940022  -0.1397091185571895   0.3105350178915462
  0.3234410732134547  -0.6107270477295665   0.4536386859193459   -0.868812135593017    -1.30482551490539    2.436265697910627   0.2121298752728001  -0.3990797037656787   0.3198829890206225   -0.575393118944752
  0.2923622489489093  -0.1498489725708474 -0.07400268095876567   0.1183172408777881 -0.07170230221435858   0.2121298752727649    1.090593648236582  -0.2222043258243745  0.05800893375390085  0.04102471715233101
 -0.1374026941340462   0.2525381087100387   0.1071036665909395  -0.1900381156489188   0.2159004531939688  -0.3990797037656162  -0.2222043258243746   0.4158377641187145  0.03947536517143584 -0.08183372936995037
    0.12137252856002  -0.2584125786581733 -0.08778515102475445  0.08135763259215212  -0.1397091185571812   0.3198829890206064  0.05800893375390628  0.03947536517142628    1.023314266741487  -0.1791699107373719
 -0.2510458164639066   0.4665921555720717  0.08444215376296675  -0.1487014552180171   0.3105350178915314  -0.5753931189447233  0.04102471715232114 -0.08183372936993294   -0.179169910737372   0.3322043712233267

cov*(cov_.inverse()):
    0.9999999999999999  6.938893903907228e-17 -2.168404344971009e-17 -6.938893903907228e-18 -3.469446951953614e-18 -3.469446951953614e-17  1.734723475976807e-18 -7.806255641895632e-18                      0 -1.040834085586084e-17
  -1.4210854715202e-14     0.9999999999999432  2.131628207280301e-14 -7.815970093361102e-14                      0  5.684341886080801e-14   1.77635683940025e-15  2.131628207280301e-14                      0   -1.4210854715202e-14
 1.249000902703301e-16 -6.938893903907228e-17     0.9999999999999998  4.501607420159814e-16 -6.591949208711867e-17 -3.469446951953614e-18  1.019150042136374e-17 -2.038300084272748e-17  1.301042606982605e-17 -1.734723475976807e-17
-2.842170943040401e-14   -1.4210854715202e-13 -3.552713678800501e-14      1.000000000000057  2.842170943040401e-14                      0    1.4210854715202e-14 -7.105427357601002e-15                      0 -2.842170943040401e-14
 -1.97758476261356e-16  1.040834085586084e-16  2.081668171172169e-17  3.816391647148976e-17                      1 -2.498001805406602e-16 -1.301042606982605e-17  3.989863994746656e-17 -9.367506770274758e-17  1.595945597898663e-16
-2.842170943040401e-14  -1.13686837721616e-13  9.237055564881302e-14 -5.684341886080801e-14 -1.989519660128281e-13      1.000000000000114  2.842170943040401e-14 -3.552713678800501e-14  2.842170943040401e-14 -8.526512829121202e-14
-8.326672684688674e-17                      0  7.632783294297951e-17  4.163336342344337e-17                      0  5.551115123125783e-17     0.9999999999999996  6.938893903907228e-17                      0 -1.110223024625157e-16
-8.526512829121202e-14  -1.13686837721616e-13  4.263256414560601e-14 -1.989519660128281e-13  -1.13686837721616e-13  2.273736754432321e-13                      0                      1                      0  5.684341886080801e-14
-6.938893903907228e-17   9.71445146547012e-17  -2.42861286636753e-17 -1.804112415015879e-16  1.110223024625157e-16 -2.220446049250313e-16  2.081668171172169e-17 -4.510281037539698e-17     0.9999999999999999  1.110223024625157e-16
-5.684341886080801e-14  -1.13686837721616e-13  1.989519660128281e-13 -2.842170943040401e-14 -5.684341886080801e-14  2.273736754432321e-13  2.131628207280301e-14                      0  2.842170943040401e-14      1.000000000000057
