12
2

0.04240674921834423
 0.2681497379548344
 0.5960696865984556
 0.7792397160070111
 0.9004361594726932
  1.030444204567608
  1.191075766606894
  1.479992927990409
   1.62249857299119
  2.190292836315828
  3.746728731514769
  5.661507367962194

    0.2181647705961995   -0.07384984923329491    -0.7517333292622232     0.2577434131375044     0.5316044541551483    -0.1810620374123262   0.004168665163132739  -0.002052363636893518   0.001010145035734488 -0.0004662001601020151  -0.002434706635424513  0.0003933602304820927
    0.5511091771069051    -0.1697578295812898     -0.309395121155784      0.121294774517093    -0.6554536931999848     0.2670822544915486     0.1038515510515335   -0.02051138622997266     0.0951231247014548   -0.06651159863638441     0.1580501724005951   -0.08007993548684809
    0.1036173725778266  -0.001128809632308363    0.04103455984496355   -0.01092113874084249   0.005776154116612332    -0.0366342924246338    0.03719333888444971    -0.7056084757290459   -0.00865773123191033     0.6974969258549523   0.002521833330769389    0.01528663368440758
    0.7069891087842951   -0.09821558870683468      0.347587885083124    -0.2876107047523615     0.2491415490417508    -0.2398429491145161    -0.2491481777407697      0.225774457816216    -0.1834793018897359    0.09605058902392778    0.07336893842573868   -0.07787425684086469
    0.2026691303995844  -0.003267484982746645      0.130709503461234    -0.1355255296340383     0.1260366030734479    -0.1062103048597185    0.09147472158237749    -0.6004574982604715     0.2276603082113365    -0.6592368221166681    -0.1169321955569221     0.1651792227905282
  -0.06055149390967514   0.006143618225518033   -0.01856678242380955    0.04341358846443922   -0.01207815667712413     0.0292320329453645    0.07755850293021503    -0.2160672050801431    -0.6112774044468079    -0.2017816845003664    -0.1105999024687206    -0.7167686541329733
   -0.1521489619164705   -0.01832348707690588   0.007921875312458635     0.2946166624571477    -0.1423922826825356    -0.2284448662717555    -0.7070960667803523    -0.1834353556691816   -0.05077882571292447    -0.1345403981637633     0.5126981143308575   0.004271829441464307
   0.04784798113474511     0.0118594269399796     0.1749243188322864     0.4258505093057621    -0.1815225023141818    -0.5933561096683725      0.094837702813375    0.09408384521492676     0.4032217331872139    0.06323521751341278    -0.3238200319901653    -0.3336300759823011
    -0.198239850249339    -0.1560707483143911     -0.212554597441004    -0.5736761526313539    -0.1147596589347782    -0.4456534049612867     0.2849280314606081    0.01279238941814123     0.1457577498822069    0.01258347590034343     0.4550441955952632    -0.2011612483298672
   0.06139645678627556    0.07944490092531968     0.1428052412165767     0.3396318410170965   -0.09073646356590538    -0.3286049639618218     0.4801125240953151    0.02299387696850155    -0.4941995873637223   -0.04764671410368918     0.2573290040834468     0.4406848287262979
   -0.1414796156161146     -0.647065277566538    -0.1350492332747606    -0.1495054288230311    -0.2273973399322389    -0.2256351422306648    -0.2124160565170511    -0.0168390411219427    -0.2720522392654121   0.002050897792880476    -0.4685375619122433      0.281302151242351
   0.06962476161174738     0.7114724464827357    -0.2911501766626775    -0.2842730908863626    -0.2886221776529261     -0.251244559749655    -0.2134589775063823   0.002680137366761837    -0.1645127628912014   0.002589586183122732    -0.2884262902165911     0.1453284089347036

22.68982624337684
66.86061075746269
44.26899838249582
130.6325822059653
53.07427681870263
156.6359785478203
63.67080094240249
187.5595313185614
73.65181114664824
218.1370688301633
87.84375567703169
 260.521287430586

 2.957463570160683
0.3385345203562332

    0.1012366650478433   -0.03424525899923661   -0.01819228715595929   0.005864816047686084   -0.08117808898892855    0.02728727782683966  0.0005216639433371923 -0.0001773704735277468  -0.001839454099130586   0.000320820894136171   4.53626249011926e-05   0.000996340527139502
   -0.0110557761317695    0.00373642414133115  0.0003097150547208697 -0.0001134051050295131     0.0105046482776533  -0.003505277659221269 -1.652883099591146e-05  1.797994385151982e-05  0.0001383545315968437 -3.351066594451351e-05  5.123397032743811e-05 -5.540852615656408e-05

-1.491152755857884e-05   0.009220368178902406   0.003072989517680826    0.02445919516003876   0.003251516686306866  -0.003770070927712431   -0.01152646224932746   0.002764139480787807   -0.04571154915718727    0.01381098854147581     0.3140438461649032     0.1029160923252749
 5.878615108652248e-06  -0.001052137666315475 -0.0003500909590860533  -0.002791675324764997 -0.0003848121209558187  0.0004283921744943684   0.001304584227398056 -0.0005477389834210396   0.005302198438451157  -0.001262046240528455   -0.03580136597370485    -0.0116230065667351

cov:
  0.9622053415668095    2.933045478810016 -0.05107314152379538  -0.1010373004184515 -0.04471173784437706  -0.1027862085593224 0.009365895445916235  0.07433332170949544 0.006170280670834987 -0.01430395712817818 0.006354764386691795 0.001709613645457724
   2.933045478810016     22.2056195518728   -5.284084406367453   -4.739870600883307   -4.512138732985122   -3.620036299830948   -2.837762481800366   0.2120469300611311   -1.511713335360721  0.01746974837200126   -2.438827128791722    1.001280256613285
-0.05107314152379538   -5.284084406367453    3.353041665811402    3.577338744478264    3.135593008838341    2.498056737992713    2.546417071623637  0.02794246769335237    1.780019666086935 -0.07898554381036774     3.38505756482558   -1.585632252992767
 -0.1010373004184515   -4.739870600883307    3.577338744478264    4.912436087551049     2.84031926786076     2.30878097800561    2.573476583565441  0.05930425254483884    1.379222306029079 -0.07870932666802037    3.252011636147124    -1.24051751712036
-0.04471173784437706   -4.512138732985122    3.135593008838341     2.84031926786076    3.653214572399399    3.543957623789898    2.428714020180837 -0.01018398352482937      2.4102422477115 -0.05721119341018958    3.932748638460838   -2.223592466195325
 -0.1027862085593224   -3.620036299830948    2.498056737992713     2.30878097800561    3.543957623789898    4.674691810668779    1.438899543709785 -0.06142098731971392    2.277104691319159  0.02057879110781151    3.120930085234232   -2.114708961544815
0.009365895445916235   -2.837762481800366    2.546417071623637    2.573476583565441    2.428714020180837    1.438899543709785    4.194566291828266   0.1920234039351306    1.037459604432534 -0.04736233676648539    3.695301730082861   -1.077984988444527
 0.07433332170949544   0.2120469300611311  0.02794246769335237  0.05930425254483884 -0.01018398352482937 -0.06142098731971392   0.1920234039351306   0.6240814506821226    0.103163062154654   0.2485885650997304  0.02102987511397576 -0.01240247927963878
0.006170280670834987   -1.511713335360721    1.780019666086935    1.379222306029079      2.4102422477115    2.277104691319159    1.037459604432534    0.103163062154654    3.953767058101939   0.1578298253107021    2.594946256400942   -2.753802404242407
-0.01430395712817818  0.01746974837200126 -0.07898554381036774 -0.07870932666802037 -0.05721119341018958  0.02057879110781151 -0.04736233676648539   0.2485885650997304   0.1578298253107021   0.6203881473206277  -0.1335403680166265 -0.06934743044002326
0.006354764386691795   -2.438827128791722     3.38505756482558    3.252011636147124    3.932748638460838    3.120930085234232    3.695301730082861  0.02102987511397576    2.594946256400942  -0.1335403680166265    7.242679000843442   -2.586798534501961
0.001709613645457724    1.001280256613285   -1.585632252992767    -1.24051751712036   -2.223592466195325   -2.114708961544815   -1.077984988444527 -0.01240247927963878   -2.753802404242407 -0.06934743044002326   -2.586798534501961    3.641692519918176

cov.inverse():
   31.63278001020779   -10.35299331442238   -93.09598033581796    31.84954988187412    59.81231255134933   -20.19403271327243     1.10516450044805  -0.4656366013008755   0.7265668351554081  -0.3901290598835335   0.8903065481415704  -0.5595762078244998
  -10.35299331442235    3.505903682686616     31.5595191903622   -10.78471757178603   -20.31394027731631    6.869944130389555   -0.370352196026681   0.1029365339777607  -0.2459047364058646   0.1604164446970749  -0.3010965799803021   0.1882623447835864
  -93.09598033581773     31.5595191903621    315.8330020916937   -108.3554210873363   -219.2394156736501    74.36060543498682    -2.31547264283144   0.9071826390419495  -0.8806493527348903    0.515680491334053   0.3180997269887486   0.1752071108186354
   31.84954988187409   -10.78471757178601   -108.3554210873363    37.60346013732216    74.90472530554588   -25.45055707477283   0.7250497193799676  -0.3432757896027721   0.3348195155848821  -0.1658126365721144  -0.1320240451293444  -0.0924349354565516
   59.81231255134873   -20.31394027731611   -219.2394156736493    74.90472530554564    163.2866860629349   -55.97050100490617   0.2443139772696246  -0.4195722118725334  -0.6210173233801378    0.427608171860464   -2.186367449702522    0.870176982116986
  -20.19403271327225    6.869944130389493     74.3606054349865   -25.45055707477273    -55.9705010049061    19.63627803188315  0.06289869381270397    0.187297126514677   0.1921209284646355  -0.2235517808416194   0.7355238509376252  -0.2613441562235121
    1.10516450044808  -0.3703521960266913   -2.315472642831551   0.7250497193800055   0.2443139772697072  0.06289869381267538    0.721828128013205   -0.184987060997481   0.2094388857704504 -0.08631315577798035 -0.01402990756491229  -0.1143826338535548
 -0.4656366013008787   0.1029365339777617   0.9071826390419626  -0.3432757896027767  -0.4195722118725451   0.1872971265146812  -0.1849870609974808    2.010059538685274  -0.1009918311660787  -0.7807540127376399  0.01285010011528919 -0.02746807993499743
  0.7265668351554198  -0.2459047364058689  -0.8806493527349381   0.3348195155848985  -0.6210173233801013   0.1921209284646228   0.2094388857704505  -0.1009918311660788   0.7390331427569982  -0.1812050087353542   0.1476105425355389    0.252155988680387
 -0.3901290598835529   0.1604164446970817   0.5156804913341229  -0.1658126365721383   0.4276081718604138  -0.2235517808416022 -0.08631315577798065  -0.7807540127376392  -0.1812050087353542    2.035591623136092 -0.07135885858819396  0.07824722733649861
  0.8903065481415993  -0.3010965799803124   0.3180997269886446   -0.132024045129309   -2.186367449702449   0.7355238509376005 -0.01402990756491135  0.01285010011528884   0.1476105425355394 -0.07135885858819421    0.731821146512703  -0.1059807645746683
 -0.5595762078245305   0.1882623447835969     0.17520711081874 -0.09243493545658722   0.8701769821169137  -0.2613441562234877  -0.1143826338535555 -0.02746807993499709   0.2521559886803867  0.07824722733649872  -0.1059807645746684   0.7303944548888479

cov*(cov_.inverse()):
    0.9999999999999747 -2.006218541988902e-14  8.629864401213383e-14 -5.173826319627983e-14  2.981274081770291e-14 -9.837887882807594e-15  2.827057164755953e-17  2.546587615261109e-16  5.147791914961175e-16 -4.144362804325841e-16  8.181118543032495e-16 -2.998903209094905e-16
-1.332267629550188e-14     0.9999999999999641  1.010302952408892e-14  1.454392162258955e-14  1.143529715363911e-14 -1.398881011027697e-14  2.498001805406602e-16  8.326672684688674e-16  1.665334536937735e-16 -2.498001805406602e-16  5.273559366969494e-16  5.551115123125783e-16
-1.532107773982716e-14 -4.052314039881821e-15      1.000000000000114 -1.321165399303936e-14 -7.549516567451064e-15 -3.563815909046752e-14 -8.604228440844963e-16  1.734723475976807e-16 -4.440892098500626e-16 -1.387778780781446e-17 -3.608224830031759e-16 -8.881784197001252e-16
 4.440892098500626e-16 -2.031708135064036e-14 -8.659739592076221e-15     0.9999999999999714 -8.659739592076221e-15  2.264854970235319e-14 -1.110223024625157e-15   5.48172618408671e-16   3.33066907387547e-16 -1.249000902703301e-16   6.38378239159465e-16 -1.221245327087672e-15
 2.398081733190338e-14  -6.38378239159465e-15  1.013078509970455e-13 -7.904787935331115e-14      1.000000000000018 -1.509903313490213e-14 -1.720845688168993e-15  3.608224830031759e-16  -3.33066907387547e-16  2.775557561562891e-17 -5.551115123125783e-16 -2.220446049250313e-16
 1.887379141862766e-14  -1.38222766565832e-14 -1.411093464298574e-13   3.38895578266829e-14  -3.97459842815806e-14     0.9999999999999624 -4.718447854656915e-16  9.020562075079397e-17 -1.110223024625157e-16 -8.326672684688674e-17 -2.220446049250313e-16 -2.220446049250313e-16
 3.075317778211684e-14 -1.607047828144914e-14 -1.481037514849959e-13  6.272760089132134e-15  6.061817714453355e-14 -3.630429290524262e-14      1.000000000000001  -4.85722573273506e-17 -4.440892098500626e-16 -4.579669976578771e-16 -4.163336342344337e-16 -6.661338147750939e-16
-2.632442874794805e-15 -1.186117176699142e-15  9.128548611458953e-15 -4.824482827125998e-15 -1.040834085586084e-15  1.413799632921098e-16  4.293440603042598e-17     0.9999999999999994  6.938893903907228e-17 -3.035766082959412e-18  5.898059818321144e-17 -2.949029909160572e-17
 3.153033389935445e-14 -7.216449660063518e-15  4.829470157119431e-15  2.353672812205332e-14  5.329070518200751e-15 -7.882583474838611e-15  -3.33066907387547e-16  1.249000902703301e-16     0.9999999999999996  2.775557561562891e-16 -9.992007221626409e-16 -4.440892098500626e-16
-2.671474153004283e-15  1.222980050563649e-15  5.535502611841991e-15 -2.034830637320795e-15   -3.4555691641458e-15  2.203098814490545e-15  3.469446951953614e-18 -6.657001339060997e-17 -3.816391647148976e-17      1.000000000000001  3.469446951953614e-17   4.85722573273506e-17
-1.620925615952729e-14 -1.243449787580175e-14 -4.007905118896815e-14   6.38378239159465e-15  2.042810365310288e-14 -4.640732242933154e-14 -9.992007221626409e-16 -1.387778780781446e-17 -5.551115123125783e-16 -2.775557561562891e-17     0.9999999999999987 -4.440892098500626e-16
-1.554312234475219e-14  7.771561172376096e-15  8.248957072964913e-14 -6.605826996519681e-15  3.286260152890463e-14  2.486899575160351e-14 -5.551115123125783e-17  2.775557561562891e-17                      0 -5.551115123125783e-17 -5.551115123125783e-16      1.000000000000001
