10
2

0.04081732434279654
0.04226492260275376
0.04651119531928849
 0.6283129805644909
  1.014226816328071
  1.235939975002626
  1.748775616551802
  2.549302039831859
  3.117709878735796
  6.586460806538911

  -0.2565922512069214   0.05514280134567279   -0.3755202860738659   0.08061689581739953    0.8095883197886573   -0.1720585162605478    0.1106270046341029   -0.0249270976981072   -0.2863717339380332    0.0608216575525583
  0.04050232021455099 -0.008974831594091241  -0.03481594702555863  0.007658353925207744    0.2807047731490893  -0.06112648043753897   -0.7927650611052752    0.1672917166504524      0.49632511892124   -0.1080509758508182
  -0.6473295320437948    0.1389853856516267    0.7129512865865074   -0.1635903739305611    0.1077088759708476  -0.02062095973229238  -0.07939304555801986    0.0226681515681579  -0.08557880602301084   0.02046785941737414
   0.6618096865151541  -0.09598864139663237     0.453633887522064   -0.2186152907377464    0.3189127423385627   0.01259486006038317   -0.1415634513901663   0.01365939753879379   -0.4155011678021625   0.06697605709049828
 -0.03384793084307235  -0.07499301545283475  -0.07456123620797729   -0.4381454693260475    0.2286916431676419    0.7386235229510214    0.1694350539974204   -0.1006727942863281    0.1931934512192501   -0.3488094035964408
  0.03548704381676062   0.08477486333982318    0.1543270743721654    0.6760723887956395    0.0517004922397146    0.2905393049962747   0.03968614233145659    0.4284968973035581   -0.1747220736807192   -0.4559218780909522
 -0.09733860476746072   -0.1072754744901156   -0.1967368220300301   -0.4601325364984026   -0.1918181984117652   -0.3619365127515053  -0.07874319119045353    0.3787476033964943   -0.3121555962827279   -0.5600948368581773
  0.01553322858591436  -0.02382311349049931  -0.02247393534886861   -0.1876522629035341   0.05752996000496159    0.1047546688322026     0.226397198220159    0.7954327639772302    0.1786470841648673    0.4830173263342772
   -0.249719741433274   -0.5045421369711302    -0.184210169401573   0.06909005926104732   -0.1850398570552476    0.3724558222489297   -0.4179816219743796   0.00990472012605644   -0.4595540595834713    0.2922510877046362
  0.03180168746131641      0.82999933806712   -0.2029015977594741   -0.1346615147251881   -0.1521465373007603    0.2353781002026929    -0.265506519766602   0.02619087680548998   -0.2886006073584705    0.1332875315233757

22.42019700993125
104.4809155347309
27.92245784321308
130.1166644903333
33.40482083042147
155.9178433716402
47.18866139799386
220.4475464904938
 55.8054777859893
260.8897260181574

 4.701604601714891
0.2133638530650223

   0.06218593958289283   -0.01333895241145553     0.1163964108588676   -0.02447925861119353   -0.01051460131823644    0.00139413704768298   -0.05857952491069333   0.009067697308664888    -0.1178714836670505    0.02084964391557553
  -0.00365093027286095  0.0007869835826963651  -0.003292160906299461  0.0006756051836016141 -0.0009410281188192868   0.000222113337469193   0.002843762754486097 -0.0005874973935266652   0.005211739314618525  -0.001045870542985295

-7.132434015275585e-05 -3.114794939639969e-05  0.0001278288092980607    0.06160166829482272   -0.04249936246213355    0.02291385832874899    0.05632612957473628   -0.09250325981212669     0.5382011417615344      1.088923297737821
 4.065314729162058e-07   6.09792074259979e-08 -1.724985874141805e-06   -0.00279357534848206   0.001929271914924537  -0.001024874906190839  -0.002384301300768642   0.002880809043524154   -0.02401419614075975   -0.04790986949309035

cov:
  0.8575942704659258    2.381185828780058   0.3521479511356691  -0.2404701032819107   0.3798395968177611  -0.4675971676438563   0.6538426171471012 0.009936305427542978   0.7038040947100382  -0.3051413129544273
   2.381185828780058    32.41915369050641   -6.325638895523666   -4.877932459706687   -4.539710103384495    6.731231025854478   -7.521901673385667   0.7097997694848843   -8.084868716192418    3.440279820810807
  0.3521479511356691   -6.325638895523666    2.362137873383683    1.519387184916969     1.82895115659429   -2.522095717019929    3.070623989023151  -0.4811059745238482    3.394482815637526    -1.49879936786663
 -0.2404701032819107   -4.877932459706687    1.519387184916969    2.624017949874363   0.8871814348221574  -0.7773009857333619    1.081914403735485   -1.162673108588072    1.367069031492125  -0.7026959464644541
  0.3798395968177611   -4.539710103384495     1.82895115659429   0.8871814348221574      1.5703577484937   -1.773970894924836    2.659960726359122  -0.1035324558135482    2.960510858568363   -1.005829522283993
 -0.4675971676438563    6.731231025854478   -2.522095717019929  -0.7773009857333619   -1.773970894924836    4.914063345216203   -3.837332097664774   0.5393304363196395   -4.076295063922474    2.900799936585049
  0.6538426171471012   -7.521901673385667    3.070623989023151    1.081914403735485    2.659960726359122   -3.837332097664774    5.149383613421821   0.7446581732190933    5.574791183881263   -1.969033727426542
0.009936305427542978   0.7097997694848843  -0.4811059745238482   -1.162673108588072  -0.1035324558135482   0.5393304363196395   0.7446581732190933    4.872401801790087  0.05333686580539118    1.765793868507231
  0.7038040947100382   -8.084868716192418    3.394482815637526    1.367069031492125    2.960510858568363   -4.076295063922474    5.574791183881263  0.05333686580539118     6.32522772512008   -1.837480434918985
 -0.3051413129544273    3.440279820810807    -1.49879936786663  -0.7026959464644541   -1.005829522283993    2.900799936585049   -1.969033727426542    1.765793868507231   -1.837480434918985    4.520996400358142

cov.inverse():
  235.2603620051056  -50.42479736026043  -155.5164848488097   36.38537562799573  -150.0126425598062   31.28953414732586  -11.48400107615182  0.8748738213336773   80.28118014970508  -17.81709942698578
 -50.42479736026026   10.87905073333318   33.46748937393047  -7.747169139249825   32.22717533319323  -6.755798741820154   2.586558175907836 -0.1975896384997682  -17.36424452269292    3.86003585378893
 -155.5164848487479   33.46748937391749   320.8442462746362  -72.35561767473057  -152.0793501848927   33.18155018126748  -35.80645620069654   9.867433828520397   26.18964606273887  -4.773025057478489
   36.3853756279821  -7.747169139246957  -72.35561767473112   16.98705892572955   32.00790791947164  -7.167884998877519   7.984995462787652  -2.058145087333644  -5.147611462294882  0.9136798815346903
 -150.0126425598628   32.22717533320534  -152.0793501848053   32.00790791945187   443.2043857880708  -94.04092644919271  -74.83121496310967   15.29032334663001  -65.69264395552877   13.58950724157183
  31.28953414733781  -6.755798741822698   33.18155018124926  -7.167884998873391  -94.04092644919282   20.70337282909533   16.57995414963424  -3.388193603582524   13.51930246457237  -3.027978127118906
 -11.48400107620233   2.586558175918634  -35.80645620068362   7.984995462784254  -74.83121496305027   16.57995414962174   362.1953935031059  -76.72363404821267  -235.9300307037391   51.16466818432934
 0.8748738213450453 -0.1975896385022105   9.867433828517159  -2.058145087332807   15.29032334661705  -3.388193603579804  -76.72363404821292   16.55239912745653   49.76969414070032   -10.9159567558527
  80.28118014974893  -17.36424452270233   26.18964606270479  -5.147611462286894  -65.69264395556061   13.51930246457908  -235.9300307037176   49.76969414069541   191.0653856609559  -41.31388137698437
 -17.81709942699509   3.860035853790931  -4.773025057471203  0.9136798815329823   13.58950724157856  -3.027978127120324   51.16466818432476  -10.91595675585166  -41.31388137698437   9.363205878763253

cov*(cov_.inverse()):
     1.000000000000017 -6.661338147750939e-15 -1.008082506359642e-13  1.904032487232143e-14 -2.833289158843399e-13 -2.087219286295294e-14  3.073097332162433e-13 -3.996802888650564e-15  -1.27897692436818e-13  1.332267629550188e-14
 7.105427357601002e-15       1.00000000000005 -5.329070518200751e-14  2.220446049250313e-14 -4.973799150320701e-14  3.552713678800501e-14  2.557953848736361e-13    1.4210854715202e-14  8.526512829121202e-14 -2.131628207280301e-14
  1.77635683940025e-14 -9.769962616701378e-15     0.9999999999998073  4.130029651605582e-14 -1.598721155460225e-13 -5.773159728050814e-14  4.689582056016661e-13   1.06581410364015e-14  -1.77635683940025e-13  4.973799150320701e-14
-7.105427357601002e-15 -3.996802888650564e-15  1.110223024625157e-14      1.000000000000003  8.881784197001252e-15 -1.598721155460225e-14 -2.131628207280301e-14 -8.881784197001252e-16 -5.329070518200751e-14  8.881784197001252e-15
-2.238209617644316e-13  3.019806626980426e-14  1.234568003383174e-13 -3.508304757815495e-14     0.9999999999999876 -4.618527782440651e-14   1.56319401867222e-13  2.842170943040401e-14 -4.973799150320701e-14   1.77635683940025e-14
 5.684341886080801e-14                      0  3.197442310920451e-14 -3.996802888650564e-15  3.126388037344441e-13      1.000000000000044 -1.989519660128281e-13 -3.552713678800501e-14  5.684341886080801e-14    1.4210854715202e-14
-2.131628207280301e-13   1.06581410364015e-14 -5.329070518200751e-15  3.286260152890463e-14 -4.263256414560601e-13 -6.750155989720952e-14      1.000000000000711 -5.329070518200751e-14 -4.547473508864641e-13  7.460698725481052e-14
 3.552713678800501e-15  -1.77635683940025e-15  2.842170943040401e-14 -2.442490654175344e-15  2.842170943040401e-14 -5.329070518200751e-15  -1.27897692436818e-13      1.000000000000036   1.27897692436818e-13 -2.131628207280301e-14
-3.552713678800501e-14 -3.552713678800501e-14 -2.735589532676386e-13  6.283862319378386e-14 -3.979039320256561e-13 -5.595524044110789e-14    1.4210854715202e-13   1.27897692436818e-13     0.9999999999998437  7.105427357601002e-15
 2.842170943040401e-14   1.06581410364015e-14                      0  4.440892098500626e-15   1.63424829224823e-13  2.486899575160351e-14    1.4210854715202e-13 -4.973799150320701e-14 -5.684341886080801e-14                      1
