8
2

0.2615383092504059
0.6966772862543308
0.9247801402418339
  1.42319643494324
 1.778466803261716
 2.563364612971614
 3.986632687691042
  7.36771878986344

   0.4038197221854908   -0.2634738519484726   -0.6872521685566123    0.4735095920384592      0.16632477351303   -0.1112515027400321    0.1309720546581863   -0.1174298860078214
   0.1590845904884032   -0.1430129192902053  -0.01505985941048024 -0.001573195271963976    -0.846641112550591    0.3178076744655097    0.2510334024410808   -0.2705355117635749
  -0.8552031626075973   0.02014389593809404   -0.4257916094545273    0.1645215260865533    -0.206482808877977    -0.131207078944129 0.0009506902246410537  0.002143631400269511
  -0.2453543953178639   -0.2122931976152201    0.3742038194118877    0.2845924780082245    0.3512724918908544    0.1493343344363242    0.4022849170767331   -0.6051323660448351
-0.003046757120273846    -0.333774544605271    0.4489864417761719    0.5955814744153767   -0.2415148128912817   -0.3566537487157714   -0.1336848835311095    0.3589933198199131
   0.1246567681586132    0.3679368003137863   0.04799228638181943  0.006077838590975125   -0.1730661676173564   -0.6431338953058762   -0.2601588629027929   -0.5792126223081372
 -0.06684821561577207   -0.6743053007603802  -0.04287400106135446   -0.2660284366529063   0.03176022428885759    0.0789020554162269   -0.6249131072231051   -0.2654877220992025
 0.005763670672968823    0.4039604951887233   0.02000999466410352    0.4921388201745279   0.01474338044814159    0.5477743203812054   -0.5309649892669899   -0.1094704848559499

22.67785212433676
31.44544773040776
50.49841576738618
69.15285804047542
68.08063581681374
 93.0940025107555
96.57112964178053
132.0021177869329

 1.355256206596215
0.7399355680575405

   0.04801399414234003   -0.03539562265364795   -0.04750802850142624      0.034978582349323  -0.000320137022070883  0.0002228714676342912 -0.0002590369822346908  0.0002569008917032358
  -0.02422009470397002    0.01791034619025239    0.02298656597950158    -0.0169021977454545  0.0003430266837615635 -8.508353060401451e-05   0.001045150609331723 -0.0009470211846263932

 0.005320697406307383  0.006585401598877419    -0.013473375021916  -0.02517292310432844   0.03572447626619034  -0.06094352707325247    0.2144070701157067     0.134012733560605
-0.002598313294302567 -0.003170817391255157  0.007222251428663887    0.0142452494778905  -0.01955458624528341   0.03182323266811479   -0.1167288013488366  -0.06815850139906969

cov:
   0.9458136344950117     1.219834787229027     0.192101377307534    0.1870501923300951   -0.2528896863424178   -0.3925839362525157    0.1083832021698202   0.04494862772641697
    1.219834787229027     17.43284767620198    0.3854797171737425     12.90073558924744   -0.2793513977460746     9.901294626892293    -5.626622882259515    -1.053488362755519
    0.192101377307534    0.3854797171737425     1.174791589826359     1.697099913138671  -0.06337876733411284 -0.004197695699173175   -0.1262359421404284  -0.06278385531537319
   0.1870501923300951     12.90073558924744     1.697099913138671     15.59695665328413  -0.02282281549986876     13.66636861921505    -11.56866281643387    -1.500978029642218
  -0.2528896863424178   -0.2793513977460746  -0.06337876733411284  -0.02282281549986876     1.045323309068493     1.479594012916307   -0.1580177052987428   -0.1582772042497345
  -0.3925839362525157     9.901294626892293 -0.004197695699173175     13.66636861921505     1.479594012916307     19.61693810814966    -15.16236448653658    -1.769402580481818
   0.1083832021698202    -5.626622882259515   -0.1262359421404284    -11.56866281643387   -0.1580177052987428    -15.16236448653658      22.3711306709371     6.103268542841636
  0.04494862772641697    -1.053488362755519  -0.06278385531537319    -1.500978029642218   -0.1582772042497345    -1.769402580481818     6.103268542841636     5.160968949058865

cov.inverse():
   3.323690871690705   -1.586565958416509   -3.681081918497643    2.596615949188474   0.8651597751495647  -0.4516333841905933   0.8035714309365719  -0.7210025131130158
  -1.586565958416505    1.167160260397773    2.559640183049888   -1.896927366312428  -0.4183116269894339     0.31848878741431  -0.5984896083726119   0.5356416609831879
  -3.681081918497631    2.559640183049887    7.250766607955628   -4.701247569869969   -1.512758702476449    1.145484060034237   -1.269232062512339     1.12277828161946
   2.596615949188469   -1.896927366312428   -4.701247569869969    3.470543571025712    1.117713412541012  -0.8395257819209881   0.9427693494149951   -0.826120659046765
  0.8651597751495654  -0.4183116269894357   -1.512758702476453    1.117713412541015    2.015116590687762  -0.7228306298709763 -0.03422095375936442  0.06819273454017451
  -0.451633384190593   0.3184887874143106    1.145484060034238  -0.8395257819209891  -0.7228306298709757   0.5292629575041047  0.01294812785799257  -0.0173071350037812
  0.8035714309365706  -0.5984896083726111   -1.269232062512337   0.9427693494149935 -0.03422095375936609  0.01294812785799334   0.5062287452592525    -0.46568549794095
 -0.7210025131130133    0.535641660983187    1.122778281619458  -0.8261206590467635  0.06819273454017553 -0.01730713500378182    -0.46568549794095    0.629644833882618

cov*(cov_.inverse()):
     1.000000000000005 -3.150257832373882e-15 -9.658940314238862e-15  4.447830992404533e-15  1.584236214435819e-15 -8.863352760068999e-16  1.214306433183765e-16 -1.224714774039626e-15
 2.664535259100376e-15      0.999999999999999 -6.661338147750939e-16 -4.440892098500626e-16  5.551115123125783e-17 -7.528699885739343e-16 -3.885780586188048e-16 -1.110223024625157e-16
 1.415534356397075e-15 -1.089406342913435e-15     0.9999999999999969  7.771561172376096e-16   2.83627288322208e-16 -2.968545548265311e-16  2.706168622523819e-16 -2.636779683484747e-16
-7.549516567451064e-15  -3.33066907387547e-16 -4.440892098500626e-16     0.9999999999999953 -2.664535259100376e-15  2.133709875451473e-15  1.110223024625157e-16  8.881784197001252e-16
-1.665334536937735e-16  1.804112415015879e-16   9.71445146547012e-16  1.942890293094024e-16     0.9999999999999999 -2.172741153660951e-16  4.302114220422482e-16  2.498001805406602e-16
 6.661338147750939e-16 -2.331468351712829e-15  6.661338147750939e-16 -6.661338147750939e-16  -6.38378239159465e-16      1.000000000000001  2.331468351712829e-15  1.110223024625157e-15
                     0  2.220446049250313e-15  3.552713678800501e-15  -1.06581410364015e-14 -2.886579864025407e-15  2.733924198139448e-15                      1 -1.332267629550188e-15
 4.440892098500626e-16                      0                      0                      0 -5.551115123125783e-17 -5.551115123125783e-17                      0                      1
