10
2

0.1181683202294474
0.8498881473578763
0.9855381567777949
 1.050782943947909
 1.334549813035488
 1.702416265433003
 1.881045252310521
 2.169929146448343
 4.061925309372207
 7.107961293787017

  -0.5564734217043213    0.3058740495646527    0.6721668229607247   -0.3715868326042418  -0.03168470794318021   0.01159260898347281  -0.03054147566749869   0.02818089478261448  -0.05178216928732893   0.03669792585898109
    0.637124314188574    -0.079657958848387    0.5213004968324211  -0.07414597286862912   -0.3503174231468745    0.2925076590945518   -0.1632234060326584   -0.0850085642059174    0.1717478010008072   -0.1970449531664695
   0.3134114257015537     0.039915192954602    0.2297086949726828 -0.003608873865457839    0.1424056925756539   -0.2333304056315829    0.3966715488735968   -0.4149976262159021    -0.304166143779687    0.5921064913948499
   0.3186700144087003   0.03353031068241158    0.2414943891725167  -0.01660758130094031    0.4738297055519899   -0.4869451578682045   -0.1227050583227585    0.5921493963738473   -0.0453825844375253  -0.09665709417790838
 0.003933869879043305  -0.02409760935871031   0.02150156788242044   0.00207878158222886   -0.3126542796204282   -0.1023010791124259    0.6685771106479138    0.1828650170274106   -0.4008852036433649   -0.4995748872283666
 -0.06675310624926595  -0.07535307192840249   0.04444754950540165   0.07450389586089383  -0.09692608601638512   -0.6067993420448849   -0.3641005328891057   -0.5470618746092349    -0.125806383157118   -0.3963158788148698
 -0.03165265129630777  -0.02712963293799225  -0.05735721156880845   -0.1017698086641401   -0.5282379221321059   -0.4924102975964655    0.1758258717931183    0.1817886691952455    0.5687821366127248     0.275021761104954
   0.2731399814241656    0.5302970891335416   -0.3974339476671794   -0.6571064554174219  -0.09189691047615553  -0.02957434377389923   -0.1304295578847615  -0.02935327651680293   -0.1611546921086228  -0.03567783806375406
 -0.06562852366337295   -0.5980867444788228  -0.03385261972811078   -0.2923138884173429   -0.2923859410985364   -0.0169260914787712   -0.3103944552239115    0.2380229566938536   -0.4870161755621693    0.2746475953022542
  0.01570808492588289    0.5014584899650049   0.02290054905752164    0.5683205221664095    -0.389053419699459  -0.02112410872381738   -0.2760156036084978    0.2140922036960127   -0.3317224386176362    0.2022655064436702

22.68475978537589
40.47303017332732
35.55611623295001
63.54854548401423
 72.4512173661863
129.7933882844117
87.25476282410713
156.0067098973795
103.3583820373897
185.4399075670392

 1.792575428972344
0.5592450075717493

    0.1185928358885492   -0.06619421576645934    -0.1142249315404941    0.06375186478676459   -0.00118723517748129  0.0005338605806128724   -0.00107119614321247   0.001228257573648218   -0.00199234686195274    0.00118255675424886
  -0.03585996272939212    0.02002116160204839    0.03420205021558438   -0.01908863693240356  0.0004536203927735431 -0.0002636439652912799  0.0007558070024754611 -0.0003444799358469163  0.0005352841503983608 -0.0004092296073993279

 -0.002603551542123303    0.01200920978332252   0.007901984644763238   0.007664293181426825 -0.0004076820761119522   -0.01149016215163894  -0.008149213389423563   0.005983728891054937        0.3183709480977     0.2119059984152729
  0.000782929180351816  -0.003867787187312885  -0.002283122797157185  -0.002338251129994142  0.0006937192524732243   0.003209034621470078   0.002565966783665388  -0.001984367638049874   -0.09927192463943679   -0.06579854322997719

cov:
   0.9563659768477819     1.729967389840716  -0.06875777249426959   -0.1187311473393274    0.0144743899174613   0.02751251667654871  0.007435077673694684  0.003861535217694622  -0.01446360524419888  -0.08511661018654627
    1.729967389840716     19.95937877095147  -0.09252706695076045     15.63765504864385    -7.072590406726379   -0.3016808222775735    -4.201594220157459     3.106999124464349      -4.0342960436735     2.437607706296777
 -0.06875777249426959  -0.09252706695076045     1.125577516159431     2.044190674127141 -0.006198930468701145  -0.01344398999878381   0.03514969405231597    0.1028854062963939   0.02701945222004921   0.05386918826417417
  -0.1187311473393274     15.63765504864385     2.044190674127141     19.82026370235869    -9.298650797514089   -0.3934734283642351    -6.154449810634332     4.902236818262264    -6.917871877331237      4.41709015552836
   0.0144743899174613    -7.072590406726379 -0.006198930468701145    -9.298650797514089     10.64248264642052     1.296396372309432      6.41258002235166    -5.357825617809315     8.025790028014612    -5.328620079767251
  0.02751251667654871   -0.3016808222775735  -0.01344398999878381   -0.3934734283642351     1.296396372309432     2.351594876632515    0.5531724910813253   0.07887912725134195  -0.05461154761562501   -0.1026218648560415
 0.007435077673694684    -4.201594220157459   0.03514969405231597    -6.154449810634332      6.41258002235166    0.5531724910813253     6.997222176482863    -3.508485633522191      7.09702953615871    -3.946381848178107
 0.003861535217694622     3.106999124464349    0.1028854062963939     4.902236818262264    -5.357825617809315   0.07887912725134195    -3.508485633522191     4.858096156447838     -4.96131926188827     3.624160951729979
 -0.01446360524419888      -4.0342960436735   0.02701945222004921    -6.917871877331237     8.025790028014612  -0.05461154761562501      7.09702953615871     -4.96131926188827     11.18547772183857    -4.709599153158625
 -0.08511661018654627     2.437607706296777   0.05386918826417417      4.41709015552836    -5.328620079767251   -0.1026218648560415    -3.946381848178107     3.624160951729979    -4.709599153158625     4.863763383565083

cov.inverse():
   22.94920723048905   -12.20195782856517   -26.20644501550349    14.69927302546021    1.138356210827838  -0.4032981308653836    1.167598598569233   -1.152241424238396    2.093242911013398   -1.470637989414374
  -12.20195782856519    6.800446483164995    14.63869177948112   -8.190987132914394  -0.6279859323583855   0.2153093471892964  -0.6455360318809791   0.6281476456217111   -1.166554169662533   0.8499794168112718
  -26.20644501550351    14.63869177948112    32.87466184866283   -17.88576704060755   -1.629225946644933   0.6074119187465348   -1.509828418481569    1.319502361812468     -2.4520612550093    1.729166386427092
   14.69927302546021   -8.190987132914396   -17.88576704060755    10.00422208000273   0.8974254756856302  -0.3276898943863139   0.8368202576057517  -0.7653457505225257    1.369473892418463  -0.9733739666758388
   1.138356210827842  -0.6279859323583874   -1.629225946644937   0.8974254756856325   0.6129730383185154  -0.2985418143316855  0.03269652668796174   0.1243136743471719 -0.02587220382113611   0.1117957846424144
 -0.4032981308653835   0.2153093471892961   0.6074119187465342  -0.3276898943863136  -0.2985418143316854   0.6005409379931331  -0.1180182880095866 -0.09389596397464801  0.09150871445318746 -0.07568647978322862
   1.167598598569228  -0.6455360318809762   -1.509828418481562   0.8368202576057484  0.03269652668796124  -0.1180182880095865   0.5957365396564656  -0.1361467550557007  -0.1357113169829931  0.08745494893907933
  -1.152241424238394   0.6281476456217097    1.319502361812465  -0.7653457505225242   0.1243136743471722 -0.09389596397464786  -0.1361467550557012   0.6976616727191368 -0.01471373972864946  -0.1648863712932888
   2.093242911013404   -1.166554169662536   -2.452061255009308    1.369473892418467 -0.02587220382113599  0.09150871445318728  -0.1357113169829923 -0.01471373972865034   0.5391754049080584  -0.1987440351504583
  -1.470637989414367   0.8499794168112683    1.729166386427084  -0.9733739666758343   0.1117957846424151 -0.07568647978322893  0.08745494893907972  -0.1648863712932888  -0.1987440351504575   0.7409674776151107

cov*(cov_.inverse()):
    0.9999999999999859  1.290634266126744e-14  3.413935800722356e-15  7.480127628411992e-15 -9.159339953157541e-16  2.888314587501384e-16 -3.556183125752455e-17  2.584737979205443e-16   1.07552855510562e-15 -7.216449660063518e-16
-1.332267629550188e-14      1.000000000000011 -2.664535259100376e-14  5.773159728050814e-15 -9.992007221626409e-16  6.938893903907228e-16 -9.159339953157541e-16  6.106226635438361e-16  1.942890293094024e-15 -6.661338147750939e-16
-2.595146320061303e-15 -5.197231534026514e-15      1.000000000000004  3.393119119010635e-15  5.724587470723463e-17   7.28583859910259e-17 -4.076600168545497e-16  8.673617379884035e-17  8.847089727481716e-17  1.595945597898663e-16
-1.332267629550188e-14   -1.4210854715202e-14  -1.06581410364015e-14      0.999999999999976  4.440892098500626e-16  2.220446049250313e-16 -1.998401444325282e-15  1.998401444325282e-15 -4.107825191113079e-15  1.332267629550188e-15
 1.243449787580175e-14                      0  2.131628207280301e-14   1.77635683940025e-14     0.9999999999999992 -4.440892098500626e-16  1.387778780781446e-15 -2.220446049250313e-16   1.77635683940025e-15 -2.220446049250313e-15
 2.414735078559715e-15  2.775557561562891e-16 -8.326672684688674e-16  1.929012505286209e-15  2.376571162088226e-16                      1  7.632783294297951e-17 -1.769417945496343e-16  2.463307335887066e-16 -1.387778780781446e-16
  1.77635683940025e-15  4.884981308350689e-15  -1.77635683940025e-15  1.554312234475219e-14  5.551115123125783e-17 -1.110223024625157e-16      1.000000000000001 -7.771561172376096e-16  1.332267629550188e-15  4.440892098500626e-16
 4.440892098500626e-15 -1.199040866595169e-14 -1.953992523340276e-14  -1.77635683940025e-15 -6.661338147750939e-16  2.775557561562891e-16 -5.551115123125783e-17     0.9999999999999999  5.551115123125783e-16 -4.440892098500626e-16
 2.309263891220326e-14 -4.440892098500626e-15  8.881784197001252e-15  2.398081733190338e-14  7.771561172376096e-16 -2.775557561562891e-16  4.440892098500626e-16 -1.443289932012704e-15      1.000000000000002  -1.77635683940025e-15
 5.329070518200751e-15 -5.329070518200751e-15 -1.598721155460225e-14 -5.329070518200751e-15  1.110223024625157e-16 -2.775557561562891e-16  5.551115123125783e-17  1.110223024625157e-16  -3.33066907387547e-16     0.9999999999999991
