10
2

0.09516380816995249
 0.2950661128027077
 0.7313651047231857
  0.924708916548709
  1.472081332944459
  1.745702748626279
  2.069472267107368
  2.491887477111904
  4.473021121087836
  14.99355856368795

   -0.362874977112756    0.2591604312855519    0.6655411303252575   -0.4753942728861366   -0.2951168096923746    0.2123127535749941 -0.005579725465528411  0.002961620914777315 -0.001374072794885578 0.0006940384602663264
   0.4261256155248633   -0.2665073772564319  -0.07333022211713623   0.04146153768699875   -0.6777244965558323    0.4427876985737459    0.2087760277423045   -0.1404092496560476      0.11855059893445  -0.08698578149156738
  -0.1842366354573914    0.1148084624913167  -0.07354060395630668   0.02633402086128114   0.09621478143648311 -0.007487829363606962    0.8585796786801544   -0.2934782045117067   -0.2460740456901203    0.2315596448586308
   0.6973412732080282  -0.02747581882017358    0.5596775002816616  -0.03470207098530306     0.391345081319337  -0.05886348655184752    0.1882595340381329   0.07986902226179314  0.008781260901665011  -0.00183952992852142
  -0.3543795608787811   -0.4293484683547306    0.1605838335883712    0.2199527106263999     0.381007004445754    0.4441663282660747     0.143272755346838 -0.002547087974000262    0.2971036340433279   -0.4057763583370818
  0.06451836375820802    0.2519081422840123   -0.2926271816956604   -0.3692048603510873  -0.01801287660705807   -0.1260682618036077    0.3562524485039261    0.5234068852585749    0.3250450830587227   -0.4332369112106552
  -0.1558824972369043   -0.1169025742503047    0.3455827905421464    0.5262322697793804   -0.3804509002449409   -0.5552397099352719    0.1620709541939354    0.1945786203070708  0.009674297243463487   -0.2200707150565499
  0.09808676541252556    0.2537747154452863  -0.03265613765187619 -0.009557388831667237    0.0250054542172101  -0.02341312764982317  -0.09504179422490693   -0.4281449371901809   -0.4443546688701756    -0.730653176492925
 -0.05330763475673127   -0.6777829138781921  -0.03338532796882306   -0.4359353411858772  -0.01786038219855173   -0.1654782881190999   0.03218772489884239    0.2220081384581812   -0.5157074932925196  -0.05132715663279205
  0.00107646039579351     0.250236826238454   0.00206251592458284     0.344442623469059   0.00306005146503196    0.4538083993821874  0.001357990573972039    0.5859608849701736    -0.517581455537749   0.03926071774867734

22.68588922824955
31.47737199169035
35.55839615068515
49.35741366725193
50.51267643511222
70.12917974458077
68.36294359307267
 94.9912282320936
95.02201433022378
131.1224581744553

 1.388802052189263
0.7271196352104816

   0.04970307365477212   -0.03572392291139623  -0.002948923351671392   0.002096127701994095   -0.04525477249853134    0.03252441463424274 -0.0008561079920556229  0.0006608863906704633 -0.0006855146489185742  0.0005162553253281981
  -0.02173646946598755    0.01570488645404518 -7.214051460433015e-05   7.40087911472035e-05     0.0191540945426786   -0.01369955877898705  0.0007466500660731039 -0.0002387640319943154    0.00259294206011292  -0.001776078463057306

-9.04213089061796e-05  0.006588792773867963 -0.009748431703090416   0.01212365192994065  -0.01218272660374897   -0.0286281352244039   -0.0190996083900163  -0.03900588354693066    0.3325428425169881     1.621422551460681
2.991749144488843e-05 -0.002771724177541731  0.003970126909185466 -0.006141565743444585  0.008183531716709538   0.01731864550764829   0.01017682392155966   0.01758265583627719   -0.1773856315150693   -0.8491308244328335

cov:
   0.9567303711644811     1.356883889006749  -0.05928200263631034  -0.07051464216943831    0.1925721099143488    0.2582164490637999   -0.2046580686615247   -0.3094645507049768      0.01732472976593  -0.03456727825958886
    1.356883889006749     24.33426240952993  -0.04416939595807676     24.52208071494813     0.287655535328197     27.49522184461232   -0.4073829050524858     29.56798839352143    -22.87302305274045     1.924696451843696
 -0.05928200263631034  -0.04416939595807676     1.133410300659066     1.616693408833293   -0.2201011794670227   -0.2585080676879369   0.02538808669698365   0.08123170386005125   0.03555437529057603    0.1106523524519509
 -0.07051464216943831     24.52208071494813     1.616693408833293     32.18392066051783   -0.2757390177343106      35.6890164646048   -0.1299528893370356     43.30313035064911    -35.75905390589197      3.33219100719168
   0.1925721099143488     0.287655535328197   -0.2201011794670227   -0.2757390177343106     1.124517517141773     1.599238591204255  -0.09577985361755531   -0.0706925940446728  -0.04578189989581899 -0.004339830814563005
   0.2582164490637999     27.49522184461232   -0.2585080676879369      35.6890164646048     1.599238591204255     48.66520464196856   -0.3434476211345269     58.43198614730185    -50.88801233445052     4.576515275362667
  -0.2046580686615247   -0.4073829050524858   0.02538808669698365   -0.1299528893370356  -0.09577985361755531   -0.3434476211345269     1.049387225102504     1.152575584391401    0.1145204056337951   -0.2344874889785968
  -0.3094645507049768     29.56798839352143   0.08123170386005125     43.30313035064911   -0.0706925940446728     58.43198614730185     1.152575584391401     80.36211838893385    -68.72667892949502      5.97862819074054
     0.01732472976593    -22.87302305274045   0.03555437529057603    -35.75905390589197  -0.04578189989581899    -50.88801233445052    0.1145204056337951    -68.72667892949502       67.318226229641    -2.753483852706487
 -0.03456727825958886     1.924696451843696    0.1106523524519509      3.33219100719168 -0.004339830814563005     4.576515275362667   -0.2344874889785968      5.97862819074054    -2.753483852706487     4.879760466118817

cov.inverse():
   17.32466618909243   -11.66514322186461    -26.5904774903515    19.15241852725329    8.745729814681242   -6.440525153029866    1.079839686385543  -0.6426061174449682   0.6795052294049608  -0.4810187365897704
  -11.66514322186458    8.400418738193649    19.17089252833681   -13.79823822783557   -6.427712639008236    4.642543259740214  -0.6288504820917715   0.4630875903085436  -0.4888366737017302   0.3584022805261795
  -26.59047749035163    19.17089252833696     49.4172684691242   -34.90322876423825   -20.87538747560786    15.19315335970737  -0.5907888804434779   0.3956771388002147  -0.1664740173699148  0.08893101313759966
    19.1524185272535   -13.79823822783569   -34.90322876423825     25.1195894243386    15.15245712735397   -10.93580959468405   0.4176983526622149  -0.2830645924324461   0.1192080180392769  -0.0798193630325903
   8.745729814681653   -6.427712639008529   -20.87538747560846    15.15245712735438    15.19007396466868   -10.26554683272357   -1.194453499040246   0.9574859918208435  -0.8701689688681019   0.6431795279678195
  -6.440525153030248    4.642543259740435    15.19315335970779   -10.93580959468435   -10.26554683272357    7.404155069507132   0.8997088260389602  -0.6924866844692331    0.624639013553451  -0.4626917554060605
   1.079839686385313  -0.6288504820916035  -0.5907888804430488   0.4176983526619057    -1.19445349904044   0.8997088260391007    1.982418930243431  -0.7167134431978464 -0.04394746660426277  0.08756310482854783
 -0.6426061174447992   0.4630875903084277   0.3956771387999176  -0.2830645924322321   0.9574859918209793  -0.6924866844693315  -0.7167134431978464   0.5281399683209067  0.02367897150578603 -0.02072959533761412
  0.6795052294049853  -0.4888366737017462  -0.1664740173699565   0.1192080180393068  -0.8701689688680834   0.6246390135534375 -0.04394746660426128  0.02367897150578566   0.3966344293534233  -0.2739161214601774
 -0.4810187365897851   0.3584022805261923  0.08893101313763298 -0.07981936303261421   0.6431795279678052  -0.4626917554060501  0.08756310482854678 -0.02072959533761384  -0.2739161214601776   0.4222011307644573

cov*(cov_.inverse()):
    0.9999999999999064 -2.954060607240905e-14 -6.124484600023017e-14 -4.865509037332849e-14  -4.11823353196894e-15    6.9784455991595e-14 -3.492865718879301e-15 -7.505606379465402e-15 -1.949829186997931e-15 -3.072195275954925e-15
-3.963496197911809e-14     0.9999999999999635 -4.157785227221211e-14 -3.463895836830488e-14  1.731947918415244e-14  6.772360450213455e-15 -2.942091015256665e-15  2.123301534595612e-15  -3.33066907387547e-16 -2.220446049250313e-16
 6.682154829462661e-15  6.043776590303196e-15     0.9999999999999941 -9.010153734223536e-15  1.310063169057685e-14  3.011479954295737e-15  1.059916043821829e-15  9.454242944073599e-17  2.116362640691705e-16   9.71445146547012e-17
-4.907185768843192e-14  1.041389197098397e-13  2.429167977879843e-13     0.9999999999998903  1.332267629550188e-15  -5.81756864903582e-14   5.10702591327572e-15   7.91033905045424e-15 -4.440892098500626e-15   8.43769498715119e-15
-2.004950025447094e-14 -7.623675996049073e-15 -1.360906829936392e-14  -6.37819875040635e-15     0.9999999999999997   1.26552414381198e-14 -2.025723339071916e-15  -3.86843335142828e-16 -3.079134169858833e-16 -6.166941957097549e-16
 4.352074256530614e-14  9.769962616701378e-15  1.022515405679769e-13  8.965050923848139e-14   5.46229728115577e-14     0.9999999999998801  3.275157922644212e-15   1.35308431126191e-14 -4.218847493575595e-15  3.552713678800501e-15
 4.371503159461554e-15  1.670885652060861e-14  3.782738011715026e-14 -8.205242041370298e-15 -8.548717289613705e-15 -7.743805596760467e-15                      1   1.80931658544381e-15 -4.302114220422482e-16  1.165734175856414e-15
 1.798561299892754e-13  6.128431095930864e-14 -1.059152765492399e-13  1.458277942845143e-13  1.221245327087672e-13 -2.571276525031863e-13 -5.440092820663267e-15      1.000000000000015  -1.77635683940025e-15  9.769962616701378e-15
-5.639932965095795e-14 -3.996802888650564e-14  2.661759701538813e-14 -1.390554338343009e-14 -3.130828929442941e-14   4.75175454539567e-14 -1.970645868709653e-15 -9.214851104388799e-15      1.000000000000001  2.664535259100376e-15
-1.332267629550188e-15  7.105427357601002e-15  2.137179322403426e-14  3.663735981263017e-15  7.549516567451064e-15  -1.06581410364015e-14  7.771561172376096e-16  4.579669976578771e-16 -2.220446049250313e-16      1.000000000000001
