10
2

0.7165894019855301
0.7245222486383813
0.8755588727982763
0.9759802336520776
 1.123351564313497
 1.327564045136103
 1.723108296020947
 2.239788012085655
 3.944565590356273
 5.210429757888594

0.003068873002256039  0.02376481057024684   0.1214967285985871  -0.9166778723314538  -0.1606351238183205   0.3211606393239935 -0.06924757917360035 -0.07550196681603207 -0.00979895456471111 -0.06947262867200647
  0.8029092011218703  -0.1700524655999789  -0.2852783928433786   0.1278709699126042  -0.2911672366405265   0.2957962610957718  0.09106024694605921  -0.1487695136921275   0.1145447555965996  -0.1134266359531344
 -0.4909691545347862  0.03800026845491788  -0.1155474551153884   0.2515183618305765  -0.3989307609108925   0.5495371282939551   0.3275836502735487  -0.2677708434397664  -0.1870796933445447 -0.07579364493007847
   0.162564252877574  0.01541295371087994  -0.1461087165585934  -0.1928168679163479   0.1980662481436749  -0.2408782994871609   0.6351217525988267  -0.1660691236169833  -0.5142122179048623   0.3495480076234168
-0.04002318782912457 -0.03562849675952806  -0.2675548878234015 -0.07382063248686777  0.03620250140906599 0.006012904020799607   0.2796833494908909   0.6948662821385606  -0.1680301303366823  -0.5739780692815616
  0.2147080954766423  0.05221185971724034    0.663907097485968   0.1424281317233275  -0.1327186779600861 -0.06561630491186438  -0.1039608167805276  -0.1134980590752259  -0.5454053701177641  -0.3834573289176342
 -0.1588272164997188  -0.1602606839500631  -0.3291524207285425   -0.123841291589674  -0.1360352887967829  -0.5234786498085356 -0.04365109952509834  -0.5275879072020917  0.05459867119311627  -0.4996413884874558
 0.01593312774180746  0.03724431314927236  -0.2988260811015072  0.03920132150677566   0.6758460857549856   0.3834911798490021  -0.3457421090691509  -0.2300914015860492  -0.3160252880553261  -0.1770315446858454
 -0.1141863909004871  -0.8103024895283355 -0.09277299269854862 -0.01379571050282888  -0.1769649039226855 -0.01548161488988805  -0.2961011226461132   0.1613627858595282  -0.3422689472446618   0.2432202303144425
 0.04036888404840509   0.5302637031541858  -0.3880108104110936 -0.01057701823618482  -0.4068501313897611  -0.1538515141991712  -0.4219864795704124   0.1408436911983979  -0.3763884834336659   0.1942970751758626

 22.6851595876491
46.43020406965332
64.51895508002086
133.4014818974794
74.41199724374178
154.5858321992469
88.46557845904289
184.2236584305309
105.0161651471436
219.1854143502293

2.087161987986467
0.479899775857285

   0.03329369686756378   -0.01602394989589368  -0.007476927889660989   0.004587915133354601  -0.008433636244956532   0.001750498786323419  -0.006912437881756265    0.00367286732136162  -0.007219448996011042   0.005744531469983381
 -0.007648798574221149   0.003683871496765102   0.001673035970660247  -0.001046150652402779    0.00189301655015262 -0.0003599734095969048   0.001675377603993475 -0.0006789084553443191   0.001667077858334284  -0.001199057342821721

 -0.001850012856944277    0.01705788728096979  -0.009922516375394831   0.003811348435273432  -0.001085111584419345    0.00888649076292908   -0.01631978877445545  0.0006455262351383717     0.2767415126182689     0.1664028810788372
 0.0004153395146779519  -0.003913863794436889   0.002296354596216728 -0.0008261018656271356  0.0003480150194316988  -0.002224818698026113   0.003293988782750725 -0.0006114668116785098   -0.06301204450119889   -0.03722834308605746

cov:
    0.954930379062084     2.037364134851249   0.03647963201219553   0.06000284856170914 -0.007509481293172367 -0.007687570239852873   0.01640835572827167   0.03227476027707215  -0.01425503538561632  -0.07909421610491835
    2.037364134851249     17.95632969012506    -4.220740373671082   0.08624256387653766    -3.433322768453997    -1.715222296012504    -2.397716145055147    0.1615999495177618    -1.254136225152656  -0.06204406020306428
  0.03647963201219553    -4.220740373671082     5.938885626985696    0.3133877708857794     3.534803657252191     1.461486109040358     5.082130182201805    -1.159044478602033     4.368252224903928    -1.928290482000543
  0.06000284856170914   0.08624256387653766    0.3133877708857794    0.6258598435880169    0.2438292407261813    0.3172494868743928    0.0658616913838015  -0.01513377030371904   0.04874336429853855  -0.05561087248984869
-0.007509481293172367    -3.433322768453997     3.534803657252191    0.2438292407261813     7.577307612402657     2.984050803980188     4.370255507513527    -2.429197526298343      4.06966723626449    -3.038547674900241
-0.007687570239852873    -1.715222296012504     1.461486109040358    0.3172494868743928     2.984050803980188     2.591046214399536     1.245734968071925   -0.3416583375920197     1.078862386417118   -0.5353579717966351
  0.01640835572827167    -2.397716145055147     5.082130182201805    0.0658616913838015     4.370255507513527     1.245734968071925     7.395027822390324    -1.795620345953145     6.118380611088643     -2.91752537709088
  0.03227476027707215    0.1615999495177618    -1.159044478602033  -0.01513377030371904    -2.429197526298343   -0.3416583375920197    -1.795620345953145     2.763511891410788    -1.946351997689486        1.885830991967
 -0.01425503538561632    -1.254136225152656     4.368252224903928   0.04874336429853855      4.06966723626449     1.078862386417118     6.118380611088643    -1.946351997689486     7.024266854893029    -2.757537497273884
 -0.07909421610491835  -0.06204406020306428    -1.928290482000543  -0.05561087248984869    -3.038547674900241   -0.5353579717966351     -2.91752537709088        1.885830991967    -2.757537497273884     3.648681209164438

cov.inverse():
    1.607161080683922    -0.258751137569687   -0.2804255107591608   0.02264239851071543   -0.1642165768223487   0.08221583743406409    0.0187066256110444   -0.0941987131406322    0.1441129038764579  -0.06955056920297097
  -0.2587511375696872     0.122356500355328    0.1299702044476412  -0.06070907866019215   0.07899540913173629  -0.03082744549989861  -0.01019783593435881   0.02687493435686395  -0.06138821950150742   0.05705712248574939
  -0.2804255107591604     0.129970204447641    0.5908210694518559   -0.2137857805509524   0.07399985633291994   -0.1191585080354205   -0.2778986250211868  0.007955899495770635   -0.1071327259626537   0.04196777357758464
  0.02264239851071538  -0.06070907866019213   -0.2137857805509523     1.810430338940874   0.04327866027303017   -0.2529570779519121   0.09949707558455301   0.01449429554038283   0.04956113636803248   0.02251843686473627
  -0.1642165768223486   0.07899540913173625   0.07399985633291993   0.04327866027303018    0.5769631753844174   -0.5173532228838915  -0.08628737088285371    0.2286606305474748  -0.06933119481075373    0.2025469561113462
  0.08221583743406405  -0.03082744549989858   -0.1191585080354204   -0.2529570779519121   -0.5173532228838915    0.9473597923184393   0.07137485224501003   -0.1990000366748776   0.04253788587538253   -0.1653355910472857
  0.01870662561104427  -0.01019783593435875   -0.2778986250211867   0.09949707558455295   -0.0862873708828534   0.07137485224500979    0.6933796091240827  -0.06172368672228914   -0.3733392443822339   0.09767627896760721
 -0.09419871314063212   0.02687493435686393  0.007955899495770606   0.01449429554038291    0.2286606305474749   -0.1990000366748777  -0.06172368672228924    0.6723859399727203   0.06586336585873757   -0.1830364927959156
   0.1441129038764581  -0.06138821950150744   -0.1071327259626538   0.04956113636803256  -0.06933119481075395   0.04253788587538274   -0.3733392443822336   0.06586336585873748    0.5732413362921606  -0.00461254765758332
  -0.0695505692029711   0.05705712248574944   0.04196777357758475   0.02251843686473621    0.2025469561113462   -0.1653355910472857   0.09767627896760704   -0.1830364927959156 -0.004612547657583277    0.6096947649486971

cov*(cov_.inverse()):
    0.9999999999999997  1.387778780781446e-16 -3.469446951953614e-17 -8.456776945386935e-18 -3.469446951953614e-18 -5.377642775528102e-17 -3.382710778154774e-17 -1.214306433183765e-17 -1.459336124165489e-16  8.326672684688674e-17
-1.266348137463069e-16     0.9999999999999999 -9.150666335777657e-17   7.41594285980085e-17 -5.377642775528102e-17  -1.07552855510562e-16  8.847089727481716e-17 -1.214306433183765e-16  1.122149248522497e-17  1.665334536937735e-16
-1.387778780781446e-16 -1.387778780781446e-16      1.000000000000001  -4.85722573273506e-17  5.551115123125783e-16                      0  2.775557561562891e-16  1.665334536937735e-16 -9.540979117872439e-17 -2.220446049250313e-16
-4.293440603042598e-17 -6.071532165918825e-18  6.245004513516506e-17     0.9999999999999997  5.204170427930421e-17  5.898059818321144e-17  3.035766082959412e-17 -5.204170427930421e-18 -2.596664203102783e-17                      0
-2.775557561562891e-16 -2.775557561562891e-17  2.498001805406602e-16  4.163336342344337e-17                      1  1.110223024625157e-16                      0  4.440892098500626e-16 -1.231653667943533e-16 -2.220446049250313e-16
-6.938893903907228e-17 -1.734723475976807e-17  5.204170427930421e-17 -1.214306433183765e-16  1.110223024625157e-16                      1  9.020562075079397e-17  4.163336342344337e-17  2.862293735361732e-17 -5.551115123125783e-17
 -6.38378239159465e-16  1.387778780781446e-16   7.91033905045424e-16 -2.220446049250313e-16  1.110223024625157e-16 -1.665334536937735e-16                      1  1.110223024625157e-16 -2.445960101127298e-16                      0
-1.110223024625157e-16  6.938893903907228e-17 -1.387778780781446e-17  3.469446951953614e-17  2.220446049250313e-16                      0 -1.110223024625157e-16                      1  1.647987302177967e-16  2.220446049250313e-16
-8.326672684688674e-17                      0  4.996003610813204e-16  8.326672684688674e-17  1.110223024625157e-16 -5.551115123125783e-17 -2.775557561562891e-16  1.110223024625157e-16                      1 -2.220446049250313e-16
-5.551115123125783e-17  2.775557561562891e-17                      0 -1.665334536937735e-16 -1.110223024625157e-16  1.110223024625157e-16 -2.220446049250313e-16 -1.110223024625157e-16  4.163336342344337e-17     0.9999999999999998
