10
2

0.04954161847136801
 0.2744868155730732
 0.5557894849529557
 0.7709081899529194
 0.9190012245945082
  1.675859594344134
  2.051838408312378
  2.433095222990998
  3.456879374786334
  5.613701892807069

    0.3833686936100774     -0.226760106269857    -0.6991976288051547     0.4182739558201884     0.3187598940125192    -0.1901526552037925   0.003367734652371357 -6.906501187343728e-05 -0.0003499072164757976  0.0007082134685349786
    0.4258715638226817    -0.2202655481774129   -0.09403898266162275    0.04679057487461206    -0.7060465536624806     0.3900699487088098     0.2402710245845823    -0.1254117426469384     0.1628880567213459   -0.09185162470373646
   0.03556567612223906    -0.0507781100431897    0.02039138576428424  -0.003672500560950059  -0.008011321114902211    0.02196140922418552    -0.6124349285037707     0.2330450284428011     0.5697257406178378    -0.4911282308437028
    0.1619975595458608   -0.05542015954206674     -0.031768377572889  -0.009692457069622807    -0.2763809891744825    0.01567662897641948    -0.6678733149881652     0.1663180359262499    -0.3184630300010931     0.5637507071229315
   -0.7368670906613508    0.03541983331466624    -0.5686260980758846    0.03353150517576064    -0.3220987910819458    0.09552920187774802   -0.07022816923348532    -0.1135849131365982    0.01879139992870172   -0.01588144422316048
    0.2169353727807478     0.5135481813323822    -0.2746016595348157    -0.3744380295325461    -0.2881799941360468    -0.4700565056375272     0.1421794829918722     0.3603564682342891   -0.05248765934429846    -0.1294983730755208
   -0.1327130830590812    -0.1977572150468898   -0.05235496878851673   -0.04073195148102429     0.1156103976506161     0.2705666586102609     0.2892906629840014     0.7678841308293888     0.2647735512428038     0.3299499152144813
    0.1792549687876671     0.1735398579465903    -0.3132843646632006    -0.6199441690719669      0.348186238015431     0.5249212821911647   -0.09726963681343535     -0.212577984467812     0.0267763962747597    0.05594588452978205
   -0.0444624488772866     -0.407644714871005   -0.02637479108319715    -0.1786918906587295    0.01129563207469141     0.1178460810517973   -0.03501482844611575      0.295349031578193    -0.6490533728585733    -0.5248616923324542
    0.0489657880213775     0.6277169910429685    0.02299632253166659     0.5133237309695265     0.0437882365304796     0.4671659530300891   -0.04004593986052769     0.1935856675358306     -0.228606379599216    -0.1674581889186851

22.73286595918444
37.61465258329515
35.53402199159807
59.05689571060134
50.51767144161138
84.15908739050748
67.77737522048974
112.9523547828839
78.02864237453521
131.7327964115827

 1.674992825801403
0.5981878274584133

   0.06315676218662611   -0.03785855888144674  -0.006626602819058372   0.003940195519480399    -0.0561387535701432    0.03369456987181386 -0.0002820049907732826  0.0002024925348740017 -0.0001043659531134178  1.018362043884134e-05
  -0.02264460551968464    0.01357394871762229   0.002808762057859525  -0.001669167593040416    0.01947690895528762    -0.0116845164344188  0.0001173219068989796  -9.37006338555034e-05  0.0001397735246885407 -9.136278358360821e-05

 3.626508183113787e-05   0.006683818199261329    0.00165700165618705    0.01711974377268646   -0.01915738171967346   -0.01409924183766205   0.008283499431934956     0.0148408468862684     0.1859918993689182    -0.1716342560918357
-1.470346688659524e-05   -0.00235176317497355 -0.0005600561970463423  -0.006091493587463583   0.006866743730508966   0.004996632652985464  -0.002942946400763607  -0.005288938974809101   -0.06612956861459122    0.06221788100011553

cov:
  0.9843137107329952    1.757535710510664 -0.07364129536105879 0.003856088199167486   0.3422844854447706   0.7323762400382253  -0.2410308294262506  -0.2080401546376826  -0.1902705092262307  -0.1275956864564259
   1.757535710510664    15.49415064841462  -0.1052691738717938    9.882195877261454   0.6681238293260544       8.298921557677  -0.7318090542016421    2.042280548991304   -1.629663320535245   -1.169629704820707
-0.07364129536105879  -0.1052691738717938    1.104994346767598    1.858850324485339   -0.256507239065871  -0.4177146867714355  0.02976761849195959  0.04805255601216682 -0.02922036073302763 -0.03800532389031441
0.003856088199167486    9.882195877261454    1.858850324485339    11.36303130583947  -0.3200827371477752    5.830767224436762  -0.4117806968969338     2.76555263974961   -2.398312003686257   -1.717332768027271
  0.3422844854447706   0.6681238293260544   -0.256507239065871  -0.3200827371477752    1.240002806680679    2.205172917125057  -0.1172108983579881 -0.03940745768096277  -0.1394040999458814 -0.00337983285998558
  0.7323762400382253       8.298921557677  -0.4177146867714355    5.830767224436762    2.205172917125057    9.623125993610696  -0.8082892206749611    2.994577382716961   -3.818300502086837   -2.485885188628878
 -0.2410308294262506  -0.7318090542016421  0.02976761849195959  -0.4117806968969338  -0.1172108983579881  -0.8082892206749611   0.9197752064448457   0.7280075362842559   0.8666339725243463   0.6173065393842203
 -0.2080401546376826    2.042280548991304  0.04805255601216682     2.76555263974961 -0.03940745768096277    2.994577382716961   0.7280075362842559    5.383352728332039   -2.910076910192278   -1.986091218074054
 -0.1902705092262307   -1.629663320535245 -0.02922036073302763   -2.398312003686257  -0.1394040999458814   -3.818300502086837   0.8666339725243463   -2.910076910192278    7.151079957864192    5.478582833501781
 -0.1275956864564259   -1.169629704820707 -0.03800532389031441   -1.717332768027271 -0.00337983285998558   -2.485885188628878   0.6173065393842203   -1.986091218074054    5.478582833501781    4.963897869975617

cov.inverse():
   63.00651123482452   -36.66278486326207   -109.2841285909968    65.52088742482687    45.98829681490368   -27.60187457773417     1.69184366019372  -0.5520072211993415     0.81892139324793  -0.3146005287264183
  -36.66278486326212    21.74406705502421    64.79417035891741   -38.84673265288021    -27.4200355070684    16.34883205016527  -0.8436147996467933   0.3318133339324085  -0.5107056496580721   0.2076227322550873
  -109.2841285909977    64.79417035891785    199.7337385962192   -119.1672355753355   -89.68714226320878    53.63471697890737   -1.229035506678192    0.225130695153388 -0.05995816471987412   -0.132339880186798
   65.52088742482742   -38.84673265288046   -119.1672355753356     71.4390897618656    53.87776632345258   -32.14935530452294   0.7268337774354142  -0.1341225170425853   0.0483081500330556   0.0729997319789772
   45.98829681490482   -27.42003550706911   -89.68714226321045    53.87776632345355    48.32003129963422   -28.30832628513992   -1.473411331880072    1.098359533938652   -1.432423243868421   0.7342591883957832
  -27.60187457773491    16.34883205016568    53.63471697890829   -32.14935530452348   -28.30832628513989    16.91505672323541   0.8991582668995963  -0.6598595803402058     0.92303734918231  -0.5120692952677552
   1.691843660193501  -0.8436147996466622    -1.22903550667778   0.7268337774351676   -1.473411331880268   0.8991582668997132    2.770300628120847  -0.9661500227170821  -0.2369596899855957   0.0665004513707092
 -0.5520072211991813   0.3318133339323138   0.2251306951530962  -0.1341225170424108    1.098359533938784  -0.6598595803402847  -0.9661500227170803   0.6488088578554254  0.09019398680105835 -0.03019112248223632
  0.8189213932477398  -0.5107056496579594 -0.05995816471952629  0.04830815003284732   -1.432423243868582   0.9230373491824052  -0.2369596899855975  0.09019398680105832    1.628719964247687   -1.353796322785802
 -0.3146005287263866   0.2076227322550686   -0.132339880186854  0.07299973197901059   0.7342591883958069  -0.5120692952677691  0.06650045137071081 -0.03019112248223664   -1.353796322785802    1.484406700826854

cov*(cov_.inverse()):
    0.9999999999999233  5.779404732564331e-14  2.176869795533776e-13 -1.329405335814826e-13  4.836409051023338e-14  4.662936703425657e-14 -1.970645868709653e-15 -4.289103794352656e-16   3.05311331771918e-16 -1.665334536937735e-16
 3.025357742103552e-14     0.9999999999999818  1.485755962704616e-13 -1.994238107982937e-14  5.873079800267078e-14  6.106226635438361e-15 -1.915134717478395e-15 -4.232725281383409e-16 -2.220446049250313e-16  4.440892098500626e-16
 1.993891163287742e-14 -5.988265439071938e-15     0.9999999999999875  3.828968392349807e-14   3.54230533794464e-14 -9.794248745365053e-15  2.346213501258632e-16  4.143820703239598e-16 -2.151057110211241e-16  2.775557561562891e-16
 5.551115123125783e-15  5.828670879282072e-15  3.563815909046752e-14     0.9999999999999515 -6.661338147750939e-16 -2.120525977034049e-14  2.747801985947262e-15 -7.632783294297951e-16 -4.440892098500626e-16  4.440892098500626e-16
 1.968715988842629e-14 -5.201026241630213e-15 -1.568190022283034e-15 -8.134118378855248e-15      1.000000000000046 -5.347718795567502e-15  -7.77833743595413e-16 -4.155882452408499e-16  1.101549407245273e-15 -7.892991815694472e-16
 8.326672684688674e-14 -1.787459069646502e-14 -2.414735078559715e-14 -1.701416785238052e-14  2.220446049250313e-15      1.000000000000011 -1.498801083243961e-15 -2.775557561562891e-17 -4.440892098500626e-16 -2.664535259100376e-15
-8.409939411535561e-15   1.02695629777827e-15 -6.022959908591474e-15   4.08006961549745e-15 -2.858824288409778e-14  2.720046410331634e-15      1.000000000000001 -1.734723475976807e-17  2.220446049250313e-16 -1.110223024625157e-16
 1.054711873393899e-14 -3.941291737419306e-15  1.820765760385257e-14 -5.828670879282072e-16 -7.283063041541027e-14  8.215650382226158e-15  1.415534356397075e-15     0.9999999999999996 -4.440892098500626e-16  -1.77635683940025e-15
-2.930988785010413e-14  3.108624468950438e-15  3.885780586188048e-15 -4.263256414560601e-14 -2.042810365310288e-14 -1.243449787580175e-14  6.106226635438361e-16   3.05311331771918e-16      1.000000000000003                      0
-9.103828801926284e-15  1.110223024625157e-14 -1.409983241273949e-14 -6.217248937900877e-15 -6.217248937900877e-15  4.440892098500626e-16  5.551115123125783e-16  3.885780586188048e-16 -8.881784197001252e-16      1.000000000000003
