12
2

0.09370559253249552
 0.7018543972562917
 0.7703594282578998
 0.8957821034981881
 0.9753205829674904
  1.120733836886128
  1.318608811135855
  1.724280292504524
   2.23556926823122
  2.383987481406669
  4.115011238494479
  6.120567097044466

   0.5628336987931225   -0.2676372660559294   -0.7024672693650487    0.3356228034674816   0.03068305657077669  -0.01806140605153888   0.03675238764744903 -0.008525289111593937    0.0298625577187821  -0.01489235426824774   0.03187343078615042   -0.0257883214625035
  -0.1891593626112701   0.01701670941028451   -0.1726151300738721 -0.003079161571524219  -0.05624324520164677    0.8540452584954453    0.2123029542039038   -0.3636123219975034   0.05197284753450424    0.1189994548222728  -0.01758550198930002   0.08431686960743666
  -0.4963566953265818   0.09262775070260286   -0.3636366236488979   0.08293238075821632    0.3408131120219144   -0.4221424215502032    0.3452735670276351   -0.3376465805660672   -0.1498538048259964    0.1944106565434694  -0.08494966324077778    0.1043829230754123
  -0.5094214971089333   0.02837378286303905   -0.4109858033132734   0.05218408789549283  -0.03998074010823688   0.09948884836277957   -0.3244447191897556    0.4881711583556924    0.3336270802048307    -0.205799872413448   -0.2348647696403914  -0.06448360129951684
   0.1653852322219569   0.01694621022242708     0.129501872874274 -0.004835914344437238    -0.148540104017725   -0.1653855572899755    0.2039530726733148   -0.2554054213676615    0.6207782307717771   -0.1803638394566059   -0.5010224305459317    0.3611106441301417
-0.002617865736766051   0.02725470576951937 -0.001602542558805883   0.02798814470461546    0.3009679720110988   0.09770036183501961  -0.04555015510785983   0.01092385210365015   -0.2835075313516863   -0.6987099350234568    0.1517813955352691    0.5518455487608811
  -0.1677345980964487   -0.0314373790197691   -0.1476585037986083  -0.03804136358980156   -0.6513829541520427   -0.1614675993035439    0.1234846417926693   0.06113278274269777   0.08948412565068595   0.09209567676666766    0.5432490600965013    0.4082411548661428
   0.1619417037864688    0.1638763696583478   0.04608671378829115 -0.006059531850444342    0.3281686365693087    0.1256597168495184    0.1363842478646379    0.5221756414025457   0.04222560892805079    0.5268555798304896  -0.05735557074283024    0.4973491423325875
 -0.03035633963959198  -0.05410280719731644   0.05784701906683466    0.1248538455545652   -0.2824331941980395   0.04589517340604607    0.6877799724202104    0.3931268064855639   -0.3203937426160989    -0.222034164075958   -0.2924252232129688    -0.174034291075052
   0.2295336975812914    0.5265513200950942   -0.3593445325079308   -0.6835637424231621   -0.1356422463680342  -0.03023538990437905 -0.006287340667453098  -0.01884954107573153    -0.165178777794775  -0.06458230617330291   -0.1448980381326606  -0.03888351795902445
 -0.07323810136115008   -0.5648827350339006  -0.03201020960522116   -0.2369669595865131   -0.2090645942567509   -0.0197782962292053   -0.2946967970511484  -0.06630484205078434   -0.4126938971705018    0.1910042900878107   -0.4414455172919891    0.2852208381921218
   0.0294371885972632    0.5390232615809434   0.03745772853348211    0.5800474941988498   -0.3027004923697883 -0.002570400618147629   -0.3027386498709369   -0.1197535170855813   -0.2947183141062644   0.09343698407019106   -0.2498890976652536    0.1227578618046845

22.68514225623485
46.42916013498591
35.56177216508112
73.30738572669992
64.52020229753383
133.4013360913552
74.41330374160715
154.5857565319556
88.46790537143271
184.2227477427423
105.0175943076318
219.1850039941097

 2.087129758285028
0.4799077137244734

    0.1377227848998482   -0.06614017988456514    -0.1316431703279716    0.06321148523359578  -0.001398935825376815   0.001071070865175633  -0.001370291551021093  0.0001244350546116422  -0.001305622643553748  0.0009118241513325409  -0.001377257691394953  0.0009785361790682096
  -0.03113156664695936    0.01495285284407669    0.02957239682702019   -0.01421306884406272  0.0003061689389088425 -0.0002498722573950313  0.0003055278747185481  4.457116297145886e-06   0.000415892707623533 -5.628271420754611e-05  0.0003527943660007291 -0.0001269939211074423

  0.001832289288041259  -0.001893277327218082   -0.01318979533270737   -0.01149758825612478   0.003891187465450815   -0.00046679316131858   -0.00659481802994538    0.01652694882743135  -0.001630934197453337   0.007751709672333448     0.3179518950510428    0.07089946402081969
-0.0004128249135730724  0.0004497553722444594   0.003028039979382437   0.002671629143296782 -0.0008505695353117743  3.259263834330871e-06    0.00169802198689242  -0.003343222654391295 -7.847323343056509e-05  -0.001879284526768512   -0.07228715663341513   -0.01534692137014294

cov:
   0.9551002895642259     2.038925213641828  -0.02318831090802149  -0.01363362592406832   0.03633238352719553   0.06055189651039824 -0.007716227096902472 -0.006947055941442787   0.01582941988278761   0.03202568774839278  -0.01530784543675331  -0.07964594252351498
    2.038925213641828     17.96720603720346  -0.02504480726791701     11.90484545837869    -4.221383853177525    0.0913817626332567    -3.424257683478712    -1.709746907894067     -2.39552667349149    0.1583481949784015    -1.248630114968909  -0.06898950430955562
 -0.02318831090802149  -0.02504480726791701     1.113726219778048     2.345883630328919    0.0214626542125398    0.1060156030552637  -0.02698012921120932  -0.01273558094190776   0.03242414747479246    0.1389085833265868  -0.01225650109486024   0.04519258695489105
 -0.01363362592406832     11.90484545837869     2.345883630328919       16.299341601275    -5.324145939905157    0.1642640619612309    -4.952181230175031    -2.025114265761916    -4.319155652589667     1.337657328118729    -3.319269625383316     1.549436261524558
  0.03633238352719553    -4.221383853177525    0.0214626542125398    -5.324145939905157     5.940324370980018    0.3112343765547197      3.53176467139854      1.45888323922391     5.085082231243208     -1.15880573116246     4.368679502039136    -1.924794648764482
  0.06055189651039824    0.0913817626332567    0.1060156030552637    0.1642640619612309    0.3112343765547197    0.6258815015782486    0.2422074495201481     0.317183769197122    0.0657250492759227  -0.01425336945746426   0.04836449212139254  -0.05429525862258029
-0.007716227096902472    -3.424257683478712  -0.02698012921120932    -4.952181230175031      3.53176467139854    0.2422074495201481     7.569748072074481     2.981372358568979     4.367288412108412    -2.429476831728732     4.066299873914939    -3.037539660823664
-0.006947055941442787    -1.709746907894067  -0.01273558094190776    -2.025114265761916      1.45888323922391     0.317183769197122     2.981372358568979     2.589483844672119     1.245460891523874    -0.341865013144779     1.078325638883916   -0.5346203963418854
  0.01582941988278761     -2.39552667349149   0.03242414747479246    -4.319155652589667     5.085082231243208    0.0657250492759227     4.367288412108412     1.245460891523874     7.396707476547712    -1.796792259865874     6.119778130173652    -2.915046988040785
  0.03202568774839278    0.1583481949784015    0.1389085833265868     1.337657328118729     -1.15880573116246  -0.01425336945746426    -2.429476831728732    -0.341865013144779    -1.796792259865874     2.762474072370665    -1.946929391058242     1.885383549201259
 -0.01530784543675331    -1.248630114968909  -0.01225650109486024    -3.319269625383316     4.368679502039136   0.04836449212139254     4.066299873914939     1.078325638883916     6.119778130173652    -1.946929391058242     7.025162895452633    -2.754803000203559
 -0.07964594252351498  -0.06898950430955562   0.04519258695489105     1.549436261524558    -1.924794648764482  -0.05429525862258029    -3.037539660823664   -0.5346203963418854    -2.915046988040785     1.885383549201259    -2.754803000203559     3.647094820725602

cov.inverse():
   36.95164263765239   -17.21790574046016   -44.37130519575447    21.38722370204353    1.779835757362457   -1.203706864141446    2.219122520489318  -0.4591848849708545    1.906740453999905   -1.044328134622825    2.124634266385165   -1.684052859798201
  -17.21790574046012    8.260107422347085    21.30914977324366   -10.26266974839868  -0.8585230044226555   0.5239881357374911   -1.065085107902233   0.2297014586521242  -0.9167009211053002   0.4814905583836155   -1.011418834899439   0.8319267020094232
   -44.3713051957544    21.30914977324366     56.7462162644941   -26.87846833505137   -2.578121193791434    1.348865734300113   -3.031947168707608   0.7401733686068078   -2.401149589835676    1.113913363771381   -2.480460836483831     2.02413569582651
    21.3872237020435   -10.26266974839868   -26.87846833505138    12.94250913178059     1.24670670200905  -0.7369006377435027    1.442939427161008  -0.3287214588456071    1.143413117187128  -0.5729308514336412    1.197841559523563  -0.9770770774748136
   1.779835757362445  -0.8585230044226506   -2.578121193791423    1.246706702009044   0.7111440330688218  -0.2860232994897129    0.212035051280449  -0.1492499913759777  -0.1684724725830588 -0.04835534659640209 0.008510808414163563 -0.05253356014480538
  -1.203706864141445   0.5239881357374919    1.348865734300115  -0.7369006377435037  -0.2860232994897132    1.887736788967184  -0.0313384666410496  -0.2467292244068956  0.03857502825124978  0.06194132494488068 -0.02008311619544021  0.07850130893087341
   2.219122520489302   -1.065085107902229     -3.0319471687076    1.442939427161003   0.2120350512804493 -0.03133846664104933   0.7400324907158546  -0.5568387238222663  0.04263695903164615   0.1680865581580593  0.06401217860624314  0.09455976471034799
 -0.4591848849708423   0.2297014586521186   0.7401733686067935  -0.3287214588456001  -0.1492499913759774   -0.246729224406896  -0.5568387238222655   0.9599287096769424  0.04019531981329504  -0.1893705523722012  0.01235667179519975  -0.1413423932684252
   1.906740453999912   -0.916700921105305   -2.401149589835689    1.143413117187134  -0.1684724725830576  0.03857502825124951  0.04263695903164729  0.04019531981329414   0.7956251911111513  -0.1098011690416257  -0.2680522980351797  0.01156561475156918
   -1.04432813462283   0.4814905583836179    1.113913363771387  -0.5729308514336443 -0.04835534659640244  0.06194132494488074   0.1680865581580588  -0.1893705523722008  -0.1098011690416259   0.7045747682322736   0.0123118879969416  -0.1391558766381562
   2.124634266385156   -1.011418834899436   -2.480460836483823    1.197841559523559 0.008510808414163573 -0.02008311619543978  0.06401217860624306  0.01235667179519924  -0.2680522980351807  0.01231188799694194   0.6842776991134946 -0.09532247566741869
  -1.684052859798199   0.8319267020094226    2.024135695826509   -0.977077077474813 -0.05253356014480594  0.07850130893087334  0.09455976471034763  -0.1413423932684247  0.01156561475156991  -0.1391558766381565  -0.0953224756674189    0.683832308626509

cov*(cov_.inverse()):
     1.000000000000055 -3.343159082902503e-14 -4.374278717023117e-14  2.317590563905014e-14  1.865695098413056e-15 -1.542169170143382e-15    5.5797380604794e-15 -5.620504062164855e-16  2.019651806905998e-15  -7.37257477290143e-16  2.426878142891553e-15 -7.147060721024445e-16
 -7.28583859910259e-15      1.000000000000006  7.993605777301127e-15 -1.193489751472043e-15 -1.604619215278547e-16 -7.173081573164097e-16  6.158268339717665e-17  1.630640067418199e-16  5.385232190735501e-16 -1.613292832658431e-16 -1.647987302177967e-16 -7.147060721024445e-16
 9.395262345890387e-15  1.922073611382302e-15      1.000000000000007 -3.066991105526995e-15   1.37476835471162e-16  2.116362640691705e-16  1.665334536937735e-16  2.801578413702543e-16 -4.211041237933699e-16  2.081668171172169e-17   -2.0643209364124e-16  -3.50414142147315e-16
 4.884981308350689e-15   1.84297022087776e-14  2.353672812205332e-14     0.9999999999999958  8.326672684688674e-17  5.551115123125783e-16 -7.105427357601002e-15   6.38378239159465e-16 -5.412337245047638e-16 -1.387778780781446e-15   3.33066907387547e-16 -2.220446049250313e-16
 1.509903313490213e-14 -2.220446049250313e-15  2.442490654175344e-14 -1.088018564132653e-14                      1 -5.551115123125783e-17  2.359223927328458e-15  4.440892098500626e-16  -1.02695629777827e-15  5.551115123125783e-16 -2.775557561562891e-16  1.110223024625157e-15
 2.844946500601964e-15 -1.193489751472043e-15 -1.110223024625157e-16  6.938893903907228e-18  7.502679033599691e-17                      1  2.220446049250313e-16  5.898059818321144e-17  3.545341104027599e-17  2.168404344971009e-17 -6.852157730108388e-17  6.938893903907228e-17
  1.77635683940025e-15 -5.329070518200751e-15  -1.77635683940025e-15 -9.769962616701378e-15  8.326672684688674e-17  5.551115123125783e-17      1.000000000000002 -4.440892098500626e-16 -2.123301534595612e-15  7.771561172376096e-16 -8.881784197001252e-16  4.440892098500626e-16
 1.343369859796439e-14 -3.663735981263017e-15  4.662936703425657e-15  1.110223024625157e-15  3.677613769070831e-16 -3.469446951953614e-17  8.604228440844963e-16                      1  3.200564813177209e-16 -1.387778780781446e-17 -1.040834085586084e-16  5.551115123125783e-17
 2.309263891220326e-14 -4.884981308350689e-15 -2.664535259100376e-14  2.664535259100376e-15  7.771561172376096e-16 -5.828670879282072e-16  1.332267629550188e-15 -5.551115123125783e-17     0.9999999999999996  2.220446049250313e-16  1.110223024625157e-16  2.220446049250313e-16
-3.552713678800501e-15 -2.442490654175344e-15 -3.552713678800501e-15 -2.220446049250313e-16  1.387778780781446e-16  2.775557561562891e-17  3.608224830031759e-16  5.551115123125783e-17  3.469446951953614e-16                      1  7.494005416219807e-16                      0
-4.440892098500626e-15  3.108624468950438e-15  1.865174681370263e-14 -1.154631945610163e-14  -3.05311331771918e-16  5.551115123125783e-17   3.33066907387547e-16  -3.33066907387547e-16 -2.789435349370706e-15  4.440892098500626e-16     0.9999999999999991  1.332267629550188e-15
-7.105427357601002e-15 -2.220446049250313e-15  3.552713678800501e-15 -4.440892098500626e-16 -5.551115123125783e-17 -1.665334536937735e-16  5.551115123125783e-16  1.110223024625157e-16  8.604228440844963e-16 -2.220446049250313e-16  2.220446049250313e-16                      1
