10
2

0.3424640996811092
0.4059143978489641
0.9365513832336346
0.9534360333767316
 1.014004423647114
 1.074040070007242
 1.310738812150962
 1.574765988945036
 5.160748467508128
 52.40165227168512

    0.2880106398458639    -0.5566012346335121    -0.3490624794776638      0.691182263542362  -0.002022042671305404   -0.03321870742500196    0.02540963896594737   -0.04749663352427623     0.0222413342433631   -0.05624564737285463
    0.1763387535469532    -0.2991787127625338     0.1115795163279307    -0.2442629196072115    -0.4118987205808864     0.7751527306949757    0.05109028136032988   -0.09873362632371245    0.07225863283202043    -0.1384926413674611
   -0.5081760200292795    -0.1899763363204924      0.161742899591174     0.1099810789491307     0.3849581195415058     0.1660309669922078     0.4256912533798585   -0.03889784763548407     0.5542190321108292   -0.04201980367060942
    0.3352246367267019   -0.08434858091464004     0.4805947495266407    0.04455211138920547      0.259776770069082   -0.02695505680771364    -0.5814001278111042     0.2206364603640703     0.4065062603242131    -0.1654965698398723
   -0.5476974366819495   -0.02940199510943977    -0.4540012877337336   -0.01171543472558195    -0.2926432167268119    0.02934135864780806    -0.5496354729782396     0.1648922781286664     0.2402016391339928     -0.139363582948567
    0.3709141821588322     0.2488077968544031     -0.219475603390439    -0.1019500846240198    -0.3981810447070476    -0.2635882982701304     0.3065760684397865     0.1094355338136729     0.6385442018650185    0.01494438269076981
   -0.2738436156537752   -0.08060466914429341     0.5909450259908503     0.3358155758865298    -0.6049987452020367    -0.2607899454236708    0.01930006433351879    -0.0968414784787176   -0.03290407093014412     0.1079634988102946
   0.05113134748651442     0.1027331320912136     -0.070552953382977      0.025913167379526    0.06616753046366872     0.0806392883047487    -0.2846824994989514    -0.7374640241593318     0.2351688584782919     0.5386090753469117
  -0.01347339620069313    -0.6732598340714199  -0.009636441715221402    -0.5178221737248904  -0.008295136907625846    -0.3386361640998862  0.0005688214135350219     0.1316238558317259    0.00743371667967387     0.3823392665588466
 7.295136171679408e-05     0.1561462826556188  6.622229199723068e-05     0.2375026490271251  3.896896287158606e-05     0.3319844214482881  3.342454722053692e-05      0.572782989350587 -0.0002873885145750386      0.693481597599352

22.67953585621728
9.983151376251186
35.55873904247056
15.73122916822532
50.51442278936662
22.40480852158354
88.52876373446692
39.37159823506792
107.7384894227412
47.92346618002602

0.4462336129925257
 19.22766525380502

   0.00982541360882375   -0.02207983317564637  9.225551920948453e-05 -0.0005448506321492617  -0.006918867392521056    0.01538151117376793  -0.001360588948745672   0.003111252385845816  -0.001951965822052116   0.004331619291472101
    -22.58898771189157      31.72412505715898      42.82548037924077     -62.65520766295567     -26.09267486313503      29.79091013190368      8.709962165095119     0.6457788853075178      11.67033825487305      -1.11682723509488

  0.00161195820909898  0.003647444051971353 -0.002558675561773995  0.002664727816705239 -0.002162598374117103 -0.005043026960621346 -0.001134679155109645 -0.002571928204564174    0.3172925388041846     17.34406682583651
   -9.715885052564392     6.891775259080374     9.286416495542287  -0.02897246650239174   -0.4951864580131811     10.63184661110821     26.65275441584672    -6.641044067137744     22.77697835055179    -1220.718323083415

cov:
   0.9508242508349206    0.4783189574970159  -0.05592814433008344   0.02246583342277501    0.1859771230016405    0.1308135063062708   0.03075005068100503   0.05362486131664691   0.06021321118041609   0.06647048165047713
   0.4783189574970159     79.22157672498078  0.005593173004276661     110.9948737966006   0.09702215473768502     148.3346604049054  0.003007501687074888     243.0799095021518   -0.1445725275892884      290.647380674207
 -0.05592814433008344  0.005593173004276661     1.131542517792649    0.5460557743006271    -0.225640986377266  -0.05117241311913748   0.05450808038212931   0.08740713297509299  -0.09366686235311844   0.02611643280161025
  0.02246583342277501     110.9948737966006    0.5460557743006271     162.3185187808268  -0.09055889948862203     221.0457287944892 -0.005117397481573991     371.6217399560541   -0.3029849573495295     447.0795115545163
   0.1859771230016405   0.09702215473768502    -0.225640986377266  -0.09055889948862203     1.131770937951357     0.503978981203149  -0.03936215725472786  -0.04234066707769356  -0.01623761661627684  -0.04288900992895797
   0.1308135063062708     148.3346604049054  -0.05117241311913748     221.0457287944892     0.503978981203149     306.0314711807295  -0.06737234486816852     520.8100012736679   -0.3742793308603913     628.7654349509888
  0.03075005068100503  0.003007501687074888   0.05450808038212931 -0.005117397481573991  -0.03936215725472786  -0.06737234486816852     1.087406121162268    0.3853982191194504   -0.0841854581853477   -0.1527372559287723
  0.05362486131664691     243.0799095021518   0.08740713297509299     371.6217399560541  -0.04234066707769356     520.8100012736679    0.3853982191194504     902.8021675958561   -0.6679027176188814     1091.010764962138
  0.06021321118041609   -0.1445725275892884  -0.09366686235311844   -0.3029849573495295  -0.01623761661627684   -0.3742793308603913   -0.0841854581853477   -0.6679027176188814     1.090935867855401   -0.2703438109117939
  0.06647048165047713      290.647380674207   0.02611643280161025     447.0795115545163  -0.04288900992895797     628.7654349509888   -0.1527372559287723     1091.010764962138   -0.2703438109117939     1325.248179687401

cov.inverse():
   1.769751927280278   -1.497117005213402  -0.5786406738920132    1.309369439993324  -0.4473728792445519   0.5849059777935416   0.0384518415111501  -0.1708889107547423  0.04822133284495978  -0.2502843928889106
  -1.497117005213402    3.313331526258958    1.309609825564259   -2.887908811710717   0.6038506116689072   -1.316846692084793  -0.1824833354688968   0.3822289536514795  -0.2525615052990686     0.55769219888802
  -0.578640673892001    1.309609825564231    1.845871120966194   -2.039199407198967 -0.06959727357344334    0.585485326141465 -0.07080807869839044  0.07796926233689412  0.05428818671482907  0.05873805508030273
   1.309369439993297   -2.887908811710655   -2.039199407198966    4.536612756264543   0.5808371534972868   -1.345978984943704  0.07884420694566721  -0.1683030141652406  0.05007999309431801  -0.1199181472154871
  -0.447372879244571   0.6038506116689496 -0.06959727357342267   0.5808371534972411    1.708475216564214   -1.695334978092518 -0.07125599980177506   0.2233013309382261 -0.09253213848203244   0.2921904184120038
  0.5849059777935842   -1.316846692084888   0.5854853261414188   -1.345978984943602   -1.695334978092518    3.796004880163897   0.2330473833877702  -0.4961350861398819   0.2999935449840679  -0.6497050654611056
 0.03845184151115852  -0.1824833354689155 -0.07080807869839521  0.07884420694567763 -0.07125599980178143   0.2330473833877844    1.007981194741957  -0.1763843780223726  0.05014319145952213  0.04818534381618388
 -0.1708889107547613   0.3822289536515217  0.07796926233690461  -0.1683030141652635   0.2233013309382409  -0.4961350861399148  -0.1763843780223728   0.3960358650203566  0.05283504420083428  -0.1176908392817887
 0.04822133284495776   -0.252561505299064  0.05428818671482578  0.05007999309432547 -0.09253213848202425   0.2999935449840496  0.05014319145951924  0.05283504420084068    1.000384021325258  -0.1471294667737938
 -0.2502843928889057   0.5576921988880092  0.05873805508030989  -0.1199181472155034   0.2921904184119855  -0.6497050654610645  0.04818534381619027  -0.1176908392818029  -0.1471294667737938   0.3240377579948277

cov*(cov_.inverse()):
                     1 -6.938893903907228e-17  1.314053033052431e-16 -9.194034422677078e-17  7.979727989493313e-17 -1.665334536937735e-16 -9.974659986866641e-18  1.908195823574488e-17 -8.673617379884035e-18                      0
   1.4210854715202e-14     0.9999999999999147  7.105427357601002e-15  8.526512829121202e-14 -4.263256414560601e-14  5.684341886080801e-14  1.598721155460225e-14 -2.842170943040401e-14                      0  2.842170943040401e-14
-7.632783294297951e-17   4.40619762898109e-16                      1  -1.25507243486922e-15 -5.724587470723463e-17  4.163336342344337e-17 -5.204170427930421e-18  2.862293735361732e-17   2.38524477946811e-17  1.734723475976807e-17
  -1.4210854715202e-14 -2.842170943040401e-14                      0      1.000000000000199  2.842170943040401e-14  -1.13686837721616e-13 -3.552713678800501e-15 -2.131628207280301e-14    1.4210854715202e-14  2.842170943040401e-14
 9.540979117872439e-17 -6.245004513516506e-17  3.252606517456513e-17  2.810252031082427e-16     0.9999999999999999 -2.983724378680108e-16 -2.992397996059992e-17  1.734723475976807e-17 -1.214306433183765e-17  2.775557561562891e-17
-2.842170943040401e-14  -1.13686837721616e-13  4.973799150320701e-14  1.989519660128281e-13 -5.684341886080801e-14     0.9999999999999432  -1.06581410364015e-14    1.4210854715202e-14  2.842170943040401e-14                      0
-6.938893903907228e-18   9.71445146547012e-17  4.510281037539698e-17 -7.979727989493313e-17  4.163336342344337e-17 -2.775557561562891e-17     0.9999999999999994  6.591949208711867e-17 -1.387778780781446e-17 -2.775557561562891e-17
                     0 -4.547473508864641e-13    1.4210854715202e-14  3.410605131648481e-13  -1.13686837721616e-13                      0  4.263256414560601e-14     0.9999999999999432  8.526512829121202e-14                      0
-2.775557561562891e-17  2.775557561562891e-17  1.040834085586084e-17 -3.400058012914542e-16   9.71445146547012e-17 -2.775557561562891e-17 -2.081668171172169e-17  2.081668171172169e-17                      1 -4.163336342344337e-17
  1.13686837721616e-13 -3.410605131648481e-13 -9.947598300641403e-14  5.115907697472721e-13  5.684341886080801e-14 -5.684341886080801e-13  3.552713678800501e-14 -5.684341886080801e-14                      0      1.000000000000114
