10
2

0.2030497696146535
0.7341629684360815
0.8270559849437544
0.9123563892023221
 1.315198875139126
 1.427139136586601
  2.10845817548933
 2.710360905362907
 3.354466174586097
 7.105836287346839

   0.5148303189605368   -0.2036519228793875   -0.7574056642461025    0.3028183441721808   0.06299664731105448  -0.03707152872206734   0.09119672758723578 -0.008731762186329598    0.1176522757614715  -0.02313712574378376
  -0.4684806901838812   0.07360561778061209   -0.2419850849952398    0.1174119673696834    0.2803723057573453    0.1418778011362515    0.4668061596346645   -0.5393683299075795   -0.1353640760964939    0.2772690843668566
  -0.4076575976901994     0.087675039556371   -0.1985670148828293    0.1426412450426918    0.1582105226120524   -0.8138117744907816  -0.07105866242465479    0.2686875319215573    0.0163811532608025  -0.03901470280024823
   0.5147034622510347  -0.03044178944637249    0.3019265216562335   -0.2027898770082123   0.02157181596299234   -0.5405396156847952    0.2435644379096504   -0.4325658545795453   -0.2176828391238797    0.1240934846220658
  -0.1842461581472039   -0.0172927031320711   -0.1069049267544224   -0.0940830020338283   -0.7268590013189166   -0.1367427983888893    0.1997919110870744   -0.3011782379771994     0.448272294262487   -0.2586082978377332
   0.0250685061175317  -0.03383005997599803      0.15641987488271    0.4804462588557923   -0.4761446260878215  -0.01225347228611598     0.249240089280666    0.3126777475685037   -0.2066643164851298    0.5598833128102818
-0.009619276951450928   0.04702997249012023   -0.1581024979161176   -0.3342499136122346  -0.09301053527682657   0.06103832642589832    0.5758198522357941    0.3940421459460616   -0.4585967750942319   -0.3891669211258753
  0.05909873230744419    0.1341671116305896    0.3171976542857896    0.6907240417600171     0.112315847205017   0.02287988127906243    0.1421114126312704   -0.1282510138955304  -0.05085809218857573   -0.5902741837820659
  -0.2125054534425702   -0.7621068499249878  -0.02458369033542038   0.06010694142412039   -0.1535665651571181  -0.02818564393640836   -0.2768589356353137   -0.1864350516542153   -0.4584898396616668   -0.1543321970913211
  0.03244039785303284    0.5848345910040346   -0.2740081099966502   0.03048690545459877   -0.3033820495548396   0.01146183230690175    -0.423024516280328   -0.2339830848068241   -0.5034001172298344  -0.04030733227696755

35.55463526669691
86.17491995907469
54.15273684975473
131.2498836636852
65.19884513424829
158.1614386082196
75.96349576436381
184.8467990838483
90.18238912885671
219.6255382241924

 2.431467749596132
0.4121947465143612

     0.123113817341062   -0.05079988259116554    -0.1213051092671232    0.04923923872966624  0.0003877245492626123 -0.0005554225116028188  -0.002736337882698368   0.002498985919666742  -0.002234835529022917   0.003425048223150933
  -0.02100644133359215    0.00864611121145737    0.02061524310107452  -0.008299136424936434 -4.753895452685899e-05  0.0001001993183710975  0.0004226351135629521 -0.0003067138699002001  0.0003228735645421306 -0.0002671866419641103

  0.00741908945025492  -0.01488889876055543  -0.01526901958058136    0.0147964318830411  -0.02916703340247865   0.02400928136221532 -0.008099329002841871  -0.04843514847315263    0.2164764939985734    0.5281484119799663
-0.001262607508824958   0.00256579802092644  0.002639217826984306 -0.002572960554765273  0.004686367126271417 -0.003599365552941477 0.0009438440156213733  0.007073567992379937  -0.03705499715445339  -0.08936661358030674

cov:
   1.110764498647173    2.779940432772654  0.02623624401308835   0.1250134130609148  0.02600998705496553  0.09517905078360478  -0.0365378126142608 -0.02228151146843978  0.05473146221373562   0.1679410287763853
   2.779940432772654     23.9612372092728   -7.631446079693527   0.9812394691380834   -7.476614665585712   0.5912537361278787   -9.873066127457438   -5.361539862157838   -11.07863261868116  -0.5550609252582598
 0.02623624401308835   -7.631446079693527    4.875739244735062    1.481345625022621    4.495113463157514  -0.1616496402546758    5.905339196159294    2.793759388139202    7.103742269173123  -0.2742987539707069
  0.1250134130609148   0.9812394691380834    1.481345625022621     4.63386596510091  -0.1800845370327525  0.05459530926115482   -0.778982740362718   -1.302592359463463  -0.9055662312208008    -2.00080384906566
 0.02600998705496553   -7.476614665585712    4.495113463157514  -0.1800845370327525     6.47955531327449 -0.02586040417046133    6.412293962837689    3.652931328366213    8.265864813299009   0.3800615368376028
 0.09517905078360478   0.5912537361278787  -0.1616496402546758  0.05459530926115482 -0.02586040417046133   0.7757689722689657 -0.06483176577949305  0.07634366884559127  -0.3014919525854381  -0.1448749346500325
 -0.0365378126142608   -9.873066127457438    5.905339196159294   -0.778982740362718    6.412293962837689 -0.06483176577949305    11.88677810333265     6.27157248485629    10.92527084039946  0.02089004345492968
-0.02228151146843978   -5.361539862157838    2.793759388139202   -1.302592359463463    3.652931328366213  0.07634366884559127     6.27157248485629    4.684565377944394    5.909380392411376    1.033202671575608
 0.05473146221373562   -11.07863261868116    7.103742269173123  -0.9055662312208008    8.265864813299009  -0.3014919525854381    10.92527084039946    5.909380392411376    16.59951316450567    2.355241793756598
  0.1679410287763853  -0.5550609252582598  -0.2742987539707069    -2.00080384906566   0.3800615368376028  -0.1448749346500325  0.02089004345492968    1.033202671575608    2.355241793756598    4.392331377700112

cov.inverse():
   7.421571040042153   -2.660887267993954   -8.925890759138266    3.489945836136121   0.5373701507976565  -0.4204525255761172   0.9126359536977512 -0.03041720076497825     1.40104386953475  -0.3965060993224971
  -2.660887267993958    1.090415295099485     3.67275335358482   -1.455717911597063  -0.2302650342859005   0.1226231451710126  -0.3883335496633954   0.0292931689124083  -0.5711760425415134   0.1309848462073624
  -8.925890759138261    3.672753353584819     14.2292812742189   -5.646505754681422   -1.302770230040803   0.6638357908758766   -1.780589007679602   0.1924146781604251   -2.210014563268114   0.4047888429511866
   3.489945836136112   -1.455717911597062   -5.646505754681422    2.537719337500888   0.4952730463278425  -0.2774290106539034   0.7136088244860778   0.0271036928512818   0.8449012361288589 -0.02885767572452198
  0.5373701507976506  -0.2302650342858982   -1.302770230040794   0.4952730463278388    0.703580340205469   -0.125367060966363   0.2262666284079172  -0.1957663056855641 -0.01445348532111354  0.08231459547728733
 -0.4204525255761164   0.1226231451710123   0.6638357908758763  -0.2774290106539031  -0.1253670609663634    1.401789718965106 -0.04109606810265952  -0.1455425481011417 -0.05916490081639358  0.06989348132529276
  0.9126359536977534  -0.3883335496633955   -1.780589007679602   0.7136088244860771   0.2262666284079179 -0.04109606810265937    0.825923820275592  -0.5823463446133409  0.05920978959269853   0.2102723741984154
-0.03041720076497512  0.02929316891240693   0.1924146781604192  0.02710369285128432  -0.1957663056855634   -0.145542548101142  -0.5823463446133399     1.01370330072102  0.09048724242779931  -0.2428371442779066
   1.401043869534753  -0.5711760425415141   -2.210014563268116   0.8449012361288594  -0.0144534853211119 -0.05916490081639379  0.05920978959269863  0.09048724242779858   0.6355512051014932  -0.2419527055311672
 -0.3965060993224967   0.1309848462073623   0.4047888429511861 -0.02885767572452172  0.08231459547728699  0.06989348132529281   0.2102723741984155  -0.2428371442779066   -0.241952705531167   0.4525602194056041

cov*(cov_.inverse()):
     1.000000000000012  9.992007221626409e-16 -5.329070518200751e-15  5.754077769815069e-15   6.47051856539349e-16 -8.153200337090993e-17 -2.199629367538591e-15  1.595945597898663e-16 -8.326672684688674e-16  6.938893903907228e-17
-4.496403249731884e-15     0.9999999999999967  8.049116928532385e-16  4.603956105242446e-15  1.387778780781446e-15  5.689893001203927e-16 -1.498801083243961e-15  -3.33066907387547e-16  9.436895709313831e-16   3.33066907387547e-16
 1.015854067532018e-14  1.325328735646281e-15      0.999999999999997  4.839878497975292e-15   1.52655665885959e-16 -4.996003610813204e-16  -1.77635683940025e-15  8.326672684688674e-17 -2.775557561562891e-17   9.71445146547012e-17
 -1.77635683940025e-15 -1.498801083243961e-15 -5.551115123125783e-15     0.9999999999999996  6.661338147750939e-16 -2.775557561562891e-17   3.33066907387547e-16 -1.110223024625157e-16  2.220446049250313e-16 -2.220446049250313e-16
 8.881784197001252e-15  2.872702076217593e-15  7.105427357601002e-15  1.609823385706477e-15                      1  6.245004513516506e-17 -1.512678871051776e-15  4.024558464266192e-16 -1.484923295436147e-15  4.440892098500626e-16
 4.440892098500626e-16  3.469446951953614e-18 -2.220446049250313e-16  4.839878497975292e-16  6.938893903907228e-17                      1 -1.318389841742373e-16 -3.469446951953614e-17  6.245004513516506e-17 -1.387778780781446e-17
 9.983333604246525e-15  1.704799496016207e-15 -1.824408679684808e-14  7.720278409617531e-15  6.563759952227244e-16 -4.325966668217163e-16     0.9999999999999987  3.972516759986888e-16 -2.827599265842196e-16  3.295974604355933e-16
 5.717648576819556e-15  1.360023205165817e-15 -4.218847493575595e-15  3.677613769070831e-16  8.326672684688674e-17 -2.081668171172169e-16 -6.661338147750939e-16      1.000000000000001  1.665334536937735e-16   3.33066907387547e-16
 9.658940314238862e-15  3.219646771412954e-15 -2.242650509742816e-14 -5.412337245047638e-16  7.216449660063518e-16 -7.216449660063518e-16 -2.664535259100376e-15  1.110223024625157e-16     0.9999999999999992  1.554312234475219e-15
 3.552713678800501e-15  5.551115123125783e-16 -1.998401444325282e-15  1.443289932012704e-15                      0 -5.551115123125783e-17 -5.551115123125783e-16  2.220446049250313e-16 -2.220446049250313e-16                      1
