12
2

0.03722639412606053
 0.1508297453060244
 0.3557019447346454
 0.5528609029894669
 0.7968933561893795
  0.914187770743301
 0.9737896668329477
  1.153753639259288
   1.37122724476223
  2.485866595927769
  2.851740726590869
  4.751627425945617

   -0.4697213237329063     0.2135342173179872      0.735860726504354    -0.3332772331775767     -0.259987430302418     0.1165871914471544    0.00196999314861776   0.001349034919960293  -0.002262594886430954 -0.0009167784148443095  -0.001583441849286406  0.0002968157713014903
   0.04187660165727314   -0.01857084286578931  -0.004267528088007149  -0.004482579266456884   -0.08713474171541462    0.04349333010323259   -0.03982021956092448   -0.02519201749324497     0.9879306522870897    0.08899122409982142    0.01662184826688987    0.04422726051320441
    -0.422662080291146      0.170125690982386     0.0035447338316147  -0.006719109429383844     0.7518321432545298    -0.3775916941074312    -0.1309324142085344   0.007984967885664562    0.08648475469995645    0.09580592756768357    -0.1685227187457488     0.1492108990789928
    0.1391679450317726   -0.02846780614127798     0.0901889420784108    -0.0129240081977975    -0.0315324240886981   -0.04585579194811577     -0.909066764500297      -0.29951525873494   -0.03005371315947743    -0.1880829833446079    0.05582511339821264    -0.1136533953976648
   -0.4142808020018736    0.03316164713282116    -0.3219899735516163     0.0493623373311379     0.1669598777789022     0.8183100604609604     -0.110872069828509   -0.06910121640039679  -0.005937734830556366   -0.00838253106798522   -0.01905398676652948   -0.07819469987279919
      0.51825723644486   -0.03029226389183237     0.4451964147053509   -0.03299021427267857     0.4942083583283635     0.3408943741006607  -0.004368035706271095     0.2705852035233274   0.008584585239925856     0.1853806317736827    0.02614397364883642    -0.2497881598096598
   -0.1997344994907371   -0.01603936259437869    -0.1322726193719692   0.009744448904280466    -0.1285132664133836    -0.1897325188552615   -0.07046515341694984   0.001642085324442278   -0.02935342202481318     0.6477507120971104     0.1535519919875989    -0.6638937589289826
    0.1811622083517622    0.06301862466662513    0.06172165993428459   -0.01075760321226969   -0.03173620058301114     0.1298359113419482  -0.004495839677066227    -0.5050290732853129    -0.1068561796454146     0.6393620178949991   -0.08239871430064076     0.5092670311000741
  -0.07664639912304327   -0.05776042153599065     -0.104558527305233   -0.06901565745389493     -0.110654843546757    0.01557794141317796    -0.3194782839777546     0.6742348702054801   -0.05346671877410963     0.2524465127201134     0.3873744572553056     0.4350865590559708
    0.1557806920142495     0.3090880043269421    -0.2150192157781671    -0.3503256941858429    -0.1730052862615674     0.0211211903286866    -0.1543554102467518     0.2948786227854139   -0.01240904075623733    0.09892400276589637    -0.7468998028352697   -0.04775394979900033
   -0.1792624610847464    -0.4969335740307859     0.2559924436041781     0.6036070642989549     -0.124445863070266    0.01398258956963386    -0.1032437337459719      0.167638830631851   -0.01314583821521971     0.1054194246481635    -0.4720878304181002    0.04950812325861923
    0.0662358717782873     0.7564684614030648    0.06680785236760968     0.6269972886393845    -0.1061402980020911    0.01603447011855995   -0.03187959603746795    0.08302506090551734   0.005546420721688501    -0.0098112973517358    0.07749404804910415   -0.01465260378648625

22.69162192687681
51.22597541714778
35.54447518536001
79.51623942289126
58.09812276608278
129.1550861652394
69.37981691503541
154.6874388181118
85.19609698104135
187.6227206130488
100.3529107335367
222.2346080945913

 2.200883132507559
0.4549198318609978

   0.05919380605383948   -0.02687962800599037   0.003318414383919408  -0.001470276498101158   -0.06125970713451014    0.02786869257288679 -0.0002735998559497735  0.0001859092569044243   0.001559501316628233  7.791288446256965e-05 -0.0004289418500383283 -1.307535381837855e-05
   -0.0124644745131641   0.005654198904304777 -0.0005123883444067722  0.0002300244413379114    0.01285841012089095  -0.005812367775176032  0.0001193085072987042 -3.037306310957945e-05  0.0008711825453334528 -3.702035987258236e-05 -1.469130649551999e-05 -8.607296556151795e-05

-1.585324106408144e-05  0.0002517587865493609   -0.01086843537058047   0.003082273258437654  -0.008865915577584146    0.01029155900116532  -0.008812235042770174    0.01947748762503428   0.007446040506014774     0.0760571710532963    0.08921556799404506    -0.2295055307853858
 3.583784437625264e-06 -2.615509856972589e-05   0.002294441790395201 -0.0006704081394853501   0.001847437575647682  -0.002073019669740778   0.001816982037484618  -0.004317156613310471   -0.00188888110959653   -0.01568728984294081   -0.01853550747259066    0.04747287383847541

cov:
   0.9652466649171643     2.147518832009288   -0.1445682214553905   -0.3012938633833168   0.01745294681311981   0.03950165296246535  0.008121034422179393   0.06655338618899422  0.003329306897430319 -0.008549319251923291  0.008073140506238315  -0.05459679956983834
    2.147518832009288      15.5359747806137   -0.3041763519596768     7.608530425493516    -1.621616680547011    0.2706708654091413   -0.3837971960826682     1.182645295971463    0.1228066373001644   -0.3894978521440634     1.748302358139026   -0.5271212047199936
  -0.1445682214553905   -0.3041763519596768     1.196346357656287     2.656246047016191 -0.005083937990389953   0.01482668308937986  0.009281650400478139   0.01472424982496574  0.006420846301565966   0.06041461816997676    0.0393959757710955    0.1039750349718553
  -0.3012938633833168     7.608530425493516     2.656246047016191      12.6092256599471    -1.734055871410306    0.2609651280036465   -0.5827217090856393     1.271170578892863   0.04857033766529378    0.1237836698415085    0.3475101613201919   0.07384388040541436
  0.01745294681311981    -1.621616680547011 -0.005083937990389953    -1.734055871410306    0.8991991511706294    0.1311955217583063    0.4039782641710449   -0.6948920851611221   0.04196972539126652    -0.260979380710563    0.9869182436785864  -0.09132970470582014
  0.03950165296246535    0.2706708654091413   0.01482668308937986    0.2609651280036465    0.1311955217583063    0.6082898607176173  -0.08078694875545669   0.06474807195493987  -0.01923267241521694   0.06930710515255563   -0.1488016353781353   0.09700838396041279
 0.008121034422179393   -0.3837971960826682  0.009281650400478139   -0.5827217090856393    0.4039782641710449  -0.08078694875545669    0.7161315443306494   -0.7968919696036826   0.06000997500115657   -0.3240563801631543    0.7990698423354378   -0.1700309536662003
  0.06655338618899422     1.182645295971463   0.01472424982496574     1.271170578892863   -0.6948920851611221   0.06474807195493987   -0.7968919696036826     2.207445197773283   -0.0216539553813866     0.256364673955921    -1.311165691570905    0.1186637192778611
 0.003329306897430319    0.1228066373001644  0.006420846301565966   0.04857033766529378   0.04196972539126652  -0.01923267241521694   0.06000997500115657   -0.0216539553813866   0.04795319897806156   -0.1482992743602603   0.08422710636259616  -0.09899166898648472
-0.008549319251923291   -0.3894978521440634   0.06041461816997676    0.1237836698415085    -0.260979380710563   0.06930710515255563   -0.3240563801631543     0.256364673955921   -0.1482992743602603     1.255797318152934    -0.671481097711718    0.2188065584670714
 0.008073140506238315     1.748302358139026    0.0393959757710955    0.3475101613201919    0.9869182436785864   -0.1488016353781353    0.7990698423354378    -1.311165691570905   0.08422710636259616    -0.671481097711718     5.714247229052669    0.1594578825082795
 -0.05459679956983834   -0.5271212047199936    0.1039750349718553   0.07384388040541436  -0.09132970470582014   0.09700838396041279   -0.1700309536662003    0.1186637192778611  -0.09899166898648472    0.2188065584670714    0.1594578825082795     1.220834837594246

cov.inverse():
   161.4349816414019     -72.998479606345   -248.8843875719805    112.8996683998639    85.65986485508849   -38.46209622524561  -0.6223856686488731  -0.5463830030509216    2.285873310812878   0.1297272227958817    1.116787571137697  -0.4842065697219728
  -72.99847960634503    33.22840530392236    113.3375620178443   -51.38598512684523    -38.9853798492943    17.46559567286997   0.2473519681788798   0.2162883670671158   -1.039183309194126  -0.0649912804861483    -0.51560910798361   0.2418874893030206
  -248.8843875719809    113.3375620178445    391.2120843204358   -176.9806074008126   -137.8219495263203    61.67346121819597   0.8649323362984482   0.7462086739091469   -1.383472169341458  -0.5282123876762541  -0.8440083739148074   0.1217448742812205
   112.8996683998641   -51.38598512684531   -176.9806074008125     80.2427946541456    62.49800575876878   -27.97819732405693  -0.4177382075873741  -0.3459013323905396   0.3477619009037624   0.1920072643844124   0.3790889818335994  -0.1003660077337797
    85.6598648550891   -38.98537984929456   -137.8219495263209    62.49800575876908    53.94823253194343   -23.84067938172021  -0.8985370174427867  0.02451640612536156   -2.828734715838971     0.40504353612865  -0.7771780734785523   0.5578922285142418
  -38.46209622524587    17.46559567287008    61.67346121819619   -27.97819732405705    -23.8406793817202    12.26971789089005   0.4823706476920342  0.06511611782429048    1.435606424302474  -0.1645186267380229   0.3403704396196511  -0.3353473822881298
 -0.6223856686489166    0.247351968178899    0.864932336298513  -0.4177382075874036  -0.8985370174428091   0.4823706476920441    2.995828991835304   0.8166181662260992   -1.719485888531698   0.2066858320399425 -0.07220444231695219  0.09585113952475349
 -0.5463830030509434   0.2162883670671257   0.7462086739091803  -0.3459013323905547  0.02451640612535066  0.06511611782429545   0.8166181662260992   0.8695488856286739   -1.037389513210375 0.007778532894912325  0.05059757796476947 -0.03992294616555391
   2.285873310812789   -1.039183309194086   -1.383472169341318   0.3477619009036994   -2.828734715839017    1.435606424302496   -1.719485888531694   -1.037389513210373    42.97910036306944    3.873091819775341   0.5973028470175279    1.998783011049504
   0.129727222795882  -0.0649912804861484   -0.528212387676253    0.192007264384412   0.4050435361286485  -0.1645186267380223   0.2066858320399432 0.007778532894912463    3.873091819775338    1.364643317557285 0.009371628027240888   0.1507619468036976
   1.116787571137594   -0.515609107983563  -0.8440083739146439   0.3790889818335253  -0.7771780734786119   0.3403704396196776 -0.07220444231695181  0.05059757796476975   0.5973028470175293 0.009371628027240612   0.4777207266248953  -0.2395338664171093
 -0.4842065697218947   0.2418874893029851   0.1217448742810977   -0.100366007733724   0.5578922285142858  -0.3353473822881493  0.09585113952475348 -0.03992294616555409    1.998783011049505   0.1507619468036981  -0.2395338664171092    1.149549695896197

cov*(cov_.inverse()):
    0.9999999999999564  1.455779941039737e-14  -1.16456323751013e-13  4.068707176729802e-14 -2.760638939669491e-14  2.010197563961924e-14  9.809861256648844e-16 -1.431146867680866e-17 -1.249000902703301e-16 -1.457167719820518e-16 -1.647987302177967e-16 -8.326672684688674e-17
 6.555866960411549e-14       1.00000000000004 -8.452960553739786e-14  8.261447081991946e-14  2.564615186884112e-14 -3.247402347028583e-15  1.873501354054952e-16  4.718447854656915e-16  2.220446049250313e-15  1.804112415015879e-16 -7.216449660063518e-16  1.110223024625157e-16
-1.448841047135829e-14  4.608466386279986e-14      1.000000000000047 -6.845218836204481e-14 -1.704192342799615e-14  1.439126595670359e-14   2.34187669256869e-16  1.561251128379126e-16  1.665334536937735e-16 -6.591949208711867e-17 -1.491862189340054e-16 -1.387778780781446e-17
   3.2834845953289e-14  1.006590644170302e-13 -2.644169605492408e-13      1.000000000000011  1.821182094019491e-13 -6.114206363427854e-14 -8.534839501805891e-16 -8.673617379884035e-19  1.471045507628332e-15  4.111294638065033e-16  -3.95516952522712e-16  -3.05311331771918e-16
 3.151645611154663e-14 -2.189567971377926e-14 -9.004949563795606e-14 -3.870168074904257e-15      1.000000000000001  3.289035710452026e-15  1.630640067418199e-16  -2.83627288322208e-16  3.885780586188048e-16  1.196959198423997e-16  3.816391647148976e-16 -1.110223024625157e-16
-4.891920202254596e-15  1.280225925270884e-15 -4.642120021713936e-15  2.789435349370706e-15 -2.151057110211241e-15      1.000000000000001  4.510281037539698e-17 -9.107298248878237e-18  2.775557561562891e-17 -3.122502256758253e-17  5.551115123125783e-17 -4.163336342344337e-17
 1.915134717478395e-15 -1.755540157688529e-15 -1.892236367595501e-14  1.249000902703301e-16 -7.494005416219807e-16 -7.702172233337023e-16     0.9999999999999997 -1.058181320345852e-16 -8.326672684688674e-16 -5.204170427930421e-17  1.734723475976807e-16 -1.942890293094024e-16
-4.216071936014032e-14  2.725944470149955e-14  5.890600507374444e-14 -6.106226635438361e-15 -1.681987882307112e-14  3.344546861683284e-15  -6.83481049534862e-16     0.9999999999999999  8.604228440844963e-16 -5.204170427930421e-17 -2.081668171172169e-16 -2.775557561562891e-17
 1.047772979489991e-15  5.377642775528102e-16 -3.105155021998485e-15  1.101549407245273e-15  7.702172233337023e-16 -4.579669976578771e-16 -3.816391647148976e-17 -1.734723475976807e-18     0.9999999999999998   9.71445146547012e-17 -6.938893903907228e-18 -5.551115123125783e-17
 1.693090112553364e-15  2.844946500601964e-16  4.392319841173276e-15  1.366962099069724e-15 -5.551115123125783e-16  2.525757381022231e-15  2.324529457808922e-16 -1.561251128379126e-17                      0                      1  1.040834085586084e-16  1.110223024625157e-16
-2.901845430614003e-14  1.925543058334256e-14   5.68295410730002e-15 -2.824476763585437e-14 -1.330879850769406e-14  4.649058915617843e-16  3.278627369596165e-16  2.506675422786486e-16 -9.992007221626409e-16  2.012279232133096e-16     0.9999999999999994  2.220446049250313e-16
 7.438494264988549e-15 -7.216449660063518e-16 -7.216449660063518e-16 -1.110223024625157e-15  2.220446049250313e-15 -5.551115123125783e-17  5.551115123125783e-17 -4.163336342344337e-17                      0 -1.387778780781446e-16  5.551115123125783e-17     0.9999999999999998
