8
2

0.1220809982316894
0.6987052994102427
0.8887497078783507
 1.514652789610939
 1.739596238852494
 2.571966435208122
 4.258070372600303
 7.189270865607791

  -0.5016507600187248    0.3628749067106017    0.6273419692147091   -0.4574352618359179   -0.0717414989316808   0.05015159237165225  -0.05878603552247195   0.05239779656146642
  -0.1077473340844665    0.1279087251610057   -0.0723585239222596   0.01429770425398707    0.8566742912259512   -0.3141869750415774   -0.2477938925451896     0.269413399774908
   0.7752608828056985  -0.01091989711896036    0.5792647315767659  -0.09728293166953488    0.2064914864933211   0.08572360007595307   0.02683603237729517  -0.05596676833049156
   0.2134744303298219   0.06617812001477646 -0.002136156634838548  -0.01248392503149279   -0.4324602883878743   -0.2845392363138101   -0.4201847419650815    0.7108790453111378
  -0.2715469476109668   -0.4402985134424995    0.5123701008379823    0.6347658286398762  -0.03702307809401655   -0.2486107264738552  -0.05772754879516081  -0.02093383248682637
    0.119020317230063    0.3500265960984644  -0.03791947301858126   0.01782575216613648   -0.1699409644340805   -0.6461501261946432   -0.2655213737664082   -0.5870846492073714
 -0.04715534293257843   -0.5859614755505791  -0.04046497570291478   -0.4030013243289566   0.02811947094441128    0.1419304766786166   -0.6405489924141977   -0.2431873035228447
 0.003008507860298651     0.433278343147122  0.007462193937534082    0.4639754925033314   0.01613495293671812    0.5576725838476836   -0.5231920463188385   -0.1092836650426473

22.67578485797999
31.44910272603085
 35.5716251170689
48.93246758599732
68.07819168520291
93.11593876352894
96.54725071897755
131.9997075883415

  1.35563682862469
0.7397635958947709

   0.09132831112801375   -0.06740986065952612   -0.08780779698816957     0.0647396238471501  -0.001727400449504829   0.001429418446829842  -0.001581474844288561   0.001337211094810099
   -0.0448629357993582    0.03316882916851213    0.04208277402102784   -0.03102330802520432   0.001045182108086755 -0.0006768086161154148   0.001724021838409084  -0.001498184601641733

-0.002304380953361423 -0.006034116143751629   0.01107873583303181   0.03755557041702523  0.002290330769291666   -0.0611019679046803     0.244735777106157   0.09822566641524105
 0.001115462705336316  0.002863242174998498 -0.005892204411000956  -0.02095382634531134 -0.001485765977570028   0.03177255011755664   -0.1328510939216166   -0.0487137445022912

cov:
  0.9463421986475946    1.222042122475042 -0.06235165087269244  -0.1538998386723269  -0.2547816139759442  -0.4097692477629279   0.1288128580801451  0.04522196790184711
   1.222042122475042    17.34551714442705  -0.1799261866705637    13.86479506682615  -0.2959043814480579    9.752624924981065   -5.528895537548994   -1.069607670021229
-0.06235165087269244  -0.1799261866705637     1.10999715155536    1.405143597906893  0.03648110736303176 -0.06025898402215251   0.2678031093600127   0.2129576730771065
 -0.1538998386723269    13.86479506682615    1.405143597906893    15.30370522568176  0.09329411373159401    11.78167038072779    -7.99973490197007  -0.9677508695258499
 -0.2547816139759442  -0.2959043814480579  0.03648110736303176  0.09329411373159401    1.044075299704801    1.456492598255291  -0.1402441122800905  -0.1546007400059851
 -0.4097692477629279    9.752624924981065 -0.06025898402215251    11.78167038072779    1.456492598255291    19.62804781394454   -15.23625491785091   -1.759767035027798
  0.1288128580801451   -5.528895537548994   0.2678031093600127    -7.99973490197007  -0.1402441122800905   -15.23625491785091    22.49926804619663    6.095281522120358
 0.04522196790184711   -1.069607670021229   0.2129576730771065  -0.9677508695258499  -0.1546007400059851   -1.759767035027798    6.095281522120358    5.168174396885907

cov.inverse():
   17.71641477837971   -12.19955689111661   -20.57813852569704     15.2415964232851    2.388317321627476   -1.550718087842123     2.02266720020805   -1.819977870050823
  -12.19955689111664    8.975952324086132    15.17222226029526   -11.20733760487716   -1.542006305809966    1.131441400497158   -1.498064863644315    1.346566131896439
  -20.57813852569699    15.17222226029526    26.92919967397542   -19.21986163718968   -3.000297093991696    2.182097395224996   -2.424569544207554    2.124282139104941
   15.24159642328507   -11.20733760487716   -19.21986163718968    14.19865706708789    2.195239149156103   -1.609530945999236    1.792736173809642   -1.598857634514369
   2.388317321627489   -1.542006305809976   -3.000297093991712    2.195239149156116    1.988999826012567  -0.6966651435217323 -0.05926073583089307  0.08683492980317294
  -1.550718087842125    1.131441400497163    2.182097395225003   -1.609530945999241  -0.6966651435217316    0.506226506417799  0.03670351871117043 -0.03532716319910528
   2.022667200208042   -1.498064863644313   -2.424569544207551    1.792736173809639 -0.05926073583089501  0.03670351871117125   0.4752033877512402  -0.4418636726858232
  -1.819977870050817    1.346566131896438    2.124282139104939   -1.598857634514366  0.08683492980317505 -0.03532716319910603  -0.4418636726858233   0.6128785137030577

cov*(cov_.inverse()):
    0.9999999999999989  3.066991105526995e-14 -4.954370247389761e-14  2.403632848313464e-14  1.133641791550843e-15 -3.802080178472167e-15  4.437422651548673e-15 -3.008010507343784e-15
-4.662936703425657e-15      1.000000000000006 -1.243449787580175e-14  -1.77635683940025e-14  1.915134717478395e-15 -5.689893001203927e-16  -3.33066907387547e-16  -3.33066907387547e-16
 4.218847493575595e-15 -2.275957200481571e-15      1.000000000000001  4.884981308350689e-15   7.28583859910259e-16  -4.77048955893622e-16   3.33066907387547e-16 -8.049116928532385e-16
 6.217248937900877e-15                      0  2.442490654175344e-14     0.9999999999999398 -7.632783294297951e-16  4.773959005888173e-15 -2.886579864025407e-15 -2.331468351712829e-15
 6.050715484207103e-15 -1.249000902703301e-14  4.940492459581947e-15 -7.494005416219807e-16                      1  3.261280134836397e-16 -3.747002708109903e-16 -1.804112415015879e-16
 2.353672812205332e-14 -2.176037128265307e-14  1.243449787580175e-14 -9.325873406851315e-15  1.637578961322106e-15      1.000000000000004 -9.992007221626409e-16 -2.220446049250313e-15
-1.243449787580175e-14 -3.552713678800501e-15  -1.06581410364015e-14  2.486899575160351e-14 -6.661338147750939e-16 -4.690692279041286e-15      1.000000000000004 -2.220446049250313e-15
 -1.77635683940025e-15  4.440892098500626e-15  3.552713678800501e-15   1.77635683940025e-15  2.775557561562891e-16 -5.273559366969494e-16                      0      1.000000000000001
