10
2

0.1654118178826096
0.7273296184026512
0.8154104284846672
0.8969027088261379
 1.275415474594362
 1.811928904037194
 2.245623396122287
 2.514203864115518
 3.281273189840348
 7.390030190818112

  -0.5133724033027506      0.24713453374043    0.7301349946265505   -0.3498239092497318  -0.05100032281579905   0.02980134748595595  -0.07988993676715149   0.02145132082668292  -0.09101630764658082    0.0358292790912732
  -0.5893640505176631    0.1127890553147413   -0.3832846927950581   0.06758153017559922    0.2809719480647646   0.01406225975115862    0.3781107799304147   -0.4106116999423014   -0.1867358153905281    0.2507413976180792
  -0.3342036155410814   0.08606075600120877   -0.2465945890436156   0.01670214134688379   0.09216812272918834   -0.7346100388795868   -0.2521142255845173    0.4258135094115134    0.0437408305888936   -0.1577173956622477
   0.4171657625700709 -0.008114529832795328     0.330171608471777  -0.01484915747874776     0.152812798256434   -0.6356348122424883    0.2910988472718637    -0.344804382855527   -0.2272315869522759    0.1844639020310232
  -0.1497400103851331  -0.03194175551144126  -0.07528121377675573  -0.05429925025655299    -0.761182096308876   -0.2186754919354514    0.2193124270057459   -0.3460879646425853    0.3655527262845038   -0.1980434641702796
  0.03269048397160012   -0.0264254003479644   -0.1237042268014222   -0.1270463123525415   -0.4618641955626674  0.008521081352009699    0.2533405482601729    0.4757041466220688   -0.3891510962718375    0.5581074637176161
-0.006912265767500882  -0.09630545258071611  -0.04786345527722294  -0.07488892905218024  -0.01123798494960068  -0.07706027963655118   -0.5587686425568508   -0.2558643143101186    0.3619082644875072    0.6841396817825753
    0.202274204768996    0.2859284120493955   -0.3537687753092724   -0.7302632404442418  -0.03074446713234831   0.01625801296207912   -0.2341154337004821   -0.2161077728594028   -0.2894369902193467   -0.1799928337491674
  -0.1968472846462449   -0.7991458094632872   0.03786638430076017  -0.03955651909643607  -0.08943386056234837  -0.03173579539800133   -0.2515164287363461   -0.1654081921643618   -0.4429746048822741   -0.1541625110946996
  0.01331300586512038     0.432837674643625   0.01806750766166914    0.5594728465175249   -0.2912393662453658   0.01136920349888684   -0.3997216460499406   -0.2124390835626903    -0.455250565532383  -0.04502829396970947

35.56268200606289
 72.3902775498986
50.50292435662801
102.9309667966535
65.43906959727863
133.3429425325635
75.97324367589297
155.5354738487378
90.24670479471703
184.6756742214426

 2.043971351867917
0.4904795662785285

    0.1250623083094428   -0.06133131755623595    -0.1207966237963719    0.05909529355371744  -0.001072619437971405  0.0005638440893679622  -0.001987480059550298  0.0007388878298798442  -0.002009105979638269  0.0006522029129838344
  -0.02969983818081347    0.01453433289362509    0.02831946018473917   -0.01385741618376726  0.0003456571754381522 -0.0001228970882514178  0.0005093143337542863 -9.251428255824143e-05  0.0004945023266586825  0.0002191050629068263

-0.005137835549995425  -0.01647390643328163   -0.0107631695081913  0.008952924087597963  -0.01910533487240147   0.04805881192494064   0.03533715541703179   0.05152647276826459    0.2016386019623648    0.4281469181887523
 0.001211071394156489  0.004042133664936591  0.002595194206037356 -0.002182022999567909  0.004308085328689927  -0.01064871109450205 -0.007254664349698816  -0.01292782334176355  -0.04889024922407236   -0.1019374962877901

cov:
    1.130952653436921     2.321824092631562   -0.2378854620478078   -0.4657739948887474   0.01863490529899111   0.09830737585009514  -0.02670724954489217  -0.01854562747196664   0.06787180084969516     0.166413963420586
    2.321824092631562     17.68848451020076   -0.5344405030125693     12.29842015871609    -6.064709651777997    0.5823975066526574    -7.464125811713711    -3.885869328853889     -7.64183328440518   -0.4286801352353617
  -0.2378854620478078   -0.5344405030125693     1.115819593698698     2.217912250239371 -0.004089107081419877  -0.04679489756879934   0.07210031886231345   0.03944631213183967     0.011900730289155  -0.04758598781582717
  -0.4657739948887474     12.29842015871609     2.217912250239371      20.5743182237865    -8.444731469114382    0.3303591387429363    -10.93137210454809    -5.500139455632076    -12.39433864788196   -0.9482693988236995
  0.01863490529899111    -6.064709651777997 -0.004089107081419877    -8.444731469114382     6.434093446526527  -0.01232782262174726     6.097997851662511     3.224529796759477     7.787768830014802     0.310011030156873
  0.09830737585009514    0.5823975066526574  -0.04679489756879934    0.3303591387429363  -0.01232782262174726    0.8115016238977756  -0.06305086743477488    0.1035388246386597   -0.3492467493535264    -0.188968826207081
 -0.02670724954489217    -7.464125811713711   0.07210031886231345    -10.93137210454809     6.097997851662511  -0.06305086743477488     11.80309726069205     6.164111865345877     10.25522390574796    0.2523118196056602
 -0.01854562747196664    -3.885869328853889   0.03944631213183967    -5.500139455632076     3.224529796759477    0.1035388246386597     6.164111865345877     4.627798456688391     5.301424228273392    0.9929824167562269
  0.06787180084969516     -7.64183328440518     0.011900730289155    -12.39433864788196     7.787768830014802   -0.3492467493535264     10.25522390574796     5.301424228273392     15.39742980080984     2.538693748810629
    0.166413963420586   -0.4286801352353617  -0.04758598781582717   -0.9482693988236995     0.310011030156873    -0.188968826207081    0.2523118196056602    0.9929824167562269     2.538693748810629      4.09531897077836

cov.inverse():
   10.69746283209317   -4.783403355948077   -12.98349377711395    6.453643219486529   0.7428680728414134  -0.5137858672113738    1.335506623105841  -0.3048678409469366    1.736649636958132  -0.7567765283869602
   -4.78340335594808    2.345830735860054    6.462579347606297   -3.165151433019927  -0.3685404441839052   0.1923795678205318  -0.6673095205024153   0.1734747057634236  -0.8487287969956747   0.3440827724990625
  -12.98349377711395    6.462579347606296    20.01699394233187   -9.347441299136165   -1.481943415306161      0.8061394205882   -2.195155521720213   0.5824518213562057     -2.3941767375277   0.8998040862866356
   6.453643219486531   -3.165151433019928   -9.347441299136163    4.580069471816718   0.7317967247077988  -0.3794787036832774    1.073076598137929   -0.289318797759135    1.173006384707947  -0.4376756767579881
  0.7428680728414085  -0.3685404441839028   -1.481943415306154   0.7317967247077953   0.7097300182616755   -0.169236619155689   0.2384292571021202  -0.1653934980510327 -0.07623158159991048  0.09459812285997997
 -0.5137858672113724    0.192379567820531   0.8061394205881978  -0.3794787036832761  -0.1692366191556891    1.377458345846624 -0.04866077634278078  -0.1340030369905224 -0.02808999984560564  0.09178711200484847
   1.335506623105838  -0.6673095205024138   -2.195155521720209    1.073076598137927   0.2384292571021209 -0.04866077634278099   0.8329611406105483  -0.6105325932600439  0.03702370210888613   0.1523146435582909
 -0.3048678409469356   0.1734747057634227   0.5824518213562029  -0.2893187977591339   -0.165393498051033  -0.1340030369905224  -0.6105325932600441   0.9223230818261161  0.06494477001141576  -0.2496180837710577
   1.736649636958137  -0.8487287969956776   -2.394176737527709    1.173006384707951 -0.07623158159990888 -0.02808999984560624  0.03702370210888812  0.06494477001141474   0.6252664312047361  -0.3167775588261239
  -0.756776528386964   0.3440827724990641     0.89980408628664  -0.4376756767579904  0.09459812285997933  0.09178711200484872   0.1523146435582901  -0.2496180837710573  -0.3167775588261241   0.4646471966697516

cov*(cov_.inverse()):
    0.9999999999999954  3.524958103184872e-15  5.662137425588298e-15  1.013078509970455e-15 -1.179611963664229e-16  9.367506770274758e-17 -2.810252031082427e-16  7.840950111415168e-16  1.269817584415023e-15  4.718447854656915e-16
 -2.05391259555654e-15      1.000000000000004  1.598721155460225e-14 -1.942890293094024e-16 -1.269817584415023e-15  4.649058915617843e-16 -5.689893001203927e-16 -4.302114220422482e-16  7.494005416219807e-16  5.551115123125783e-17
-6.730727086790012e-16  1.533495552763497e-15                      1 -8.253814298697648e-15  2.029626466892864e-16  -4.77048955893622e-17 -9.913944665207453e-16  1.509209424099822e-16 -2.151057110211241e-16  3.469446951953614e-16
-4.551914400963142e-15 -7.216449660063518e-16 -1.110223024625157e-14     0.9999999999999858  6.661338147750939e-16 -1.304512053934559e-15  5.273559366969494e-16  -2.05391259555654e-15 -6.106226635438361e-16  1.221245327087672e-15
 1.942890293094024e-15 -3.261280134836397e-15 -8.715250743307479e-15  4.801714581503802e-15      1.000000000000001  2.393918396847994e-16  6.869504964868156e-16  8.049116928532385e-16  1.346145417358002e-15 -4.440892098500626e-16
 1.942890293094024e-16  8.326672684688674e-17 -4.440892098500626e-16   7.91033905045424e-16 -2.775557561562891e-17                      1   4.85722573273506e-17                      0  2.151057110211241e-16 -5.551115123125783e-17
-1.149080830487037e-14    4.6074255521944e-15 -5.689893001203927e-15  7.022160630754115e-15  1.432881591156843e-15 -3.747002708109903e-16                      1  2.636779683484747e-16  2.733924198139448e-15 -1.457167719820518e-15
-6.439293542825908e-15  1.998401444325282e-15 -5.218048215738236e-15  1.110223024625157e-16  8.326672684688674e-17  4.302114220422482e-16  2.775557561562891e-17     0.9999999999999998  5.551115123125783e-16 -4.440892098500626e-16
-3.774758283725532e-15 -4.440892098500626e-16 -1.643130076445232e-14  1.265654248072678e-14  3.608224830031759e-16  5.273559366969494e-16  2.886579864025407e-15  7.771561172376096e-16      1.000000000000002  -1.77635683940025e-15
 8.881784197001252e-16 -2.220446049250313e-16 -4.440892098500626e-16  1.332267629550188e-15  3.885780586188048e-16 -5.551115123125783e-17  4.440892098500626e-16 -2.220446049250313e-16  4.440892098500626e-16                      1
