10
2

0.03046616520418972
0.04091991407303213
 0.3514740417708722
 0.5842470323304918
   0.80727126421881
  1.000587108403679
  1.194126898636594
  2.396494159486537
  3.444397412100042
  4.693977151290814

  -0.4530598428543351     0.141430669220627    0.7922911016782787    -0.248566654430121   -0.2668948207923654   0.08343497899712858  -0.07901204744137064   0.02796469239220445  0.001601105995042332 -0.001356766572015487
   0.2261286473566304  -0.07025860346694754  -0.05825474947070233   0.01900833953614746   -0.7286163209134714    0.2266291692348047    0.5718605703024116   -0.1757679422375196  -0.00320681761706809  0.001715273137979634
 -0.03954498593453109   0.02763141183415196   0.02787552108585821 -0.005415972223694968    0.1149551657163436 -0.003383054687717325    0.1527480304834017   -0.0418607233525821   -0.9263426043218519    -0.316931041387097
   0.6514264157212535   -0.1245157333785006    0.2324082012939145  -0.03561450331742293   -0.2715038561476561 -0.000579883834222026   -0.5800204791215785   0.04263118884579752  -0.05288027232618172   -0.3001754725725024
   -0.507791967308972   0.01425597356491973   -0.4424280401044411   0.04988192923266998   -0.4266622236765426   -0.1122028467819597   -0.4329667291755963   -0.2941436027236079 -0.008424882844724247   -0.2739188738181393
  0.09098830371842517   -0.0260867350791468    0.1411885930732394  -0.03237117902801039    0.3041100027955266    0.3311535534947794  -0.03492513192245532   -0.8717628983712026   0.07828226607972516  -0.02438237072636949
  -0.1049902178314348    0.0387234127020395   -0.1496172483257573    -0.125804370126795    0.1371614469748445    0.7448848890667485   0.01785333136350876    0.3274719577043705    0.1714528453036693   -0.4885141018910278
  0.04604653579663862  0.007540417021777577   -0.2513232085631662   -0.6058352095385375  -0.08946216969962018    0.3002568087367058   -0.2467919395783953   0.03948401694381111   -0.2597899410687839    0.5826744450013719
  -0.1499278218302483   -0.4320142363507484    0.1104668373963652    0.6462986378576855  -0.06096463823754091    0.3819016010798456   -0.2052091106150236   0.09729035531718226   -0.1768143920436958      0.35857419705933
   0.1262113231468015    0.8773351811848742  -0.02573304981878231     0.363942997844279  -0.07680755908679403      0.16898936572794   -0.1223157066842761  0.000757710176356319  -0.06878151122742586    0.1645830393961148

22.72664440074461
71.08681434890548
34.95211596103242
110.2467326555841
49.02872201090364
 155.295599505837
57.84040436840424
183.4572547974157
68.69003515428246
220.0387388017974

 3.202710010842047
0.3126794137944317

   0.08977197002940472   -0.02789706965906711    0.02103258383850102  -0.006648317420448337    -0.0470578635333608    0.01494400554133123   -0.06450033290143284    0.02127984000644525  2.203433161009142e-05 -0.0003731730361743878
 -0.006203004094463894    0.00194224187114057  -0.005446738283770354    0.00171404936237533   0.003303041096737337  -0.001083788658724205   0.008267800728563084  -0.002537057874686624  1.244704950723592e-05 -1.341822919295544e-05

-6.314285820835333e-06  3.006632586578935e-05  -0.002446454503846457    0.04037275551671006   -0.01006853990399212   -0.01358469490263282  -0.003045486283615249     0.1602192889945017     0.2415947110728963   -0.04678380070626477
-3.111830624527971e-06  2.230981914216816e-06  0.0002326188016787807  -0.003893374364457602   0.001013557347879442   0.001131604714536317  0.0004234892581435626   -0.01558174871217927   -0.02335653007381045   0.005111074171318325

cov:
  0.9672013797751414    3.169381450627988  -0.1016569316218277  -0.3061283890223401 -0.04154777308800035  -0.1742381226380453 -0.03244497414699126  -0.1819989824367722  0.03154534999572404  0.07033119820371864
   3.169381450627988      19.182420921899   -1.100235376572523    3.692343110717273   -1.168501974765054    1.353737490261613   -1.300392523379361  -0.4461043073925068  -0.4281766218524945    1.351708995549215
 -0.1016569316218277   -1.100235376572523    0.720685185627374    1.519978028568134   0.2082537728339622  -0.1084724747989566   0.2271175529268859 -0.03492307523856013   0.1517837069333745  -0.3095642756279276
 -0.3061283890223401    3.692343110717273    1.519978028568134     10.0076790802086  -0.8171577429079567    3.090653655041284   -1.704767421932523   0.5741224580868387   -1.035682117783618    2.125192553025453
-0.04154777308800035   -1.168501974765054   0.2082537728339622  -0.8171577429079567   0.4858448541479228  -0.4390587341199846   0.6507130466670656  -0.2158630937999405   0.4292261918314288  -0.8407437436299203
 -0.1742381226380453    1.353737490261613  -0.1084724747989566    3.090653655041284  -0.4390587341199846    3.786598507870541   -1.771470727263316   0.5919689156246766    -1.29613112753304    2.735489249620544
-0.03244497414699126   -1.300392523379361   0.2271175529268859   -1.704767421932523   0.6507130466670656   -1.771470727263316    1.421150918819334  -0.1824528163850974   0.9810466947689243   -2.023241888413933
 -0.1819989824367722  -0.4461043073925068 -0.03492307523856013   0.5741224580868387  -0.2158630937999405   0.5919689156246766  -0.1824528163850974     1.09231407963169  -0.2467718309350744   0.3917022486745693
 0.03154534999572404  -0.4281766218524945   0.1517837069333745   -1.035682117783618   0.4292261918314288    -1.29613112753304   0.9810466947689243  -0.2467718309350744    1.017813144830562    -1.94912283956293
 0.07033119820371864    1.351708995549215  -0.3095642756279276    2.125192553025453  -0.8407437436299203    2.735489249620544   -2.023241888413933   0.3917022486745693    -1.94912283956293    4.505052941964907

cov.inverse():
   253.3527869417287   -78.77458379254323   -393.7947556452888    123.7858124092011    31.67165601398827   -10.05878189439681    114.9720199608621   -37.16721092114237   -1.018161489709517   0.6707656847091513
  -78.77458379254344    24.60254931708813     123.066768654186   -38.67196619636155   -9.984939260134951    3.205812576399542   -35.79432668993527    11.63299354461135    0.196402854806002  -0.2644597811087775
  -393.7947556452943    123.0667686541875    678.8308401449485   -212.8538567159552   -202.3070109143562    63.36845654030176   -87.40351880729321    30.04659853697111    1.241792817508016   -1.282260628789183
   123.7858124092029   -38.67196619636199    -212.853856715955    66.90647427998475    63.17613688024402   -19.86389187969534    27.68413056872064    -9.50890081667472  -0.4207131131754113   0.4117338172527596
    31.6716560140008   -9.984939260138761   -202.3070109143748    63.17613688024992    394.5042966781855   -122.3709792280229   -225.2368347462122    68.32795545668282   0.1660570457439364  -0.2989713797691427
   -10.0587818944013    3.205812576400908    63.36845654030856   -19.86389187969752   -122.3709792280235     38.7207575324349    70.34547390285945   -21.33615098244416  -0.1675425272506232 -0.05344186119880757
   114.9720199608537   -35.79432668993265   -87.40351880727761    27.68413056871574   -225.2368347462194    70.34547390286167    203.5081776352904   -62.30704946457303   -2.267435455956425   0.9640512347062584
   -37.1672109211401    11.63299354461065    30.04659853696687   -9.508900816673385    68.32795545668493   -21.33615098244481   -62.30704946457314    20.28072998068639   0.6639337019146633  -0.1113966347849603
  -1.018161489709549   0.1964028548060122    1.241792817507869  -0.4207131131753654   0.1660570457444437  -0.1675425272507813   -2.267435455956759   0.6639337019147646    7.004893618815774    2.328124850912413
  0.6707656847092001   -0.264459781108793   -1.282260628789382   0.4117338172528218  -0.2989713797688274 -0.05344186119890641    0.964051234706089  -0.1113966347849093    2.328124850912415    1.435081243671428

cov*(cov_.inverse()):
     1.000000000000046  2.415428967950106e-14    1.0172418463128e-14 -5.399847236020605e-14 -1.772193503057906e-14   2.51985932120391e-14 -1.930400284066991e-14 -1.203898092327904e-15 -2.220446049250313e-16   3.33066907387547e-16
 1.486588629973085e-13     0.9999999999999704 -1.461053500406706e-13  5.340172748447003e-14 -3.108624468950438e-14 -4.399258735077183e-15  9.170442183403793e-14  -1.88182802673964e-14 -8.881784197001252e-16                      0
 3.222422328974517e-14 -1.083855227790309e-14     0.9999999999999265  2.337019466835955e-14 -7.799316747991725e-15  2.042810365310288e-14 -3.996802888650564e-15 -1.012384620580065e-14  -3.33066907387547e-16  7.216449660063518e-16
-2.615685446016869e-13 -1.887379141862766e-15  1.101341240428155e-13      1.000000000000096 -5.961897642237091e-14 -1.124100812432971e-15  8.881784197001252e-15 -1.554312234475219e-15   1.77635683940025e-15                      0
 3.541611448554249e-14 -3.774758283725532e-15 -6.616929226765933e-14 -1.110223024625157e-16      1.000000000000043  2.416816746730888e-14 -1.676436767183986e-14  1.998401444325282e-15                      0  2.220446049250313e-16
-4.263256414560601e-14 -1.088018564132653e-14  5.329070518200751e-14  3.352873534367973e-14  2.176037128265307e-14     0.9999999999999526 -8.881784197001252e-15  5.606626274357041e-15  -1.77635683940025e-15                      0
 4.440892098500626e-15  1.254552017826427e-14  2.930988785010413e-14 -1.942890293094024e-14 -1.210143096841421e-14  1.769417945496343e-14     0.9999999999999751  6.217248937900877e-15                      0  8.881784197001252e-16
 1.859623566247137e-14  3.039235529911366e-15  3.208544541166702e-14  7.216449660063518e-15   2.93792767891432e-14 -1.786071290865721e-14   1.17128529097954e-14     0.9999999999999978  -3.33066907387547e-16 -4.440892098500626e-16
-2.708944180085382e-14 -1.054711873393899e-14 -6.972200594645983e-14 -1.665334536937735e-15  4.285460875053104e-14  2.886579864025407e-15 -2.864375403532904e-14  1.187938636348917e-14      1.000000000000001  4.440892098500626e-16
 6.261657858885883e-14 -2.220446049250313e-15 -5.684341886080801e-14  2.331468351712829e-14  1.556532680524469e-13 -8.024136910478319e-14  6.217248937900877e-15  6.106226635438361e-15                      0                      1
