8
2

0.2088733379684585
0.6823243876687055
0.8823701909655505
 1.353025714458132
 2.079145424415319
 2.594983583907871
 3.406217616020121
 8.442291872700183

  -0.4866559825712588    0.2025636899000786     0.762503956831396   -0.3003119786988549   -0.1729436360009868   0.06601962719227231   -0.1176829210825936   0.04916274103149664
   0.3688295466935027  -0.05676500369754083    0.1268127688333575   -0.0380175530323178   -0.6192905997275102    0.4695126911105781    0.3117804640156664   -0.3768893941155082
   -0.723425777814282   0.09289737107606086   -0.4442199587160917  -0.03705621442354094  -0.05948860725693743   0.09130072680529505    0.3550280865022413   -0.3624927976909892
   0.2483718240212241    0.1320292766833115    -0.124308903331328   -0.8150191782943421    0.1031544047537256   -0.3406974933539575 -0.009447353882667712   -0.3381802433653989
 -0.02035416083659523   -0.1210595244059278    0.1064535060174445    0.1881652292262243   -0.4533521700547261   -0.7774195104027065     0.349036946910347   0.08034750585721434
   0.1394397280444379    0.3473169197381356    0.3276327618515226    0.4152624406219975    0.4133841902930587   -0.1543528516842753    0.1373123127889214   -0.6054547344153431
  -0.1461137282628503   -0.5642656237483248   0.01200062365103141    0.1040852744995113    -0.145107159800255   -0.1226337607149129   -0.6136455979384894   -0.4864373320086838
  0.02983873208265483    0.6899303509087414   -0.2662753682905017    0.1550972747913104    -0.418233379274729  -0.08685447469023698   -0.4955472694119015  -0.01086595701442225

35.49549150754129
85.26824349268085
54.95448135586786
130.8857668972346
77.95253003046913
186.6149719132684
92.57566461254054
220.3142986363606

 2.358601389243551
0.4254761227989144

    0.1117488292461016   -0.04816423389645891    -0.1153251663324706    0.04820389860743642  -0.004934308919478772   0.007164548160336525  -0.005148172410776808   0.005665819906645762
  -0.02022595285013547   0.008706054471508616    0.02065173137412304  -0.008589912199890894  0.0005433227994915048 -0.0008646786417555665  0.0007298773807007128 -0.0006804715869613633

-0.007169876842318434   0.01404714225370941  -0.03021403253251231  -0.01532709344650976  -0.01869558485895545   -0.1764022860539847    0.1708232619079738    0.8709501802044888
 0.001294134853116642 -0.002452179080034821  0.005434211081759148  0.002075097972299351  0.002446036196502083    0.0287731625179514  -0.03124699374966768   -0.1378900908816722

cov:
   1.037941956804985    2.754268593358141 -0.08908366404400582   0.1768958303250471  -0.2376635466920897  -0.1804612546942618 -0.06358467355468457   0.2105930495920426
   2.754268593358141    38.53759950768024   -12.52032859620885    7.616588454035389   -18.37622460299639   -3.509761099801413   -20.19749224571808    1.094637400064476
-0.08908366404400582   -12.52032859620885     6.04167005835353   -1.740130561700192    8.575244442751472    1.008828568072156    9.676502508701025  -0.9786148966823763
  0.1768958303250471    7.616588454035389   -1.740130561700192    4.376155103276527   -4.150205284693388   -1.675658507105902   -5.551145376384229   -1.814196821942412
 -0.2376635466920897   -18.37622460299639    8.575244442751472   -4.150205284693388    14.95248946586968    3.684917562792246    15.39558950125567  -0.6387956577243222
 -0.1804612546942618   -3.509761099801413    1.008828568072156   -1.675658507105902    3.684917562792246    3.807031859254111    2.723935414042952    1.221590064678512
-0.06358467355468457   -20.19749224571808    9.676502508701025   -5.551145376384229    15.39558950125567    2.723935414042952    22.66887382608592    3.259151636002606
  0.2105930495920426    1.094637400064476  -0.9786148966823763   -1.814196821942412  -0.6387956577243222    1.221590064678512    3.259151636002606    5.628084610049962

cov.inverse():
   6.431385338828787   -2.357745164953673   -8.003095273717076    3.250080696756775    1.520130625119158  -0.4935544037470094    1.237269098242256  -0.5628317667970166
  -2.357745164953669    1.023448798682145    3.473606531471821   -1.440316319877614  -0.6900963315151455   0.2545369068593783  -0.5203782971396819   0.1966471326937213
   -8.00309527371707    3.473606531471819    13.64256732825662   -5.158167976655621   -3.153986676893889    1.226322787608275   -2.157292318967699   0.9584202656543126
   3.250080696756776   -1.440316319877614   -5.158167976655625    2.469969696951031    1.201474333437237  -0.3900970490574158   0.7889914254492248  -0.1780493078464278
   1.520130625119168  -0.6900963315151503   -3.153986676893911    1.201474333437244    1.596877097763796  -0.8383192198082156 0.006522400763807963   0.2756447498053272
 -0.4935544037470179   0.2545369068593815    1.226322787608289  -0.3900970490574203  -0.8383192198082162   0.7922584448873082   0.1209037087842683  -0.2806771613329067
   1.237269098242243  -0.5203782971396765   -2.157292318967679   0.7889914254492171 0.006522400763799825   0.1209037087842724   0.7550557792327179   -0.528612691887952
  -0.562831766797006   0.1966471326937169   0.9584202656542953  -0.1780493078464211    0.275644749805333  -0.2806771613329094  -0.5286126918879506   0.6680711634475954

cov*(cov_.inverse()):
     1.000000000000012 -4.649058915617843e-15 -3.747002708109903e-15 -6.869504964868156e-16  9.089951014118469e-16  8.743006318923108e-16  1.165734175856414e-15 -4.996003610813204e-16
 1.354472090042691e-14     0.9999999999999986  3.108624468950438e-15 -3.524958103184872e-15 -2.220446049250313e-16 -6.661338147750939e-16  9.992007221626409e-16  4.440892098500626e-16
 5.995204332975845e-15 -5.218048215738236e-15      1.000000000000007  2.664535259100376e-15  5.329070518200751e-15  1.221245327087672e-15  1.110223024625157e-16  -3.33066907387547e-16
-2.220446049250313e-16  5.551115123125783e-16  8.881784197001252e-16     0.9999999999999996 -1.554312234475219e-15 -6.661338147750939e-16  -3.33066907387547e-16 -6.661338147750939e-16
                     0 -4.524158825347513e-15 -6.661338147750939e-15  3.538835890992686e-15                      1  8.049116928532385e-16 -1.831867990631508e-15  9.992007221626409e-16
-1.998401444325282e-15  8.326672684688674e-17  8.881784197001252e-16  4.718447854656915e-16  8.326672684688674e-16     0.9999999999999996 -2.220446049250313e-16  1.110223024625157e-16
-1.088018564132653e-14 -5.551115123125783e-15  2.087219286295294e-14 -2.220446049250313e-15  2.220446049250313e-15  1.998401444325282e-15     0.9999999999999953 -4.440892098500626e-16
 2.220446049250313e-15 -2.220446049250313e-16                      0 -6.661338147750939e-16  4.440892098500626e-16  4.440892098500626e-16                      0                      1
