8
2

0.1931804316472765
0.7893791854332236
0.9660226696872415
 1.763712102433763
 2.244810907468979
 2.535678521627111
 3.262119169245613
 8.230543136925212

 -0.5187124183034176   0.2867927160562371   0.6790796727136109  -0.3874283134728381 -0.08061875849699372  0.04517042993633458  -0.1327647797208997   0.1061660324449642
 -0.6406030169872216   0.1053712783840428  -0.4924123299499856   0.0646778385193733   0.3971767134786007  -0.3143590823413693  -0.1332203896970204   0.2399018470647405
  0.4599559807797411 -0.02589581149940331   0.3406063698942491  0.02329567632041406   0.4909174100329424  -0.4286149622788145   -0.317483361041735   0.3817173575342004
  0.1297401949164389   0.1214645570221914  -0.2410213368996512  -0.2100313914729797   0.1561674827113849    0.706045924228329  -0.5430315390716495   0.2200840538592153
 -0.2483073661745347  -0.2937529257048994   0.3461733058137486   0.6325362932849109   0.4018184461956574   0.3574959376544427 -0.02618235971470017  -0.2053475723252937
 0.09372082089020718   0.3658085522906133 -0.04600820672084618  -0.1541515317288195   0.3104010334147433  -0.1479758759297803  -0.2462841821676118  -0.8078486870662146
 -0.1471338948926868  -0.6870327496021312 -0.01051619199643232  -0.1566614266804193   -0.283221472073422  -0.2145610456236983  -0.5632191183177059  -0.1954932358498578
0.009200864172410511   0.4462083848696508  0.01461534567416443   0.5938455569575748  -0.4820184855660716  -0.1455668884204262  -0.4363366985310552   0.0634508755359306

35.58057244828549
  62.850234959823
50.53429170696288
88.44145198746666
  75.153087051681
130.8643531094238
89.89104779694244
 155.866750139731

 1.711460461345096
0.5872895854844853

    0.1031680813544236   -0.06036531554554592    -0.0993664644932017    0.05789638728413743  -0.002287421492735068   0.001322057451594204  -0.002910081001275601   0.001818996318939592
  -0.03444145663297762    0.02012497263277109    0.03252221648414514   -0.01893273318971017  0.0008392128648035228 -0.0005954965516559842   0.001322582136923209 -0.0004512508228024049

 -0.00596769509884032  -0.01263481820610702   0.01534976090451135   0.06345473881669611  -0.03227687710568119   -0.1184647416236257    0.2119329528191385    0.6258185206734086
 0.001968153734315551  0.004474677953770721 -0.005273893128104487  -0.02175285503261398   0.01060917208537214   0.03821567830543319  -0.07344273128210496   -0.2051433329385773

cov:
    1.11881793919367    1.932099937927485  -0.2029645448951156  -0.3620230589931805 -0.05596422250250206 -0.06569906009634029   0.1945477191097151   0.2706232329561997
   1.932099937927485    19.86216414108466  -0.2263429769255861     17.7167933108399   -12.29169974236242   -3.451653365201575   -9.819624917633533    1.841888340947209
 -0.2029645448951156  -0.2263429769255861    1.090395220327212    1.889705391634652  0.07862911947394197 -0.02069864136912234  0.00193716281368384  -0.1491350574778428
 -0.3620230589931805     17.7167933108399    1.889705391634652    26.46541079954021   -18.01962949684946   -4.695956657238498    -16.1090126566441    2.897218709054889
-0.05596422250250206   -12.29169974236242  0.07862911947394197   -18.01962949684946    18.42526838930352    5.897066730241158    14.95873939279573   -3.169894359955742
-0.06569906009634029   -3.451653365201575 -0.02069864136912234   -4.695956657238498    5.897066730241158    4.493906288299523    4.736029181698358   0.5032275761027427
  0.1945477191097151   -9.819624917633533  0.00193716281368384    -16.1090126566441    14.95873939279573    4.736029181698358    17.68949475636577  0.09722429966681169
  0.2706232329561997    1.841888340947209  -0.1491350574778428    2.897218709054889   -3.169894359955742   0.5032275761027427  0.09722429966681169    5.410964200552203

cov.inverse():
   8.116192004025191   -4.072944879708173   -8.792420945884642    5.290135496985253   0.9492951100580136  -0.5033027835299226    1.808625687521404   -1.523916842857981
  -4.072944879708164    2.312503521803354    5.094549606129271   -3.006900456576344  -0.5505665591546195    0.317072308547068   -1.034211878808522   0.8334998055286779
  -8.792420945884617    5.094549606129267    12.91329934082767   -7.031442144558569   -1.588228546278797   0.8850277942492071   -2.383991583900178    1.856450656342013
   5.290135496985238   -3.006900456576342   -7.031442144558568    4.134215579317415   0.9228293810099205  -0.5096385031673848    1.400310030950559   -1.085578849779296
  0.9492951100580046  -0.5505665591546157    -1.58822854627879   0.9228293810099161   0.7514043372001266  -0.4598747988906745  0.01173470429996492  0.08479724620677716
 -0.5033027835299191   0.3170723085470663   0.8850277942492033  -0.5096385031673827  -0.4598747988906748    0.603788212492925 -0.05482069766443732  -0.1100637462473557
   1.808625687521402   -1.034211878808522   -2.383991583900178    1.400310030950559  0.01173470429996656 -0.05482069766443824   0.7458031067307992   -0.555320546347252
  -1.523916842857983   0.8334998055286786    1.856450656342016   -1.085578849779298   0.0847972462067757   -0.110063746247355  -0.5553205463472526   0.6796184372138711

cov*(cov_.inverse()):
     1.000000000000005 -5.634381849972669e-15 -1.809663530139005e-14  9.048317650695026e-15   1.76594849854439e-15 -4.718447854656915e-16  1.415534356397075e-15 -6.661338147750939e-16
 3.996802888650564e-15      1.000000000000005  1.332267629550188e-15  4.218847493575595e-15  6.661338147750939e-16  5.828670879282072e-16 -1.110223024625157e-15                      0
-4.302114220422482e-15  2.414735078559715e-15      1.000000000000006 -2.886579864025407e-15 -1.387778780781446e-17  3.122502256758253e-16   -1.1518563880486e-15   6.38378239159465e-16
-2.664535259100376e-15  1.820765760385257e-14  4.440892098500626e-14     0.9999999999999964 -4.996003610813204e-16 -4.996003610813204e-16 -4.218847493575595e-15  3.108624468950438e-15
-1.687538997430238e-14  -1.77635683940025e-15  -1.06581410364015e-14   1.77635683940025e-15     0.9999999999999978  1.554312234475219e-15 -6.661338147750939e-16   1.77635683940025e-15
-3.441691376337985e-15  8.881784197001252e-16  1.110223024625157e-15 -4.218847493575595e-15 -1.498801083243961e-15                      1 -8.881784197001252e-16  1.720845688168993e-15
-1.224020884649235e-14 -6.189493362285248e-15 -2.195466031196247e-14  5.606626274357041e-15  8.743006318923108e-16  1.403391292065237e-15     0.9999999999999999 -5.648259637780484e-15
-8.881784197001252e-15   1.77635683940025e-15  3.552713678800501e-15 -8.881784197001252e-16 -1.110223024625157e-16   3.33066907387547e-16 -1.332267629550188e-15      1.000000000000001
