10
2

0.1501351424056269
0.2718149496083886
0.5515286694705257
0.7905221506325696
0.8899532377954927
0.9831652024545572
 1.196756383957674
 1.398069395754395
 2.585144915278938
 3.693615617958913

 -0.07283648150055215   0.03872501453478576     0.126395104907371  -0.06135313517011385   0.03821601206946441   0.02493904254590732   -0.9807249608417762   -0.0864426390049611  -0.01955243161822153  -0.04119216930585577
   0.5046311390414056   -0.2116733095302363   -0.7196787089697059    0.3413661431676812   0.07554032724291251  0.001197259971326815   -0.1470059915960364  -0.08426669763282427    0.1296013270514985    -0.121891834660159
  -0.1537567643342646   0.03900255261617443  -0.03573648129594983   0.08012796947730348    0.9170369984900151    0.2855369653485721   0.02714083553111471     0.177577410148605  -0.04056346571897823    0.1036151496805062
   0.5130291089169515   -0.1096310491907055 -0.001444534780962629    -0.826872855440334   0.09780510993671769    0.1659385642701064   0.01103215120691913   0.05048487880833076   0.01194013603997291   0.03386614642210992
  -0.5151161439484406   0.07491060069255137   -0.5926741446050454   -0.3914144731666508   0.02835150722032845    -0.326349296496064  -0.01219057678745919   -0.1938165893371784  -0.02090118378495533    0.2812788961626178
   0.2196344504131333  -0.02671886668978136    0.1818451850681173    0.1476957310370892   0.05859759535879402   0.09748084595882656    0.0392518110066673   -0.6920635501746877    -0.135476295862165    0.6199858285933527
  -0.2102614854843345   0.01824585824057012  -0.03826367690305368   -0.1166131071189318   0.05094640503613254    0.3605012318591749    0.1108141585646712   -0.6203968873002308    0.0304335982655453   -0.6401089882865453
   0.2274015980135766   0.08980133317860296    0.1560602438089726 -0.008260589198658356    0.3181504107818817   -0.7297129719885104   0.03706626456125654   -0.1697329027628847   -0.3921042451090251    -0.313323452837879
 -0.03990330568812454  -0.07343378647983885   -0.1875923769016027   0.02240362231525399   -0.1764676720511391    0.3121218312723339   -0.0190015424489063    0.1442243228704192   -0.8986461042330016 -0.005913680917618462
   0.2051942125672471    0.9591868480702309    -0.139526087094035   0.01943304910250819  -0.05582968531883407    0.1201709996777633  0.002323176943472987   0.01803593929598295 -0.002405624932569591   0.01078197689399491

35.54388476983871
79.50996321922321
58.09880803885189
129.1558031168513
69.37901848636056
154.6896718370242
85.19609927303574
187.6222105786676
100.3497061195542
222.2347948778349

 2.201064932185868
0.4548817564976559

   0.09496398465205572   -0.04302752767824591   -0.09276694822891786    0.04199752924473638  -5.55497577045694e-05  0.0003787008366263803  0.0006900796620778831  3.457605821440858e-05 -0.0008459055166828208  0.0001740167973574236
  -0.01978492954255458   0.008969698514426713    0.01948179934041425  -0.008784171245114684  7.364878607893672e-05 -7.073554101049838e-05   0.001055952334111937 -2.859572719102304e-05  7.311157520253123e-05  -0.000124722835368315

-0.0005307879849935509    0.01018774428172564  -0.002879037261266784    0.01181508044360422   -0.01082862627424781    0.01121267135253622   -0.03157860676805896   0.005687350801571239     0.1242537648346487    -0.1087478360854496
 8.478380770806459e-05  -0.002144439379748509  0.0006226257004507579  -0.002434728402725387    0.00216742302584902   -0.00228932659910274   0.006871305519830753 -0.0008820784612366229   -0.02569507794525228    0.02241164871902893

cov:
     1.19685143264958     2.658010043689573 -0.005104498778810506    0.0148990086326907  0.008931079290032132   0.01396041155722539  0.006378625650013109    0.0604420017666879   0.03981805436419519     0.103660652854134
    2.658010043689573     12.62064000431708     -1.73620198555875    0.2639798487935068   -0.5836096855926721     1.270860265801332   0.04840022404439102    0.1254993576671268    0.3404227235029151   0.07372685648611471
-0.005104498778810506     -1.73620198555875     0.899658597633564    0.1300362199250254    0.4047882553302852   -0.6953130602471677   0.04197253210374838   -0.2613270043659975    0.9893971990655162  -0.09145527416021464
   0.0148990086326907    0.2639798487935068    0.1300362199250254    0.6084636663885317  -0.08162743893040328   0.06646065542198701   -0.0193429184415395   0.07024970243494287    -0.150662087956667    0.0972628466472556
 0.008931079290032132   -0.5836096855926721    0.4047882553302852  -0.08162743893040328    0.7183922233530325   -0.7990835031647148   0.06030463619460943    -0.326118920156096    0.8019981285745036   -0.1710967443735359
  0.01396041155722539     1.270860265801332   -0.6953130602471677   0.06646065542198701   -0.7990835031647148     2.210552679524644  -0.02169199851247574    0.2576624231147624    -1.313109339165442    0.1199258490453441
 0.006378625650013109   0.04840022404439102   0.04197253210374838   -0.0193429184415395   0.06030463619460943  -0.02169199851247574   0.04794319755701063    -0.148250022468412   0.08429596875914726  -0.09906904070866746
   0.0604420017666879    0.1254993576671268   -0.2613270043659975   0.07024970243494287    -0.326118920156096    0.2576624231147624    -0.148250022468412     1.255602862172987   -0.6724537859409101    0.2192509536404471
  0.03981805436419519    0.3404227235029151    0.9893971990655162    -0.150662087956667    0.8019981285745036    -1.313109339165442   0.08429596875914726   -0.6724537859409101      5.71877774997532    0.1593733429245605
    0.103660652854134   0.07372685648611471  -0.09145527416021464    0.0972628466472556   -0.1710967443735359    0.1199258490453441  -0.09906904070866746    0.2192509536404471    0.1593733429245605     1.219875683023921

cov.inverse():
    4.62651054731122   -1.712758518612717   -4.857449257019199    2.114947542459415  0.03383806453638383  0.01601151903337439     2.16537862242634  -0.3049926493066114   0.9167317130285886  -0.7083486327386544
  -1.712758518612717   0.7776271224264391    2.212525965203209  -0.9699233577253845 -0.03599835905935408 -0.01055869646666924   -1.260939317771876  0.09160375027109784  -0.4183441467386972   0.2735311873969824
  -4.857449257019198    2.212525965203208    8.221048883371097   -3.354383013341819  -0.6101134347836884   0.2789183198162062   -4.053619455920373   0.3287477275234377   -1.384030273082767   0.8423743995190588
   2.114947542459415  -0.9699233577253846   -3.354383013341818    3.085048962504009    0.345934321104501 -0.05557056917802997    1.985551790496426  -0.1322958214565537   0.6113300348293407  -0.4594144667127721
 0.03383806453638242 -0.03599835905935338  -0.6101134347836858   0.3459343211045001    2.985020603000398   0.8098401538755272   -1.717096568703362   0.2080677651306475 -0.06902400808535795  0.09720554602865702
 0.01601151903337414 -0.01055869646666907   0.2789183198162067 -0.05557056917803019    0.809840153875527   0.8628113306066617   -1.036887763401323 0.007262695183582735  0.05256427880761329 -0.03899851750599036
   2.165378622426337   -1.260939317771876   -4.053619455920372    1.985551790496425   -1.717096568703359   -1.036887763401322    42.97692456760885     3.86871672348073   0.5817307438754119    2.010012794322782
 -0.3049926493066112  0.09160375027109771   0.3287477275234374  -0.1322958214565536   0.2080677651306478 0.007262695183582751    3.868716723480729    1.364897073941296 0.008033599860513801   0.1518668869894214
  0.9167317130285891  -0.4183441467386974   -1.384030273082767    0.611330034829341 -0.06902400808535757  0.05256427880761336   0.5817307438754125 0.008033599860513677   0.4696199461139875  -0.2355246093734114
 -0.7083486327386544   0.2735311873969825   0.8423743995190588  -0.4594144667127723  0.09720554602865683 -0.03899851750599048    2.010012794322785   0.1518668869894218  -0.2355246093734113    1.147381453489912

cov*(cov_.inverse()):
     1.000000000000002  1.595945597898663e-16   1.52655665885959e-16  2.012279232133096e-16  8.673617379884035e-18 -3.989863994746656e-17  1.165734175856414e-15 -1.422473250300982e-16 -2.324529457808922e-16 -1.942890293094024e-16
 1.408595462493167e-15     0.9999999999999998  2.588207426157396e-15   4.85722573273506e-16 -8.500145032286355e-17  1.292368989602721e-16  1.859623566247137e-15 -5.551115123125783e-17 -1.665334536937735e-16 -2.220446049250313e-16
-8.743006318923108e-16 -1.318389841742373e-16     0.9999999999999999 -2.844946500601964e-16 -2.099015405931937e-16   4.81385764583564e-17  5.273559366969494e-16 -4.510281037539698e-17 -5.204170427930421e-17  6.938893903907228e-17
-1.249000902703301e-16 -2.081668171172169e-17  4.718447854656915e-16     0.9999999999999993  3.469446951953614e-17  2.949029909160572e-17  -3.05311331771918e-16 -1.387778780781446e-17 -8.326672684688674e-17  2.775557561562891e-17
 2.081668171172169e-16 -1.318389841742373e-16 -1.665334536937735e-16 -1.110223024625157e-16     0.9999999999999997 -1.543903893619358e-16 -5.551115123125783e-17 -3.816391647148976e-17 -6.938893903907228e-17                      0
 2.775557561562891e-17  4.232725281383409e-16   7.91033905045424e-16 -4.371503159461554e-16 -5.516420653606247e-16     0.9999999999999999 -6.661338147750939e-16   1.35308431126191e-16  4.510281037539698e-17  8.326672684688674e-17
                     0 -3.122502256758253e-17  6.938893903907228e-17                      0   2.42861286636753e-17  6.505213034913027e-18     0.9999999999999997  5.898059818321144e-17 -3.469446951953614e-18 -4.163336342344337e-17
 2.498001805406602e-16  3.469446951953614e-17  2.498001805406602e-16  1.110223024625157e-16  1.040834085586084e-17 -3.989863994746656e-17  3.885780586188048e-16     0.9999999999999999  1.595945597898663e-16 -1.665334536937735e-16
  7.91033905045424e-16 -6.106226635438361e-16  1.748601263784622e-15  5.412337245047638e-16  3.001071613439876e-16 -8.673617379884035e-19  7.771561172376096e-16  6.938893903907228e-18     0.9999999999999997 -1.110223024625157e-16
  3.33066907387547e-16  5.551115123125783e-17 -2.220446049250313e-16 -1.110223024625157e-16  2.775557561562891e-17  2.081668171172169e-17 -4.440892098500626e-16                      0  5.551115123125783e-17     0.9999999999999994
