12
2

0.3377840757309075
0.3981133842167764
0.8965020951750292
0.9393463000427865
0.9557152878060287
 1.031150251840057
 1.063519664119526
 1.305973715609073
 1.566770552363438
 1.585515025258071
 5.193026571068494
 57.30659422404598

    0.2996907761893803    -0.5770090806584142    -0.3373910610099992     0.6704370846913423   -0.04279012942491082    0.05056518001441175    0.02988486341415963   -0.03995569416021272    0.02730768843218722    -0.0482019557522521    0.02377273086958467   -0.05844373913272213
    0.1402621872915078    -0.2342518954394983     0.1413901987022052    -0.3031144033311622    -0.4094356091316962     0.7848110522134721    0.03127037922195017   -0.05262528086864194    0.04321265623100148   -0.08200176659808876    0.06194679131468949    -0.1176471319700089
    0.6029262378301287       0.17608187813492     0.1176615675136327   -0.07492703320879024    0.01806383828114715    -0.1065156590106383     0.7281511100517034     -0.131576848157164   0.008941340544750574    0.05236811417898494    -0.1339183751984341    0.07792257102818542
   0.08306606131195941     0.1630021859220318    -0.4125520033585329   -0.08240203388457436    -0.4859998007411685   -0.09588273850405027    -0.1816253385030602   -0.03808071911309627    -0.2859060629674703   -0.02630074078514497    -0.6483209695144466    0.08342523743887141
   -0.3190453461380406    0.05980535214708271    -0.3072810785503384   -0.00836897682699546   -0.03526163506281683    0.07059118496319512      0.245240826902471   -0.08501306190006984     0.7828456503525538    -0.2097017094680955    -0.1901015446659002     0.1832598899505067
    0.4808655222829522   -0.03293882685252265     0.3813779463310733   -0.01545422493290222     0.1384582416147521   -0.07213852181912686    -0.4737392574430529     0.2644628432285937     0.3911946880502989    -0.2115278431120495    -0.3205650789138253    0.05207686114927897
   -0.3066586956657315    -0.2005044604978559     0.2909525745676595     0.1313388809492889       0.45895584149817     0.2737947498891921     0.1568282477250761    -0.1903056000936921    -0.2413277446404771   -0.06818305471648978    -0.5935642658247015    0.04725681141412621
    0.2285389734826062    0.02636544054556401    -0.5918317765460015    -0.3522771431676526     0.5840314005003679     0.2417932299085309   -0.06790339258074272     0.1914365496070763     -0.049242591445969    0.04885526122083523  -0.009901716767068466    -0.1642728961537276
   -0.1647822365351038    -0.2077000337442325    0.08428496023929652   -0.05491620093404125     -0.136145784934873    -0.1411678528421133     0.2205509116167893     0.5006021849738873     0.1593950806377193     0.4384909607904184     -0.247166339256602    -0.5505507819651472
    0.1161384761211467    0.09393110649988021    0.01232245830225591    0.03223428196826821    0.05716119339966206    0.04765666430547212    -0.2692890714841406    -0.6321527213759447     0.2522148028147623     0.6330539065831542   -0.06980703813109451    -0.1719973978414363
  -0.01262551475462264    -0.6608054011298896  -0.009371848446967496    -0.5033329092412603   -0.00768710931669858    -0.3210668867019283 -3.658661147706503e-06    -0.1056301724485954   0.001060135108460323     0.1581484040924756   0.007860971628231427     0.4127594480284574
 5.000572612214882e-05      0.142923312847193  5.578726761814422e-05     0.2171976123185798  3.153940455526626e-05     0.3034429284885363  0.0001725861676769903     0.4067704266643604  1.801542880762713e-05     0.5231835657500535 -0.0002758866615592745     0.6333539110852869

22.67942097139761
9.933361221717169
35.55867474455788
15.65218624914188
50.51443725124852
22.29207723422861
68.31820887285906
30.20623275000018
88.52900743249926
39.17236958296681
107.7387220495595
47.68125363893982

0.4439648803449888
 19.53327614431089

  0.009457736473489752   -0.02136894527498797  0.0004144388965784525  -0.001254398850178349  -0.006344085031245883    0.01418241622682143 -0.0006904670784860586   0.001588019592938262  -0.001296578997704888   0.002928960506414095  -0.001853025135401386   0.004120471651075071
    -28.66625366051504      35.69266247310661      44.77282516337722     -66.56174935806514     -24.34387504883759      23.99468890733223     -22.32319480008738      7.329889410928748      7.496625824785641    -0.1216597165629437      11.55683860052448     -1.971055479837813

 0.001668879398756773  0.003090351909222677 0.0003668556020996342 0.0007605163539063713 -0.003665990049747592  0.004206958673670734  0.003742531561223916  0.002418568574587243  0.004308402449525854 -0.001259434095342154    0.3264245746426978     18.93484205884994
   -9.929035088476645     6.834411609986745    -18.16297786107273    -5.330266017050359    -1.945335310890033      10.3212294446983     -13.9504982450043    -24.42823463478564     6.830629584078038      2.27582740374716     22.49572659319112    -1352.285069488173

cov:
   0.9507736056394769     0.477788837219266   -0.0559774157188889   0.02417425886258455    0.1864753931332164    0.1325239083982251   -0.2211000950193668  -0.05275801226168582    0.0304671021487787   0.05515278629436685   0.06017063049403255   0.06801753156834929
    0.477788837219266     79.13338757729102  0.004668105285356605     110.8495901314406    0.1007793035181415     148.1245682720304  -0.02980007120435717     192.4206940996909  0.006170507983864535     242.6960671594445   -0.1410960993111839     290.1811543970585
  -0.0559774157188889  0.004668105285356605      1.13170676116642    0.5418439208903595   -0.2257999725434609  -0.05355256993358991   0.03106423523909876   0.06222800116162791   0.05456698233406671   0.08208697979930965  -0.09350196934232412   0.02014557178567795
  0.02417425886258455     110.8495901314406    0.5418439208903595     162.0741259588294  -0.08426121536610809     220.6983952555614    0.1117464088290053     291.3222674268223 -0.001003188536030341     370.9901240601916   -0.2972857640938222      446.314562240616
   0.1864753931332164    0.1007793035181415   -0.2257999725434609  -0.08426121536610809     1.132290444130361    0.5104983954054348  -0.08997252026379006  -0.04250965723485678  -0.03939837557642194  -0.02769562311774809  -0.01620424072722117  -0.02474408708663008
   0.1325239083982251     148.1245682720304  -0.05355256993358991     220.6983952555614    0.5104983954054348     305.5313654950373   0.09313347264060447     406.0223845117265  -0.06186241814251082     519.9067063076059   -0.3671122058021528     627.6724913654757
  -0.2211000950193668  -0.02980007120435717   0.03106423523909876    0.1117464088290053  -0.08997252026379006   0.09313347264060447      1.08654461788008    0.6500444815775215  -0.09186800240921048    0.1814806229019176   -0.0460535454393682    0.2509738735544453
 -0.05275801226168582     192.4206940996909   0.06222800116162791     291.3222674268223  -0.04250965723485678     406.0223845117265    0.6500444815775215     545.5062670343364  -0.09062625260972032     697.9621862687338   -0.4992640924798177     844.4153302281062
   0.0304671021487787  0.006170507983864535   0.05456698233406671 -0.001003188536030341  -0.03939837557642194  -0.06186241814251082  -0.09186800240921048  -0.09062625260972032     1.087377770731252    0.3913005677138208  -0.08408913030467247   -0.1430748552179762
  0.05515278629436685     242.6960671594445   0.08208697979930965     370.9901240601916  -0.02769562311774809     519.9067063076059    0.1814806229019176     697.9621862687338    0.3913005677138208     901.1675615267823   -0.6556963272820103     1089.035656515679
  0.06017063049403255   -0.1410960993111839  -0.09350196934232412   -0.2972857640938222  -0.01620424072722117   -0.3671122058021528   -0.0460535454393682   -0.4992640924798177  -0.08408913030467247   -0.6556963272820103     1.091034512330912   -0.2580587826420632
  0.06801753156834929     290.1811543970585   0.02014557178567795      446.314562240616  -0.02474408708663008     627.6724913654757    0.2509738735544453     844.4153302281062   -0.1430748552179762     1089.035656515679   -0.2580587826420632     1322.861442883813

cov.inverse():
   1.830527746052489   -1.534745416653527  -0.5950984376675412    1.347295509888688  -0.4663874811119492   0.6511289238955998   0.2565349668492097 -0.09002335541807091  0.05301589191586201  -0.1600124935629256  0.05015812989634818  -0.2377804769176693
  -1.534745416653527    3.411089050245755    1.347723909292428   -2.984731805403961   0.6706273001569576   -1.473036276177189 -0.09821420254083738   0.2035439718247444   -0.175753977852573   0.3599405037870647  -0.2402201546207463   0.5314596749053545
 -0.5950984376675588    1.347723909292467    1.857255292087515   -2.073601023194728 -0.03631156623439857    0.512233784322492  -0.0512256255190988  0.09194887763923376 -0.06854616591149409  0.06763311816261419  0.05937242889375179  0.04656709330196321
   1.347295509888728   -2.984731805404051   -2.073601023194729    4.633208791427485   0.5101960595022994   -1.192883351913119  0.09336568833393148  -0.2003218663348902  0.07262081443019247  -0.1464554875305098  0.03825624053717077 -0.09404301279990872
 -0.4663874811119277   0.6706273001569097 -0.03631156623442316   0.5101960595023545    1.756287031796592    -1.80515604687359 -0.02471394198642115   0.1528921559913317 -0.06136907802262047   0.2052174871169438 -0.08139113842174758   0.2707722332765165
  0.6511289238955509    -1.47303627617708   0.5122337843225478   -1.192883351913244    -1.80515604687359    4.056845601778729   0.1529624709277697  -0.3396318260851411   0.2201248366131248  -0.4579737727482788   0.2802416147784476  -0.6055173609569336
  0.2565349668492046 -0.09821420254082594 -0.05122562551910119   0.0933656883339371 -0.02471394198640966   0.1529624709277439    1.061103752524954  -0.1941862994861218  0.07432528487275114  0.02218032305192523  0.02572114638707628  0.02295914567122508
-0.09002335541805961   0.2035439718247189  0.09194887763923959  -0.2003218663349038   0.1528921559913056  -0.3396318260850825  -0.1941862994861217   0.4433648560015288  0.01555630336549196 -0.04979553956252723   0.0248467420837106 -0.05788213156344971
 0.05301589191587017  -0.1757539778525913 -0.06854616591149112  0.07262081443018534 -0.06136907802263781   0.2201248366131638  0.07432528487275344  0.01555630336548686    1.014507353431887  -0.1772140344588539   0.0541628618315006  0.04567040076268691
 -0.1600124935629453    0.359940503787109  0.06763311816260831  -0.1464554875304955   0.2052174871169837  -0.4579737727483684  0.02218032305192019  -0.0497955395625161  -0.1772140344588544    0.401478098720362  0.04973702621426521  -0.1109749862399688
 0.05015812989633961  -0.2402201546207271  0.05937242889375929  0.03825624053715412  -0.0813911384217437   0.2802416147784391  0.02572114638707799  0.02484674208370668  0.05416286183149638  0.04973702621427479     1.00241905358977  -0.1497964269893648
 -0.2377804769176505   0.5314596749053128  0.04656709330194687 -0.09404301279987244   0.2707722332765082  -0.6055173609569156  0.02295914567122139  -0.0578821315634412  0.04567040076269609  -0.1109749862399896  -0.1497964269893648   0.3315056948782338

cov*(cov_.inverse()):
    0.9999999999999996 -6.245004513516506e-17 -1.257674520083185e-17  1.734723475976807e-18                      0 -6.938893903907228e-18  4.206704429243757e-17 -1.734723475976807e-18 -5.637851296924623e-18   2.34187669256869e-17 -3.469446951953614e-18  3.469446951953614e-18
-2.842170943040401e-14                      1  5.329070518200751e-15 -5.329070518200751e-14 -2.842170943040401e-14  2.842170943040401e-14                      0  3.552713678800501e-15 -8.881784197001252e-15   -1.4210854715202e-14                      0                      0
-1.387778780781446e-17 -2.116362640691705e-16                      1 -2.905661822261152e-17 -1.647987302177967e-17 -1.214306433183765e-17  5.095750210681871e-18 -2.298508605669269e-17  1.376936759056591e-17 -4.466912950640278e-17  3.903127820947816e-18 -1.387778780781446e-17
 5.684341886080801e-14 -2.557953848736361e-13  4.263256414560601e-14      1.000000000000036 -8.526512829121202e-14   1.70530256582424e-13  8.881784197001252e-15                      0  3.552713678800501e-15 -2.842170943040401e-14    1.4210854715202e-14                      0
  2.51534904016637e-17 -1.595945597898663e-16 -1.021318446481345e-16 -8.239936510889834e-17                      1 -3.122502256758253e-16 -6.722053469410127e-18 -5.421010862427522e-18 -9.974659986866641e-18  1.344410693882025e-17 -1.387778780781446e-17 -5.204170427930421e-18
-5.684341886080801e-14  -1.70530256582424e-13  4.263256414560601e-14   -1.4210854715202e-14 -5.684341886080801e-14      1.000000000000114  3.552713678800501e-15 -2.131628207280301e-14                      0                      0    1.4210854715202e-14 -2.842170943040401e-14
-4.163336342344337e-17 -5.551115123125783e-17 -1.214306433183765e-17  3.816391647148976e-17 -1.387778780781446e-17                      0     0.9999999999999999 -4.510281037539698e-17  5.204170427930421e-18 -6.938893903907228e-18                      0  2.775557561562891e-17
  1.13686837721616e-13 -2.273736754432321e-13  9.947598300641403e-14  -1.84741111297626e-13                      0  5.684341886080801e-14  2.486899575160351e-14     0.9999999999999574                      0 -2.842170943040401e-14    1.4210854715202e-14                      0
 6.938893903907228e-18  1.387778780781446e-17 -9.540979117872439e-18  4.336808689942018e-17                      0 -2.775557561562891e-17  3.903127820947816e-18  8.673617379884035e-18                      1 -1.040834085586084e-17                      0  6.938893903907228e-18
-2.273736754432321e-13  2.273736754432321e-13  2.131628207280301e-14 -3.268496584496461e-13  5.684341886080801e-14 -2.273736754432321e-13   1.06581410364015e-14  6.394884621840902e-14 -2.131628207280301e-14     0.9999999999999432 -2.842170943040401e-14   1.13686837721616e-13
 6.938893903907228e-18  1.942890293094024e-16  5.898059818321144e-17 -1.665334536937735e-16                      0  1.665334536937735e-16 -8.673617379884035e-18  1.734723475976807e-18  2.255140518769849e-17  3.122502256758253e-17                      1 -6.938893903907228e-17
 5.684341886080801e-14  -1.13686837721616e-13   1.49213974509621e-13 -4.547473508864641e-13  5.684341886080801e-14  2.273736754432321e-13 -3.907985046680551e-14  2.842170943040401e-14 -3.552713678800501e-14  2.842170943040401e-14                      0      1.000000000000057
