10
1

0.7427591000416132
0.7571833074336757
0.9024235866083802
 1.029705659870778
 1.163657456425524
 1.431674772932549
 1.800804633017525
 2.104275903768083
 4.487928849769689
 6.698355909320502

  -0.4728609854491576    0.1065365169768364     0.265942835250723   -0.8196468091995243   0.05406775194484777   0.05281080199513789  -0.03702688095434239  -0.02782739576139983   -0.0799848085066009   0.09083363622962438
  -0.5704076053721721    0.1144554910443607    0.2226286651215379    0.4264884593145938    0.3773129518733002   -0.4635363168111847   0.02805803095755465     0.213445832023345   -0.1238172907416449    0.1056934122396871
  -0.4783125725492852   0.05676966629463813  -0.02217976931924621    0.3249981935523428   -0.3284768632162323     0.531773759858148    0.2405497748204975   -0.4023821438417257   -0.1508001101669378    0.1693572600554134
   0.1987756599790144 -0.006388309062095407   -0.2561321151278262   -0.1625601895062822    0.1500067570275778   -0.1938163347814814    0.7152678456594526  -0.03874668556709974   -0.5142022370494936    0.1756069897514064
  -0.2507286375321035  -0.01324149461612033   -0.2562680494892013  -0.01615361670009587   -0.0770669969936804    0.2474953715814515    0.1509654492596733    0.5445730756626838   -0.1434193663406937   -0.6811114177517601
   0.2682058141310099   0.08664375063332846     0.716687423649748   0.09900896199342213   -0.1458859668911457   0.02077828123831672  -0.04628883609803778  -0.09629145906750264    -0.505619879538539   -0.3291416832331847
   -0.177932033044621   -0.1236241976729644   -0.3045593401211701  -0.05622694433223238  -0.04545086759752042   -0.4271170783124661   -0.1753020464075443   -0.6285460719603493   -0.1118408015351677   -0.4840818851716198
  0.08028164162134885   0.09004989900597569   -0.1969805455781179   0.03059991082773368    0.6974379092686742    0.4338343042212267   -0.3686263600532695   -0.1329837395914927   -0.3427560582056395  0.004955730619393675
 -0.08353375363953761   -0.5417609582557666   -0.1572565068781201 -0.007495256408364221   -0.3220725884734805  -0.08513285073408598   -0.4089037845549806    0.2463122953759349   -0.4865446360048019    0.3148893441617789
  0.05348761857218629    0.8048024393982695    -0.279309453697118 -0.004398255126440635   -0.3238430630230595   -0.1497414390978276   -0.2638517438703109    0.1048682566840552    -0.219523927471752    0.1236782755301248

35.55838608553059
86.29046082875971
64.37405833620471
158.1523702753665
74.57007662331209
184.0497065389131
88.27787483535253
219.2490876050968
104.6455109363429
260.7063461780641

2.495724638802516

   0.0480666666110182  -0.01939883644187014 -0.008215918568005085  0.004342541564700133  -0.01455825092764395  0.002437779476879033  -0.01092339085280763  0.007129592293258121  -0.01114966132588615  0.007981413087275478

-0.01620614409174076 -0.01880429138122659 -0.01537818524041578 0.007916049493549526 -0.01305055330868128  0.02204805358390354 -0.03067441739169528 0.007558907059769223   0.5316525916528815  0.02909890860417417

cov:
    1.170790764337766     2.909729698764693 -0.006543672201578589   0.01878454530314687  0.006888743297743419  0.001770507277133423  0.005709667308593125  0.000861938970243772   0.01692462410933317   0.01118201562907446
    2.909729698764693      35.0904614995498    -8.163481828428955  -0.02847965158042674     -7.89598199943536    -4.136127314094128    -5.147431594173699      1.26517107476403    -2.813230496079176     1.198687811641802
-0.006543672201578589    -8.163481828428955      5.75015069632997    0.2312072529589056      4.34883680765754     2.125910976791527     4.775590984699561    -1.647073898311358     4.123425824720006    -2.344617527886375
  0.01878454530314687  -0.02847965158042674    0.2312072529589056    0.6258011380403853    0.1424142848180412     0.214794683180474   0.04710536311056832  -0.02778806784942027   0.04586083713660942  -0.03557793474704361
 0.006888743297743419     -7.89598199943536      4.34883680765754    0.1424142848180412     9.201972685492322     3.826951050363375     5.426284574308824    -3.320850009437625     5.399464566950147    -3.575409518554759
 0.001770507277133423    -4.136127314094128     2.125910976791527     0.214794683180474     3.826951050363375      3.05570279892745     2.005807743376016   -0.5572106984920028     1.806986107913936    -0.921334928584544
 0.005709667308593125    -5.147431594173699     4.775590984699561   0.04710536311056832     5.426284574308824     2.005807743376016      7.81870511356439    -2.679459219636693     6.827820945527746    -3.732273961058397
 0.000861938970243772      1.26517107476403    -1.647073898311358  -0.02778806784942027    -3.320850009437625   -0.5572106984920028    -2.679459219636693      3.65545911492135    -2.966257719211255     2.639458415180837
  0.01692462410933317    -2.813230496079176     4.123425824720006   0.04586083713660942     5.399464566950147     1.806986107913936     6.827820945527746    -2.966257719211255     8.354046381151084    -3.790631127846882
  0.01118201562907446     1.198687811641802    -2.344617527886375  -0.03557793474704361    -3.575409518554759    -0.921334928584544    -3.732273961058397     2.639458415180837    -3.790631127846882     4.360732510419836

cov.inverse():
   1.384145549150512  -0.2143160197853841  -0.3297389533301222  0.07646362709221638  -0.1894148292114209  0.05561074203052275 -0.03306477747632659 -0.04169093947542868   0.1459884080419903  -0.1410192929805022
 -0.2143160197853838  0.08676237037311273   0.1354229709074993 -0.04227280062515564  0.07532069747395723 -0.02093452152681685  0.01292939943685598  0.01653751250543351 -0.06110662858820431  0.05443913599842789
 -0.3297389533301223   0.1354229709074992   0.6165499991885993  -0.1574019098877437  0.08663605510236498  -0.1393655663732263  -0.1933490152124928  0.01542708421023746 -0.07704859095549493   0.0936252712410834
 0.07646362709221638 -0.04227280062515565  -0.1574019098877438    1.695794527710915  0.04589342770640378   -0.172841519209715  0.05885240612838392  0.04420922951905157  0.02244221820425417 -0.01513957019250859
 -0.1894148292114209  0.07532069747395723  0.08663605510236504  0.04589342770640388   0.5400725820641521  -0.4805998291465627 -0.03345474549112212   0.2535914924898161  -0.1001511692915061  0.09882235850314618
 0.05561074203052278 -0.02093452152681677  -0.1393655663732261  -0.1728415192097152  -0.4805998291465625   0.9075634357523866  0.01680435129338683  -0.2639811303142611   0.0405714741003772  -0.0635971908283568
 -0.0330647774763265  0.01292939943685604  -0.1933490152124927  0.05885240612838383 -0.03345474549112227  0.01680435129338723   0.6253211219159993 -0.03036238938141088  -0.3509350599347946   0.1176977574720576
-0.04169093947542869  0.01653751250543348  0.01542708421023738  0.04420922951905167   0.2535914924898161  -0.2639811303142612 -0.03036238938141071   0.6337125344594021  0.04282239983065539  -0.2159705860736884
  0.1459884080419904 -0.06110662858820436 -0.07704859095549521  0.02244221820425426   -0.100151169291506  0.04057147410037707  -0.3509350599347944  0.04282239983065548   0.4987621451515433 0.008914179504461729
 -0.1410192929805023  0.05443913599842791   0.0936252712410834 -0.01513957019250858   0.0988223585031462 -0.06359719082835676   0.1176977574720576  -0.2159705860736883 0.008914179504461711   0.5717274043194296

cov*(cov_.inverse()):
    0.9999999999999997 -2.618348246552493e-16  2.445960101127298e-16 -4.233809483555895e-17  8.023096076392733e-17 -2.121783651554132e-16 -1.444157293750692e-16   4.85722573273506e-17 -9.364796264843545e-17  1.327063459122257e-16
-2.775557561562891e-17     0.9999999999999998 -1.110223024625157e-16 -1.838806884535416e-16  6.245004513516506e-16  8.326672684688674e-17 -1.942890293094024e-16 -1.665334536937735e-16   3.33066907387547e-16  1.110223024625157e-16
-4.440892098500626e-16  -3.05311331771918e-16     0.9999999999999996   1.52655665885959e-16 -3.885780586188048e-16 -1.110223024625157e-16 -8.326672684688674e-16  1.110223024625157e-16  1.422473250300982e-16                      0
-5.724587470723463e-17 -9.107298248878237e-18  5.898059818321144e-17     0.9999999999999999 -3.556183125752455e-17  1.257674520083185e-17  -2.51534904016637e-17  3.469446951953614e-18  1.029992063861229e-18 -3.469446951953614e-18
-7.771561172376096e-16                      0                      0  8.326672684688674e-17                      1 -8.881784197001252e-16  5.551115123125783e-17  5.551115123125783e-16  -4.85722573273506e-16                      0
-3.885780586188048e-16  2.081668171172169e-17   1.52655665885959e-16 -5.030698080332741e-17 -4.163336342344337e-17                      1 -3.747002708109903e-16  8.326672684688674e-17  5.551115123125783e-17                      0
-4.440892098500626e-16 -1.387778780781446e-16 -1.110223024625157e-16  -4.85722573273506e-17 -2.775557561562891e-16  2.775557561562891e-16                      1  -3.33066907387547e-16  -2.42861286636753e-16  4.440892098500626e-16
 2.775557561562891e-16 -5.551115123125783e-17 -1.110223024625157e-16  2.775557561562891e-17   3.33066907387547e-16  5.551115123125783e-17  5.551115123125783e-17     0.9999999999999999  2.532696274926138e-16                      0
 -3.33066907387547e-16 -5.551115123125783e-17 -6.661338147750939e-16   9.71445146547012e-17   3.33066907387547e-16 -2.775557561562891e-16  4.440892098500626e-16  2.220446049250313e-16     0.9999999999999993  4.440892098500626e-16
                     0  1.110223024625157e-16 -1.110223024625157e-16 -2.775557561562891e-17   3.33066907387547e-16   3.33066907387547e-16  2.220446049250313e-16 -2.220446049250313e-16 -2.151057110211241e-16      1.000000000000001
