10
2

0.3442481817916079
0.4219034308784669
0.8989787295841165
0.9501272320071499
 1.019627838673965
   1.0840461345165
 1.306351520594086
 1.573956224964788
  5.11069177464404
 48.89732478953799

    0.2744188715003787    -0.5243488040881014    -0.3584879277513174     0.7109441707296823    0.02966129272347439   -0.09538965668625463    0.02891267827474934    -0.0385890839701748    0.02173787195208888   -0.05496209644341025
    0.2024559820049329    -0.3301597124971336    0.08000862956773315    -0.1841693146447223    -0.4160013649771346     0.7664421533831708    0.05149938538232945   -0.08271277146050629    0.09277196169592125    -0.1763391222967776
   -0.6006682413461706    -0.1921361575692168   -0.09212226424241997    0.07780206788339863   0.006036927732847748     0.1131892074368489    -0.7018423525848306     0.1236765003022771     0.2311188685735614    -0.1166145370885061
   0.09510075935378695    -0.1648034671296165     0.5596577997164494    0.08636945929560028     0.5284105823924548    0.06597396100524484     0.1307648320845014    0.07927363923837059     0.5749432498981359   -0.07486873581977344
   -0.6355024231940865   -0.03779415226037996    -0.2618754462552344    0.06893605808206874     0.1308182798348059     0.1990653005144719     0.6012252905539928    -0.2920339807491613     0.1093202434436622    0.07700853826505545
    0.1251726585837137     0.2063872227200757    -0.3390377139367625   -0.09998098895657687    -0.4113752268158917    -0.2351898429999253    0.09334849362407444     0.1178682338744272     0.7543339586126998    0.02495852146573247
   -0.2314253101772493   -0.03291605710400469     0.5966242539080038     0.3548045708046784    -0.5826543245515822    -0.2407151659946448    0.06169065823368872    -0.2093364589310438  -0.009619846298944763     0.1355071596872843
    0.2014948348889533     0.2232220033295975   -0.06163749217141122    0.06339731404585239     0.1446571653150305     0.1445159829726678    -0.3359122023537878    -0.7717957932536987      0.160573781726213     0.3544758250001168
  -0.01303823742820124    -0.6547570230659545   -0.00983124840397586    -0.4871351020021817  -0.007356853751547073    -0.2925671806721173   0.001073950463562863   -0.05950000822329493   0.009897631961845552     0.4944056412426381
 7.119017407522104e-05     0.1683271742311728  7.374390982939667e-05     0.2552894741884273   6.08343802444658e-05     0.3562827625688325  0.0002269617429322116     0.4773696434223746 -0.0002744993974237222     0.7427475495418892

22.67957373166269
  9.9836753971462
35.55863417432008
15.73245652154145
50.51457250860992
22.40732433664553
68.31826823527351
30.36346342397837
107.7387555057354
47.93026056671846

0.4462973608937064
 19.29540634411017

    0.0106751374625491   -0.02398110816445193 -7.619359033771123e-05 -0.0001875877916381371  -0.007873343180150929    0.01750198744849727 -0.0008581372025133098   0.001956092217584134  -0.002230733094612549   0.004934723864951267
    -28.30239801371173      35.52607607742591      44.71881077221562     -65.94633482947292     -24.28089250414862      23.49078428407568     -22.70157879914747      7.275021106651826      10.84433827655394     -1.962746027471214

  0.001549455630148836   0.004541512076672558 -0.0001014032132929214  0.0002651422485781258  -0.004540813513458695  -0.006880610896411299  -0.002032466107238094  -0.004085979512154292     0.3367421056973706      16.14086478067443
    -11.00508219456642      4.619241520074489      18.59127051020259      3.154683527207369      -13.3618998430002      7.702939782272194      23.65603115834742     -4.387106458761756      20.34404416435687     -1146.014015574739

cov:
  0.9506889391973341   0.4815539025171592 -0.05589756149120231  0.02674333062532351   0.1863017782606518   0.1366021347627186  -0.2211403404402156 -0.04824987677440484  0.06048507036925856  0.07631405209614059
  0.4815539025171592    79.22585619521722 0.006886613130654319    111.0049352722389   0.1011619926644826     148.355591499405 -0.03252720880729715    192.7417759969674  -0.1399737929732266    290.7066369306784
-0.05589756149120231 0.006886613130654319    1.131774328811509   0.5477560510587025  -0.2258132062099387 -0.04983004346216537  0.03081211670257862  0.06800951416287648 -0.09354273788031787  0.02761613318957381
 0.02674333062532351    111.0049352722389   0.5477560510587025    162.3417316467343 -0.08391075849776466    221.0897222831087   0.1084003752110827    291.8664937720869   -0.296733002621405    447.1988713612542
  0.1863017782606518   0.1011619926644826  -0.2258132062099387 -0.08391075849776466    1.132276731606308   0.5148850032809832 -0.09001059407883706 -0.03985838015336788 -0.01603949024040147 -0.01968616787788252
  0.1366021347627186     148.355591499405 -0.04983004346216537    221.0897222831087   0.5148850032809832    306.1132212858009  0.08844104080049178    406.8256195257613  -0.3660946430449631    628.9759041524619
 -0.2211403404402156 -0.03252720880729715  0.03081211670257862   0.1084003752110827 -0.09001059407883706  0.08844104080049178    1.086319107234904   0.6463123082224584 -0.04572331940861503     0.24257972487859
-0.04824987677440484    192.7417759969674  0.06800951416287648    291.8664937720869 -0.03985838015336788    406.8256195257613   0.6463123082224584    546.6209077500516  -0.4981915137808566    846.2183196747743
 0.06048507036925856  -0.1399737929732266 -0.09354273788031787   -0.296733002621405 -0.01603949024040147  -0.3660946430449631 -0.04572331940861503  -0.4981915137808566    1.091050799797563  -0.2536952532645793
 0.07631405209614059    290.7066369306784  0.02761613318957381    447.1988713612542 -0.01968616787788252    628.9759041524619     0.24257972487859    846.2183196747743  -0.2536952532645793    1325.779818478054

cov.inverse():
   1.771765484892363   -1.396241736256346  -0.5736526254029652    1.292588070035052  -0.3862867504517152    0.471477271534456   0.2676901643739515  -0.1102951683198441  0.07252666853327999  -0.2832557428127322
  -1.396241736256347    3.082991145856786    1.290668486916172   -2.847298326831411   0.4899128991373962   -1.062008204086305  -0.1174087438190224   0.2476196085870533  -0.2852519291008709    0.630222747509496
 -0.5736526254029475    1.290668486916131    1.851764996019759   -2.054610159136122 -0.07137428829486676   0.5911260171147197  -0.0516926107343844   0.1001984018631068  0.05350660481513818  0.06564970405115439
   1.292588070035011   -2.847298326831317   -2.054610159136121     4.56896666897734   0.5858685431033802   -1.355690766394369   0.1012466400481124  -0.2179388064399427  0.05667626374589094   -0.134583532450845
 -0.3862867504517332   0.4899128991374363 -0.07137428829484167   0.5858685431033248    1.656832759916977   -1.577543460673417 -0.03952379694881291    0.179385725031765  -0.1107572046533367   0.3289099781590945
  0.4714772715344964   -1.062008204086396   0.5911260171146634   -1.355690766394244   -1.577543460673418    3.528498639788563    0.177859535264044  -0.3962318158666739   0.3369238827774895  -0.7309560781890281
  0.2676901643739433  -0.1174087438190042 -0.05169261073438076   0.1012466400481046 -0.03952379694880534   0.1778595352640273    1.053286682599177   -0.191707440965223  0.01573338019607127  0.02937125031275835
 -0.1102951683198253   0.2476196085870118   0.1001984018630983  -0.2179388064399246   0.1793857250317478  -0.3962318158666359  -0.1917074409652229   0.4370987105248934  0.03175405049019817 -0.07174615587457275
 0.07252666853328753  -0.2852519291008876  0.05350660481512817   0.0566762637459132  -0.1107572046533372   0.3369238827774905   0.0157333801960743  0.03175405049019133   0.9907761652707038    -0.13650113461032
 -0.2832557428127492   0.6302227475095334   0.0656497040511768  -0.1345835324508948   0.3289099781590956  -0.7309560781890301  0.02937125031275169 -0.07174615587455772  -0.1365011346103201   0.3005226495975405

cov*(cov_.inverse()):
                     1  6.938893903907228e-18  2.602085213965211e-18  2.654126918244515e-16  1.040834085586084e-17  1.387778780781446e-17 -4.597017211338539e-17  1.301042606982605e-17  3.469446951953614e-18  2.775557561562891e-17
-4.263256414560601e-14      1.000000000000028 -3.552713678800501e-15 -7.815970093361102e-14                      0 -8.526512829121202e-14   1.77635683940025e-15  3.552713678800501e-15                      0                      0
-6.418476861114186e-17 -2.532696274926138e-16                      1 -2.949029909160572e-17 -7.112366251504909e-17  1.249000902703301e-16 -3.252606517456513e-19  1.214306433183765e-17  6.071532165918825e-18  3.469446951953614e-18
-5.684341886080801e-14  5.684341886080801e-14 -3.552713678800501e-14     0.9999999999998721                      0                      0  3.552713678800501e-15 -2.131628207280301e-14                      0                      0
 5.290906601729262e-17 -2.949029909160572e-17 -2.970713952610282e-17 -8.500145032286355e-17     0.9999999999999999  2.602085213965211e-16 -2.721347452938616e-17 -4.011548038196366e-17 -2.168404344971009e-18 -2.775557561562891e-17
-2.842170943040401e-14  -1.13686837721616e-13 -5.684341886080801e-14   1.70530256582424e-13  5.684341886080801e-14      1.000000000000057                      0 -2.131628207280301e-14                      0                      0
 5.551115123125783e-17 -2.775557561562891e-17 -2.081668171172169e-17  2.775557561562891e-17 -1.387778780781446e-17  2.775557561562891e-17                      1 -3.469446951953614e-17                      0 -1.387778780781446e-17
  -1.4210854715202e-13  -1.13686837721616e-13  7.105427357601002e-15  8.526512829121202e-14 -5.684341886080801e-14  -1.13686837721616e-13 -7.105427357601002e-15      1.000000000000007   -1.4210854715202e-14  2.842170943040401e-14
-5.551115123125783e-17  2.220446049250313e-16  7.979727989493313e-17 -1.110223024625157e-16  5.551115123125783e-17                      0 -1.734723475976807e-17  1.040834085586084e-17     0.9999999999999998  1.249000902703301e-16
-5.684341886080801e-14 -2.273736754432321e-13 -4.263256414560601e-14   1.70530256582424e-13  -1.13686837721616e-13 -2.273736754432321e-13  7.105427357601002e-15                      0  2.842170943040401e-14     0.9999999999998863
