10
2

0.1538124803543966
0.5480727389069892
0.6610340149232059
0.8498752847135351
0.9308127599235581
  1.89904799085357
 2.338930972483363
 2.435505933508053
 3.578366571366263
  4.96281143251617

  -0.4813138734189952    0.2839805949413988    0.6998793647784329   -0.4142168448419151  -0.08608942544102023   0.04633118585423569  -0.08949586918846419   0.04866470832808583  -0.07246085550389647   0.03315040246274615
   -0.159505884743412   0.06194644333752301    -0.101699511154433   0.03409750435619799    0.6936581765410578   -0.2855414060358308   -0.4789964875620805    0.4078547116805165  -0.02282170861681048  -0.01468294090086503
  -0.2965362400530855   0.09008069737089036  -0.08987312964229474   0.05004074344732857     0.465264207496433   -0.1647932237536748    0.4545579797152427   -0.5350093487934859   -0.2838657800429475    0.2762338505485057
  -0.6663200595651242   0.06943412043395551   -0.5556665247548075   0.03852574865052304   -0.3895053543077148   0.04839953420785122  -0.06014509251466241    0.2130208225724397   -0.1023658656221936    0.1655776304486556
   0.3203100348597081  -0.05877471447543587    0.1035921762571394  -0.01026817411970332   -0.1027584986553208   0.05394399242195014   -0.1035451865510973    0.2494566672661887   -0.5123217130672973    0.7309016381012432
  -0.1411319890356458   -0.2367503183829742  0.006935736729825795   0.01405038779769134    0.3345974993316509    0.8512362892914221   0.02053169254848646   0.05157129025323282     0.231981488058106    0.1741558630382191
   0.2780034163500804    0.4551437201161072   -0.4018724674431989    -0.678291920645693    0.1029499793786147    0.2134815816512495   0.00853178997616324   -0.0321131257694727   -0.1431793073116216   -0.1272770307123502
0.0006678689710606154   -0.1227891091087761  -0.09017019912372429   -0.2125090012066331  -0.08857737656183935   -0.1268781063251243   -0.5656848426335738   -0.5537999744205728    0.3787341349278084    0.3708831957842217
  -0.1034657057815399   -0.6727901756065974  -0.02253460156129447   -0.2908038578940336 -0.002411695688576007   0.02915699173365756   -0.1809471900111253   -0.1494214045912523   -0.5212113932142255   -0.3521187735956181
  0.02168893629936014    0.4101185910801613   0.04543370369452965    0.4828702916538861  -0.04771246545388783    0.3111020104222759    -0.433999183144039   -0.3236244099115572   -0.3889471925744578    -0.229511400106824

35.53336914261477
59.04773882907877
50.51670914870909
84.14543183876528
67.78207356846166
112.9474575125197
78.04490068975096
131.7437995668199
92.70990610494728
155.2674832514221

 1.674715875735891
0.5982779035725854

    0.1021448362929494   -0.06126223357489569   -0.09860304598165233    0.05887795720660052    -0.0016293885504063  0.0007183723934961503  -0.001366595053558564  0.0006177642877745886  -0.001423439833777658  0.0005167692945280512
  -0.03591713304928648    0.02152391156707853    0.03428435817946765   -0.02046387803585955  0.0006064012933654901  -0.000251029853436741  0.0006614752969378034 -0.0003568500122680901    0.00043932294237848  0.0001065604515675901

  -0.00377380999184275  -0.002540081083181634   -0.01104715502547379    -0.0102143233256567    0.02348703202954253  0.0002208014343792001   0.001614096956937564    0.02435667915594696     0.2111237958600768    0.05346058931244336
  0.001317824906827591  0.0008699685942650028   0.004021912982006241   0.003753202607751757  -0.008134327549526518  0.0001023885244622064 -0.0007472385940985665  -0.008316685973660379   -0.07590821607382746   -0.01845574262756624

cov:
   1.104420850159953    1.855039712128527  -0.2562220730288537  -0.4211479809333732  0.03002513668608949  0.04465305222794431 -0.02654533458400954 -0.03626046047298921  0.09421613171850189   0.1508457830800545
   1.855039712128527    11.37654258611585  -0.3216834064050854    5.838896064547218  -0.4096589170306326    2.776618414275996   -2.398631078962059   -1.717482534361799  -0.2601387084468231 -0.03866595284663958
 -0.2562220730288537  -0.3216834064050854    1.239794867300124    2.203225572141141  -0.1170646944931465 -0.03909037675185416  -0.1389718021972703 -0.00467654056325445  -0.1610838844243748 -0.08012499246018331
 -0.4211479809333732    5.838896064547218    2.203225572141141    9.617725252476932  -0.8036627180074479    2.996114084277038   -3.800096207958171   -2.476853150955801   -2.623263508023187   -1.401110660006963
 0.03002513668608949  -0.4096589170306326  -0.1170646944931465  -0.8036627180074479   0.9224474390674157   0.7360712929859008   0.8613241465209818   0.6140081011744791   0.4855522261667001   0.1655596990853842
 0.04465305222794431    2.776618414275996 -0.03909037675185416    2.996114084277038   0.7360712929859008    5.393265049161906   -2.892940692725407   -1.975182016411888   -2.920116263208825   -1.761823167592525
-0.02654533458400954   -2.398631078962059  -0.1389718021972703   -3.800096207958171   0.8613241465209818   -2.892940692725407    7.129699684449838    5.469376211339255    4.102288668250515    2.015753884673334
-0.03626046047298921   -1.717482534361799 -0.00467654056325445   -2.476853150955801   0.6140081011744791   -1.975182016411888    5.469376211339255    4.961641793282021    2.858588489165133    1.456595101803608
 0.09421613171850189  -0.2601387084468231  -0.1610838844243748   -2.623263508023187   0.4855522261667001   -2.920116263208825    4.102288668250515    2.858588489165133    8.632029071819762     5.25634699287963
  0.1508457830800545 -0.03866595284663958 -0.08012499246018331   -1.401110660006963   0.1655596990853842   -1.761823167592525    2.015753884673334    1.456595101803608     5.25634699287963    4.415016926445508

cov.inverse():
   10.83159781486019   -5.919049129894431   -13.59321806042239    8.303330235954338    1.380800849552524  -0.7262693051650349    1.784467692843097  -0.9506390144189516    1.571518160624802  -0.7472220247498972
  -5.919049129894433     3.54887937261342    8.270928289212691   -4.979912793951929  -0.8371122200659821   0.4324233156955986   -1.064736228893148   0.5693851136847531  -0.9221628748144201   0.4031512760797304
  -13.59321806042239    8.270928289212693    21.22824156682214   -12.25193043531943   -2.595603427200344    1.458798194400276   -2.537442847084526    1.288082577358365   -2.054585252196493   0.8930918413342067
   8.303330235954341   -4.979912793951931   -12.25193043531943    7.371860727141835    1.610576294916132  -0.8736940770823013    1.577513967078681  -0.8375316582109512    1.243480888430436  -0.5436019992187557
   1.380800849552523  -0.8371122200659803   -2.595603427200338    1.610576294916129    2.667117796796481  -0.9516593415151677  -0.2403560103848099  0.06373726185433336  0.03871536440872017 -0.02765509737183209
  -0.726269305165033   0.4324233156955975    1.458798194400274     -0.8736940770823  -0.9516593415151678   0.6468786157315917   0.1095447657395662 -0.04248827939890633 -0.01694457790753977  0.05580964122603696
   1.784467692843096   -1.064736228893149   -2.537442847084526    1.577513967078681  -0.2403560103848092   0.1095447657395657    1.656888569746791   -1.377690757222366  0.06415643727401873  0.05867064615929783
 -0.9506390144189516   0.5693851136847536    1.288082577358367  -0.8375316582109522  0.06373726185433248 -0.04248827939890572   -1.377690757222366     1.50220496983611 -0.03018664565688903 -0.05495059365029629
   1.571518160624808  -0.9221628748144233     -2.0545852521965    1.243480888430441  0.03871536440872175 -0.01694457790754066  0.06415643727401923   -0.030186645656889   0.7957355015797624  -0.6793544341126861
 -0.7472220247499011   0.4031512760797328   0.8930918413342128  -0.5436019992187592 -0.02765509737183251  0.05580964122603738  0.05867064615929738 -0.05495059365029634  -0.6793544341126865   0.9227187837962783

cov*(cov_.inverse()):
     1.000000000000004  1.498801083243961e-15 -4.163336342344337e-15 -1.609823385706477e-15 -1.331400267812199e-15  -3.50414142147315e-16  1.408595462493167e-15 -1.084202172485504e-15 -6.661338147750939e-16 -1.110223024625157e-16
-4.052314039881821e-15      1.000000000000005 -1.193489751472043e-15   3.95516952522712e-15 -1.127353418950428e-15 -1.695692197767329e-16  3.035766082959412e-17  4.046242507715903e-16  3.469446951953614e-17  2.012279232133096e-16
-1.360023205165817e-15 -2.019218126037003e-15      1.000000000000002   1.60288449180257e-15  2.810252031082427e-16   3.33066907387547e-16  5.898059818321144e-17   3.00974523081976e-16 -1.318389841742373e-16 -5.551115123125783e-16
-1.088018564132653e-14 -3.996802888650564e-15  -3.33066907387547e-15      1.000000000000008  3.039235529911366e-15 -2.220446049250313e-16  1.137978600240785e-15   3.33066907387547e-16  1.665334536937735e-15 -6.661338147750939e-16
-3.191891195797325e-16  4.579669976578771e-16  2.775557561562891e-17 -1.221245327087672e-15                      1 -2.602085213965211e-17 -1.318389841742373e-16 -2.081668171172169e-16 -8.326672684688674e-17 -2.775557561562891e-16
 4.440892098500626e-15 -2.331468351712829e-15 -2.664535259100376e-15  4.329869796038111e-15  2.088607065076076e-15     0.9999999999999993  2.914335439641036e-16  3.747002708109903e-16  1.332267629550188e-15                      0
  1.77635683940025e-15   2.55351295663786e-15  1.332267629550188e-15 -6.883382752675971e-15 -1.589006703994755e-15  2.498001805406602e-16                      1 -4.163336342344337e-17 -4.440892098500626e-16                      0
-4.884981308350689e-15  1.443289932012704e-15  2.220446049250313e-15 -4.218847493575595e-15 -9.992007221626409e-16  1.249000902703301e-16 -6.245004513516506e-16      1.000000000000001 -8.881784197001252e-16                      0
 1.332267629550188e-15                      0 -6.217248937900877e-15 -2.220446049250313e-15 -6.106226635438361e-16 -1.665334536937735e-16  3.885780586188048e-16 -4.440892098500626e-16                      1 -8.881784197001252e-16
  1.77635683940025e-15 -1.554312234475219e-15 -5.773159728050814e-15  2.220446049250313e-15 -2.636779683484747e-16 -1.110223024625157e-16   1.27675647831893e-15 -6.106226635438361e-16  8.881784197001252e-16                      1
