10
2

0.06344448036499846
 0.3190568386254347
 0.9025266754557313
  1.031317517119153
   1.57819848916712
   1.84726493778165
  2.380996618432452
  2.404910875770081
  3.950839015881654
  8.759705658229665

     0.384817983746605    -0.2175233868914054    -0.7102918352343249     0.4022580976562769     0.3233220369126137     -0.183663532947202  0.0008039822196212752 -0.0006425983414834473   0.001460488548712242 -4.444197809020731e-05
    0.4812884991362663    -0.2340948264767976   -0.06943354716688305    0.03015162057272057     -0.715846624540149     0.3622723386468367     0.1416153775536948   -0.07229216450748761     0.1669652042308313    -0.1048559310375495
    0.6325977100289968   -0.05968586996776708      0.509454303234257   -0.02489577473340478     0.3277386623692323   -0.05316597076584442    -0.3221911199721311     0.2769302396104387     0.1073235055353411    -0.1839543041348806
   -0.3268758106828279   -0.01174927771747233    -0.2716869726316464  -0.004494041795708432    -0.2057559450355712   0.006192452698856155     -0.510204210077457     0.4962845632341186     0.2982701148862386    -0.4257164911613736
   -0.1957309369655728    -0.2515035351573707     0.1124984029531087      0.136608699623131      0.306494291993751     0.2975945197498624   -0.05984525933829898     -0.558881324161304     0.5520545898102358    -0.2528284709762564
    0.1985702219185606      0.354435144558686    -0.1577954045111709    -0.2833110054253449    -0.1874808036373319    -0.3427015346077766    -0.4917741056589819    -0.4404556584020692     0.2516652841249221     0.2793014732956463
   -0.1437290965736336    -0.3666427968935158     0.1700504697121193     0.2985157665219293   -0.08270179973373373   -0.01568580331450492    -0.1569658773858412     0.2487621640944362     0.3002034192422583     0.7369922355050448
   0.09910445618672765    0.09126635470501106     -0.298341920010774    -0.5721727586441107      0.311568643235528     0.5495266595528402    0.07307640406225871     0.2287836399496925     0.1768693425711991     0.2782799744948715
   -0.0700085229772037    -0.6347041179527314   -0.04166142072474588    -0.3184006985601511   0.002929849726923811    0.06872302516369927    -0.4184776260342612    -0.2045701857453337    -0.5171349360722167   0.001531614625928795
   0.01127693199742457     0.3996231155916958    0.00953809896950081      0.468870889038265    0.01635044184723685     0.5649833663202409    -0.4065756850032352   -0.09675564117336816     -0.338679799423822     0.1067722854040168

22.67999028879094
40.07968759794428
35.55301033636142
62.76157092701125
50.50907728111979
89.11404425703837
73.76952510427923
130.3518743113666
88.56186825890441
 156.028408893494

 1.761776463226143
0.5696780884967642

   0.06592480934334607   -0.03740080301925169  -0.006833987642804768   0.003825441697833525   -0.05851289023627297    0.03316417793058607 -0.0004115145635812801  0.0002272445160501329 -0.0004328789451141747  0.0002128122028814733
  -0.02042036974440939    0.01158414660292455   0.001478897534376423 -0.0008470407941209836     0.0181781026411465   -0.01030167451640731  0.0003840855210103087 -0.0001216753066409581  0.0005780013153394172  0.0001814788613798531

 5.992264648426007e-05    0.00965093690441365    0.01590752285222227  -0.007362896301661702   -0.03039378415365983  -0.001752140468718541    0.04923188000530101    0.01716833480385216     0.3222886951052799     0.4312985508258072
-1.609468997798361e-05  -0.002979828128321857    -0.0052605553822586   0.002313979213006714   0.009858454175390843  0.0008216275042771611   -0.01382518629027602  -0.004438478496596587     -0.106204359044176    -0.1402558197723363

cov:
   0.9539406051166068     1.714742264012139  -0.06508076481840612  -0.08527335209851859    0.1863059968977553    0.3521660525254838  -0.01047518659905173  0.008882284441501281  -0.01000380580133036   0.01029794230573499
    1.714742264012139     19.94749766536006  -0.08613073397244796     16.18140111903111    0.3933708912971303     16.35962962933509    -8.495126219168339    -1.537073609638711    -5.846940066304539     2.386857431361844
 -0.06508076481840612  -0.08613073397244796     1.121726531776045     2.005706303704152   -0.2208470607838448   -0.3524842304251582  -0.04208397964486053  -0.04013935207657073   0.04897680883581847    0.1336586831644343
 -0.08527335209851859     16.18140111903111     2.005706303704152     21.17156916525405     -0.31911871468012     18.57458494424887    -12.59079160378634    -2.572992446324491    -9.750557484151301     3.809542642063947
   0.1863059968977553    0.3933708912971303   -0.2208470607838448     -0.31911871468012     1.159888724414766     2.113809922098523  -0.03970015344700045 -0.009384285243364902     -0.05895568943953  -0.03004631171806262
   0.3521660525254838     16.35962962933509   -0.3524842304251582     18.57458494424887     2.113809922098523     26.95230242989665    -17.28223391046036     -3.61960218531544     -14.5835678354675     4.936667774571356
 -0.01047518659905173    -8.495126219168339  -0.04208397964486053    -12.59079160378634  -0.03970015344700045    -17.28223391046036     16.78589691871372      4.70954532752245     13.05932174850014    -4.032476960336113
 0.008882284441501281    -1.537073609638711  -0.04013935207657073    -2.572992446324491 -0.009384285243364902     -3.61960218531544      4.70954532752245      3.79005851729766     3.856858579267714    0.2766828524916315
 -0.01000380580133036    -5.846940066304539   0.04897680883581847    -9.750557484151301     -0.05895568943953     -14.5835678354675     13.05932174850014     3.856858579267714     14.74973670648753    -1.508886593725987
  0.01029794230573499     2.386857431361844    0.1336586831644343     3.809542642063947  -0.03004631171806262     4.936667774571356    -4.032476960336113    0.2766828524916315    -1.508886593725987     5.048787012255507

cov.inverse():
   39.68925530365966   -21.89107201502272   -67.78181446066989    38.53824364951326    27.81601418645783   -15.92276971453009   0.6361215069898523  -0.3238708484566018    0.889657235663629   -0.489813639167665
   -21.8910720150227     12.4131271633289    38.46806003523371   -21.86180467658009   -15.88819938199409    9.040172069872009  -0.3586971635826204   0.1812179461842333  -0.5010053218929014    0.273473408921619
  -67.78181446066998    38.46806003523367    125.8072937076136   -70.95927119156143   -56.30402699323201    32.12790703805523  -0.2970240295392118   0.2004545995768369  -0.3661509086296179   0.0564796464397765
   38.53824364951309   -21.86180467658004    -70.9592711915614    40.32202439828654    32.08721123764457    -18.2538578342977   0.1623984428856014 -0.09622902981459418   0.2070406113049166  -0.0532354563265978
   27.81601418645761   -15.88819938199398   -56.30402699323172    32.08721123764441    31.24222888562384   -17.23737061243236  -0.9364915480548799   0.4362287271765111   -1.012232396195624   0.6999316775828972
  -15.92276971452994    9.040172069871954     32.1279070380551   -18.25385783429763   -17.23737061243238    9.799714055216937   0.5301294574661707  -0.2462411062466881   0.5741714665249192  -0.3946652743411605
  0.6361215069898903  -0.3586971635826419   -0.297024029539281   0.1623984428856409    -0.93649154805485   0.5301294574661533   0.6603009960088098  -0.3693927546754963 0.007086388355729872  0.07942084290109427
 -0.3238708484566194   0.1812179461842426    0.200454599576866 -0.09622902981461097   0.4362287271764989   -0.246241106246681  -0.3693927546754964   0.5821847456943972 -0.07212742447915027  -0.1228360230399271
  0.8896572356636522  -0.5010053218929145  -0.3661509086296611   0.2070406113049413   -1.012232396195604   0.5741714665249076 0.007086388355729463 -0.07212742447914995   0.5530208273641697  -0.3040441085668034
 -0.4898136391676715   0.2734734089216229  0.05647964643979008 -0.05323545632660543    0.699931677582891  -0.3946652743411567  0.07942084290109459  -0.1228360230399275  -0.3040441085668034   0.4778174920424793

cov*(cov_.inverse()):
     1.000000000000075 -1.148213468749049e-14  1.636331044621575e-13  6.512390453294881e-14  1.653538417301093e-14 -3.350791866196801e-14  4.961309141293668e-16  5.921912266115825e-16  1.656660919557851e-16 -3.365363543395006e-16
 7.172040739078511e-14     0.9999999999999576  1.837419105754634e-14  2.808864252301646e-14 -2.775557561562891e-14  2.120525977034049e-14  7.771561172376096e-16 -1.110223024625157e-16  1.110223024625157e-16  4.440892098500626e-16
-1.827704654289164e-14 -1.337124855282923e-14     0.9999999999999981 -3.964710504344993e-15 -2.765843110097421e-14   9.51322354225681e-15 -3.729655473350135e-16  4.232725281383409e-16 -4.093947403305265e-16  2.775557561562891e-17
-1.190159082398168e-13 -1.176836406102666e-13 -1.644795410982169e-13     0.9999999999998406  2.620126338115369e-14  4.019007349143067e-14 -2.220446049250313e-15  1.110223024625157e-15 -2.220446049250313e-16  8.881784197001252e-16
-4.191091917959966e-15  1.221071854740075e-14  8.275411605973559e-14 -1.842558224052215e-14     0.9999999999999849  6.482661629725328e-15  7.892991815694472e-16 -4.076600168545497e-17  2.740863092043355e-16 -6.036837696399289e-16
 7.993605777301127e-14  5.551115123125783e-15 -5.945244296867713e-14 -1.117994585797533e-13 -8.748557434046234e-14     0.9999999999999958 -3.885780586188048e-16  -3.33066907387547e-16   1.77635683940025e-15                      0
-1.176836406102666e-14 -1.176836406102666e-14  -7.07489622442381e-14  6.913913885853162e-14  1.039168751049147e-13 -4.662936703425657e-14     0.9999999999999991  8.881784197001252e-16  4.440892098500626e-16 -4.440892098500626e-16
  1.52655665885959e-15  -4.73232564246473e-15    -5.759281940243e-15  2.165108370366653e-14  2.953193245502916e-14 -8.062994716340199e-15  4.198030811863873e-16                      1                      0  1.942890293094024e-16
  -6.7390537594747e-14  1.049160758270773e-14  2.222250161665329e-13 -4.977962486663046e-14 -4.951594689828198e-14 -1.043609643147647e-14  9.436895709313831e-16 -1.554312234475219e-15      1.000000000000001  -3.33066907387547e-16
-4.440892098500626e-15                      0 -2.431388423929093e-14 -1.071365218763276e-14 -7.549516567451064e-15  1.021405182655144e-14 -1.110223024625157e-16 -1.110223024625157e-16                      0      1.000000000000001
