10
2

0.04144948807535197
0.04427683562196728
 0.4055605903830952
 0.9767755524998579
  1.044228522239311
  1.151127155236662
  1.332569417615567
   1.85923620433561
  3.300678374056865
  5.445586714095264

   0.1856517247716241  -0.04749315754561733   -0.6268068910394243    0.1557609485052305    0.6762862769014611   -0.1684021385092878    -0.238739858834049   0.05837505428433644  0.001160805906702102 -0.001167104543519129
   0.5374484629618873   -0.1355743830302477    -0.503614298953183       0.1276245312615   -0.4647205110891635    0.1146809773353228    0.4259482463801325   -0.1109074991938123 -0.001719551091055669  0.001065090982561419
   -0.644552343976847      0.15597163585116   -0.2785083625152636   0.07020662900157211    0.1434342082104396  -0.03622250444965808    0.6375278890462949   -0.1557949668213814   -0.1461902730236802   0.06130519633904038
  -0.3441779807360913   -0.2394066830377361   -0.1640726104496113    0.3868491063010729   -0.3163132417144174   -0.3181320483051249   -0.1523966599572123    0.2161430088028793    0.6111384933255468  -0.05439703907579149
  -0.1909055777407894    -0.207423657297094     -0.11350092656904   0.08716645068812011  -0.03442199341333722    0.4031771200548943   -0.1439203046158331  -0.05271907824976899   -0.1731521533496073   -0.8263409399607562
   0.1021171840814574   -0.2786764667929464    0.2844878565224741    0.5385222833216812  0.004707860613425243   -0.4815886740565284   0.08665318384915756  -0.01376334562061635   -0.5442875028765829  -0.07123912377161681
  -0.1502240919502044   -0.7295745641594877  -0.07137802945237882   -0.3287298326822224   0.02770697775952814    0.1613465454283687   0.06980476740814186    0.4341662069164988    -0.195126326661764    0.2715656146671166
    0.145870469183334    0.3238787819723365   0.02034526323551988   -0.2069673372661216   0.01899207419208282   -0.2799813496203848    0.2913299124169156    0.7267481211347401 -0.007953494720597148   -0.3724586820572663
 -0.01151757229243616   -0.2095560844074787   -0.0930652796488681   -0.5925464677402204  -0.08028701765331102   -0.5902531857887093  -0.02134840476910816   -0.4177813157115462   0.03239312821299373   -0.2555190890561756
   0.2278714445664322   -0.3097512973916483    0.3755174161116501   0.07249114675631363    0.4441428385041206    0.0931042152083814     0.462040489320797   -0.1383073471137905    0.4896084471649716   -0.1661397571244327

32.97483752171554
131.5171178560917
39.18978275788221
156.1740167260276
46.53449583613327
185.4083989755011
55.17483294102962
219.8589767835356
65.87086077072217
262.7966728999988

 3.992088493442706
0.2512352899599239

    0.1304999258022318   -0.03192989564208047    0.08325892638525552   -0.02071667438027777   -0.03108802614358444   0.006378602378800018    -0.1845265316245142    0.04358042126914476 -0.0003540701127344587  -0.003386112354890099
 -0.009650334385804022   0.002402733342460741  -0.003852674931913721  0.0009717959915873162   0.002964278133757202 -0.0007212289373577407    0.01060526198785558  -0.002598522482124615 -5.826996605577802e-06  1.438094638876025e-05

-8.877760976758924e-06 -7.521197382180074e-05   -0.03997068434716079   -0.01300687826764211   0.001324734689282126    0.02038027697775492     0.0176082487551101    -0.0294590291828458   -0.05412244361694708     -1.029593093165474
 1.771017105462285e-07 -2.014892402486869e-07   0.002525606845307424  0.0008242027817020431  7.948491185000329e-05  -0.001205270003412534  -0.001358103675646826   0.001884137823317057   0.004721851882101845    0.06476646067774156

cov:
  1.890425846312848  -1.641492278719943   2.723292298201875   0.467967226054044   3.109700301106649  0.4782680868216601   3.277660475196599 -0.6769839110593631   3.129661402051026  -1.177120149769208
 -1.641492278719943   4.839978599587783  -3.170458898102274   0.575901201918653  -3.828962030891388  0.1282212598527752  -3.907977257528776   2.439049769080173  -4.230550316025872   1.567813950953187
  2.723292298201875  -3.170458898102274   4.447410156940412   1.563288281833079    5.07380050550355   1.415183798178589    5.22341947834976   -1.14580267172029   5.170763886092454  -1.570513310937568
  0.467967226054044   0.575901201918653   1.563288281833079   4.857208279803864   1.328357450817673   3.693448376929072  0.8811913315459203   1.689414682817208  0.7820015994694586   1.251551930892147
  3.109700301106649  -3.828962030891388    5.07380050550355   1.328357450817673   6.023925644724305   1.808817127330802   6.192984248645583  -1.453961661622876     6.2252979812275  -1.927353064583774
 0.4782680868216601  0.1282212598527752   1.415183798178589   3.693448376929072   1.808817127330802   4.951306973732735   1.075048163183926   1.646595989656607   1.181860636085183   1.321017554786131
  3.277660475196599  -3.907977257528776    5.22341947834976  0.8811913315459203   6.192984248645583   1.075048163183926   6.759669207353585  -1.053349507663275   6.529144375152728  -2.422528218753335
-0.6769839110593631   2.439049769080173   -1.14580267172029   1.689414682817208  -1.453961661622876   1.646595989656607  -1.053349507663275   4.681128854311372  -2.176289905883261   1.154099737440961
  3.129661402051026  -4.230550316025872   5.170763886092454  0.7820015994694586     6.2252979812275   1.181860636085183   6.529144375152728  -2.176289905883261   7.973019583627147  -2.412014525654331
 -1.177120149769208   1.567813950953187  -1.570513310937568   1.251551930892147  -1.927353064583774   1.321017554786131  -2.422528218753335   1.154099737440961  -2.412014525654331   2.895075064429061

cov.inverse():
   170.1131828793571   -42.73616623972463   -204.5942188802983    51.45108362105695    -54.7626478016271     13.3669889705408    88.57301310648593   -23.56298960847717  0.01471526331080034  0.04474456508325067
  -42.73616623972451     11.3319464465805    51.92257105198059   -13.16568954111296    13.65115319030336   -3.287634213347665   -22.21076572355541    5.766277946333905  0.01593942305825586  0.06274137265933777
  -204.5942188802983    51.92257105198085    358.6345555629496   -89.67308293861953      -127.5294479602     31.9473722117499   -23.33560000520306    7.411475922432587  0.07556412278861389   0.1154279222541077
   51.45108362105692   -13.16568954111302    -89.6730829386195    22.94809040147297    30.99076405402455   -8.090481167808756    6.290819644300137   -2.017912208988963 -0.02031684001595689  -0.1418515821994666
  -54.76264780162378    13.65115319030239   -127.5294479602064    30.99076405402613    376.6095543660083   -93.40762822906098   -194.3256831461738    49.07480261048439   0.5419907153143427  -0.6129767587684312
    13.3669889705402   -3.287634213347483    31.94737221175109   -8.090481167809051   -93.40762822906076     23.7229008505554    48.12901060263897   -12.25914128661567  -0.2694649043873137 -0.03014108890872269
   88.57301310648413   -22.21076572355496   -23.33560000519949    6.290819644299263   -194.3256831461754    48.12901060263941    128.2762785824014   -32.76418036748728   -1.212685318328252   0.7215087863503405
   -23.5629896084766    5.766277946333767    7.411475922431474    -2.01791220898869    49.07480261048491   -12.25914128661581   -32.76418036748728    8.732613348129982   0.3747607563617891  -0.1309448576891358
  0.0147152633108948  0.01593942305823225   0.0755641227884716 -0.02031684001592141   0.5419907153143614  -0.2694649043873184   -1.212685318328223   0.3747607563617812   0.8043930233933065  0.03693891146331652
 0.04474456508320973  0.06274137265934811   0.1154279222542547   -0.141851582199503   -0.612976758768594 -0.03014108890868213   0.7215087863503983    -0.13094485768915  0.03693891146331638   0.7459595611957764

cov*(cov_.inverse()):
     1.000000000000055  5.828670879282072e-15 -3.164135620181696e-14  4.887756865912252e-14  2.173816682216057e-13  -4.57897608718838e-14 -8.804068585277491e-14  2.647881913730998e-14  4.440892098500626e-16  1.110223024625157e-16
 1.192657084203574e-13      1.000000000000007  1.177946629127291e-13 -3.749778265671466e-14 -3.591571484662381e-13  2.321753900247359e-14  5.595524044110789e-14 -2.878253191340718e-14 -1.020017403874363e-15  2.220446049250313e-16
-1.861427678662153e-13   4.18554080283684e-14      1.000000000000002  2.017830347256222e-14  5.349054532644004e-13 -9.702655345833477e-14 -1.512123759539463e-13  4.662936703425657e-14  1.318389841742373e-15 -2.220446049250313e-16
  3.45626305353619e-14  3.094746681142624e-15 -6.142308883738679e-14      1.000000000000035  1.367794766338193e-13 -1.422473250300982e-15 -5.895284260759581e-14  1.859623566247137e-14  2.636779683484747e-16  1.110223024625157e-16
 6.437905764045126e-14  3.202993426043577e-14  5.301314942585122e-14   1.23789867245705e-14      1.000000000000229 -5.614259057651338e-14 -1.827427098533008e-13  6.106226635438361e-14 -1.415534356397075e-15  2.220446049250313e-16
 3.058664432842306e-14  2.484124017598788e-15  -1.06581410364015e-14  2.392530618067212e-14  1.521005543736464e-13      1.000000000000011 -3.752553823233029e-14  1.110223024625157e-16  1.110223024625157e-16 -1.110223024625157e-16
-3.233108225586534e-13   5.33739719088544e-14   6.70019595361282e-14 -7.216449660063518e-16 -2.753353101070388e-14  -3.00454106039183e-14      0.999999999999903   4.75175454539567e-14  2.498001805406602e-16                      0
-1.217081990745328e-14  5.412337245047638e-15  7.954747971439247e-14 -2.392530618067212e-14 -1.765254609153999e-14  3.379935220593211e-14 -1.187938636348917e-14      0.999999999999982  2.844946500601964e-16                      0
-2.646910468584451e-13  2.481348460037225e-14  1.362243651215067e-13  1.953992523340276e-14  2.642330798607873e-14  3.327893516313907e-14 -4.662936703425657e-15  3.741451592986778e-14     0.9999999999999988  2.220446049250313e-16
 7.829847881168917e-14 -1.659783421814609e-14  -1.02695629777827e-14 -9.880984919163893e-15 -2.418065747633591e-13  3.137767823346849e-14  6.661338147750939e-14 -2.503552920529728e-14  2.775557561562891e-17                      1
