8
2

0.04390161373281118
0.04662413091370158
 0.3306999457427635
  1.114760087921268
  1.372153071572402
   2.07348971129354
  2.985797902210664
  6.207316318058671

   0.3356989694353396  -0.06340401063220463   -0.7488854646752583    0.1364462525630229    0.5310196550857895  -0.09436481333662629    -0.111660297964086   0.02201136275919397
   0.4778132953522525  -0.09287472970432842   -0.3113092479602962   0.05731185341141158   -0.6411068345582659    0.1203800460578284    0.4788671830872468  -0.08970805491032174
  -0.7025146825293135    0.1716539511235357   -0.3561652701975123   0.05447117034142516   0.07281769760790688 -0.004354819394375153    0.5763974760210099  -0.09814174392642604
    0.056114465118137    0.6638037980280879   -0.1386706093484393    -0.208639537732939  -0.02695483529732002    0.6143284904588301   -0.2297903681859446   -0.2500520331433977
 -0.02886212061310151   -0.5478004863965467    0.1160014532747196   0.04030517818523879    0.2132188651578913    0.3773754961166338   0.05214442433111374   -0.7024294769083328
  0.06222575748556688    0.2983717038059945    0.1730156292983169    0.9135831593910574 -0.003710582192237587   -0.0671067562698692  -0.02539654941242134   -0.1933173931375287
  -0.1049506315871696   -0.2804186488239174 -0.006257796311827612     0.280447365844933   0.05154352170562717    0.6700474296860707   0.02862910699119287    0.6158091773198419
   0.3828906402204575    0.2225039093334037    0.3908247307714327   -0.1291928209902779    0.5028303738391157   0.05750067859102118    0.6074511368564883   0.09649049809737657

28.47112635348289
155.3764975804178
 34.0053256586823
185.6903347067656
40.34937041705325
220.1606759552566
 47.9232440710907
261.3993391608439

  5.48364857129154
0.1836224366372872

    0.2845347594435458   -0.05669018592327144   -0.05310183617073884    0.02107882644736413    0.07594079599144639   -0.02161165420337255    -0.3038450053678979    0.05492895215745582
 -0.008218984181965825    0.00154976362799578  -0.002533043439072782  0.0004599737490423095   0.002207009668193532 -0.0003845282920443957   0.008688611110888762  -0.001595471917005306

 0.0004225866033229267 -9.294777297429968e-05    -0.0398584687046786    0.02741756437483899   -0.05433566485199966    0.03923962348299853    0.06097004595869757     -2.676850656921215
-1.338901547061763e-06 -8.989857009908405e-07   0.001344532342268869  -0.001330298918096893   0.001905759797365678  0.0001647864987784026    -0.0027172847592462    0.09093473868793198

cov:
  5.823824645423999   3.687541246907208   5.828590209062313  -1.944751892843437   7.349691745029622  0.2261698445878551   8.865474206865139  0.8238367284677375
  3.687541246907208   4.107185564824395   3.347661720916333 -0.8494333280235128   3.936556771041363  -1.150747521607873   4.871080739340435 -0.4438403151871066
  5.828590209062313   3.347661720916333   6.078788196358848  -1.239157991932062   7.614421127613193  0.7553738437450932   9.155357617628869   1.168399494311537
 -1.944751892843437 -0.8494333280235128  -1.239157991932062   4.990192759892748   -2.36508254897218  0.9947491056366331  -2.985006101758878  0.3109375163606823
  7.349691745029622   3.936556771041363   7.614421127613193   -2.36508254897218   9.854319399069514   1.553627977638544   11.81502783506818   1.881256258028243
 0.2261698445878551  -1.150747521607873  0.7553738437450932  0.9947491056366331   1.553627977638544   4.886437719812688   1.385672525170099   3.258100671406339
  8.865474206865139   4.871080739340435   9.155357617628869  -2.985006101758878   11.81502783506818   1.385672525170099   14.33541059057465    2.43285132664246
 0.8238367284677375 -0.4438403151871066   1.168399494311537  0.3109375163606823   1.881256258028243   3.258100671406339    2.43285132664246   4.907923413000201

cov.inverse():
  168.0180314075346  -32.51222182993368  -196.5789600371718   36.01180001115773  -48.89509267654946   10.06561358999607   82.10015727681642  -15.26355972045417
 -32.51222182993362   6.868019267724218   37.28416300759791  -6.921125328215653   9.960862861479498  -1.852730637092681   -16.0183996832311   2.993147537798135
 -196.5789600371592   37.28416300759562   336.7602836744989  -61.34106267732997  -114.7350352386332   19.39286171501565  -27.03496737866788   4.591358942262817
   36.0118000111554   -6.92112532821523  -61.34106267732987   11.43708784784427   20.73528021475883  -3.597348890752383   5.040493123250913 -0.8508063170151515
 -48.89509267656673   9.960862861482774  -114.7350352386128   20.73528021475516   335.4627005158437  -61.47085617695527  -171.5906379166093   32.38702341966933
  10.06561358999923  -1.852730637093281   19.39286171501181  -3.597348890751694  -61.47085617695512   11.71752521042964   31.86278811154024  -6.256549958349396
  82.10015727682308   -16.0183996832324  -27.03496737867964   5.040493123253047   -171.590637916604   31.86278811153933   115.0500215847262  -21.52278498133884
 -15.26355972045545   2.993147537798382   4.591358942265035  -0.850806317015555   32.38702341966835  -6.256549958349227  -21.52278498133884   4.405342157269263

cov*(cov_.inverse()):
    0.9999999999998952  4.796163466380676e-14   6.17284001691587e-14  1.854072451124011e-14  5.684341886080801e-14  3.108624468950438e-14 -1.740829702612245e-13   1.77635683940025e-15
-1.199040866595169e-13      1.000000000000006 -1.167954621905665e-13  1.648681191568357e-14 -2.895461648222408e-13 -5.151434834260726e-14  4.440892098500626e-14  8.659739592076221e-15
-6.750155989720952e-14  2.708944180085382e-14      1.000000000000049  5.273559366969494e-14 -2.415845301584341e-13 -5.240252676230739e-14 -9.592326932761353e-14  6.217248937900877e-15
 4.352074256530614e-14 -2.020605904817785e-14 -1.598721155460225e-14     0.9999999999999946 -5.861977570020827e-14  3.042011087472929e-14  8.171241461241152e-14 -5.773159728050814e-15
-2.486899575160351e-13  2.842170943040401e-14  1.740829702612245e-13  9.325873406851315e-14     0.9999999999997442                      0  2.842170943040401e-14  6.217248937900877e-14
-7.105427357601002e-15  7.105427357601002e-15   1.06581410364015e-14  4.440892098500626e-16 -5.684341886080801e-14      1.000000000000007   -1.4210854715202e-14  3.552713678800501e-15
 2.202682480856311e-13  2.930988785010413e-14 -5.684341886080801e-14  5.151434834260726e-14  7.105427357601002e-14 -5.329070518200751e-14     0.9999999999999076  3.552713678800501e-14
                     0 -3.552713678800501e-15 -4.618527782440651e-14  3.552713678800501e-15  -1.13686837721616e-13   1.06581410364015e-14  5.684341886080801e-14                      1
