10
2

0.03735267370893547
 0.1551852998623555
 0.3653787747566951
 0.7936172902106831
 0.9448374520872214
 0.9737839255284759
  1.216937362116718
  2.368954062855364
  2.818900851812383
  4.733377746039468

    0.4696095751576388    -0.2135712672496443    -0.7358601558939849     0.3333094037563931     0.2601622522847068    -0.1165350954555601  0.0004683951356216359   0.001012127324487921   0.001624878060758522 -0.0003507844874714291
  -0.04337246189277434    0.02028014114158063   0.006719653503830255   0.004166911672100765    0.08953231513958626    -0.0475046573045209     -0.987788977584851    -0.0959383694815503    -0.0184366145456504    -0.0458383777620916
    -0.441610782500625     0.1760210329229525   -0.01349116924590197  -0.001885515500120318     0.7394625747797656    -0.3732430654348907    0.09155042849743643     0.1218935079360731    -0.1868369314972687     0.1718956466293002
   -0.4140603609914902    0.03128499830265571    -0.3229231488281075    0.04828170326271543     0.1687645475620693     0.8282555047816205  -0.006103446859511555    0.02237984166421804   -0.01381833633898797   -0.07580945790100371
   -0.5778533321430536   0.002495501869312636    -0.4830328511365673     0.0242558469770908    -0.5133138252810885    -0.3603260827414607   0.003075429521323094    -0.1600892002304444    0.07113783869224866    0.09025323314105518
    0.1026599895540427    0.01343450966583782     0.0548371382635847  -0.005957583317546837    0.05512586131565436     0.1388975851712205    0.03578755512844991    -0.7144027692167366    -0.1357519906002486     0.6586545129976298
  -0.06518928051534595   -0.02627690960570157     0.0533195791307902    0.04367008496837509     0.1511946257336043   -0.09333510234155848     0.1192113392216368    -0.6462435492232024    -0.1129976696918296    -0.7170272170848189
    0.1378145014792411     0.2600244016546208    -0.1634788829675941    -0.2218832680358955    -0.1972177657841432    0.02500799725773886   -0.01380290715743359     0.1156635273038879    -0.8836089652486052   -0.05986085186285214
   -0.1973483790378125     -0.524351872033366     0.2891092185469776     0.6643259838260874    -0.1003590876947786    0.01152625075192998   -0.01122754867116111    0.09097319623750109    -0.3740742412928132    0.05154667137614549
   0.06691189699452028     0.7606438784423971    0.06725321980295608     0.6272644478388114    -0.1032310163328108    0.01575408463548328   0.005987861325388056   -0.01229441661943668    0.08720353064450762   -0.01623909776956182

22.69163713986397
51.22725484042326
35.54484923307171
79.51499512854454
58.10131397734904
129.1538487469145
85.19774668589481
187.6173296832642
100.3582856554923
  222.23022013064

 2.200621493406155
0.4549766546905933

     0.059216122205067   -0.02688600612654214   0.003301302194839663  -0.001463050335924494   -0.06148653482460648    0.02795765159551176    0.00161958268275745  0.0001141237775576747 -0.0004626134662462935  1.561553723246486e-05
  -0.01245202303344718   0.005648071387315561 -0.0005368744974343693   0.000241747259887912    0.01293446869714909   -0.00584408236092719  0.0008608011015133198 -5.093567030457957e-05 -5.153262286597724e-06 -9.770740866831573e-05

 1.587649214465721e-05 -0.0002777577998962502   -0.01155796526628752  -0.008641040163392573   -0.01291961237520433   0.006117141707219179   -0.02189876903227283     0.0795708325903918    0.07193737106356397    -0.2336523784549206
-3.532333068356881e-06  3.002754913118108e-05   0.002443413705528031   0.001802065764322824   0.002626982722728719  -0.001259750197733109   0.004964856377216941   -0.01637414359061328   -0.01495209590732741    0.04835253775140548

cov:
   0.9651222809403102     2.147558462214528   -0.1450969467109384   -0.3025920708939958   0.01812918759636428   0.03927372183285977  0.003523041899910604 -0.009132320464312638   0.00958954910510555  -0.05500886948543692
    2.147558462214528      15.5332185514926   -0.3059316129900506     7.597240584849144    -1.614564094045271    0.2691099984912799     0.126057093526913   -0.4008425746464362     1.753507825244783   -0.5398569078161569
  -0.1450969467109384   -0.3059316129900506     1.197305034046265     2.657415622838264 -0.004927505265268399   0.01483257616498734  0.006756675793828937   0.06042227132155135   0.03916815074557885    0.1026834152176432
  -0.3025920708939958     7.597240584849144     2.657415622838264      12.6036185078382    -1.731565632046282     0.261708360664634   0.04933721088498359    0.1228445868058826    0.3457419132841253   0.06793398015048858
  0.01812918759636428    -1.614564094045271 -0.004927505265268399    -1.731565632046282    0.9002540510776968    0.1292184913693749   0.04379460266052967   -0.2666055884982194    0.9896311445158208  -0.09596034081906737
  0.03927372183285977    0.2691099984912799   0.01483257616498734     0.261708360664634    0.1292184913693749    0.6079656117668958  -0.02022118624709602   0.07266330038373939   -0.1505118149726326   0.09935851777131487
 0.003523041899910604     0.126057093526913  0.006756675793828937   0.04933721088498359   0.04379460266052967  -0.02022118624709602   0.04978353217095363   -0.1538131248017671   0.08736538930292029   -0.1026451829456323
-0.009132320464312638   -0.4008425746464362   0.06042227132155135    0.1228445868058826   -0.2666055884982194   0.07266330038373939   -0.1538131248017671     1.272073737602187   -0.6812357168519532    0.2318478367257879
  0.00958954910510555     1.753507825244783   0.03916815074557885    0.3457419132841253    0.9896311445158208   -0.1505118149726326   0.08736538930292029   -0.6812357168519532     5.709599651459083       0.1492134533787
 -0.05500886948543692   -0.5398569078161569    0.1026834152176432   0.06793398015048858  -0.09596034081906737   0.09935851777131487   -0.1026451829456323    0.2318478367257879       0.1492134533787     1.234786532265552

cov.inverse():
   160.2707438274726   -72.50136306981709   -247.1287226369041    112.1152838387266    85.17712102856309   -38.19539933798079    1.634425326372161   0.1507993806016901    1.139317244422611  -0.5126390008800759
  -72.50136306981693     33.0159088800271    112.5864820384185   -51.05096211439245   -38.77449484794472    17.35097952734359  -0.7844171768367004 -0.07405672992755975  -0.5242965932216643   0.2535523498734868
  -247.1287226369036    112.5864820384184    388.5539081923491    -175.794926846232   -137.0614057781534    61.26145499231476  -0.5240710020366519   -0.562428357385065  -0.8741808070573475   0.1607262283329654
   112.1152838387265   -51.05096211439245    -175.794926846232    79.71372847674176    62.15571580487428   -27.79192147507073 -0.05762949250933776   0.2089551306648552   0.3921193749908812  -0.1165786834647796
   85.17712102856306   -38.77449484794472   -137.0614057781534    62.15571580487428    53.30796869444369    -23.5473194196062   -3.066457121359226   0.4926021720675395   -0.829102847023059   0.6107058974195928
  -38.19539933798077    17.35097952734358    61.26145499231474   -27.79192147507072    -23.5473194196062    12.13174263520082     1.64180365171018  -0.2053087778997472   0.3589414713374097  -0.3555231417037214
   1.634425326372384  -0.7844171768368011  -0.5240710020369984 -0.05762949250918122   -3.066457121359108    1.641803651710128     40.5900658028737    3.938858547755077   0.6175175988245422    1.966165576824866
  0.1507993806016934 -0.07405672992756135  -0.5624283573850699   0.2089551306648573   0.4926021720675404  -0.2053087778997475    3.938858547755078    1.347384408721402  0.01982740516128451   0.1364606764706836
   1.139317244422619  -0.5242965932216678  -0.8741808070573597   0.3921193749908867  -0.8291028470230548   0.3589414713374077     0.61751759882454  0.01982740516128424    0.468589781430038  -0.2296781294286534
 -0.5126390008800684   0.2535523498734835   0.1607262283329538  -0.1165786834647744   0.6107058974195968  -0.3555231417037231     1.96616557682487    0.136460676470684  -0.2296781294286533    1.132565162535409

cov*(cov_.inverse()):
    0.9999999999999716 -9.050052374171003e-14 -2.449464242548771e-13  2.656902475806078e-14  1.929012505286209e-15  8.635453463412546e-15 -4.024558464266192e-16  9.454242944073599e-17  5.030698080332741e-17  6.245004513516506e-17
 5.428990590417015e-14     0.9999999999999212 -8.736067425019201e-14  1.116745584894829e-13  6.006306563222097e-14  5.051514762044462e-15  6.661338147750939e-16  8.326672684688674e-17 -4.024558464266192e-16 -2.220446049250313e-16
-2.477185123694881e-15 -8.552186736565659e-15     0.9999999999999933 -5.696831895107834e-15 -7.230327447871332e-15  1.693090112553364e-15   6.38378239159465e-16  6.765421556309548e-17  1.214306433183765e-16  1.249000902703301e-16
-3.026051631493942e-14 -4.579323031883575e-14  4.007037757158827e-13      0.999999999999992  -4.40619762898109e-14 -2.098668461236741e-14   6.38378239159465e-16  -3.41740524767431e-16  7.962380754733545e-16 -2.775557561562891e-17
-1.963013085415355e-14 -1.096345236817342e-14  -5.33219302045751e-14 -1.088365508827849e-14     0.9999999999999852  1.255939796607208e-14 -1.387778780781446e-16  6.938893903907228e-17  1.734723475976807e-16 -1.110223024625157e-16
-1.223326995258844e-14   1.56472057533108e-15  -1.52655665885959e-16 -5.561523463981644e-15 -3.143318938469974e-15      1.000000000000001 -1.387778780781446e-16 -3.816391647148976e-17 -1.387778780781446e-17 -1.387778780781446e-17
 1.117161918529064e-15  5.898059818321144e-16  1.762479051592436e-15   9.71445146547012e-16  1.457167719820518e-15 -1.595945597898663e-16                      1 -2.081668171172169e-17  5.204170427930421e-17  -9.71445146547012e-17
 5.662137425588298e-15 -5.974387651264124e-15 -3.462508058049707e-14  6.914607775243553e-15 -1.360023205165817e-15 -1.915134717478395e-15  7.771561172376096e-16                      1  2.081668171172169e-17  1.110223024625157e-16
 1.106059688282812e-14  2.234323837058128e-14  1.290113849083951e-13  -2.44353148826093e-14 -6.813993813636898e-15  4.010680676458378e-15 -2.220446049250313e-16 -6.938893903907228e-18      1.000000000000001 -5.551115123125783e-17
-1.221245327087672e-15 -5.218048215738236e-15  -2.40918396343659e-14   3.58046925441613e-15 -1.110223024625157e-16 -1.387778780781446e-15                      0 -5.551115123125783e-17 -5.551115123125783e-17                      1
