8
2

0.2340546990624089
0.4494370671963094
0.9207773552183918
 1.051370112177836
 1.452292480152762
 1.844265737784672
 3.719961281835484
 30.04746960023101

   -0.353981310912802    0.2994431409465489    0.6245776724555184   -0.5335477001287529    -0.249123714995992    0.2173480027952702  -0.02557501742417303     0.017428666418904
  -0.3693528455678407     0.215382582498422   0.05012589191986396  -0.02116053125616689    0.6263319774076782    -0.443893086578969   -0.3927178891183851    0.2658350744988842
  -0.6308051206552879    0.0090080630285965   -0.5557243667813888   0.01927301789548773    -0.439885665988114    0.0703482335948464   -0.2998761596179679  -0.06654884884971667
   0.4917617399003298  0.003588264490250537   0.09832738269918689   -0.0553153374142384   -0.3251797639212688  -0.09580605526558375   -0.7877428174696093   0.09985003366059507
  -0.2448393683644502    -0.479596830372046    0.3670543726419487    0.3836855885545186    0.2283352969831897    0.3998773471082079   -0.3215871536773287   -0.3356185672262437
   0.1829913930749004    0.1025968844781081   -0.3914324857337395   -0.5034889202134589    0.4405920333370742    0.5445766517072572   -0.1688860001106902   -0.1733781855722082
 -0.07140582781449666   -0.7452744355431291    -0.030719860724797   -0.4015999321367403  -0.01207200621820082  -0.03670325318568917    0.0520748906862355    0.5225288047335617
0.0001985804405973179    0.2605319615193891 0.0005165268802061016    0.3865871424373139 0.0005193022756011973    0.5327085019627881 -0.001244099801621738    0.7063235848902365

22.67778544499393
25.60268576138374
35.56162170260459
39.98246920259403
50.49919609864725
56.64921590612646
68.18579172451803
76.42982935695537

  1.115824160943882
0.01237930093988108

  0.03867873400934572  -0.03486522474923035 -0.002733440781183885  0.002492927912362193  -0.03328370745643568   0.02978564899087134 -0.003615013347243562  0.002862548103234571
    3.262026222948633    -3.442804941039455    -7.942747053393068     6.440459148134308      5.22924244992004    -4.065137438638218    -1.884184375635735    0.9370958749103531

-0.0006716819799784832   -0.01088198080341194  -0.004676444752087392    0.03271039593036241    0.02471280801510914    0.01695849383608494      0.317185691795726      8.814225613669324
    -0.695974656301803      0.724756208363123     0.3101404563646109      0.797401718535341     0.5653885064921578      1.210783745638575      6.476736857207855      81.98100329613588

cov:
  0.9500239045642592    1.069912553376849 -0.06792470239799761  -0.0738246649053315    0.184935988090135   0.2034292298883472  -0.2287568703842107   -0.254587278943377
   1.069912553376849    69.50414977600873 -0.06099735279085401    94.50178367980809   0.1879450140657764     125.452919020647  -0.5862528912903486     161.044207359604
-0.06792470239799761 -0.06099735279085401    1.113011633664844    1.284820333735768  -0.2347215892533459  -0.1920535839694374 0.003989875284519113   0.1237637768195276
 -0.0738246649053315    94.50178367980809    1.284820333735768    138.3546158212098  -0.3041035760688061    185.5289707382632  -0.6489601662705756    243.6409629712188
   0.184935988090135   0.1879450140657764  -0.2347215892533459  -0.3041035760688061    1.136073124621471    1.213645754394416 -0.07159401271925959  -0.1552614161552681
  0.2034292298883472     125.452919020647  -0.1920535839694374    185.5289707382632    1.213645754394416    257.6307405404974   -1.108411700834504    338.8028643928347
 -0.2287568703842107  -0.5862528912903486 0.003989875284519113  -0.6489601662705756 -0.07159401271925959   -1.108411700834504    1.147423711112605   -0.180725066820852
  -0.254587278943377     161.044207359604   0.1237637768195276    243.6409629712188  -0.1552614161552681    338.8028643928347   -0.180725066820852    454.5729576931435

cov.inverse():
  3.689433752435951  -2.268808178331861  -3.733774105980298   3.377805033109248  0.6443659936936016 -0.7046534871614986  0.7839961146508833 -0.4778364197046829
 -2.268808178331896   2.018922857039501   3.368267026350075  -3.019669298290947   -0.73760380034997  0.6428015550138954 -0.4990623146621869  0.4214881231072382
 -3.733774105980304   3.368267026350097   7.615391512105804  -5.980297610108919  -2.436425482407812   2.320247699274359 -0.2992010715665924  0.2775650627413128
  3.377805033109187  -3.019669298290965  -5.980297610108909   5.358081784440053   2.343678632242006   -2.07055058716248  0.2878194298131964 -0.2543563047259095
 0.6443659936936624 -0.7376038003499961  -2.436425482407856   2.343678632242046   3.480701436447931  -2.259259274246566 -0.7708282787756078  0.6909362028037191
-0.7046534871615219  0.6428015550139242   2.320247699274399  -2.070550587162521  -2.259259274246561   2.015374207692775   0.716795757741621  -0.621574312446903
 0.7839961146508592 -0.4990623146621753 -0.2992010715665664  0.2878194298131716 -0.7708282787756177  0.7167957577416338   1.500526695708567 -0.5108483281766053
-0.4778364197046596  0.4214881231072256   0.277565062741285 -0.2543563047258844  0.6909362028037286 -0.6215743124469151 -0.5108483281766049  0.4521683426083209

cov*(cov_.inverse()):
     1.000000000000002  3.434752482434078e-14 -1.437738816889578e-14  7.566169912820442e-14  -2.90878432451791e-14 -9.797718192317006e-15  9.547918011776346e-15 -7.813194535799539e-15
 2.842170943040401e-14                      1  7.105427357601002e-15  4.973799150320701e-14 -4.263256414560601e-14 -2.842170943040401e-14    1.4210854715202e-14                      0
-1.769417945496343e-15  2.012279232133096e-16      1.000000000000004 -1.557781681427173e-14 -6.245004513516506e-16  8.160139230994901e-15  2.234323837058128e-15 -5.134781488891349e-16
 5.684341886080801e-14 -4.263256414560601e-14   -1.4210854715202e-14      1.000000000000043 -5.684341886080801e-14                      0   -1.4210854715202e-14                      0
-6.050715484207103e-15  1.224020884649235e-14  2.380040609040179e-15  1.184469189396964e-14      1.000000000000001  -9.06219543850284e-15 -3.733124920302089e-15  3.178013407989511e-15
                     0                      0   1.27897692436818e-13   1.27897692436818e-13  8.526512829121202e-14     0.9999999999999432                      0  5.684341886080801e-14
 3.608224830031759e-15  -1.18099974244501e-14  -1.97758476261356e-15 -1.294797602469089e-14  7.882583474838611e-15  1.373900992973631e-15     0.9999999999999986    1.1518563880486e-15
 2.842170943040401e-14 -5.684341886080801e-14 -2.842170943040401e-14  8.526512829121202e-14                      0 -5.684341886080801e-14  2.842170943040401e-14                      1
