10
2

0.02926578674500237
0.03930941589722682
0.04227829589268621
 0.6731360775804848
 0.9330638314541347
 0.9843049106080473
  1.063020304777031
  2.104862510445499
  3.437831260409455
  4.770852373532927

  -0.3720083423231994    0.1160923758791279    0.8211751529381013   -0.2577193845891382   -0.2662298477299597   0.08492564947508521   -0.1618109396701013   0.04977405383085322  -0.02280077848395844   0.01065976625124445
  -0.1276414305604688   0.03991012956406276   0.01365438461439434 -0.003903253493677535    0.6215485667693356   -0.1929912354268184   -0.6899786225428325    0.2138151875706978    0.1832866004241223  -0.05443821685185504
   0.3841691610295873   -0.1195519182953304  -0.05362498743814179   0.01725950801751562   -0.5195740875795083    0.1628134105727179   -0.3856791851051076    0.1204153537114996     0.584838309007361   -0.1822039697404771
  -0.7702258590539541    0.1213451317265775   -0.3579629204458456   0.03423653755080071   -0.1317063444185959   0.01715114297327266    0.1778037485138931    0.1127359587724922     0.424690332767516   -0.1427995838080253
  -0.2087175772924434  -0.05786619079269473   -0.2108040964212643   0.04511126561933337   -0.1705571982274691    0.2351046877054528   -0.4364632465454197   -0.5487731641200558   -0.4121167788704949   -0.4009472793527504
  0.05299815557988472  -0.01481738447439635   0.01094538110245607   0.01189202960067085    -0.172708686677706   -0.4751007374702578   0.08228739170195123    0.4666867828457236   -0.3032064958804385   -0.6516590139238085
   0.1299714668440349  -0.01786242885953539    0.2254122119292958  -0.04083087326311684     0.439292836138658    0.4761477344443998    0.3258100009130078  -0.08541684118564294     0.241679429765987    -0.582029659741668
 0.005774727400674855   0.04064773926178875    0.2877711362805177    0.5843159964732326   0.00717852261653454   -0.4935221661737138   0.07943721304121995   -0.4863326683092652    0.2801455516452847  -0.09565604176794261
  -0.1653980296818252   -0.4728921241485662     0.125644743887159    0.6667297397471256  -0.01067233163638367    0.3405459237493572  -0.04484756410702536    0.3613660724097438   -0.1733184491547783   0.09989960564703126
   0.1175983449984526    0.8524940601470299  -0.02245377520724236    0.3772242248791553  -0.05859675440736928    0.2479766200926264  -0.07509328527199358     0.176767862086172   -0.1215904597818593  0.005110440476036805

22.72725896603975
71.08832661522744
34.95210654891441
110.2487691396806
41.31494428957622
130.6181473674908
49.02768238541886
155.2967669317038
57.83934906389458
183.4599841431165

3.202916682202919
0.312662358433504

   0.09258447604483104   -0.02877722693301014    0.03066722363971434   -0.00966711467295937   -0.02210615196173343   0.007010282455369697   -0.04184846161545629    0.01321245723269745   -0.05951717130375161    0.01988618766595254
 -0.006159276165817108   0.001928990275340921   -0.00577551568170371   0.001819139808083582  0.0003842207480423933 -0.0001397516300315726   0.003218642140622364  -0.001050864900100265   0.008259381613434272  -0.002529195611717122

 4.599688847775826e-06 -1.219853125416386e-05  5.205789939777625e-05   -0.05308085819166669    0.00733770106928198    0.01341934039518817   -0.03078145241935517    -0.1302670175604989     0.2042231379492936   -0.04847508255356314
-3.082367505364385e-06  3.847929437592738e-07   2.58329169074454e-06   0.005155270963720697 -0.0007337346949415623  -0.001432214629972353   0.002822458985201318    0.01257363795231487   -0.01969249373180497   0.005331173486397152

cov:
   0.9671882397418586     3.171934270190857   -0.1017462434855585   -0.3041014082431432 -0.003584352116298411  -0.01762014278403713  -0.04204281637225429   -0.1738726040732783  -0.03251926895297962   -0.1804185820350452
    3.171934270190857     19.20198847221449    -1.099759698458785     3.698659150011429    -1.080964473265764     2.805744718800256    -1.168095701572454     1.351558796061688    -1.296705756426288    -0.442912824993898
  -0.1017462434855585    -1.099759698458785    0.7198122084704323     1.517962404912158    0.1858560735780335   -0.1799010696994729    0.2080950981347081   -0.1081311153107733    0.2269718973284924   -0.0346162151961427
  -0.3041014082431432     3.698659150011429     1.517962404912158     10.00964142905861   -0.5995866946718985      3.51701069398965   -0.8209393731097474      3.09574524815144    -1.708688140624577    0.5848180060397014
-0.003584352116298411    -1.080964473265764    0.1858560735780335   -0.5995866946718985    0.3610192051537187   -0.1098106344535608    0.3102330144175263   -0.3424580595080361    0.3991336750568849   -0.1341674181366452
 -0.01762014278403713     2.805744718800256   -0.1799010696994729      3.51701069398965   -0.1098106344535608     4.372609230773151    -0.728483624936769     3.143268653535831    -1.807734925797789    0.5436604329546143
 -0.04204281637225429    -1.168095701572454    0.2080950981347081   -0.8209393731097474    0.3102330144175263    -0.728483624936769    0.4877910400919127   -0.4417802200047323    0.6533084184962195   -0.2205567472631823
  -0.1738726040732783     1.351558796061688   -0.1081311153107733      3.09574524815144   -0.3424580595080361     3.143268653535831   -0.4417802200047323     3.789746909250073    -1.774699467865299     0.599064506133277
 -0.03251926895297962    -1.296705756426288    0.2269718973284924    -1.708688140624577    0.3991336750568849    -1.807734925797789    0.6533084184962195    -1.774699467865299     1.424563566697799   -0.1888502876997954
  -0.1804185820350452    -0.442912824993898   -0.0346162151961427    0.5848180060397014   -0.1341674181366452    0.5436604329546143   -0.2205567472631823     0.599064506133277   -0.1888502876997954     1.102579820199343

cov.inverse():
 256.0704058385969 -79.59948172203418 -368.6404412752398  115.8907172050981 -47.07108111090272  13.98679113711393  44.22851031223135 -13.44970882895566  119.8500429589557 -39.05867104656826
-79.59948172203418  24.85070474856525  115.1566344072439  -36.1883074167006  14.68842144848752 -4.383082926574803 -13.88772988956058  4.263759003337657   -37.325987292908  12.22825258405204
-368.6404412752414  115.1566344072441  789.4482568830268   -247.64775946765 -233.9424030132087  74.82491336456637 -149.6302304903393   46.0029210189497 -37.96120095065089  15.28677841243606
 115.8907172050985 -36.18830741670067 -247.6477594676498   77.8525538762398  73.48498496293874 -23.54610949875665  46.69497498564704 -14.40647220587217  12.06842777327828 -4.854820631279227
-47.07108111089297  14.68842144848456 -233.9424030132316  73.48498496294603  484.0668521076137 -151.1357592116494 -114.9828752172989  35.48725492017945 -89.08154326273598  27.76189278803305
 13.98679113711099 -4.383082926573889   74.8249133645738 -23.54610949875901 -151.1357592116497   47.9198631910745  34.97481969277711 -11.14303094070413  28.23642520887678 -8.766119859781904
 44.22851031221867 -13.88772988955659 -149.6302304903085  46.69497498563739 -114.9828752173148  34.97481969278212  422.2697279475829 -130.5349583979832 -203.3011528178449  61.52782003551213
-13.44970882895183  4.263759003336429  46.00292101894004 -14.40647220586916  35.48725492018431 -11.14303094070565  -130.534958397983  41.26145853474218  63.59941366208317 -19.22682353159785
 119.8500429589611 -37.32598729290972 -37.96120095066422  12.06842777328246 -89.08154326273045  28.23642520887502 -203.3011528178426   63.5994136620825  214.4616573739416 -66.22849769044501
-39.05867104656962  12.22825258405247  15.28677841243935 -4.854820631280259  27.76189278803184 -8.766119859781519  61.52782003551137 -19.22682353159762 -66.22849769044495  21.59412216403054

cov*(cov_.inverse()):
    0.9999999999999263 -7.993605777301127e-15  3.246292124003958e-13 -1.070254995738651e-13  6.217248937900877e-15 -6.750155989720952e-14 -3.197442310920451e-14  6.439293542825908e-14  4.085620730620576e-14   -1.4210854715202e-14
-8.171241461241152e-14     0.9999999999999991  2.211564265053312e-13 -1.620925615952729e-13 -1.598721155460225e-14  4.440892098500626e-16 -9.592326932761353e-14  1.243449787580175e-14 -2.486899575160351e-14  -1.77635683940025e-15
  6.52811138479592e-14 -3.003153281611048e-14     0.9999999999999621  2.864375403532904e-14  5.795364188543317e-14 -4.701794509287538e-14  4.263256414560601e-14  1.432187701766452e-14  9.769962616701378e-15  1.887379141862766e-15
 -1.49213974509621e-13   1.77635683940025e-15 -5.684341886080801e-13      0.999999999999913  1.030286966852145e-13  3.641531520770513e-14  -1.27897692436818e-13 -6.039613253960852e-14   -1.4210854715202e-14   -1.4210854715202e-14
-1.865174681370263e-14 -8.881784197001252e-16  5.284661597215745e-14 -1.054711873393899e-14      0.999999999999944  -1.48769885299771e-14  2.131628207280301e-14  8.881784197001252e-15  7.105427357601002e-15 -6.217248937900877e-15
-7.460698725481052e-14  1.953992523340276e-14  2.131628207280301e-14  -4.75175454539567e-14 -3.197442310920451e-14      1.000000000000071   -1.4210854715202e-13  3.552713678800501e-15  3.552713678800501e-14 -2.842170943040401e-14
-5.329070518200751e-14  5.773159728050814e-15  1.034727858950646e-13 -3.397282455352979e-14 -3.108624468950438e-14 -7.105427357601002e-15      1.000000000000048  5.329070518200751e-15  -1.77635683940025e-14  8.881784197001252e-15
 3.907985046680551e-14 -3.552713678800501e-15 -3.552713678800501e-13  6.217248937900877e-14  3.197442310920451e-14  3.641531520770513e-14  7.815970093361102e-14     0.9999999999999485 -3.552713678800501e-14  1.243449787580175e-14
  7.72715225139109e-14 -1.021405182655144e-14 -4.352074256530614e-14  2.819966482547898e-14 -4.973799150320701e-14  5.773159728050814e-15  2.309263891220326e-14 -1.554312234475219e-14                      1 -1.243449787580175e-14
  -1.4210854715202e-14  7.105427357601002e-15 -3.552713678800501e-15 -1.154631945610163e-14   1.06581410364015e-14   1.06581410364015e-14 -2.842170943040401e-14                      0                      0     0.9999999999999964
