10
2

0.04626919936542506
0.05133750548600927
0.08765901263099272
 0.5906006520154059
  1.242934374757067
  1.935632827778457
  2.222749417046856
  2.867096208508424
  3.218181701251881
  11.60921007339536

  0.07286468307521271  -0.01637611622346697   0.02956519440913663 -0.009560054727514911   -0.5723644149633509     0.128650803632984    0.7391819888833826   -0.1705601644335827   -0.2636406699734767   0.06571017709549874
    0.102515998676399  -0.02476093419883059    0.4551715541423116   -0.1108692674181403   -0.6349865554969792    0.1485068657756016   -0.3598300162373851   0.09105402166172888    0.4408536590316528   -0.1096430071762012
  -0.5836559519482688    0.1393006811829018    0.7006707364220509   -0.1342322599068473    0.1592735313388211  -0.05673831999362036   0.04727547908721762 -0.001986022665225274   -0.3071895495408861   0.07610282650795208
    0.751065768440708   -0.1134587917773874    0.3872074385904061   -0.1105321310865869     0.161638573412312  -0.02162567945334447   -0.1309050003194398   0.02035569506430048   -0.4546657952430971    0.1000709964070106
 -0.01328658406362774 -0.003018461604658038   -0.0454437081296782    -0.308459036584931   0.09037523423062388    0.3197278748833138   -0.1372350902471762   -0.6920867407142844    0.1549854896634086    0.5199717512523762
  0.01946781451711647   -0.0062441223502854  -0.06153023698035022   -0.2968387893705973   -0.1573496207601167   -0.7445482688111954   0.05098904973134467    0.1847565214685342     0.141306329934793    0.5214109858410564
 -0.01913746908795326  -0.01428857402289544   -0.1694391272195319   -0.8795571633764405   0.07233171873010329    0.1331776169096831   0.08871598375066243     0.172259086878089  -0.03788625710304296   -0.3676301538328728
   0.1994422296252908    0.3613342314260204    0.1891112895240218 0.0002282188657102388    0.1516271651079249   -0.4217327052499672    0.1993883451421988   -0.5091691607176043    0.2937278478416329   -0.4558102362325326
  -0.1966513787127918   -0.4683153820040324   -0.1562814409336486 -0.008600627012575659   -0.2839444889885134    -0.324621000638731   -0.3585663656528421   -0.4001932160573005   -0.4019113756000345   -0.2850449248598266
 0.007510636382155185    0.7853070446657312   -0.2373351787897755    -0.020637069849046   -0.2755398899364286   0.01249758490831655   -0.3273099860635409 0.0001747172999428535   -0.3765940678577595   0.03806823049416577

 22.5742593151605
96.66668266621267
30.78411903671962
130.9155013125886
36.68129440043437
156.0692253603238
43.60346686405069
185.5387061482032
51.71225784991522
220.1236949800864

 4.299797040780915
0.2348064378651041

  -0.09434571579953992    0.02134101817468025     0.3254900987301028   -0.08006034397180889 -0.0005426658183955227   0.006767651242990842   0.005830201622411933  -0.007384951442737051    -0.2416680290259614    0.05267364181577995
 -0.002222706469210894  0.0005477901801479352  -0.008630931180101583   0.002084428278875419 -6.466757927213863e-05  -9.50720737050771e-05   0.001667098409147963 -0.0002767424248783902   0.009334856396950995  -0.002096714868520907

  0.000165036720073796  8.721917985397059e-05   0.002880867658240723     0.0612515653350398    0.01151314547592845   -0.04097974308994886    0.03293477736947899     -0.349995428121804     0.4071861396033508      4.284873699019579
 -3.72630230973901e-06 -1.723671312260619e-06 -6.075293013224121e-05   -0.00348468317183633  9.296826718450711e-05  0.0007729069488926751  0.0008092440105317861    0.01910476583035384   -0.02154638541367324    -0.2298497852562137

cov:
   0.9380143417798333      2.31170879340401    0.4989841160156481   0.03645771786867513    0.5691729607657563  -0.09643544107752552    0.6895113571030603 -0.002796052258793748    0.8119603928850119  -0.04023703510951963
     2.31170879340401     86.46642873929012    -23.80055337399263    -2.067096857487936    -27.34325929441088     1.651859026500215    -32.31232496076382     0.433083443544262    -37.02016966500459     4.065202976218441
   0.4989841160156481    -23.80055337399263     8.354301887335945     1.484992790513504     9.500132012332687   -0.4952674454497469     11.26563885129652   -0.2847475362807961     13.07878514184709    -1.300038892102292
  0.03645771786867513    -2.067096857487936     1.484992790513504     4.361883174617696    0.6033559495413878   0.09117432887926213    0.5709293902800554    -0.590836870978396     1.035134133040091    0.6846291241444883
   0.5691729607657563    -27.34325929441088     9.500132012332687    0.6033559495413878     11.39861992553007    0.4943416219562499     13.43265757726721    0.3929471476497544     15.43141284692248    -1.503905360181559
 -0.09643544107752552     1.651859026500215   -0.4952674454497469   0.09117432887926213    0.4943416219562499     4.897279446187723   -0.1876531359708535     2.366837613825004   -0.6402642824428479      1.16223164367039
   0.6895113571030603    -32.31232496076382     11.26563885129652    0.5709293902800554     13.43265757726721   -0.1876531359708535     16.18214600817926    0.9001400428638947     18.58391010667772      -1.5439470789658
-0.002796052258793748     0.433083443544262   -0.2847475362807961    -0.590836870978396    0.3929471476497544     2.366837613825004    0.9001400428638947     4.804501134181099    0.3243703042200236     2.582869369990306
   0.8119603928850119    -37.02016966500459     13.07878514184709     1.035134133040091     15.43141284692248   -0.6402642824428479     18.58391010667772    0.3243703042200236     21.68869073124672    -1.393072822581644
 -0.04023703510951963     4.065202976218441    -1.300038892102292    0.6846291241444883    -1.503905360181559      1.16223164367039      -1.5439470789658     2.582869369990306    -1.393072822581644     4.852272156836019

cov.inverse():
 52.42603401705791 -12.32782448059624 -33.66701513346625  5.324545661113622 -55.92276950554961  14.40712134862251   7.30197389224278 -2.067164659814764   30.5432256503202 -7.599355515193902
-12.32782448059636  2.961797140496175  8.088286985613102 -1.278799333914583  13.19652554717101 -3.404422154664576 -1.351076723265238 0.4028649955631309  -7.51764558705419  1.866782253336864
-33.66701513347596  8.088286985615371  143.3542246444297 -31.59804378513842 -102.8615264246977  22.22036852131339 -47.76015937962296   13.2172999670836  43.98912103478164 -10.99548092583855
 5.324545661115933 -1.278799333915102 -31.59804378513876  7.328236086760938  26.41620115722212 -5.852036611606496  11.05966352639695 -2.947280857964595 -11.89276958187503  2.878318415323787
-55.92276950551263  13.19652554716224 -102.8615264248203  26.41620115724887  309.4137452644903 -71.30861849550804 -110.0049326665416  23.58641791516976 -42.28840508397256   10.4748570762914
 14.40712134861406 -3.404422154662623  22.22036852134071 -5.852036611612459 -71.30861849550863  16.76895157066022  23.76838324343297 -5.242124074972032  11.29490731574275 -2.771105658253684
  7.30197389219764 -1.351076723254822 -47.76015937943812  11.05966352635619 -110.0049326667136  23.76838324347029  304.7224706837271 -71.27333461813976 -152.9286114941767  38.04143428151875
 -2.06716465980436 0.4028649955607431  13.21729996704086 -2.947280857955169  23.58641791521132 -5.242124074981056 -71.27333461814257  17.10813936738379  36.22145661931686 -9.217748121434092
  30.5432256503362 -7.517645587058017  43.98912103470903 -11.89276958185899 -42.28840508388362   11.2949073157234 -152.9286114942095  36.22145661932331  119.1312242278185 -29.53588082853715
-7.599355515197876  1.866782253337826 -10.99548092582033  2.878318415319761  10.47485707626915 -2.771105658248843   38.0414342815269 -9.217748121435692 -29.53588082853713   7.66871048663125

cov*(cov_.inverse()):
     1.000000000000122  5.277722703311838e-14 -8.271161533457416e-13  9.352241203686162e-14  5.067057884389214e-13  9.574285808611194e-14  1.909139513145419e-12  -5.10480546722647e-13 -3.754774269282279e-13  4.873879078104437e-14
 3.055333763768431e-13      1.000000000000085 -6.323830348264892e-13 -2.842170943040401e-14 -8.242295734817162e-13  2.078337502098293e-13 -7.105427357601002e-13 -2.131628207280301e-13 -6.252776074688882e-13  7.105427357601002e-15
 1.687538997430238e-13  4.796163466380676e-14     0.9999999999995435 -1.039168751049147e-13  7.620570841027074e-13  3.774758283725532e-14  9.094947017729282e-13 -3.801403636316536e-13  4.050093593832571e-13 -9.237055564881302e-14
 9.769962616701378e-15  4.218847493575595e-15 -6.661338147750939e-14      1.000000000000012  4.085620730620576e-14  9.325873406851315e-15  1.456612608308205e-13 -4.529709940470639e-14                      0                      0
 1.580957587066223e-13  6.350475700855895e-14 -5.186961971048731e-13  3.108624468950438e-14      1.000000000001062  9.414691248821327e-14  1.989519660128281e-12 -4.174438572590589e-13  4.050093593832571e-13 -1.083577672034153e-13
-3.019806626980426e-14 -1.332267629550188e-15  4.618527782440651e-14  1.021405182655144e-14 -4.263256414560601e-14     0.9999999999999547 -7.105427357601002e-14  3.552713678800501e-14 -9.237055564881302e-14  2.664535259100376e-14
 1.758593271006248e-13  7.105427357601002e-14 -1.953992523340276e-13 -3.375077994860476e-14 -2.629008122312371e-13  2.504663143554353e-13      1.000000000002352 -5.488942633746774e-13  9.947598300641403e-14 -7.105427357601002e-14
-3.552713678800501e-15                      0                      0  4.440892098500626e-15 -5.329070518200751e-14 -4.440892098500626e-15  2.842170943040401e-14     0.9999999999999893 -4.263256414560601e-14    1.4210854715202e-14
 1.172395514004165e-13  7.682743330406083e-14 -2.273736754432321e-13  2.575717417130363e-14   1.48681067457801e-12  2.309263891220326e-13    1.4210854715202e-12 -5.151434834260726e-13      1.000000000000561 -1.385558334732195e-13
-7.105427357601002e-15  -1.77635683940025e-15    1.4210854715202e-14  -1.77635683940025e-15 -9.947598300641403e-14   -1.4210854715202e-14  -1.13686837721616e-13  4.263256414560601e-14 -8.526512829121202e-14      1.000000000000014
