10
2

0.1970425351193199
0.6925948422879077
0.7655256480347965
0.9375732521518066
 1.289839746868482
 1.559283384002109
 1.608980178753211
 1.939394448698304
 3.847677110431619
 6.681186654648471

  -0.4009959296846468    0.3014351939897265    0.6657678480444185   -0.5118633419771055  -0.07604484578270269   0.05641809109227451   -0.1166384229599264   0.08449850596591987  -0.08137392056724266   0.08219565748206278
   0.1224127707569546   -0.1066570644133494   0.05071488592139259  -0.05117684060178884   -0.8372186102262442    0.3554641365958813    0.3266071984347967   -0.1595817426774578   0.05610104170946364  -0.07663315364138217
  -0.1700207889121857   0.07916871525695154   0.02135099918453892   0.03155611269311902    0.2584814478569779  -0.05372561208715253    0.7994845449597664   -0.2737659659693166   -0.3105831651435898    0.2882520562704375
  -0.8307017935814316   0.02094274964109435   -0.4262387641006018    0.1560649746669232   -0.2562118088578751   -0.1333569357839077   -0.1202867307504066  -0.03735930924206269  -0.05360562159462319  -0.03596428047603056
  -0.2419946624554041   -0.2140507072882707    0.2662500368913437    0.2141690668340322    0.1939505785280694    0.1022186674143047    0.3651931664145611    0.3408649672241203    0.3402105257402043   -0.6045657510469261
  0.02496647584934473   -0.1480583964998932    0.2757250242836013    0.2701863299616476  -0.01068282760487431  -0.03852928431312299   -0.2141394564275927   -0.3625203344555386     -0.66351201959974   -0.4575007278613921
  -0.1259970029071251   -0.3122617485731985    0.4518446374308675    0.5301813587568721  -0.04743061275441824   -0.0562256726004547   -0.1473462098668075   -0.2171620109830402     0.305439125465354    0.4835154732385815
   0.1560908289831047    0.1149748374980154    0.1384670336582512    0.1614680174539492   -0.3470535549717857   -0.7465616732282965    0.1527334953469255    0.4371065707760703   -0.1554325359528596   0.02866966651041951
 -0.07524664261801985   -0.7140025295166923  -0.03984240610676455   -0.2204884032798399   0.01878593668491221    0.1591801733466778  -0.01429354316933314     0.450229919345325   -0.3758472656948892     0.253913539475646
  0.01258765178601786    0.4503216529287578    0.0144339668053799    0.4851560714435822 -0.006733205574270114    0.5020005830461886  -0.04017827598982174    0.4500130614831408    -0.276026432298827     0.170589110845731

 22.6881992854884
28.17632737032763
50.51226581296716
63.01358657358642
68.48321405092921
85.56347093182707
88.30684973472434
110.2325197681183
104.2750955733481
130.5539349241196

 1.251871434478524
0.8011266928236319

   0.04373783078413121   -0.03483440275969835    -0.0427551830605666    0.03409027387851783 -0.0002671126812580908   0.000210001565706878 -0.0003679333889635614  0.0002861548666077885 -0.0002876497056327342  0.0002951459545043062
  -0.02748255205165666    0.02192383915473511    0.02666825862565452   -0.02121183131358217  0.0002263367602401839 -9.867409106579822e-05  0.0003456558466386352 -0.0003187808225025683  0.0004265533398602726 -3.085298495222603e-05

-0.002865600206298767   0.00251842569039548 -0.006041760293732476  -0.01181399827328121  -0.01256739475905929  0.008989244783660325   0.01079465608463151  0.009268773679895349    0.2385504504274668   0.05206474877242293
 0.001790417258490544 -0.001582501041828707  0.003864494119365737  0.007485254534968306  0.007870030564932478 -0.006166353273171826 -0.006345160297661565  -0.00624390067072354   -0.1524778777043865  -0.03172379592339897

cov:
   0.9595485776203238     1.260837829902461    0.1976828626332147    0.2581229696778194   -0.1783674128001211   -0.2359855004948487 0.0002236122383798049  -0.03660607305432363  -0.02988263370789677   -0.1204990635957811
    1.260837829902461     17.04428038502851    0.2101839575074685      11.5517484513523   -0.4616694341520182     8.085978640314448   -0.5075541868057294     4.656255873304947    -1.791307575809578    0.7642180574455083
   0.1976828626332147    0.2101839575074685     1.114652583588787     1.350356219323652  -0.09600013003822096   -0.1461870037245626  -0.03205687421312661  -0.08516337609742571   0.04153125149469707  -0.01649634663665173
   0.2581229696778194      11.5517484513523     1.350356219323652     12.33950498739915    -0.429229692476317     9.803382150745382   -0.9509123541046726     8.118812281177863     -4.75359563623644     3.031276880449095
  -0.1783674128001211   -0.4616694341520182  -0.09600013003822096    -0.429229692476317    0.9622736705859744    0.7877810451285979  -0.03240528749023278   -0.4037645383504971    0.2135693430856099   -0.1783453273299607
  -0.2359855004948487     8.085978640314448   -0.1461870037245626     9.803382150745382    0.7877810451285979     13.82775437060488    -1.214916325158458      10.0272121891885    -6.533581625567074     4.192422506214404
0.0002236122383798049   -0.5075541868057294  -0.03205687421312661   -0.9509123541046726  -0.03240528749023278    -1.214916325158458    0.9913934898086835   -0.3222796181365494    0.7902516660945299   -0.5302877703260822
 -0.03660607305432363     4.656255873304947  -0.08516337609742571     8.118812281177863   -0.4037645383504971      10.0272121891885   -0.3222796181365494     13.45196657927865    -7.652433398105145     4.915998269113032
 -0.02988263370789677    -1.791307575809578   0.04153125149469707     -4.75359563623644    0.2135693430856099    -6.533581625567074    0.7902516660945299    -7.652433398105145     7.148507264379806    -2.806384052607532
  -0.1204990635957811    0.7642180574455083  -0.01649634663665173     3.031276880449095   -0.1783453273299607     4.192422506214404   -0.5302877703260822     4.915998269113032    -2.806384052607532     4.031698136746404

cov.inverse():
    5.055558265053485    -3.129887538167161    -6.518498762847601     5.070649500185413    0.6983635033624301   -0.3945461938584066     1.127974768370399   -0.8254577112690582    0.9197359403776507   -0.8584672994603578
   -3.129887538167162     2.491903096181857     5.051089758757662    -4.042135534144601   -0.4055934314261695    0.3190898088463659   -0.8842576651300007    0.6542388645375424   -0.7170973713497772    0.7309468097720488
   -6.518498762847566      5.05108975875766     11.78707679363574    -8.693007227223495    -1.250128161435241     1.042146879030255    -1.863991807936234     1.430776478682195    -1.347045298194472     1.365479409658097
    5.070649500185416    -4.042135534144601    -8.693007227223498     6.964731776121491     1.059111838474273   -0.8398881148744365     1.523936364869367    -1.142272322006995     1.069115526819603    -1.096663444748091
   0.6983635033624267   -0.4055934314261694    -1.250128161435241     1.059111838474272     1.854435469509656   -0.6336075028384005   0.07820856624660232  0.008643079941500998 -0.009013246944164027   0.03070653966127911
  -0.3945461938584065    0.3190898088463657     1.042146879030255    -0.839888114874436   -0.6336075028384005    0.5342011278048059   0.01560206549084347  -0.01015802136093646  0.008423032619179732 0.0002428991358523142
    1.127974768370396   -0.8842576651299987    -1.863991807936231     1.523936364869363   0.07820856624660096   0.01560206549084443      1.79358756280814   -0.5948503001789253  -0.02368498548912338  -0.02010751598127509
  -0.8254577112690541    0.6542388645375401      1.43077647868219    -1.142272322006991   0.00864307994150198  -0.01015802136093731    -0.594850300178925    0.5775999966957897   0.06234361772273769  -0.01218739266093415
   0.9197359403776526   -0.7170973713497791    -1.347045298194477     1.069115526819607 -0.009013246944163215  0.008423032619179016  -0.02368498548912229   0.06234361772273675    0.6493315659283116   -0.2822255020935701
  -0.8584672994603592    0.7309468097720487     1.365479409658097    -1.096663444748091   0.03070653966127861 0.0002428991358527846  -0.02010751598127536  -0.01218739266093385   -0.2822255020935692    0.7308196015213047

cov*(cov_.inverse()):
     1.000000000000006  2.858824288409778e-15 -2.417510636121278e-14 -5.578870698741412e-15  2.370933310791301e-15  5.031883926458897e-16  1.994931997373328e-16 -7.498342224909749e-16  4.302114220422482e-16  1.429412144204889e-15
-3.552713678800501e-15      1.000000000000001 -2.131628207280301e-14  1.665334536937735e-15  3.122502256758253e-17  1.606462358971772e-15  1.474514954580286e-16 -6.418476861114186e-16  3.885780586188048e-16 -1.110223024625157e-16
 3.769554113297602e-15  2.694025558191981e-15     0.9999999999999981 -1.717376241217039e-15 -3.058534328581608e-16  2.338488560779672e-17  4.533049283161894e-16  1.622237500581436e-16  2.957703526540456e-16  1.040834085586084e-16
-1.376676550535194e-14  5.773159728050814e-15  4.440892098500626e-15     0.9999999999999991 -2.844946500601964e-15   8.51098705401121e-16  1.561251128379126e-15  6.453171330633722e-16 -7.771561172376096e-16 -1.332267629550188e-15
-1.137978600240785e-15  -1.02695629777827e-15  3.941291737419306e-15  5.273559366969494e-16     0.9999999999999997  -3.67544536472586e-17  3.252606517456513e-17  1.873501354054952e-16                      0 -2.775557561562891e-16
-1.021405182655144e-14 -1.021405182655144e-14 -4.440892098500626e-15  6.217248937900877e-15 -8.881784197001252e-16     0.9999999999999992  1.249000902703301e-15  9.298117831235686e-16 -4.440892098500626e-16 -2.664535259100376e-15
-2.220446049250313e-16  9.992007221626409e-16   1.77635683940025e-15 -8.881784197001252e-16 -3.261280134836397e-16  9.828292693581098e-17                      1  9.107298248878237e-17 -1.942890293094024e-16                      0
-8.881784197001252e-16 -7.993605777301127e-15                      0  7.105427357601002e-15  8.604228440844963e-16  -1.29844052176864e-15   -1.1518563880486e-15                      1                      0                      0
 7.105427357601002e-15  2.220446049250313e-15  9.769962616701378e-15 -4.440892098500626e-16  1.665334536937735e-16  -1.50487261540988e-16 -1.110223024625157e-15   1.47798440153224e-15      1.000000000000001 -1.332267629550188e-15
-8.881784197001252e-16 -2.220446049250313e-15 -8.881784197001252e-16  3.552713678800501e-15  3.608224830031759e-16  1.647987302177967e-16  -4.85722573273506e-16 -6.661338147750939e-16  4.440892098500626e-16                      1
