12
2

0.09019631920733208
 0.5579924800527151
 0.6718820887412242
 0.7596550066326536
 0.8117320504220509
 0.8775422688697654
  1.075983369728295
  1.442970237324825
  1.790944502441701
  2.159002321939694
  3.014749792727567
  5.074638583662916

   0.5404840300686558   -0.3089280231755496   -0.6736952729040178    0.3887294848492879   0.05154941414802196  -0.03045680750635555   0.03709852142368395  -0.01794206555050522   0.02993711643143453 -0.008268120302554947   0.02908277111492174  -0.01926081652901147
  0.09909740282986088  -0.05312445218897837   0.06356963238616886  -0.02102890325185989    -0.723162530684516    0.2880342176951819    0.4588265132790752   -0.3965615629980403 -0.005772034882070926   0.01460878282680879   0.08703200007566846  -0.03663718813152264
   0.1209668866686253   -0.1003905377276564   0.07574098548132906  -0.01198829412446251   -0.4751184103315579    0.1567182036648067   -0.4613677039887534    0.5388847247728055    0.1387557819854867   -0.3014073241042038   0.09255882062635519   -0.3117477422207349
   -0.152173910615475   0.02968550662007275   -0.1112472591358236   0.03836487137313496  -0.05227880231242091   -0.0653778867825859   0.08738659763925892  -0.09170234761830938    0.4867551434028212   -0.5441091904805007   -0.5951020754030861    0.2278796072566226
  -0.4796666448957621   0.03120856074918474   -0.3255388637513462   0.05072730832847822   0.07483208538849953   -0.1186097698108089    0.1172989226381333   -0.1833394326086044   -0.1545029152144698   -0.3025438570330239    0.1305482613800692   -0.6789034068264892
   0.5564912944641893  -0.03813602570165742    0.4846833968658855  -0.06005398921906463    0.3404773905967468   0.01832174104841939   0.09383366089654978    -0.252040883074383   0.07449031144125759   -0.3313387848699104 -0.000634009237474378   -0.3826409605942629
  0.01597000676541348   0.01425951601012154 -0.005862774680353964 -0.002427852651473479 -0.001111895983180738    0.1270590284928357  0.003454173225546962   0.04562743305846289    0.2892961924836467    0.6147521493124446   -0.5337872383198968    -0.484480158142968
   0.1057171876476319  -0.01556069177605069    0.1524081537437841   0.09089151809877996   -0.3332347866241679   -0.8978594575376446  -0.08493951589725152    -0.101517222735885  -0.04948887022553078    0.1032601558548841  -0.07657388651151177  -0.05830405800172293
  -0.1264140817607831   -0.0829880945489616 -0.003960691756335959 -0.004397559077364221   0.06198618741666279  -0.07079410781033628   -0.1323139647491153   -0.2264943837594923     0.766070372070368    0.1500212074736605    0.5385335069221887  0.006937613678133905
   0.2930315208826845    0.5227833214812697   -0.3951515757499477   -0.6798076057433052  -0.05482901168770427  -0.08265685824660918  -0.07083856745030749  -0.05696572042173877   0.04538817749945307   -0.0174465701566568   0.03563311020326086  -0.02848187523564032
 -0.05926240255329659   -0.3375761791770472  -0.04529582241136842   -0.1804205632797074  -0.04788197834962182    0.1403886981275426   -0.6533067933103792   -0.5733115840261856   -0.1948373550342253   0.01010200295438291   -0.1717513288616486   0.05354648812814979
  0.06093431443764716    0.7026812067065371   0.04015719946487606    0.5810984316935587  -0.06477259809273044    0.1379177091399121   -0.2974559711203392    -0.225509216836287  -0.02097205049533877 -0.001788529359501964   0.01561428737281009 0.0002564744272437327

22.79435701510178
36.99693296323827
35.52692949124902
 58.9656795197999
67.55196842436654
113.8827149997941
76.31721380746724
130.5154114586403
90.89274612967633
154.2598151233805
107.1350021931775
183.4023697894326

 1.725175640011751
0.5802862357893915

    0.1187877027827024   -0.06889644524774829    -0.1141102176298185    0.06645442134282491  -0.001813956465140807    0.00101331114201716  -0.001048110607748065  0.0006086876303104105    -0.0011414460143519   0.000107111002897287  -0.001013310695337567  0.0005383923373375578
  -0.04018834039496212    0.02331887275140325     0.0386723818034636   -0.02251135248429722  0.0005914751489714513 -0.0003252755655331311  0.0003133080901455778 -0.0001953789774885625  0.0003396796072671204 -2.280765263544972e-05   3.50215353800114e-05 -0.0001721659498626296

  0.001529012468280031   0.002354420893231902    0.00597071664472297  -0.002818812562464067   -0.01281881876653161   0.006358465673581862   0.001844134061911195   0.004402612805468009   -0.03439326249422887  -0.006267600321527946    0.09441680527257079    -0.1725371738304735
-0.0005178900528328445 -0.0008041418087659821  -0.002019862541966398   0.001036037822980315   0.004286031045290759  -0.002144836284223869 -0.0004425124110326955  -0.001430854795487721    0.01099511988502665   0.002058249102669002   -0.03116276014714706    0.05844816167934459

cov:
      1.01809836459598      1.991723866256588    -0.0937820394858865     0.0574855840932209    -0.1704290156555588   -0.07029159817160394    -0.1920295405933296   -0.07744199700693538    -0.1365939288437238    -0.0734465979500781   -0.06080812454903285   -0.07960331931074258
     1.991723866256588      15.05628436289742    -0.1268937651165977      9.413750230848233     -1.140501865477489       1.89767023933101     -3.498370993003439     -2.411927931463216     0.1280634339515733    -0.1313760721144039      0.733457210793102    -0.2210456954418169
   -0.0937820394858865    -0.1268937651165977      1.101882482379412      1.917554042457701    0.03073665967798644 -0.0001086939357298014    0.06388394916360397     0.0399097606381331   -0.01831728230327025    0.01900155440370841   0.008395530359785151  -0.007721351924593531
    0.0574855840932209      9.413750230848233      1.917554042457701       11.1698397991487    -0.7878959614218572      1.917203144980683     -3.168590247485288     -2.267016449060972    -0.1576027619710494    0.02232682961756988     0.3720330784089261  -0.001569554398872397
   -0.1704290156555588     -1.140501865477489    0.03073665967798644    -0.7878959614218572     0.7457241863670691     0.2411684749097664     0.8546116415682066     0.5669024274787714     0.2632271907375087   -0.06358992459463038     0.1852689962517698   -0.03956545581593032
  -0.07029159817160394       1.89767023933101 -0.0001086939357298014      1.917203144980683     0.2411684749097664      2.463037410206518     -1.676050617662291     -1.245776117812591    -0.3754006516395827    -0.1039324122898423    -0.2084846516422265     0.1300894346008823
   -0.1920295405933296     -3.498370993003439    0.06388394916360397     -3.168590247485288     0.8546116415682066     -1.676050617662291      6.434169604811074      5.058750829231288      0.975616169619682    -0.1298988548319488     0.6444944657628916    -0.3140149686895662
  -0.07744199700693538     -2.411927931463216     0.0399097606381331     -2.267016449060972     0.5669024274787714     -1.245776117812591      5.058750829231288      4.756452833501315     0.6070926994271424   -0.08143080895304516      0.419167640911176    -0.2183366792928507
   -0.1365939288437238     0.1280634339515733   -0.01831728230327025    -0.1576027619710494     0.2632271907375087    -0.3754006516395827      0.975616169619682     0.6070926994271424      2.515737791247564     0.3833182453073223      1.280778338290154    -0.1484887217937508
   -0.0734465979500781    -0.1313760721144039    0.01900155440370841    0.02232682961756988   -0.06358992459463038    -0.1039324122898423    -0.1298988548319488   -0.08143080895304516     0.3833182453073223      0.891131048567535  -0.007826974359495358    -0.1431204869227031
  -0.06080812454903285      0.733457210793102   0.008395530359785151     0.3720330784089261     0.1852689962517698    -0.2084846516422265     0.6444944657628916      0.419167640911176      1.280778338290154  -0.007826974359495358      1.774443797190391     0.0819748776220411
  -0.07960331931074258    -0.2210456954418169  -0.007721351924593531  -0.001569554398872397   -0.03956545581593032     0.1300894346008823    -0.3140149686895662    -0.2183366792928507    -0.1484887217937508    -0.1431204869227031     0.0819748776220411     0.7995295507452569

cov.inverse():
     36.7926747387286    -20.58653457202729    -44.11733865344206     25.68995905055729     3.249956308870625    -1.819771414246445     2.446516986995916    -1.194279556179856     2.037561424978374    -0.494492196212284     2.017008782255562    -1.229252483443069
   -20.58653457202726     11.86011956133965     25.46702863696471    -14.80206376588291     -1.74973116757286     1.062048840086057    -1.366733610825421    0.6441571464602083    -1.156787341801783    0.3531318269808149    -1.173337869919599    0.7946072370020438
    -44.1173386534421     25.46702863696471     56.34710318699164    -32.20137255159924    -4.328478066533807     2.630229536378331    -3.068895122795201     1.444820023899124    -2.436569244004933     0.688609500456721    -2.330944684318447     1.586194488286267
    25.68995905055727    -14.80206376588291    -32.20137255159924     18.70720327986067     2.493214989264737    -1.520811100619424     1.774504101251601   -0.8350184769655546     1.434792694002028   -0.4163644214941966     1.347454557465954   -0.9152975742926713
    3.249956308870643    -1.749731167572871     -4.32847806653383     2.493214989264751     2.725692622890122   -0.8842829733559824   -0.2820781529013294    0.1323413375038948   0.05134683858833166   0.08528147818359899  -0.02319847287285467    0.0342167404288937
   -1.819771414246454     1.062048840086062     2.630229536378343    -1.520811100619431    -0.884282973355982    0.8711326659292382    0.1261176762177238  -0.03048219338054549  -0.06255219504535674   0.06813624789766425  0.007023118968562377 -0.009572714115301162
    2.446516986995899    -1.366733610825413    -3.068895122795184     1.774504101251591   -0.2820781529013313     0.126117676217725     1.422803689349736    -1.235895159529078   0.02631927481425151    0.1062358732514887   0.09026454734854567   0.04104408148747408
   -1.194279556179845    0.6441571464602025     1.444820023899112   -0.8350184769655474    0.1323413375038958   -0.0304821933805461    -1.235895159529077     1.397596935012587    0.0198636545986023  -0.07289245052042019  -0.05111861404287753  -0.02485071011443366
    2.037561424978371    -1.156787341801781    -2.436569244004929     1.434792694002026   0.05134683858833046  -0.06255219504535602   0.02631927481425179   0.01986365459860219     0.867994731260693    -0.356792402365401   -0.3976994856655086   0.02892602368731626
  -0.4944921962122841     0.353131826980815    0.6886095004567214   -0.4163644214941967   0.08528147818359927   0.06813624789766409    0.1062358732514887  -0.07289245052042023   -0.3567924023654011     1.343480577942972    0.1517909895516509    0.2278469781786056
    2.017008782255567    -1.173337869919602    -2.330944684318454     1.347454557465958  -0.02319847287285575  0.007023118968562744   0.09026454734854793  -0.05111861404287933   -0.3976994856655083    0.1517909895516508     1.129700207354355   -0.2867542512189438
   -1.229252483443068    0.7946072370020433     1.586194488286266   -0.9152975742926706   0.03421674042889453 -0.009572714115301563   0.04104408148747361  -0.02485071011443332   0.02892602368731627    0.2278469781786056   -0.2867542512189435      1.44969755594003

cov*(cov_.inverse()):
     1.000000000000016 -2.049749259214195e-14  2.775557561562891e-14  1.375288771754413e-14  2.474583038480915e-15 -9.189697613987136e-16  2.818925648462312e-15 -8.409072049797572e-16  2.853620117981848e-16  4.163336342344337e-17  4.163336342344337e-17 -2.498001805406602e-16
 1.665334536937735e-15     0.9999999999999943  1.765254609153999e-14   3.33066907387547e-16  3.018418848199644e-16  2.589074787895385e-16  1.949829186997931e-15 -1.033027829944189e-15  2.862293735361732e-16  6.938893903907228e-18 -5.828670879282072e-16  4.996003610813204e-16
-8.557390906993589e-15  2.386979502944087e-15     0.9999999999999927  4.110427276327044e-15 -1.507041019754851e-16  8.889644662751772e-16  4.277177570455315e-17  1.128925512100531e-16  -3.67734271852771e-16 -5.204170427930421e-17 -5.282232984349378e-16 -9.540979117872439e-17
-2.623552416980424e-14 -2.740255938826763e-14 -5.676709102786504e-14      1.000000000000025 -1.594868171989755e-15 -1.932354897296075e-15   3.05387225923992e-15 -3.010151806634442e-16  1.367145058186331e-15 -1.602450810933576e-16 -2.173825355833436e-16 -3.027092465579528e-16
  3.70536934468646e-15  1.679212324745549e-15 -9.658940314238862e-15  1.693090112553364e-15     0.9999999999999998  5.773376568485311e-17  1.157927920214519e-16 -1.572093150103981e-16  2.352718714293545e-16 -1.335737076502141e-16  4.284766985662714e-16 -1.318389841742373e-16
-1.568190022283034e-14  7.396860901565105e-15  2.414735078559715e-15 -9.658940314238862e-15  -1.32012456521835e-15      1.000000000000001 -1.583802533566825e-15  4.462576141950336e-16 -5.442694905877232e-16  2.602085213965211e-16 -9.298117831235686e-16   3.33066907387547e-16
 8.160139230994901e-15 -1.304512053934559e-15 -5.440092820663267e-15  5.662137425588298e-15  1.313185671314443e-15 -5.334274688628682e-17                      1 -6.088879400678593e-16 -2.671474153004283e-16 -2.359223927328458e-16  3.469446951953614e-16 -6.106226635438361e-16
-7.216449660063518e-16  1.859623566247137e-15  1.160183060733289e-14  7.382983113757291e-15 -5.551115123125783e-17  1.587271980518778e-16  7.147060721024445e-16      1.000000000000001  -1.07552855510562e-16 -7.632783294297951e-17  4.440892098500626e-16                      0
 5.162537064506978e-15 -1.471045507628332e-15 -1.440514374451141e-14  2.720046410331634e-15  4.388850394221322e-16 -4.206704429243757e-17  4.831204880595408e-16 -4.267419750902945e-16                      1 -7.632783294297951e-17  6.522560269672795e-16 -2.220446049250313e-16
-8.326672684688674e-17  7.355227538141662e-16 -3.719247132494274e-15 -1.665334536937735e-16 -2.775557561562891e-17  1.235990476633475e-17 -1.682681771697503e-16  1.040834085586084e-16  3.295974604355933e-17                      1  1.040834085586084e-16 -2.775557561562891e-17
 5.939693181744587e-15 -4.551914400963142e-15 -1.781907954523376e-14  4.232725281383409e-15  3.677613769070831e-16 -2.283329775254472e-16  1.204765454065893e-15 -1.111090386363145e-15  3.274290560906223e-16 -2.046973701652632e-16     0.9999999999999999  5.551115123125783e-17
-1.221245327087672e-15  1.887379141862766e-15 -2.442490654175344e-15 -9.992007221626409e-16 -1.942890293094024e-16  5.898059818321144e-17 -2.012279232133096e-16  3.816391647148976e-17  4.163336342344337e-17  2.775557561562891e-17                      0                      1
