10
2

0.1013952881800711
0.7127973027121478
0.7928082020410013
0.9210233372704613
 1.320157087538602
 1.552535550744025
 2.059109670061886
 2.364159890134753
 3.628761550003941
 5.867101927992594

  -0.5609965351098571    0.2666137875698503     0.702824159818233   -0.3351661751378602  -0.04193969638746196   0.02177328922051942  -0.04450797663181303   0.01519349581668565  -0.04843616912157155   0.03333065041263665
  -0.1303241828613028  0.004661973099913526   -0.1290264591983228  -0.01027787961410655  -0.05837560440676071    0.9118069479212084    0.1523894129718537   -0.3116862611634081   0.02666832387204046    0.1017778553341149
  -0.5930365996472771    0.1000944329799842   -0.4376624575389236    0.0925382620791733    0.3160756390219874   -0.2923246759038152    0.2935471729110476   -0.2927129267402108   -0.1961128158213116    0.2061755970474843
   0.4494096694970273 -0.003198988477156331    0.3708121118099394  -0.03411544884244053   0.02176435440352305   -0.1874152087013329    0.4112309022667293   -0.5943234285880366  -0.05799319316001338    0.3131496104816674
  -0.1548691991740759  -0.02170181890848128   -0.1388031139526054  -0.03302530032107399   -0.5520118444090198   -0.1345793309947974   0.09710788136464454   0.09692028157657175    0.5966133428053351    0.5075312327165533
   0.1699378427923693    0.1359277228146617   0.06565600772708331   0.01666679428652358    0.4908848504532609    0.1593011050140314  -0.04340533577779013    0.4684939289218624  -0.08617044133710233    0.6729900313830653
 -0.04087779070331725  -0.06883925322690258   0.04323944150004207   0.04626314737166155    0.4109065823617757  -0.03630769872449854   -0.6190643474599037    -0.429898489799481    0.4987678406234334   0.05094143945268875
   0.2261260151224671    0.5064757387733505   -0.3644051872663819   -0.6890553182270314  -0.09359474518418477  -0.04392358587853511    -0.209702295550853   -0.1263607535082004   -0.1145756516445134   0.03165515402705678
 -0.08729655072089228   -0.5109318461987139  -0.01346700276693978  -0.08714292901654649   -0.2988416977110807  -0.02860102384716109   -0.4479361462415404   -0.1399912800842315   -0.5370198782217886    0.3532614222646816
  0.03672927818753885    0.6145006446369469   0.04383102136130558     0.626043891019938     -0.28611236455941 -0.001360024408847227   -0.2834417667969382   -0.1202589895234602   -0.2036152667939327   0.09521047489501408

22.68515432597582
46.43281676988148
35.56165254965559
73.30825976352305
64.51635495116895
133.4015542848723
74.41613952948225
154.5833248124605
  105.02847939739
219.1778310136855

 2.086936081079635
0.4799486987498695

    0.1417883160617608   -0.06807716002796543    -0.1365468356119497     0.0655960663746718  -0.001589719040143248   0.001055346701131133  -0.001480890122341513  0.0003816125693361849  -0.001769766101772785   0.001142143434336438
  -0.03216433471024868    0.01545056963185074    0.03087008152645934     -0.014832125329137  0.0003930263717987489 -0.0002687196993813872  0.0002822634163847887 -1.561156480168136e-05  0.0004850680674102336 -0.0001315685331682832

 -0.002214136778569429 -0.0005448385518690253   -0.01624352805668396   0.008872947399873632  -0.006172954625264539    0.01813016694481191   -0.02010784777684529    0.01534440022677331     0.2756898017878227  -0.008547019733928667
 0.0005013826527715501  0.0001080521923465669   0.003712111283274561   -0.00206679803529776   0.001601054211898822  -0.003822744432848083   0.004826253841603795  -0.003458962522066848   -0.06255484321236943   0.002719818755358778

cov:
   0.9553221118361211     2.037465429812361  -0.02380980854979321  -0.01634666825939081    0.0369249731606368   0.06052775704701912 -0.007667448438456089 -0.007490867731494781   -0.0182017103673372  -0.08024648586824969
    2.037465429812361     17.94220002185655  -0.02658819998666426     11.87651003272944    -4.225123318846087   0.09153356545970551    -3.395183051034556    -1.701875061594192    -1.227000306642741  -0.07423787733620109
 -0.02380980854979321  -0.02658819998666426     1.113192329389328     2.344629861210689   0.02191415355825491    0.1054376896677383   -0.0266730897332359  -0.01325524454636095   -0.0115332433825197   0.04495585128372219
 -0.01634666825939081     11.87651003272944     2.344629861210689     16.26437454304611    -5.312112723355697    0.1632817145112738     -4.91084090831459     -2.01365148223773    -3.280133723749726     1.534630376344489
   0.0369249731606368    -4.225123318846087   0.02191415355825491    -5.312112723355697     5.935526969455867    0.3150357356482665     3.502033486395778     1.453615140972163     4.330771021886659    -1.903918672888236
  0.06052775704701912   0.09153356545970551    0.1054376896677383    0.1632817145112738    0.3150357356482665    0.6258659247546259    0.2405820273520541    0.3165886019220529   0.04770574204132911  -0.05425297338431982
-0.007667448438456089    -3.395183051034556   -0.0266730897332359     -4.91084090831459     3.502033486395778    0.2405820273520541     7.508720279543086     2.957489943793671     4.034988818785919    -3.012811368406935
-0.007490867731494781    -1.701875061594192  -0.01325524454636095     -2.01365148223773     1.453615140972163    0.3165886019220529     2.957489943793671     2.576988842783632     1.069190100365226    -0.526771911829665
  -0.0182017103673372    -1.227000306642741   -0.0115332433825197    -3.280133723749726     4.330771021886659   0.04770574204132911     4.034988818785919     1.069190100365226     7.018442159665693    -2.729454292459324
 -0.08024648586824969  -0.07423787733620109   0.04495585128372219     1.534630376344489    -1.903918672888236  -0.05425297338431982    -3.012811368406935    -0.526771911829665    -2.729454292459324     3.627718061716301

cov.inverse():
    31.47847174112108      -14.608753534792    -37.70610068585702     18.16306728890818     2.094368182394171    -1.223498011310649     2.318911048561815   -0.7635425481056888     2.725260163545463     -1.87256583766983
   -14.60875353479201     7.015741887546075      18.1268334311665    -8.724261764817513    -1.011999735274315    0.5355144672784291    -1.107903592631021    0.3708026065207506    -1.300412492992677    0.9186044614233517
   -37.70610068585703      18.1268334311665     48.58278509784674    -22.93981008907051    -2.995237005432038     1.396102672069515      -3.1074261967463     1.070709409875353    -3.243750204619807      2.22213583308333
     18.1630672889082    -8.724261764817514     -22.9398100890705     11.03995487259557     1.440747308272694   -0.7549310303742717     1.489347182771962    -0.497174554235731     1.559481414487216    -1.079812011728974
    2.094368182394174    -1.011999735274318    -2.995237005432044     1.440747308272697    0.6626595365278604   -0.2724458287531828    0.2386613060489555   -0.1592701409813864  -0.04796555342628009  -0.06404374134523617
   -1.223498011310651    0.5355144672784302     1.396102672069518   -0.7549310303742727   -0.2724458287531827     1.881452380429048  -0.05059222662960922   -0.2312753993863901 -0.004659889177221717   0.09199658126355048
    2.318911048561814    -1.107903592631019    -3.107426196746294     1.489347182771959    0.2386613060489546  -0.05059222662960886    0.6968587783477594   -0.5138545592894084   0.08419571736462954    0.1290648301742613
  -0.7635425481056889    0.3708026065207504     1.070709409875352   -0.4971745542357307   -0.1592701409813861   -0.2312753993863902   -0.5138545592894086    0.9111732551530941   0.01888998524171052   -0.1795319479250975
    2.725260163545461    -1.300412492992675    -3.243750204619803     1.559481414487214  -0.04796555342628069 -0.004659889177221436   0.08419571736462941   0.01888998524171073    0.5861925166239991  -0.09736766226589652
   -1.872565837669836    0.9186044614233547     2.222135833083339    -1.079812011728977  -0.06404374134523663   0.09199658126355072    0.1290648301742604   -0.1795319479250971  -0.09736766226589688    0.6579107615546588

cov*(cov_.inverse()):
     1.000000000000038   3.20576898360514e-15  1.057487430955462e-14 -1.876276911616515e-14   1.07032438467769e-15  1.127570259384925e-16 -2.648922747816584e-15  4.198030811863873e-16 -1.665334536937735e-16  4.093947403305265e-16
 2.545186283953171e-14      0.999999999999991   3.11972669919669e-14 -7.979727989493313e-15  2.471113591528962e-15 -1.674008154317619e-16 -3.722716579446228e-15 -4.267419750902945e-16  4.666406150377611e-16  2.775557561562891e-17
 4.746203430272544e-15 -2.539635168830046e-15      1.000000000000001  2.636779683484747e-16  -1.86916454536501e-16  1.361757928641794e-16 -1.795438797635995e-16  8.500145032286355e-17 -1.561251128379126e-17  4.163336342344337e-17
                     0 -1.865174681370263e-14  6.350475700855895e-14     0.9999999999999916 -2.914335439641036e-15 -3.885780586188048e-16  1.831867990631508e-15  3.885780586188048e-16  7.494005416219807e-16 -6.661338147750939e-16
 3.375077994860476e-14 -6.439293542825908e-15 -4.440892098500626e-14 -4.440892098500626e-16      1.000000000000001  2.775557561562891e-17 -1.387778780781446e-15  1.110223024625157e-16   1.27675647831893e-15 -1.332267629550188e-15
 2.498001805406602e-15  4.371503159461554e-16   1.52655665885959e-16 -1.311450947838466e-15  6.505213034913027e-17     0.9999999999999999 -2.090341788552053e-16  8.673617379884035e-18 -5.464378949326942e-17 -1.387778780781446e-17
-2.664535259100376e-15  6.217248937900877e-15  -1.77635683940025e-15 -6.217248937900877e-15  2.775557561562891e-17  6.661338147750939e-16      0.999999999999998  4.440892098500626e-16 -7.216449660063518e-16 -8.881784197001252e-16
  3.33066907387547e-15  2.609024107869118e-15  -3.33066907387547e-15 -2.664535259100376e-15  2.775557561562891e-16  1.110223024625157e-16 -6.522560269672795e-16      1.000000000000001  1.457167719820518e-16 -7.771561172376096e-16
 3.552713678800501e-15  3.552713678800501e-15 -1.509903313490213e-14  8.881784197001252e-16 -1.110223024625157e-16  1.110223024625157e-16 -9.436895709313831e-16  2.775557561562891e-16     0.9999999999999993 -1.332267629550188e-15
-1.243449787580175e-14  3.996802888650564e-15  1.598721155460225e-14 -4.884981308350689e-15  -9.71445146547012e-16  6.106226635438361e-16 -7.216449660063518e-16  4.440892098500626e-16 -8.326672684688674e-16      1.000000000000001
