10
2

0.04107070803761286
 0.3248737559001738
 0.3643527369039258
 0.8831893567270901
 0.9033674599406244
  1.013070441818235
  1.331425318388537
  1.407957216030123
   2.95269773585607
  5.340978269391922

   0.3048279704855074    -0.112519864827311   -0.7602202335515388    0.2808159603915766    0.4585516356484275   -0.1653623808263212 -0.003074340225865183  0.001388260094350361  0.001040641357885831 6.195360291102777e-07
  -0.2721104217138944   0.09733676874064337   0.09040587331693656  -0.02833686118754389    0.3402048828246652  -0.07432045289343125   -0.8542584940239307   -0.2349018381492046 -0.006209805625814991  -0.03560014513747849
  -0.5936791732157394    0.1880424002569972     0.107415547769162  -0.01667170991635067    0.5751925025441376   -0.1565051184807388    0.4086606570107468    0.1944355498123604   -0.1724633503069468    0.1023545762012394
   0.5200726589680842  -0.08225387982616005    0.4798063228968161   0.06883229865099384    0.4945119370133449    0.3013400576061791  -0.05489945420046324    0.3740615232119967   0.02346093577395743  -0.09472307493269091
  -0.2064038833653544   0.03189188756817144  -0.09445775330390013   0.04115259817360004  -0.05111205186704132  -0.03558231952747654  0.002813262376227392    0.2620344771869796    0.3268208457666277   -0.8754451157707734
   0.1507077474534976 0.0008512168418043049      0.15687165402442    0.1039685105042411   0.09669378726814906  -0.01150212546022912    0.1918299707878981   -0.5970639173138444   -0.5817322779766386   -0.4479841443596687
  -0.1530722207134306  -0.06495698840235239    0.2324499452505949    0.8587679262602882  -0.03982531925519357   0.04022135445086646   0.07170686817806478   -0.2202762507298634    0.3347966668698945    0.1089863915762525
   0.2534566906676672   0.07652964011045379    0.2627376748377039    0.0670678270017725  -0.08335308744303602   -0.9080284228329575  -0.04207840903451811    0.1513083953575261  -0.01563357599930263  -0.00107488261253441
  -0.2212018920903207    -0.545453860561995  -0.03301532089771155    0.2661541856793541   -0.2013463401216166   0.01272978848038549    -0.200944685298041    0.4378534270303269   -0.5554491383182016  -0.01735555818095871
  0.09048884690737398    0.7919124075344502   -0.1202277419676888    0.3000035079438184   -0.1938202570733481    0.1553648897473857   -0.1269551299561534    0.2807367515898799   -0.3218463330558791  0.003059546695969262

35.55573488463286
96.42018385745308
 48.4890037860647
131.3040115728933
57.13673636349227
154.5962279078759
68.42370273513929
185.9164727972291
82.40128391083248
 222.397023961925

 2.698932571575959
0.3710692826503915

    0.1348654654075972   -0.05006455564162358   -0.03063293742811759    0.01154695232689058    -0.1037406656375981    0.03908836758489811   0.002207381790393583  0.0003547477458448875 -0.0007529419126621442 -0.0002085333280887908
  -0.01748018959178601   0.006486472838088502   0.001202726160255492 -0.0004436043563716193    0.01623202802246941  -0.006086837148488479 -0.0001001307763832585 -1.145378879527709e-05  7.272210175390343e-05 -1.448460399127832e-05

 3.244244452948577e-05  -0.008952478166535677   -0.02093153272659836    0.01626057642201276   -0.01804949881028379   0.007122729124391681   -0.01610945999206748   -0.00752561254741143     0.2012127759434414     0.1695925246260669
 2.282090662068911e-06    0.00122135384193953   0.002916041883973741  -0.002247208769683407   0.002532338033206614 -0.0009185114032918595   0.002268790534439519   0.001045838367171297   -0.02789874855268159   -0.02363261800054723

cov:
     1.152870790983084      3.095876166959845    0.04562649292206535     0.1011243103670545    0.02622976144631708    0.05019236380637951     0.0184714532767137    0.02272467311807672    0.01998115218156415    0.04395354821424406
     3.095876166959845       20.5142240915769     -2.575214387707343      5.418696780808679     -3.444189621010113      3.281881169095067     -1.921792472691466       4.29272707978992     -4.667913899055939      0.124028170305918
   0.04562649292206535     -2.575214387707343     0.8699452074895879    -0.6782520039362085     0.8783062072398218     -0.881925773856439     0.5086813289751001     -1.076613955055672      1.280916762593352 -0.0001212225350824598
    0.1011243103670545      5.418696780808679    -0.6782520039362085       4.51767368199118       -2.1645410702526      1.313892013273503     -1.429920086372215      3.068766424774801     -3.585066442045111    0.06927322018516215
   0.02622976144631708     -3.444189621010113     0.8783062072398218       -2.1645410702526      1.700617379324474    -0.6323171907481399       1.05483102629011     -2.249721548930841       2.65775625488286   -0.03190774196182137
   0.05019236380637951      3.281881169095067     -0.881925773856439      1.313892013273503    -0.6323171907481399      2.403203060138813    -0.5211443764317257      1.089906148804614     -1.429516423379072    0.02793623563646513
    0.0184714532767137     -1.921792472691466     0.5086813289751001     -1.429920086372215       1.05483102629011    -0.5211443764317257      0.963751063752438     -1.925640030241119      2.058959402578586   -0.04412019727211787
   0.02272467311807672       4.29272707978992     -1.076613955055672      3.068766424774801     -2.249721548930841      1.089906148804614     -1.925640030241119      4.592966549817956     -4.404328601266621   -0.02143582734653066
   0.01998115218156415     -4.667913899055939      1.280916762593352     -3.585066442045111       2.65775625488286     -1.429516423379072      2.058959402578586     -4.404328601266621      6.282761805029468     0.1505935970750004
   0.04395354821424406      0.124028170305918 -0.0001212225350824598    0.06927322018516215   -0.03190774196182137    0.02793623563646513   -0.04412019727211787   -0.02143582734653066     0.1505935970750004     0.8638866687818315

cov.inverse():
   58.91564382280043   -21.45677941875736   -137.7146514438585    50.87420215614591    79.77114151095427   -28.90286541072364  -0.1967067119432661   0.1105724492764192   0.8050556278561094   -0.282457094080809
  -21.45677941875731    7.933241646980136    50.89296719763524   -18.82462070532791    -29.5082417955191    10.67424338065489 0.006953715686240636 -0.06921514234774374  -0.2966755342360951  0.08465071039028262
  -137.7146514438585    50.89296719763521    343.1817246740407   -126.4251754360705   -205.5962560233502    74.40832401706012   0.9848363346062887  -0.5727277377830891  -0.6808953952069737  0.04083678176708449
   50.87420215614585   -18.82462070532789   -126.4251754360704    47.20769577582247    76.19583899745854    -27.4752067292161  -0.2932002741628718   0.1702301056432859   0.2975092697169452 -0.04881672964398329
   79.77114151095425   -29.50824179551907   -205.5962560233501    76.19583899745855    128.5806816682056   -45.64275312171914   -1.829946244901261   0.6137147805061876  -0.5366251128455465   0.2794470856689873
  -28.90286541072364    10.67424338065488    74.40832401706005   -27.47520672921609    -45.6427531217191    16.98361509943318   0.4175889139352125  -0.1322712051655597   0.1192027042649349 -0.08610532267678521
   -0.19670671194321  0.00695371568621889   0.9848363346061199  -0.2932002741628105   -1.829946244901151   0.4175889139351728    8.226643197645082    2.336807660211112  -0.5636864804964523   0.5279611498275147
  0.1105724492764612 -0.06921514234775948  -0.5727277377832077   0.1702301056433301   0.6137147805062659  -0.1322712051655877    2.336807660211111    1.483269110411098   0.1428389016272568   0.1487753769732305
  0.8050556278560674  -0.2966755342360797  -0.6808953952068714   0.2975092697169078   -0.536625112845606   0.1192027042649566  -0.5636864804964492   0.1428389016272585   0.7887600106191984  -0.2087354343782418
 -0.2824570940807967  0.08465071039027812  0.04083678176705292 -0.04881672964397171   0.2794470856690067 -0.08610532267679226   0.5279611498275134   0.1487753769732298   -0.208735434378242     1.24384560772898

cov*(cov_.inverse()):
     1.000000000000083 -5.054984208996416e-14   1.33732001167397e-14  1.113996048185406e-14 -4.097243377909621e-14  2.243214294872509e-14  2.959438250016433e-15  7.684824998577255e-16 -1.387778780781446e-17 -2.081668171172169e-17
 3.454181385365018e-14     0.9999999999999971  1.766382179413384e-13  8.867906409193438e-15 -1.242270175616511e-13 -1.104671909502031e-14 -2.914335439641036e-16  6.106226635438361e-16  2.151057110211241e-16 -2.775557561562891e-16
 3.160523871694604e-14 -2.176567370890288e-14      1.000000000000078 -1.251406984493272e-14 -4.638654640520129e-14  2.902292494603564e-14  2.002738253015224e-15 -1.778227088147788e-16 -4.966764033473986e-16  6.862999751833243e-17
 -6.26339258236186e-14  3.284091748545492e-14  -4.14663962888806e-14     0.9999999999999915  5.426215032855453e-15 -2.207088678485292e-14  6.036837696399289e-16  2.827599265842196e-16 -3.157196726277789e-16   3.05311331771918e-16
 5.032432803808717e-14 -3.324337333188154e-14 -3.627306788267504e-14  1.570900527714247e-14      1.000000000000016  1.192058604604362e-14  -3.33066907387547e-16    -5.759281940243e-16 -8.309325449928906e-16  1.318389841742373e-16
-3.105848911388875e-14  2.547918473427835e-14   -1.7875891739072e-14 -8.779435511918621e-15  7.669212487293464e-15     0.9999999999999919  3.521488656232918e-16  3.738329090730019e-16  2.229119666630197e-16  8.326672684688674e-17
 1.901950819060971e-14 -1.775099164880167e-14  3.550697062759678e-14 -1.483708989002963e-14 -1.306940666800926e-14  1.760527487681962e-14                      1  2.393918396847994e-16 -1.752070710736575e-16 -6.938893903907228e-17
-3.703634621210483e-15  3.754592123317302e-15  -5.47390908642309e-14  2.180395620998699e-14   1.36876621148474e-13 -4.635116075679679e-14 -2.874436799693569e-15     0.9999999999999993  2.055647319032516e-16 -7.979727989493313e-17
 1.681293992916721e-14 -3.641878465465709e-14  1.161171853114595e-13 -4.265858499774566e-14 -9.860862126842562e-14  3.693920169745013e-14  3.844147222764605e-15  4.961309141293668e-16     0.9999999999999993 -1.665334536937735e-16
 1.387778780781446e-16  -9.71445146547012e-16   7.61196661258623e-15 -2.282896094385478e-15 -4.829470157119431e-15  2.386979502944087e-15 -1.665334536937735e-16 -8.326672684688674e-17  2.775557561562891e-17     0.9999999999999998
