12
2

0.04282451975751533
 0.2393029219763339
 0.7408375597119397
 0.8749102572257315
 0.9608236836956968
  1.121548212994333
  1.318854516030873
  1.750735685251657
  1.989633590697649
   2.71257448168228
  3.996639082417959
  6.749456991119957

    0.3958685215757586    -0.1901766706078174    -0.7357274594716159     0.3526970356044657     0.3392209334032739    -0.1623424531088263 -0.0001448493263520811   0.000670694562557284  0.0002968418741244989   0.001205208319458771  7.701853136557639e-05  -0.001709652088629443
     0.517583417122998    -0.2285656946360961   -0.05999242262243691    0.02709429356194649    -0.7323606944211554     0.3307028183537259     0.0573878153326374    -0.0286218569344171    0.07793945849276164   -0.07065365100527428    0.08623062530777741   -0.08485638964990741
     0.022577139859152     0.0207505366174588    0.04501240144848907    0.03466708955583779    0.04094828681950998    -0.0166607985924589     0.2198985865028728    -0.9612161202885092    -0.1453879027381025  -0.007120300370977689  -0.006707997423574614   -0.01876869154730127
    0.6586449463731006   -0.07326196212582743      0.550886785027667   -0.04553997327227585      0.399927664531117   -0.06812527668875887     -0.265412706507094  0.0007056998382495664   -0.04251353057917868    -0.0188198698467958     0.1321531384458811    0.02481426375138288
   0.03221094264758713    0.01342039801394863    0.02216432218590097   0.004845275431525043    0.01145561696762151  -0.007335076031693718    -0.1975398107587182    -0.1493848945232495     0.7114593277123774    -0.2672316508970741    -0.5372497202949605     0.2655567057804875
   0.01728314207270135    0.03177919221456319    0.01464323657075554    0.02775508683776728   0.004980024160839042  -0.002270806157327292     0.2855741816936544      0.101814978869986    -0.2703822268479087    -0.6821424130866849     0.1419957680557148     0.5892114458099156
   -0.1658152943032124  -0.004728889693475272    -0.1741804506233595   -0.06647609792115708    -0.1477008649315048    -0.0654535563578309    -0.6827923660640309     -0.198830996300832    0.08293442207313469    0.03352341011820434     0.5402944403302343     0.3255243637183021
     0.202240450692115     0.2506820733513435   -0.01438674438455213   -0.09568242307389478   -0.08849540694088834    -0.1295966744121663      0.320432644073837    0.04473952010500671     0.1106058126344049     0.6259775135203974    0.01544805349945736     0.5943648870942189
   -0.2220142618767493    -0.4603634338560741     0.1515968135038753     0.2875310252633804     0.2778059835868987     0.5162382814627646     0.2341025867015492   0.004983512823743625     0.3172355432914077     0.1401924053380492     0.3111820597779063     0.1322343862382653
     0.126109372770747     0.2506536123300557    -0.3052368050439276     -0.676307672192762     0.2812865723962664     0.5158498292291431    0.04618843794107928   -0.02629928427478051    0.07231049393959005   -0.07518807049813762    0.08303105601673108     -0.069879911875983
  -0.07340905816757848    -0.5629712003883495   -0.04196734727438138    -0.2523620109410691     0.0149938592423137     0.1512016937565588    -0.2361220617026486   -0.01752028889728827    -0.4435347371580735     0.1837448557605355    -0.4699945706923855     0.2858307310079489
   0.02752576197197769     0.5000404701790871    0.02097140437078484      0.503462255116282    0.02513845785259403     0.5317504589561358    -0.2752439263600139  -0.001561057325633798    -0.2645701454917009    0.07635247857086695    -0.2224291175049309     0.1040859968397778

22.68465088415543
46.44487360761104
35.56203405221075
73.33053600894799
 50.5004901712028
104.5189419661952
 64.5029397303765
133.4010055544504
88.44445041337713
184.2306132969283
 104.993608554008
 219.199694105614

 2.087584865123217
0.4798032805870833

   0.07862925973493348   -0.03764999059290781  -0.008432323934418283   0.004078044602913322   -0.06949761155967935    0.03329208935095031 -0.0001782963880678713  0.0001768399218844197  -0.000176752649044038    5.6936154995346e-05 -0.0001518430453657407  0.0002894770984916502
  -0.01774411262245812   0.008498456492961199   0.001634730839673389 -0.0008054545564465887    0.01579134812157471  -0.007562705567129139  2.813567028493712e-05 -3.272821705642932e-05  0.0001561455033488511  0.0001425145682771788  7.435462174431514e-05  3.320068035675178e-05

 3.108361475297568e-05   0.006399773504769782  -0.001554870364619313    0.01507593966002109  0.0007812478558954876 -0.0001817281242926597  -0.006071202561586406    0.02503311800310679  -0.009690791280989293   -0.01576970218480013     0.3038447262890482    0.06076834672100628
-6.497091059588612e-06  -0.001449063658102105  0.0003330547006720984  -0.003481351597018338 -0.0001362539274443479 -5.511265270983067e-05   0.001547136927382056  -0.005170974531060538    0.00249209617092612   0.003572252279258126   -0.06913908653660455   -0.01301918960307004

cov:
    0.955236168589825     2.038588865139627  -0.02268086633659587  -0.01390190965410019    0.1996657288299888    0.4278538759118007   0.03534747817034107   0.06025047309922923   0.01560508860692886   0.03122469664347727  -0.01429593203502059  -0.08068202302773209
    2.038588865139627     17.95585490707478   -0.0222243123781068     11.89726233325924    0.3713806888161818     10.66403732528554    -4.210609259532155   0.09202160782825787     -2.40106422747779    0.1448169880037677    -1.256561922567528  -0.08879666087283279
 -0.02268086633659587   -0.0222243123781068     1.113431181270017     2.347716062711052   -0.2303838853821504   -0.4468199672272313   0.01934587503885257    0.1060442478923701   0.03032403371822477    0.1391078123232723  -0.01466043473790782   0.04588420781228869
 -0.01390190965410019     11.89726233325924     2.347716062711052      16.2963868811027   -0.5382665976361996     9.654863721236616    -5.316792821106326    0.1657653260886867    -4.328304588186647     1.332163406785487    -3.334968228117917     1.541768357349723
   0.1996657288299888    0.3713806888161818   -0.2303838853821504   -0.5382665976361996     1.136455807256259     2.297233708399661 -0.009226313686483575   -0.0371173442512589    0.0243012138016162  -0.05846205353004044    0.0356839025209727  -0.03917184943813761
   0.4278538759118007     10.66403732528554   -0.4468199672272313     9.654863721236616     2.297233708399661     16.32826681657846    -6.620159298273811   -0.1559718642964491    -6.609782690571324     2.045441129651678     -5.64175579792944     2.937333480819964
  0.03534747817034107    -4.210609259532155   0.01934587503885257    -5.316792821106326 -0.009226313686483575    -6.620159298273811      5.91930828059874    0.3089833088619612     5.083404544804114    -1.164593347136212     4.373333506757067    -1.931564836625371
  0.06025047309922923   0.09202160782825787    0.1060442478923701    0.1657653260886867   -0.0371173442512589   -0.1559718642964491    0.3089833088619612    0.6258828010825478   0.06549463163637924  -0.01193571335546553   0.04842705047232541  -0.05344473371766512
  0.01560508860692886     -2.40106422747779   0.03032403371822477    -4.328304588186647    0.0243012138016162    -6.609782690571324     5.083404544804114   0.06549463163637924      7.38993175258813    -1.811556566124461     6.124176342284522    -2.927831217516313
  0.03122469664347727    0.1448169880037677    0.1391078123232723     1.332163406785487  -0.05846205353004044     2.045441129651678    -1.164593347136212  -0.01193571335546553    -1.811556566124461     2.779079925382994    -1.956707172733637     1.901335810377287
 -0.01429593203502059    -1.256561922567528  -0.01466043473790782    -3.334968228117917    0.0356839025209727     -5.64175579792944     4.373333506757067   0.04842705047232541     6.124176342284522    -1.956707172733637     7.030403369256863    -2.770540095805543
 -0.08068202302773209  -0.08879666087283279   0.04588420781228869     1.541768357349723  -0.03917184943813761     2.937333480819964    -1.931564836625371  -0.05344473371766512    -2.927831217516313     1.901335810377287    -2.770540095805543       3.6736711785412

cov.inverse():
   90.74214387420818   -43.12806743020657   -158.8751236383326    76.31354177220085    66.94762268673979   -32.13615335988209   0.3399369927068085  -0.1354082039779798   0.7317770092095504  -0.3854577465263839   0.8281489347293263    -1.09973219791661
  -43.12806743020657    20.75001632041263    76.45588833292969   -36.72553478184106   -32.31985662765828    15.46807361993506  -0.1682591545052334  0.01200468649569637  -0.3526588751658573   0.1640382531468752  -0.3887259731067146   0.5526740339092011
  -158.8751236383329    76.45588833292975    295.6539721398517   -141.5034229287901   -135.0134765619449    64.73578440353781  -0.1019913109517167  -0.2987783753204451  -0.2279531404035148  -0.4362198172575252 -0.08249521136624255   0.7761889869057386
   76.31354177220088   -36.72553478184106   -141.5034229287901    67.94598135790055    64.87305473797809   -31.06165555329975  0.06377868404723259   0.0653909921794552  0.09893401389045828   0.1767808956911373  0.04644442696622793  -0.3755429481638636
   66.94762268673998   -32.31985662765833   -135.0134765619449    64.87305473797814    72.36870362261654   -34.22876810990521  -0.8177455890880211   0.4322180927101538  -0.9529162271375087    1.096377304799742   -1.047975823418192   0.7483013250496933
  -32.13615335988207    15.46807361993506    64.73578440353778   -31.06165555329974   -34.22876810990519     16.4062049530117    0.402693423645735  -0.1903261952700216   0.4582007449291911  -0.5215433158699315    0.501978727530193  -0.3646206060986511
  0.3399369927067951  -0.1682591545052272  -0.1019913109516938  0.06377868404722181  -0.8177455890880303   0.4026934236457393   0.6655728982411901  -0.2758953905998827  -0.1726726785685861  -0.1079887813996668  0.00183277029144396 -0.08720089189474647
 -0.1354082039779586  0.01200468649568638  -0.2987783753204839  0.06539099217947385   0.4322180927101723  -0.1903261952700305  -0.2758953905998828    1.753900529053264  0.07150134233413949  0.04178075104536336 0.006309808742887698  0.05096477260230283
  0.7317770092095567  -0.3526588751658599  -0.2279531404035267  0.09893401389046429     -0.9529162271375   0.4582007449291869  -0.1726726785685863  0.07150134233413954   0.8013424275224119  -0.1232128800932316  -0.2663338719138547 0.004166191495645786
 -0.3854577465263733   0.1640382531468707  -0.4362198172575406   0.1767808956911449    1.096377304799748  -0.5215433158699345  -0.1079887813996666  0.04178075104536315  -0.1232128800932318   0.6722624807042553 -0.01302830582561903  -0.1566749757135579
  0.8281489347293173    -0.38872597310671 -0.08249521136622212   0.0464444269662182   -1.047975823418203   0.5019787275301986 0.001832770291444321 0.006309808742887711  -0.2663338719138542  -0.0130283058256193   0.6896507821617718  -0.1065634804773836
  -1.099732197916645   0.5526740339092179   0.7761889869058042  -0.3755429481638951   0.7483013250496626  -0.3646206060986363 -0.08720089189474671  0.05096477260230283 0.004166191495645604   -0.156674975713558  -0.1065634804773832    0.667778313216926

cov*(cov_.inverse()):
    0.9999999999999934 -1.290634266126744e-15  1.366129431801255e-13 -2.565656020969698e-14 -9.621470287157763e-14 -6.328271240363392e-15    4.9439619065339e-16 -4.345482307321902e-16 -1.255343485412341e-15 -1.106753577673203e-15 -6.158268339717665e-16 -1.179611963664229e-16
-2.811639809863209e-14      1.000000000000013  4.567179967551738e-14 -4.336808689942018e-15 -1.440514374451141e-14    1.2191636589165e-14  2.099015405931937e-16  5.637851296924623e-17  2.941440493953174e-16  7.632783294297951e-17 -2.046973701652632e-16 -2.706168622523819e-16
-2.345346139520643e-14  1.073099942239253e-14      1.000000000000014 -4.642120021713936e-15 -4.978656376053436e-14 -8.118505867571457e-16 -4.328135072562134e-16 -6.808789643208968e-17 -6.042800808347959e-16 -4.605690828718423e-16 -3.989863994746656e-17  1.006139616066548e-16
-3.113065361048939e-13   3.05311331771918e-14 -2.442490654175344e-15      1.000000000000036  7.127631818093505e-14 -5.151434834260726e-14 -8.881784197001252e-16   1.52655665885959e-16  1.842276331487369e-15  9.992007221626409e-16  8.604228440844963e-16  4.440892098500626e-16
 -6.58501031480796e-15  2.699229728619912e-15  5.847058948127426e-14 -5.986530715595961e-15     0.9999999999999682  1.828398543679555e-15  8.847089727481716e-17 -1.153591111524577e-16 -2.403947266943485e-16 -4.926614671774132e-16 -2.792904796322659e-16  4.510281037539698e-17
-1.199040866595169e-14 -4.840572387365683e-14 -4.440892098500626e-14  8.815170815523743e-14  1.314504061156185e-13     0.9999999999999645 -5.551115123125783e-16  5.551115123125783e-17  1.982788933041491e-15  1.609823385706477e-15 -8.326672684688674e-16 -2.220446049250313e-16
 4.174438572590589e-14 -2.486899575160351e-14 -1.967315199635777e-13 -2.486899575160351e-14 -4.929390229335695e-14 -4.662936703425657e-15      1.000000000000001 -3.885780586188048e-16 -3.660266534311063e-16 -7.216449660063518e-16  1.110223024625157e-16                      0
 4.371503159461554e-15 -3.119032809806299e-15  3.122502256758253e-16   4.11823353196894e-15  -3.37924133120282e-15 -2.595146320061303e-15 -1.084202172485504e-16                      1  -1.33356867215717e-16 -4.163336342344337e-17 -1.309716224362489e-16   4.85722573273506e-17
 9.325873406851315e-14 -5.795364188543317e-14 -2.100541962590796e-13   3.26405569239796e-14  4.352074256530614e-14 -2.287059430727822e-14                      0 -1.110223024625157e-16     0.9999999999999996  1.110223024625157e-16  1.054711873393899e-15  6.661338147750939e-16
 7.105427357601002e-15  1.332267629550188e-15  6.283862319378386e-14  1.476596622751458e-14 -2.287059430727822e-14 -5.662137425588298e-15  3.885780586188048e-16 -1.804112415015879e-16  2.706168622523819e-16     0.9999999999999998 -2.498001805406602e-16                      0
-2.220446049250313e-15 -4.440892098500626e-15 -3.952393967665557e-14 -5.062616992290714e-14 -5.728750807065808e-14  1.154631945610163e-14 -2.498001805406602e-16 -1.110223024625157e-16 -3.816391647148976e-17 -1.165734175856414e-15      1.000000000000001 -4.440892098500626e-16
-3.641531520770513e-14  2.531308496145357e-14  8.171241461241152e-14 -1.176836406102666e-14 -2.708944180085382e-14  1.731947918415244e-14  1.110223024625157e-16                      0  2.567390744445674e-16 -1.110223024625157e-16 -5.551115123125783e-17                      1
