10
2

0.03955288439854542
 0.2617547429321408
 0.3024522840998091
 0.7798852445549703
 0.8360784278910997
 0.9286719933225759
 0.9956261882113997
  1.524458793034397
  1.608906940507421
  4.310118287088958

    -0.410600057409396     0.1280205217070997       0.77885914043169    -0.2422888149981917    -0.3699966091225543      0.113083582386566   0.002575654409339099 -0.0008781494146524222  4.426127030417765e-05 -0.0003374927620947865
   -0.6021848890167315     0.1692577232108368   0.008339219492132996   0.007478452470880897     0.6876726884983888    -0.1627199865069787    -0.3160958734751457   -0.05697755835324196   -0.07710765714474664    0.01093426040455546
    -0.211747902474491    0.07444806470447517   -0.01957288220394017   0.005430960037522128     0.2027567197461521   -0.06131708617103929     0.8982008073077422     0.2768884064387543    -0.1226845008932773    0.07651326243260853
   -0.2065941800365174   -0.04754199224884958    -0.1144599382563358     0.1000531592346519    -0.1270011796574796     -0.112934135241837    0.06093677679739523    0.05544311405562515     0.1897835129499344    -0.9275011922483438
   -0.5231154170259943     -0.167347593901185    -0.4093429692836564    0.07283432936560875    -0.4939569646896791    -0.3522079110191329    0.02699119104877726    -0.2224893068553938     0.1159688227077709     0.3061957834454163
  -0.07768681014550034    -0.2181612428725063    0.08905387143499227      0.245313117456095    0.04765976793130765    0.04174799803478645    -0.1419336309616778     0.6581369740075388     0.6205686791255515      0.189346369227342
   0.01443822065691169     0.4967484961033553    -0.3374730447260929    -0.7108829375467451   -0.09235095056259154  -0.006843591753793708   -0.08273732810337545     0.2864083194413309       0.19062773883238  0.0004517237897076535
    0.2241162651689238     0.6399328843187252     0.1840419647638125     0.3683107102481784   -0.01902650641782737    -0.4548011834477463    0.07960141862708053    -0.2066416232698648     0.3341045051035509    0.05352091291385209
   -0.1895794852271391     0.2416748099030356    -0.1833764897802193     0.1806546072605351    0.02365065197153968     0.7598338427992031     0.1287159808036939    -0.3476193645507549      0.350442285845508    0.03558422228371484
    0.1232911153293061    -0.3960812923615619     0.1514794552617541    -0.4382616689175746     0.2779463975210514    -0.1849018053603614     0.1974220067419764    -0.4345068255356351     0.5231217205395129   0.005362155301781195

40.79906889652922
 131.547141536166
48.52057998320916
156.3399043213348
57.16226858053175
 184.058815459903
68.32662190711326
220.8824444860014
82.14181069904166
263.4396601560334

3.213057072735216
0.311621409490162

    0.1965362690116174   -0.06146033057209715  -0.009012397860118107   0.003362072787028944    -0.1871607227231306    0.05817776486266411   0.002323845957897927  4.726803125113584e-05 -0.0009579688337905991  0.0001605983083777113
  -0.01862968728502967   0.005851106949877335 -0.0001400998247152698  1.584383160692523e-06    0.01874444826325952  -0.005803147267067654 -6.041719214748049e-05  5.666816403788739e-06  8.395578668430486e-05 -1.955583379339371e-05

-3.217460959468879e-05   -0.01833732595756973  -0.007801400677699888   -0.01173897825777731   -0.01163385108235114  -0.007927362631372293   -0.01042444862369326   -0.04354765437642866   -0.02619896716959583    -0.3177440441236277
 1.090622925717482e-06   0.001785112598828725   0.000775275627089541   0.001150946590213206   0.001125148941697033  0.0007507441867059724   0.001006107520161123    0.00429368033813602   0.002652568392354544    0.03113679461023569

cov:
  0.7440193382808277  -0.6120923851414855   0.6856005236162843  -0.9666893893475405   0.7750976626642472  -0.8853422154567357   0.4169077395807204  -0.9008440044607363    1.100647650369765  0.01265988405958821
 -0.6120923851414855    4.326375405048383   -1.087224909160307    3.477973530160531   -2.042348311801264    1.190450480929825   -1.270238439924643    2.715190573464576   -3.176720047891901  0.01864756085135143
  0.6856005236162843   -1.087224909160307    0.837854412811486  -0.9329718232483035   0.9471077647951499  -0.9612336182954743   0.5315282492301218   -1.132087827067493    1.386312702959407  0.01230389532026777
 -0.9666893893475405    3.477973530160531  -0.9329718232483035    4.530641992303537   -2.225288331987438    1.460140940634792   -1.445371101969705    3.127732327539843   -3.794899937137016  0.01772626554930215
  0.7750976626642472   -2.042348311801264   0.9471077647951499   -2.225288331987438    1.664606617073634  -0.7642915729152285    1.013216020950587   -2.179871722024205    2.655236234603695 0.003093588908776783
 -0.8853422154567357    1.190450480929825  -0.9612336182954743    1.460140940634792  -0.7642915729152285    2.708538194897916   -0.525990915168517    1.098989877078954   -1.479731549808659 -0.01041117892177239
  0.4169077395807204   -1.270238439924643   0.5315282492301218   -1.445371101969705    1.013216020950587   -0.525990915168517    0.889238154563448   -1.829828194426986    2.006351437842724 -0.00434032020157882
 -0.9008440044607363    2.715190573464576   -1.132087827067493    3.127732327539843   -2.179871722024205    1.098989877078954   -1.829828194426986    4.417906255288032   -4.306456205563797 -0.07040727711191602
   1.100647650369765   -3.176720047891901    1.386312702959407   -3.794899937137016    2.655236234603695   -1.479731549808659    2.006351437842724   -4.306456205563797    6.062306190487734   0.1442132609179837
 0.01265988405958821  0.01864756085135143  0.01230389532026777  0.01772626554930215 0.003093588908776783 -0.01041117892177239 -0.00434032020157882 -0.07040727711191602   0.1442132609179837   0.6306979131788908

cov.inverse():
    114.0539153134073    -35.05051725023063    -204.0826948616355     63.41119574475447     91.00133599945228    -27.91046319833536  -0.00670438040928366    0.1855282576186593    0.7557233874695946   -0.1131884434486429
   -35.05051725023056     11.51001168374313     63.68591788324631    -20.12001121685995    -28.35287409907314     8.830782901622094    0.1738391050210577  -0.04139049301669857   -0.2771921579662478   0.03113335834809174
   -204.0826948616359     63.68591788324652     388.1780112378381    -120.4062107499678    -183.8156285073836     56.43529733703878       1.0366794763137   -0.4083457845897069   -0.0596444798688937   -0.1666636642711203
    63.41119574475449    -20.12001121685999    -120.4062107499676     38.21019753666419     57.38926198501838    -17.58822974937387   -0.3313368432091973   0.06720878308771322    0.1256232239241879  0.001706689480172995
    91.00133599945266    -28.35287409907331     -183.815628507384     57.38926198501859     95.24899872496114    -28.23067790277519    -1.819349344645398    0.3968762661480217    -1.153052114821404    0.3468419198900391
   -27.91046319833547      8.83078290162214     56.43529733703888    -17.58822974937392    -28.23067790277517     9.116084055563945    0.3238499697097286  -0.03934035734738855     0.235889372577571  -0.07463003827672063
-0.006704380409397687    0.1738391050210913     1.036679476313901   -0.3313368432092578    -1.819349344645483     0.323849969709757     10.33046292855505     2.815905428559769   -0.9089293188990198    0.5916283428704313
   0.1855282576186304  -0.04139049301669056   -0.4083457845896595   0.06720878308769955    0.3968762661480045  -0.03934035734738251     2.815905428559768     1.622050809582161    0.1127803670373355    0.1756471399188535
   0.7557233874694997   -0.2771921579662184   -0.0596444798687187    0.1256232239241332    -1.153052114821486    0.2358893725775957     -0.90892931889902    0.1127803670373356    0.9231732179212878   -0.2045459981845838
   -0.113188443448641     0.031133358348091   -0.1666636642711226  0.001706689480173965    0.3468419198900398  -0.07463003827672073    0.5916283428704314    0.1756471399188535   -0.2045459981845837     1.657617211488445

cov*(cov_.inverse()):
     1.000000000000066 -9.402201239794294e-16  4.006343867768436e-15  1.361259534455629e-14  3.546642146634582e-15  2.959438250016433e-15  1.213439071445777e-15  5.048045315092509e-16  4.375839968151496e-16  -2.42861286636753e-17
-5.335098682279771e-14     0.9999999999999943 -3.456436525883788e-15  1.044438380183241e-14  2.046973701652632e-15 -2.320691382118323e-14  7.945033519973776e-16  1.000935445638618e-15 -3.851086116668512e-16 -3.469446951953614e-17
 7.195632978351796e-15 -4.210607557064705e-15     0.9999999999999725 -1.235979295798571e-14 -5.104423828061755e-15  1.276225219254412e-14  1.092875789865388e-16 -5.451368523257116e-16  2.918672248330978e-16  3.469446951953614e-18
 -9.28137774969251e-14  1.804730410254196e-14  1.140559001411301e-13      1.000000000000044 -4.134366460295524e-14 -1.998921861368075e-14  -1.19522447494802e-15 -1.630640067418199e-16 -6.487865800153259e-16 -1.249000902703301e-16
  2.68162770634961e-14 -1.477968138499652e-14 -7.103638424016401e-14  1.894816599359427e-14     0.9999999999999896 -3.673358275543825e-15  9.913944665207453e-16 -5.274643569141979e-16 -2.349466107776088e-16  1.925543058334256e-16
-6.304093531916966e-14  7.115944118674111e-15  3.659117280008228e-14 -5.481184083000468e-16 -5.229323918332085e-15      0.999999999999993 -2.789435349370706e-15 -6.264520152621245e-16  3.760013134179729e-16 -2.532696274926138e-16
 5.478744628112375e-14 -4.784936552884589e-15 -5.211651422920571e-15  4.930361098499838e-15  1.539068351930073e-14  1.061433926863309e-16     0.9999999999999998  8.988036009904832e-17  2.982640176507623e-16  7.892991815694472e-17
-5.596391405848777e-14 -5.432286565021371e-15  5.766220834146907e-15 -1.494731259338994e-14  1.817643258128498e-14 -2.687954026026063e-14 -2.484124017598788e-15     0.9999999999999999 -7.754213937616328e-16 -1.804112415015879e-16
 2.312386393477084e-14  1.022099072045535e-14 -5.551115123125783e-15 -2.015786626161087e-14  1.672967320232033e-14 -2.659331088672445e-15  -9.71445146547012e-17  2.498001805406602e-16      1.000000000000001  2.220446049250313e-16
-1.942890293094024e-16  7.632783294297951e-17  1.110223024625157e-15 -9.952975943416931e-17 -6.106226635438361e-16   2.42861286636753e-16 -1.110223024625157e-16  1.387778780781446e-17                      0                      1
