10
2

 0.0409159872513818
0.04241523971304633
0.04648107280900374
 0.6179578360306768
 0.9771733423524963
   1.21628083438591
  1.721717104979431
  2.506012971732102
  3.027533827286678
  6.524546129033522

  -0.2687949058024787   0.05778145399232939   -0.3278159261835884   0.07039230873050813    0.8572301638906654    -0.182463953213734  -0.06761316185948038   0.01395409880250423    -0.193613542674063   0.04003916904639341
  0.07072051889360628  -0.01524668064392453    0.2832854466764276  -0.06138641728123512    0.1409074185216463  -0.03273070052011883   -0.8550138543601489    0.1823020423401463    0.3455810055412926  -0.07817962573703703
  -0.6538653169609182    0.1402692342263506    0.6941312281798712   -0.1587072669413992   0.03098088729811213 -0.004730422888968387     0.112390823945625  -0.01745458489432518   -0.1738935544179081    0.0402617722294496
   0.6434659522452183    -0.093572376466308    0.4235034260141873   -0.2125881118336034    0.2705295273567372  0.007566473128250957   0.02907246351693034  -0.03562605660786313    -0.517135752452732    0.0992956913878318
  0.01590830434924853   0.07557459156153845   0.07083999957143659    0.5342993206478086   -0.2441566996328911   -0.6714792511054596   -0.1137591693810204    0.2167297941054759   -0.2665435000214854    0.2491707628581391
  0.03058944225729975   0.04575224711875475    0.1330185422159254    0.5535526444487229   0.08897723888201264    0.4223168443743288   0.07784675580683596    0.4256603939792934   -0.1614385744218561   -0.5227607362566277
  -0.1102661356997658   -0.1348837356323773    -0.217287585892971   -0.5167306781304708   -0.1918604152018988   -0.3228290804346006  -0.06046142613417874    0.3703606184579644   -0.3131142031135685   -0.5249106194710111
  0.01299768726784003  -0.06510327603053721  -0.01830243968568647   -0.1943159331393811   0.06962434511413314    0.1389022296688171    0.2099687989511186    0.7708704027225386    0.1878557885483111    0.5096466540145951
  -0.2577983581418989   -0.4767868464914819   -0.1989179877057423    0.0732259267679566    -0.197611917793023    0.3972126340140839   -0.3674629687882557  -0.05895618294154321   -0.4833179693339113    0.3038987270047521
  0.03439884092229072    0.8428730935997552   -0.2031828787924972   -0.1373583729048309   -0.1513856781514187    0.2345842187695175   -0.2216530706570636   0.04421310191721633   -0.2852802101279509     0.133469110054529

22.42014683283464
 104.480209208311
27.92265782551874
130.1169764464452
 33.4049594021835
155.9176554787746
39.77463409512136
185.6896625990894
55.80563861864282
260.8891084061283

 4.701580283885368
0.2133650425500246

   0.06330065811608361   -0.01347180387662234     0.1118128211342272   -0.02391162785633143   -0.02769862281893342   0.005678859400001435 -0.0001429628157505799  -0.003666210541158707    -0.1541175187814124    0.02867348807492575
 -0.003820566207449373  0.0008225247905879226  -0.003189130093378841  0.0006591242325607314  -0.000640316376847711   0.000153498505052778   0.001268235337778805 -0.0002392642967239671   0.006535195521285241  -0.001332300841880777

-8.364731694726527e-05 -4.014020312757109e-05  0.0001409619502463597    0.06478525698954124    0.04347379702818806    0.01658336156982712    0.05405329887894902   -0.08813883345330185     0.5253142027507249      1.046239910730582
 3.041523758109331e-07 -1.569799120429838e-07 -1.660748275038584e-06  -0.002926911545470983  -0.001994825687349193 -0.0007284474047746021  -0.002300947533723658   0.002727713779457559   -0.02339586505175505   -0.04604447160081537

cov:
  0.8574374752109355     2.37966663128037   0.3523983141029181  -0.2400195513407224   0.3800458213361242  -0.4673747458098421   0.5893295224758526   0.1597632885599494   0.7039466279473033  -0.3050403514270726
    2.37966663128037     32.4191589217294   -6.327546560094659   -4.878913601589582   -4.541170935346653     6.73330708665141    -6.41281215781077    1.426510686626902   -8.087272252380014    3.441461113410003
  0.3523983141029181   -6.327546560094659    2.362982524936417    1.520107230165758    1.829669780015404    -2.52229483617815     2.61406450486214  -0.5093629547413886    3.395411531969069   -1.498960485925843
 -0.2400195513407224   -4.878913601589582    1.520107230165758     2.62417413236348   0.8878922885170718   -0.777471605722948   0.8892166181903081   -1.344087362481749    1.367885056698624  -0.7033869725337606
  0.3800458213361242   -4.541170935346653    1.829669780015404   0.8878922885170718    1.570941753061393   -1.774252068903157    2.259677773203145 -0.04983096049192771     2.96139116847536   -1.005812887976978
 -0.4673747458098421     6.73330708665141    -2.52229483617815   -0.777471605722948   -1.774252068903157    4.913346541889028   -3.188592281371731   0.6717456486319302   -4.076442679805745    2.900110593131212
  0.5893295224758526    -6.41281215781077     2.61406450486214   0.8892166181903081    2.259677773203145   -3.188592281371731    3.639825298679472   0.7562981106185211    4.627606339195689   -1.602881591432952
  0.1597632885599494    1.426510686626902  -0.5093629547413886   -1.344087362481749 -0.04983096049192771   0.6717456486319302   0.7562981106185211    4.567008570057384   0.1402564207637128    1.698984070236733
  0.7039466279473033   -8.087272252380014    3.395411531969069    1.367885056698624     2.96139116847536   -4.076442679805745    4.627606339195689   0.1402564207637128    6.326767614300124   -1.836975511271781
 -0.3050403514270726    3.441461113410003   -1.498960485925843  -0.7033869725337606   -1.005812887976978    2.900110593131212   -1.602881591432952    1.698984070236733   -1.836975511271781    4.520143594004786

cov.inverse():
 244.9242644400744  -52.4652055544538 -145.5757897656096  33.99579872098404 -141.0069896037902  29.45286744004111 -56.70774804232465  10.15027906753978  96.44571236825874 -21.51417992955416
-52.46520555445372  11.30908413687503  31.27340693570093 -7.223728233012447    30.336612058721 -6.372103583898554  12.21098984408222 -2.178448786369616 -20.76880181985132  4.643137376466731
-145.5757897656315  31.27340693570566  332.3196706151016 -74.54890933171355 -135.4075095226353   29.0653779505002 -85.24097709224871  20.35217774595884   35.8859301804853 -7.103856880378573
 33.99579872098877 -7.223728233013472 -74.54890933171323  17.43444168345126  28.73677252152228 -6.375342563640096  18.02642362054354 -4.140138715045514 -7.034500919601441  1.359828711801786
-141.0069896038339  30.33661205873042 -135.4075095226098  28.73677252151637  450.7016885307409 -95.84636386138099 -99.90762343568554  21.10398657807179 -74.84032018789975  14.96386797692052
 29.45286744005073 -6.372103583900627  29.06537795049445 -6.375342563638768 -95.84636386138114  21.14242591789919   22.7755534269061  -4.85652431007873  15.34247783738702 -3.269867955901949
-56.70774804222296  12.21098984406031 -85.24097709233118  18.02642362056249 -99.90762343573624  22.77555342691682  414.9734456740733 -88.09783114551337 -165.4492473976592  37.59809558284316
 10.15027906751776 -2.178448786364868  20.35217774597682 -4.140138715049644  21.10398657808221 -4.856524310080927 -88.09783114551267   19.0467162121339  34.73762492620066 -8.021623824028774
 96.44571236822452   -20.768801819844  35.88593018051859 -7.034500919609021 -74.84032018786999  15.34247783738063 -165.4492473976884  34.73762492620715   103.629230232638 -22.98193237197076
 -21.5141799295458  4.643137376464937 -7.103856880387015  1.359828711803709  14.96386797691376   -3.2698679559005  37.59809558284998   -8.0216238240303 -22.98193237197072  5.525644077139707

cov*(cov_.inverse()):
     0.999999999999905 -3.064215547965432e-14  1.412203687323199e-13  -1.23789867245705e-14  1.332267629550188e-14 -1.110223024625157e-16  8.526512829121202e-14 -4.662936703425657e-14  1.536548666081217e-13 -4.218847493575595e-15
 -1.56319401867222e-13     0.9999999999999858   1.56319401867222e-13 -3.641531520770513e-14 -2.842170943040401e-14 -4.440892098500626e-14  2.273736754432321e-13 -7.460698725481052e-14   -1.4210854715202e-14 -2.842170943040401e-14
-4.263256414560601e-14 -9.769962616701378e-15      1.000000000000094 -1.554312234475219e-14 -1.030286966852145e-13  3.286260152890463e-14  2.557953848736361e-13 -7.105427357601002e-14   1.56319401867222e-13  3.019806626980426e-14
 5.506706202140776e-14 -4.884981308350689e-15 -2.664535259100376e-14      1.000000000000022  -1.77635683940025e-15 -1.021405182655144e-14 -2.486899575160351e-14 -1.865174681370263e-14  3.197442310920451e-14 -3.108624468950438e-15
 -1.77635683940025e-13  7.105427357601002e-15  2.131628207280301e-14  6.439293542825908e-15      1.000000000000343 -6.217248937900877e-14  4.973799150320701e-14 -6.572520305780927e-14  9.592326932761353e-14  1.332267629550188e-14
 7.815970093361102e-14   1.06581410364015e-14 -1.811883976188255e-13 -1.687538997430238e-14   -1.4210854715202e-13      1.000000000000009  -1.70530256582424e-13  1.172395514004165e-13  -1.56319401867222e-13  -1.77635683940025e-14
  -1.4210854715202e-14 -6.750155989720952e-14  1.048050535246148e-13  2.708944180085382e-14  2.415845301584341e-13 -5.861977570020827e-14      1.000000000000085 -6.217248937900877e-14  1.989519660128281e-13  2.664535259100376e-14
                     0 -7.993605777301127e-15  5.684341886080801e-14 -1.287858708565182e-14 -2.131628207280301e-14  3.552713678800501e-15 -8.526512829121202e-14      1.000000000000021  3.552713678800501e-14 -7.105427357601002e-15
-2.984279490192421e-13                      0  1.829647544582258e-13 -4.929390229335695e-14  2.700062395888381e-13 -1.012523398458143e-13   -1.4210854715202e-14 -8.881784197001252e-14      1.000000000000163  2.664535259100376e-14
   1.4210854715202e-14  2.131628207280301e-14 -2.131628207280301e-14  -1.77635683940025e-15 -3.268496584496461e-13  4.263256414560601e-14  5.684341886080801e-14 -7.105427357601002e-15  -1.27897692436818e-13      1.000000000000004
