10
2

0.04224710172940992
 0.3314373330497988
 0.5011448356952618
  0.847728121349512
 0.9000639135092469
  1.005079642569862
  1.355295316288457
  1.413153914265578
  3.428261128657128
  5.041252834612083

   -0.1843316062218057    0.06826602217956185     0.7353176588472486    -0.2719045362986572    -0.5534462696705347     0.2009855527866425   0.006039464198603124 -0.0008815503951840994   -0.00132368150412846  -0.000708983969968967
   0.03660782909663352   -0.01900857550198478   -0.06343798200317433    0.02295017302041749   -0.09911260283287333     0.0029794072109254     0.9459761809800266     0.2867193909390854   -0.05037400647904675    0.06556510768307118
   -0.6483367018103401     0.1717709594501417     0.2749373910374787   -0.07130053187772947     0.6067223613012309   -0.08655390590267176    0.04888299946502798     0.1395723990109935    -0.2367413936244954     0.1263322276821086
    0.6616775039920382   -0.05332468489901879     0.4935745534726909     0.1118694902649597     0.4561245129004915     0.2273806336379611    -0.0118164317425998     0.1742045625004335   -0.08425510020582347    0.07662527399806293
    -0.102945245651749 -0.0002596291725568542    0.04973240361986264    0.04865072640784053     0.1015981045906287    0.07104233531550466   -0.02557032131961385     0.3898540306447785     0.3362195490314067    -0.8387545671314317
   0.06445421801538896    0.02393802835108122    0.09678252254561444     0.1069659404933689    0.03616929046218979   -0.07277250073055927     0.1964664957474903    -0.6092352649444469    -0.5487693215949472    -0.5068979588838756
   -0.1225808375809574  -0.001075803971507762     0.2951874089851094     0.8045383641203486   -0.07757718031667707    -0.3170184952508772    0.05474557026835929    -0.1532831039499915     0.3275261705090063     0.1013413544073402
    0.2304156913858309    0.08583106503612745     0.1323372573504696    -0.2483288135902723   -0.08599408303658793    -0.8724078202767889   -0.07827013580294005     0.2512775813938314    -0.1395550056610913   -0.05593446364759863
   -0.1248293559033412    -0.5086874065547431   -0.04751091846402507     0.3337514877969047    -0.2232795423588141    0.07313547502625189    -0.2041831221728717     0.4422288581167605    -0.5652737558427283  -0.003651057119252249
   0.08984562925763173     0.8342215152270459    -0.1316470359739302      0.271652027026246    -0.1811490432978116     0.1520349312983918      -0.11178752125459     0.2502144290122548     -0.271736146804204  -0.001618786772251471

22.68657023370772
61.68435191440841
48.48902692235966
131.3037537098058
57.13663345789369
154.5957042593694
68.42426977651127
185.9156120692477
82.40266557955991
222.3983185211828

 2.698919553978044
0.3710704607384903

   0.08662623294865965   -0.03208596125116264   -0.03492215373387141    0.01321353313571279   -0.05111599532335651     0.0193312803921488  0.0009360524328757543  4.376145439911384e-05 -0.0003128981969783252 -2.701766779097243e-05
   -0.0110784305746501   0.004102823008917887    0.00121175255507706 -0.0004581707497670952    0.00981346855366049  -0.003672511585850481  6.287651179282172e-05  2.997740441302478e-05  1.992483190296739e-05 -3.856028691462393e-05

-2.721617767476615e-05   0.001355075108484253    -0.0263155522585586    0.01751495623645035   -0.01127089399691283 -6.472611881905092e-05   -0.02293387795882645  -0.006356283788774523     0.2868854520212505    0.03540441343492179
-5.053184509050815e-06 -0.0001636742323954869   0.003647323428497518  -0.002415606099108348   0.001589953141194024  7.812326452129573e-05   0.003209091614066407  0.0008700099035431125    -0.0397846289976115  -0.005021912287746018

cov:
      0.95510381369208      2.639022085622017   -0.04487441263092155    -0.0968955981939621   0.003613114901240085    0.02129887281372382   0.001116114516585468    0.06174667972816469   0.005401945553567203    0.00617972758185987
     2.639022085622017       20.7524397506463     -2.489415197941898      3.714935668348711     -2.510560979714401      2.622947898656182     -1.157471681944711      2.688220700095457     -2.426352248988609   -0.03198435343025303
  -0.04487441263092155     -2.489415197941898     0.8689392494291319    -0.6779758826280932     0.8772374361046597    -0.8812843637030822      0.507799252091838     -1.075214624903475      1.279512077977404 -0.0002859335252332665
   -0.0968955981939621      3.714935668348711    -0.6779758826280932      4.520632670440836     -2.164713017256713       1.31532868573106       -1.4321887006314      3.072741836958333     -3.588829375012381    0.06823622627257318
  0.003613114901240085     -2.510560979714401     0.8772374361046597     -2.164713017256713      1.698992229528787    -0.6325602218251116      1.054444508061261     -2.248657659727672        2.6561745982918   -0.03170307946789806
   0.02129887281372382      2.622947898656182    -0.8812843637030822       1.31532868573106    -0.6325602218251116      2.403365642125931    -0.5215505054378993      1.091144524831425     -1.432368425295493     0.0278318093862537
  0.001116114516585468     -1.157471681944711      0.507799252091838       -1.4321887006314      1.054444508061261    -0.5215505054378993     0.9638417642628334     -1.925750556598895      2.059966862030068   -0.04322034251248297
   0.06174667972816469      2.688220700095457     -1.075214624903475      3.072741836958333     -2.248657659727672      1.091144524831425     -1.925750556598895      4.592657105945409     -4.404741557684444    -0.0227207659216767
  0.005401945553567203     -2.426352248988609      1.279512077977404     -3.588829375012381        2.6561745982918     -1.432368425295493      2.059966862030068     -4.404741557684444      6.283264986813045     0.1520243861996936
   0.00617972758185987   -0.03198435343025303 -0.0002859335252332665    0.06823622627257318   -0.03170307946789806     0.0278318093862537   -0.04322034251248297    -0.0227207659216767     0.1520243861996936     0.8635214493433957

cov.inverse():
   21.38603796784987   -7.529321877428486   -76.22279379960561    28.29206484877316    55.96564153340631   -20.41692089116639  -0.4406917593232537 -0.06632119174909516   0.5428385034992738 -0.09944645556208735
  -7.529321877428492    2.789436555372168    28.29248456356926   -10.47504485571953   -20.76914821850874    7.573512804117337   0.1080525845871272 -0.01539687529560163  -0.2013340868270524  0.02815470800487826
   -76.2227937996057    28.29248456356929    303.6856907869866     -111.91168531198   -226.9833456050673    82.75022680087515     2.00953953437149  -0.3018247848607185  -0.8181373534750797  -0.2264790626127531
    28.2920648487732   -10.47504485571953     -111.91168531198    41.87511548749919    84.17010310666278   -30.58826722960222  -0.6921665356779236  0.05744251588896668   0.3491632654322737  0.04494673998226646
   55.96564153340643   -20.76914821850877   -226.9833456050675    84.17010310666282    173.4869334840554   -62.33540936279413   -2.606102304629502   0.4749605712330739  -0.1421257667035949   0.3893894493111964
  -20.41692089116644    7.573512804117353    82.75022680087523   -30.58826722960223   -62.33540936279411    23.18319683078616    0.691575743715756 -0.08546865328822123 -0.02718112838043175  -0.1274785043191062
 -0.4406917593233149     0.10805258458715     2.00953953437174  -0.6921665356780176   -2.606102304629693    0.691575743715825    8.224147104188795     2.33640147768235  -0.5740602544540248    0.518715482237794
 -0.0663211917491363 -0.01539687529558638  -0.3018247848605514  0.05744251588890452    0.474960571232946 -0.08546865328817509    2.336401477682354    1.487139571685662   0.1411042225445966   0.1466849780603525
  0.5428385034992537  -0.2013340868270449  -0.8181373534749996   0.3491632654322438   -0.142125766703656 -0.02718112838040964  -0.5740602544540232   0.1411042225445969   0.7930212444977133  -0.2081785328242288
-0.09944645556208508  0.02815470800487742  -0.2264790626127617  0.04494673998226972   0.3893894493112027  -0.1274785043191086   0.5187154822377944   0.1466849780603526  -0.2081785328242288    1.241053341170675

cov*(cov_.inverse()):
    0.9999999999999978  5.849595981211042e-15  2.972795620781454e-14 -2.087381916621167e-14 -3.881964194540899e-14  1.409126721557685e-14 -3.894454203567932e-16 -1.605703417451032e-16 -5.551115123125783e-17 -1.301042606982605e-17
-1.552577510999242e-15     0.9999999999999911 -5.368188532584028e-14  5.328680205418657e-14  9.576714421477561e-14 -1.748861472306018e-14  4.198030811863873e-16 -3.278627369596165e-16 -2.203098814490545e-16 -1.318389841742373e-16
 8.802400269184579e-15  2.389092003114539e-15     0.9999999999999661  -3.43512517693087e-16  2.730412738353311e-14 -1.747455397613576e-14  6.890104806145381e-16 -8.166075237889259e-17 -9.629070544386886e-18 -1.866996141020039e-16
-3.434752482434078e-15 -3.108407628515941e-15 -1.312231573402656e-13     0.9999999999999963  4.376707329889484e-14 -1.445545072531473e-14 -1.804112415015879e-16 -3.018418848199644e-16 -3.295974604355933e-16 -1.249000902703301e-16
 7.474923457984062e-15 -4.705437428587089e-15 -4.029762634694123e-15  2.486682734725854e-14     0.9999999999999813 -3.412461285767776e-14  1.731254029024853e-15  6.670011765130823e-16  7.311859451242242e-16  1.457167719820518e-16
 3.011046273426743e-15 -1.663491393244509e-15 -4.541679532454879e-14  4.912520043531821e-15   7.89993070959838e-15      0.999999999999994 -8.448103328007051e-16 -2.784231178942775e-16 -3.608224830031759e-16  1.040834085586084e-16
-1.354038409173697e-14  -6.74807432154978e-16 -2.144985578045322e-14 -3.333487999523932e-15 -4.100539352513977e-14 -1.767249541151372e-14     0.9999999999999984  -3.95516952522712e-16  1.734723475976807e-17 -1.249000902703301e-16
 2.400857290751901e-14 -6.154039951244972e-15 -1.479892597355814e-14  1.842102859139771e-14  6.474334957040639e-14 -6.562025228751267e-15 -2.636779683484747e-16      1.000000000000002  2.090341788552053e-16   3.50414142147315e-16
-2.374836438612249e-14 -1.034762553420165e-15  1.065952881518228e-13 -5.922345946984819e-15 -9.041378756791119e-15 -1.071365218763276e-14  -9.71445146547012e-17 -3.122502256758253e-16                      1 -1.665334536937735e-16
-2.914335439641036e-16  3.226585665316861e-16  2.914335439641036e-15 -8.187894806610529e-16 -2.442490654175344e-15  1.637578961322106e-15  1.665334536937735e-16  2.775557561562891e-17 -8.326672684688674e-17                      1
