10
2

0.03902089907368844
0.04223082194028586
 0.4886564203100235
 0.7897627430894317
 0.8808893992693433
 0.9618424692893273
  1.391389468890288
  1.533140440939881
  3.204972178221549
   5.49528076181957

   -0.1580220266548409    0.04925921865589596     0.6733861544398529     -0.210280166051309    -0.6447952724183675     0.2012775352155747     0.1305301541758887    -0.0402915761915162 -0.0008673715183148505  0.0001820257823858818
    0.3419467888685376    -0.1062603724998906    -0.4764146067484134      0.149377142682497    -0.4615440899188461     0.1424278023564813     0.5966432218109332    -0.1822193270773228   -0.00060490869058795   0.000842323197423062
   -0.6716903319185791     0.1531025882914276  -0.008929142088042389    0.03902968052385878     0.2565645500526471   -0.06918331848433415      0.597133183376889   -0.04168063078796221    -0.2881454540068873     0.1088293787889845
   -0.1347310923744851    0.02195163107552775   -0.04021202703035188  0.0004499102671529094    0.02268661799409143     0.0633752478651952    0.04399621354315598   -0.02873448404589656    0.05549396967834018    -0.9845691577412934
    -0.552265057671968    0.02995048435618743     -0.446278699475316   -0.05899712152848281    -0.4052709090972198    -0.1083385196880823    -0.4038664550142504    -0.3162779590718596     0.2138203629205888    0.08136451019184775
  -0.01511925149400969    0.04509044392258066    -0.1731231995185267    -0.5922162992365054     0.2549769460062155     0.7209703262326211     0.0177122664404307    -0.1118752835147787      0.118701968833917    0.07290444195360285
   -0.2165932855559208    -0.0707759957757615    0.04066119159807374     0.4666654727333694    0.03356784135568201     0.3255409238544425     0.1012590902237172     0.4102169363817648     0.6609883581590338    0.07815030507920867
   0.07195946596605589    0.04235128723361005     0.2686340924278731     0.4181984808364844     0.2289815047384811     0.1802508456980939   -0.03508461411207273    -0.8034289525004392     0.1168906175426553    0.02566385627726946
   -0.1502439384855838    -0.4448854219855565   -0.05662299164123873     0.3485334594138004   -0.08896305988995575     0.4539336460696696    -0.2646757168022665     0.1266946394946715    -0.5955412848031498  -0.008809939509870145
   0.09429592035836533     0.8687369535798621    -0.1082745661413927     0.2521947502467543     -0.118930864297178     0.2331104023114451    -0.1533480772249229     0.1422476201135673    -0.2210062112607378 -0.0001933462256940538

22.68652587560612
73.37045036900656
40.79888125530866
131.5435703954926
 48.5209230568743
156.3372350148531
57.16374129998711
184.0586899281341
82.14510008503503
263.4409448434278

  3.21295466795549
0.3116320826564316

     0.106638712548586   -0.03318572079458396    -0.0093573217042711   0.003038423009349867   -0.03796194798103062    0.01188629604575206   -0.05870033259175386    0.01899405602659581  0.0001473286181813727  4.873820233475735e-05
 -0.009139806073729981   0.002843767467723775 -0.0009756459836938115  0.0003178593361704162   0.002288115916248191  -0.000714635696951362   0.007802666441215409  -0.002457295161784544  1.251148762489061e-05 -1.859676802994609e-05

-1.063318853412358e-05  4.571442789114439e-05   -0.02935854234169522   -0.01122362627044163   -0.01866800481842553  -0.006976936751239584   -0.02936262426561978   -0.03456983905913347     0.2769134102989774    0.05924587909776313
 5.463461969613538e-07    1.8371005744395e-06    0.00286258896510897   0.001105701036404597   0.001805406175210503  0.0006739723569310641   0.002942783526801603   0.003361700105752359   -0.02709370408791191  -0.005831462368456495

cov:
   0.9595541084020672       3.1572612687986  0.005482700353127471    0.0827180080143224  -0.04978778982823787    -0.100617497698857 -0.002906111224781164    0.0477288938186386  -0.01937083201468495   0.01401295161931778
      3.1572612687986     24.84607912319404    -2.578902107923887     4.976406525488588    -2.684372793174731     4.040306684538099    -2.817137484899035     3.002695809220415    -3.155208612518248   0.02246412489566737
 0.005482700353127471    -2.578902107923887    0.7441774008673303   -0.6116698756349725    0.6859590037609253   -0.9660867334675967    0.7754303622061828   -0.8854433495120134     1.101006881681048   0.01272178976499255
   0.0827180080143224     4.976406525488588   -0.6116698756349725     4.328772142711676    -1.087500950632945     3.481034502962387     -2.04395592047504     1.193100987187284    -3.180650137032653   0.01988922541124964
 -0.04978778982823787    -2.684372793174731    0.6859590037609253    -1.087500950632945    0.8385062966074915   -0.9333703290557224    0.9480798833964742   -0.9621223232308098     1.387716933116538   0.01198142158464825
   -0.100617497698857     4.040306684538099   -0.9660867334675967     3.481034502962387   -0.9333703290557224     4.532829311235603     -2.22682171527753     1.461690962867998     -3.79836883920819    0.0187577357500628
-0.002906111224781164    -2.817137484899035    0.7754303622061828     -2.04395592047504    0.9480798833964742     -2.22682171527753     1.666315209272045   -0.7661457474727958     2.657853134709822   0.00224721894303526
   0.0477288938186386     3.002695809220415   -0.8854433495120134     1.193100987187284   -0.9621223232308098     1.461690962867998   -0.7661457474727958      2.70914701793448     -1.48308571914212 -0.009648743932606471
 -0.01937083201468495    -3.155208612518248     1.101006881681048    -3.180650137032653     1.387716933116538     -3.79836883920819     2.657853134709822     -1.48308571914212     6.066307199775845    0.1421787860045226
  0.01401295161931778   0.02246412489566737   0.01272178976499255   0.01988922541124964   0.01198142158464825    0.0187577357500628   0.00224721894303526 -0.009648743932606471    0.1421787860045226    0.6316772000242605

cov.inverse():
    84.30351924798201    -25.92500404298396    -160.8720578503961     50.36211179263462    -22.01360663595797     6.628665604955459     99.43909314390218    -30.47763648765149    0.5561174641284465   -0.0177723501178639
   -25.92500404298379     8.074671153604779     50.14041869027944    -15.72645382479505     6.804932959445227    -2.007248006156651    -30.95372706580048     9.477168900575304   -0.1634018564809336 -0.004495906756860582
   -160.8720578503962     50.14041869028001     425.3961166284409     -132.702175629995    -161.6665671605237      50.9183200736752    -101.4514084784496     30.97943161212215   -0.3286784427429931   -0.1409178721648452
    50.36211179263435    -15.72645382479516    -132.7021756299944     42.14265272451546     50.34475906664761    -16.20429281530026     32.07177637734027    -9.647633039512986    0.0878965746558811   0.03273956126802369
   -22.01360663595921     6.804932959445148    -161.6665671605214     50.34475906664738     393.0817580891556    -121.8937511545308     -208.823613349218     64.23542631734277    0.1661925566905294   -0.2324200154085255
    6.628665604955384    -2.007248006156489     50.91832007367584    -16.20429281530057    -121.8937511545317     38.67535334259947     64.80660586350774    -19.89822537074711   0.08089608710201696   0.01993377428576409
    99.43909314390179    -30.95372706580031    -101.4514084784467     32.07177637733933    -208.8236133492204     64.80660586350852     212.5147567866761    -64.32911031313489    -1.053100429153025    0.4630825540844715
   -30.47763648765189     9.477168900575416     30.97943161212312    -9.647633039513273     64.23542631734206     -19.8982253707469    -64.32911031313479     20.19886516438825    0.1227094143671902  -0.09881946130824802
   0.5561174641283899    -0.163401856480916   -0.3286784427429545   0.08789657465586934    0.1661925566906834   0.08089608710196883    -1.053100429153161    0.1227094143672319    0.6951324557390072   -0.1590688794379039
 -0.01777235011785969 -0.004495906756861789   -0.1409178721648258   0.03273956126801761   -0.2324200154085764   0.01993377428578007    0.4630825540844993   -0.0988194613082567   -0.1590688794379038      1.62191147789837

cov*(cov_.inverse()):
      1.00000000000002 -3.654127239509364e-15    2.1353795467971e-13  1.932530741335925e-14  6.750242725894751e-14 -7.666935662731245e-15 -8.170894516545957e-14  2.177685115567485e-14   2.47198095326695e-17 -2.012279232133096e-16
-3.424376667643392e-14     0.9999999999999746  1.494312486249871e-13 -1.479892597355814e-14 -2.624896827674306e-14  1.055530446034125e-14  6.535397223395023e-14 -4.857529309343356e-14  2.177077962350893e-16   9.71445146547012e-17
-1.368656164964233e-14  7.884121686670825e-15      1.000000000000097  4.770543769044844e-15    3.4256451841852e-14 -3.542001761336344e-14 -3.153553806978238e-14   3.27004048839008e-14 -4.523291463609524e-16 -1.561251128379126e-16
 -5.79050154179972e-14  1.415397475872798e-14  1.187088621845689e-13     0.9999999999999331 -5.819476844859395e-14 -6.391583226225683e-14 -1.294450657773893e-14   3.43908929112402e-16  3.096481404618601e-16 -2.081668171172169e-16
-3.847126068233508e-14  7.982160668117827e-15  7.426958353873303e-14  9.647935662188134e-15      1.000000000000058 -3.735970951004863e-15  -3.77944203711067e-14   2.49368668076011e-14 -1.275021754842953e-16 -5.898059818321144e-17
-5.885591493337561e-15  1.101762181921623e-14 -1.001997963767653e-13 -8.728196117246956e-14  -8.71438338156949e-15     0.9999999999999614 -5.732914143408152e-14  2.745850422036789e-15  2.866630544051674e-16 -8.673617379884035e-17
-3.606650704002581e-14  4.788194241599729e-15  1.462100297604241e-13  1.804575911444617e-14  3.754136758404858e-14  1.140873420041322e-14                      1  1.670685074658951e-14  2.565764441186946e-16 -6.895525817007808e-17
 7.246484770746797e-14 -8.250446495699365e-15 -1.362113546954369e-13  1.094838195797587e-14 -3.878364643328247e-14  2.796629030785147e-14  1.026713436491633e-13      0.999999999999966 -3.647256108241237e-16  3.018418848199644e-16
 2.076897681613232e-15  7.929529428907234e-15  3.979455653890795e-14  6.941235780599797e-14  5.672545766444159e-14 -1.509469632621219e-14  5.306866057708248e-14  7.691763892481163e-15                      1 -5.551115123125783e-17
 3.365363543395006e-16 -5.507747036226363e-17  4.343747583845925e-15 -2.151057110211241e-16 -1.498801083243961e-15 -4.631711680858075e-16 -2.220446049250313e-16  2.081668171172169e-17 -4.163336342344337e-17     0.9999999999999999
