10
2

0.04090394867691169
  0.389578841356637
 0.6019146968526501
 0.7352594493821408
  0.922636854624999
  1.297774432760078
  1.435178971476456
  1.948477464417072
  3.163041650771548
  5.725472049609717

    0.2219811581702961   -0.06310682731468266    -0.7641579755421956     0.2203787157181344     0.5389273030946313    -0.1542066832926995   0.003504832759615813  -0.001515250409714967  0.0008549295896292919 -0.0002321707537518893
    0.5721966658848489     -0.132686887170908    -0.2819442383239918     0.1449102186819812    -0.6312576128858726     0.2820701318418484     0.1898858142209911   -0.05939469834343745     0.1756225684265063   -0.07756460689356884
   -0.1347286450742555   0.006301891856218802   -0.07051827498297267    0.02868756070589688   -0.03625623411898709    0.06117554587725645   -0.01667172597346538     0.6963130478613881    0.02412705200212029    -0.6965944239487747
    0.7474030113727416     -0.101674385304767      0.371551969257643    -0.2941601018004462     0.2648623434136083    -0.2252827520436977    -0.2032078187386389     0.1777529660363597    -0.1010115690243966   -0.04972701155745207
 -0.007359892139049652    -0.0112816075197002   -0.06850358375282851    0.05277085518727526   -0.07818670561889436     0.1273846987917108  -0.002735478959757385     0.6827397632017833    -0.0782440233748084     0.7055053766327096
   0.02129942416339653   0.008314350370201245    -0.1061487866649623     -0.422224156772722     0.1830469396804811     0.5942165159804677     0.3087101977799118   -0.06703695543237416    -0.5654163151436806   -0.06201131838125002
  -0.05716830613541241   -0.03957484064272392   -0.06990605371000976    -0.5163188410482265     0.0415087553487913    -0.2960950193392535     0.6558342715762359    0.08748046431976896     0.4398469396809785    0.05533194184776812
   0.06979041695030515    0.05327422423002007     0.1666745067582554     0.4429452058727365   -0.09021448654389568    -0.4203524747244262     0.5465266471271814    0.03512500321698391    -0.5309727278747999   -0.04022775060375554
   -0.1710700770142055    -0.4702450243543831    -0.3011937627227046    -0.3724098244571648    -0.3733227027627763     -0.406296082471539    -0.2746819372952796   -0.02165477443817858    -0.3739416530823403  -0.000287911427518054
   0.09295455609556143     0.8615702100534421    -0.2328113093826225    -0.2460659026573765    -0.2252860378912188    -0.2083191645106671    -0.1509639895231922   0.006239541098168094    -0.1316171197510904   0.001972823842209362

22.68752357522014
79.48990708926551
44.36264767699244
 155.565723273716
53.06105443882746
186.0923445635474
63.51396139983547
222.3117783733918
73.64027991434389
259.2825462117033

 3.513298229178313
0.2849251601317097

    0.1233550776110024   -0.03510657662116301   -0.03049418987005551   0.008567807883057091   -0.09127391489845071    0.02557382834389664  0.0008077303968378347 -0.0002927834544044207  -0.002376319065961609  0.0002940958160589871
 -0.009809127798786527   0.002790712898211257   0.001714032904757916 -0.0004990804681431719   0.007996667543374161  -0.002228229739566422 -2.957484481668185e-05  1.984030984773025e-05  0.0001045232717621952 -1.956789559672857e-05

 2.770747167996373e-06    0.02271147096298665  -0.003641238983136884    0.02810492855472545      0.010738379086788   0.003432814768246077   -0.04086609072153603     0.0175268068093541      0.257697710438948    0.05361607303397049
 1.472118403546085e-06  -0.001851920836639124  0.0002928075134691801  -0.002276766515018695 -0.0008686893759775965 -0.0001441281847953315   0.003310253353435341  -0.001238596955454007   -0.02077069872594084  -0.004268394856445288

cov:
   0.9604101754538671     3.396376643220735  -0.01609377529359195  -0.05731385951303732  -0.01509512539654168  -0.06495954516517354   0.02399103476731731   0.08107308646969857 -5.89643733210418e-05  -0.01014059110913994
    3.396376643220735     26.56834452089933    -5.134537680548773    -5.059043189583228    -4.626711457526357    -4.019009116719986    -2.902660936245217     0.263597802092287    -2.106334833897619   0.03948771535777607
 -0.01609377529359195    -5.134537680548773     2.912365347897445     3.360882391799516     2.833526525191623     2.418470023842534     2.127703316155747   0.01989486960390784     1.809205230373155  -0.06653803830562265
 -0.05731385951303732    -5.059043189583228     3.360882391799516     5.019351129343856     2.822469411527297     2.427951448421442     2.279433490395658   0.05239242550340242     1.512980268539823  -0.06658338897329039
 -0.01509512539654168    -4.626711457526357     2.833526525191623     2.822469411527297     3.253582907290895     3.289134633919075     2.058002663522665     -0.01386336921673     2.387446364722157  -0.05159812243392986
 -0.06495954516517354    -4.019009116719986     2.418470023842534     2.427951448421442     3.289134633919075     4.574985178071303     1.216468148887611  -0.06580567106566552     2.443977871255457   0.01989081614608527
  0.02399103476731731    -2.902660936245217     2.127703316155747     2.279433490395658     2.058002663522665     1.216468148887611     3.710295364528153    0.1577975455822426    0.8936400862869853  -0.04414604384726163
  0.08107308646969857     0.263597802092287   0.01989486960390784   0.05239242550340242     -0.01386336921673  -0.06580567106566552    0.1577975455822426    0.6240627280225909   0.07570233773609632    0.2422914964955986
-5.89643733210418e-05    -2.106334833897619     1.809205230373155     1.512980268539823     2.387446364722157     2.443977871255457    0.8936400862869853   0.07570233773609632     3.989785260010455    0.1304088736601558
 -0.01014059110913994   0.03948771535777607  -0.06653803830562265  -0.06658338897329039  -0.05159812243392986   0.01989081614608527  -0.04414604384726163    0.2422914964955986    0.1304088736601558    0.6208129840502832

cov.inverse():
   32.69816078529117   -9.003023538929643   -101.8981674666076     29.3898365764618    69.50728451573008    -19.7167201303312   0.9061909163388936  -0.4462931613506045   0.6044989012539352  -0.1420861833713855
  -9.003023538929648    2.561927158884245    29.00981421602008   -8.358667622285868   -19.81419330257857    5.627821027267713   -0.254703330058321  0.07837343411796516  -0.1699065904616118  0.06258554965886831
  -101.8981674666079    29.00981421602017    349.8338268164034   -101.0566428372389   -244.7763829481988    69.69657136011342   -2.098062892218895   0.7374865724540864  -0.7749517319614998   0.2950213603965132
   29.38983657646184   -8.358667622285882   -101.0566428372388    29.63407274549265    70.17966577106722   -20.01397511188855   0.5853559835182265  -0.2558198792192286   0.3167622564598392 -0.09202443968878039
   69.50728451573052   -19.81419330257868   -244.7763829481993    70.17966577106742    176.3965699615247    -50.8872044234701    0.286575508676922  -0.2919292156837275  -0.5249107175708747   0.2237031399033017
  -19.71672013033131    5.627821027267746    69.69657136011357    -20.0139751118886   -50.88720442347009    15.17675982419824  0.07757681955313042   0.1356604449532924  0.09415505111402522  -0.1394619780275435
   0.906190916338849  -0.2547033300583082   -2.098062892218731   0.5853559835181795   0.2865755086768029   0.0775768195531643   0.6743907109210772  -0.1573465254575097   0.2294767972269718 -0.04859072263689353
 -0.4462931613505951  0.07837343411796251   0.7374865724540529   -0.255819879219219  -0.2919292156837031   0.1356604449532856  -0.1573465254575098    1.975655811912953 -0.08204185200580988  -0.7542950321265763
  0.6044989012538896  -0.1699065904615989  -0.7749517319613444   0.3167622564597944  -0.5249107175709841  0.09415505111405624    0.229476797226971 -0.08204185200580964   0.6038411190000206  -0.1535541287116026
 -0.1420861833713692  0.06258554965886369   0.2950213603964569 -0.09202443968876425    0.223703139903342   -0.139461978027555  -0.0485907226368934  -0.7542950321265764  -0.1535541287116026    1.972488263320272

cov*(cov_.inverse()):
    0.9999999999999787 -9.018393670734426e-16 -3.422262473407045e-14  1.714123634699583e-14 -3.498807146784522e-14 -4.757479132866393e-15 -2.509928029303943e-16 -1.170938346284345e-16  1.314053033052431e-16 -1.214306433183765e-16
 3.126752329274396e-14      1.000000000000008 -1.783295733304158e-14  4.491936336781244e-14  -1.35979769111394e-13 -2.680147770384167e-14  7.903833837419327e-16  1.908195823574488e-16 -4.128641872824801e-16  5.551115123125783e-17
  -7.9432987964978e-15  -2.42861286636753e-16     0.9999999999999929 -2.269365251272859e-14 -8.653321115215107e-14 -2.517257235989945e-14 -9.645062526431047e-16 -9.020562075079397e-17 -6.765421556309548e-16  2.775557561562891e-17
-1.819377981604475e-14 -1.197913296335784e-14 -1.600213017649565e-13     0.9999999999999829  8.024657327521112e-14 -2.992397996059992e-15 -6.934557095217286e-16  2.983724378680108e-16  2.775557561562891e-17 -1.665334536937735e-16
 3.106022383736473e-14   -5.0038098664551e-15 -1.410573047255781e-13  6.519871448285031e-14      1.000000000000151 -1.085676687440085e-14  1.726049858596923e-16 -1.942890293094024e-16  4.735795089416683e-16 -4.163336342344337e-17
 3.371435075560925e-15 -2.081321226476973e-14 -1.065961555135608e-13  4.247405378798863e-14  3.805202680728925e-14     0.9999999999999379  1.084202172485504e-17   -2.8796409701215e-16  8.283304597789254e-17 -2.498001805406602e-16
-3.871816062206435e-14 -2.064754617281395e-15  7.591670347917301e-14 -3.495467804093266e-15 -7.224949805095804e-14  1.561684809248121e-14                      1  -1.52655665885959e-16  2.229119666630197e-16 -8.326672684688674e-17
-4.073130721593543e-15  4.423544863740858e-16  1.679212324745549e-15 -4.544975507059235e-16 -8.014422459012849e-15  8.465450562766819e-16 -5.551115123125783e-17                      1 -1.387778780781446e-17  5.551115123125783e-17
-1.383268499743906e-14 -8.286774044741207e-15  2.720740299722024e-14  3.040276363996952e-14  5.698913563279007e-14 -1.596639487289053e-14  2.792904796322659e-16 -1.249000902703301e-16     0.9999999999999998 -5.551115123125783e-17
 4.163336342344337e-16 -1.387778780781446e-17  8.049116928532385e-16 -2.775557561562891e-16 -2.275957200481571e-15  8.187894806610529e-16  -2.42861286636753e-17                      0  1.387778780781446e-17                      1
