8
2

0.04094960895577305
0.04294230517014958
 0.4280930618821668
 0.8415552431439808
  1.211588467262099
  1.512857746472967
   1.86704369763993
  4.511958646516937

 0.08369799092215242 -0.01521717146224696   -0.556575732968546   0.1115993224432499   0.7516020300856134  -0.1502036677742095  -0.2822374870043942    0.058372735046606
  0.4625021515194712 -0.09479587518799444  -0.6275577343642432   0.1272553573197876   -0.329918645260749  0.07084185319566201   0.4927841501759752  -0.1018909546559066
 -0.8112861731973332   0.2125576304902501  -0.2723195659165995  0.09232007259260318  0.05459270064942198 -0.00356546164303786   0.4463520437876799  -0.1083043611325258
  0.2027601132394904   0.9619247733926645 -0.03745809413560157 0.006947400902855956  -0.0491803246319347   0.1070934182958315 -0.08066973305348978     0.10836226840046
-0.01080106887683895  0.04121006016365945  0.08182527228046045   0.7091165020458948  -0.2140282374004019  -0.6492902115053399 -0.08654093524735816   0.1173383166744288
 0.08876410277585726  0.03466693543239577  0.05990443410742494  -0.5249266243448699    0.108610223820026  -0.5661234964264321   0.3882026183804834    0.478319316599804
 -0.2078036111315913  -0.1264117998660498  -0.2723861373071508   0.0595921412733216  -0.2914643312041687    0.299830711701716  -0.2674151827186957   0.7853225407208954
  0.1691490998603792 -0.03771147275738868    0.369263543429696   0.4252469933572325   0.4222478953152341   0.3591191022789936   0.4920025844454505   0.3216356621279022

25.75595579450749
 129.184780425324
36.92398315247937
184.9243977665414
43.81914778219315
219.3945073478842
52.17595303010162
261.1650790732024

 5.009868508161595
0.2001513460015457

    0.1532739791223856   -0.02820168078524667    0.08441560047218358   -0.01866428119372354    -0.0430351971219084    0.01272014526045824    -0.1935146455170927    0.03711333247323716
 -0.007468294213303959    0.00155932716708179 -0.0009835266124249842  0.0001640858228138435   0.002127863645544186 -0.0004236601029271398   0.006481214406926779  -0.001297226154542619

-2.227082184830997e-05 -0.0001213952391898358   -0.04542091162829513    0.01683386993550293    0.01894810791978479   -0.09558755352476872     0.1563755410954293    -0.9497277099521022
-5.451727705405208e-07 -6.819981334814376e-07   0.001800460652026184 -0.0005593230213467475  -0.001046124930511988    0.00369076898852637  -0.006506832297910998    0.03872899513113061

cov:
 0.9013398779137758 0.07454368687254695   1.514236289136778   1.290679985931154   1.675242474008539  0.9306671174539708    1.89059037852757  0.6655841285319392
0.07454368687254695  0.7535071760101425 -0.1897632349025012 -0.3431787777440189 -0.2314031304347931 -0.4192113134838542 -0.2719654971480274 -0.4783122007207037
  1.514236289136778 -0.1897632349025012   3.068396911505559   3.148323909321771   3.438387237922422   2.256733937900767   3.974869075845157   1.754464479796856
  1.290679985931154 -0.3431787777440189   3.148323909321771    5.06423216146174   3.242355222189668   3.175938342356722   3.654495166069548    2.49372874705333
  1.675242474008539 -0.2314031304347931   3.438387237922422   3.242355222189668    4.02343140176802    2.84163856038231   4.631270288405966   2.044212465608837
 0.9306671174539708 -0.4192113134838542   2.256733937900767   3.175938342356722    2.84163856038231    4.29940051733899   2.890683121663696   2.448887893391129
   1.89059037852757 -0.2719654971480274   3.974869075845157   3.654495166069548   4.631270288405966   2.890683121663696   5.574823131367553    2.88438043633886
 0.6655841285319392 -0.4783122007207037   1.754464479796856    2.49372874705333   2.044212465608837   2.448887893391129    2.88438043633886   4.810176803417656

cov.inverse():
 123.8441508300945 -25.19249965187334 -183.9617569005507  37.05476873001668 -45.46076637640046  10.28499997753734  107.5439810931607 -22.15757571940354
-25.19249965187332  6.570616810847662  36.95705364871695 -7.428977609062634  10.14133820172563  -2.17569567886236 -22.35074824699554  4.711177567600312
-183.9617569005547  36.95705364871778  398.7439105189003 -80.45710763229222  -137.247186343423  25.67766492135789 -74.64800118269636  15.41921090850706
 37.05476873001749 -7.428977609062796 -80.45710763229221  16.72835170177472  27.15594523433768 -5.279581992844966  15.32192979932479 -3.232929507281995
-45.46076637639333   10.1413382017242 -137.2471863434354  27.15594523434016  395.9960059664087 -79.95653196282561 -214.4658234180486  44.29984341620544
  10.2849999775359 -2.175695678862069  25.67766492136049 -5.279581992845486 -79.95653196282566  16.65142737421039  44.11924001278351 -9.221472371357361
  107.543981093158 -22.35074824699499 -74.64800118268883  15.32192979932329 -214.4658234180533  44.11924001278448   180.390584651849 -37.30759105387952
-22.15757571940291  4.711177567600182  15.41921090850527 -3.232929507281639  44.29984341620653 -9.221472371357581 -37.30759105387948   8.03381727856112

cov*(cov_.inverse()):
     1.000000000000076 -3.552713678800501e-15 -2.131628207280301e-14    1.4210854715202e-14  8.526512829121202e-14  8.881784197001252e-16  3.197442310920451e-14   1.06581410364015e-14
-3.552713678800501e-15     0.9999999999999991  5.329070518200751e-15  -3.33066907387547e-15 -3.552713678800501e-15 -3.552713678800501e-15 -7.105427357601002e-15  1.332267629550188e-15
  1.63424829224823e-13 -5.329070518200751e-15     0.9999999999999218  3.019806626980426e-14  5.684341886080801e-14  -1.77635683940025e-14 -4.263256414560601e-14 -2.131628207280301e-14
 4.973799150320701e-14  1.243449787580175e-14                      0      1.000000000000027  2.131628207280301e-13  7.105427357601002e-15  2.842170943040401e-14  7.105427357601002e-15
 9.947598300641403e-14   1.77635683940025e-15    1.4210854715202e-14  -1.06581410364015e-14     0.9999999999999289  7.105427357601002e-15  1.989519660128281e-13                      0
 9.237055564881302e-14  1.598721155460225e-14  4.263256414560601e-14  3.108624468950438e-14  5.684341886080801e-14     0.9999999999999574   -1.4210854715202e-14 -7.105427357601002e-15
-3.552713678800501e-14   1.77635683940025e-15 -3.552713678800501e-14  1.598721155460225e-14 -2.842170943040401e-14  4.973799150320701e-14     0.9999999999999005  7.105427357601002e-15
 5.684341886080801e-14  -1.06581410364015e-14  4.263256414560601e-14    1.4210854715202e-14  5.684341886080801e-14  7.105427357601002e-15                      0     0.9999999999999929
