8
2

0.07908613837935098
 0.4426289878955063
 0.8699716279564358
  1.527992879221672
  2.166561513296942
  2.302890176430829
  3.686377740489403
  8.993085147186045

    0.3847369796136538    -0.2171855145086226    -0.7073780629027715     0.4042803540311302     0.3256757399177028    -0.1868588987111151  0.0002696054109747309 -0.0007562990299673161
   -0.4176447167972439     0.2043841204645234     0.1092068905972449    -0.0415719724281867      0.728188266715409    -0.3327060376774488    -0.3328077497846786      0.135768885912948
   -0.7623096825463442    0.05339058442849727    -0.5500897042213019    0.05488027168312778    -0.3216315198802394   0.009237687119513185    0.07287553005718718   -0.03974737922525106
    0.2244214204572517     0.2565008300331339    -0.1630206216211075    -0.1850507802412834    -0.4311789618845502    -0.3734067035212694    -0.5388902144838658     0.4552716872568476
   -0.1679804527126151     -0.389337904104547     0.2199306910062175     0.4014384693552818   -0.03171882095832412    0.08447237672404118     0.1505275299512301     0.7614959009105357
   0.09819638882994075     0.1657278577332723    -0.3285792094953996    -0.5674631746411637     0.2696526793357268     0.4942887118027243      0.207144587064247     0.4158968824924044
  -0.08854192402712156    -0.7071098726132899   -0.04626637391684427    -0.2733720472557251    0.01910925068171256     0.2562901280457638    -0.5747132018271641    -0.1376155682197049
   0.01922720473583229     0.4041784938955824   0.006429797157426334     0.4895650676795147    0.01520573435303198     0.6306591794216457    -0.4445927813976879   -0.03049271502968092

22.61273076695215
41.29481065187532
35.55869672375491
63.80000373046582
 50.5344958612748
89.84614232395268
74.12138916389213
131.0398130348262

 1.739127902367522
0.5786564254626761

   0.06386814060607296   -0.03662204389820038   -0.00442352304769842   0.002336366285110861   -0.05878678241356283    0.03379989928935329  -0.000898744350052954  0.0002522680429009248
  -0.02081564900212067    0.01199354318068701   0.001200469271798294 -0.0005496292566420859    0.01944880553757634   -0.01111490008407294   0.000280430305906864  0.0001520592433843021

 6.966511065629973e-05   -0.01733097913762652   -0.02190070508723308    0.04331979291841272    0.03882590597908597   0.005852972089864963     0.3781622633687305     0.6757743278015129
-2.047687259089278e-05   0.005698636617712045   0.007170517314056966   -0.01402385706907791   -0.01186326502281844  -0.001416664813058585    -0.1250503393066786    -0.2149146769124621

cov:
  0.9125323386098393    1.958964085654722 -0.05753946652484376   0.3539098844173219  0.06692949363129637   0.6888984434091207   -0.307827553724983 -0.01531667601213022
   1.958964085654722     21.0280448299498   -0.150485738590392    17.28665746366262   0.3658903392071173    18.19609393303781   -9.436541229884515   -0.424034470488003
-0.05753946652484376   -0.150485738590392    1.128582315979585    1.874626049722453  -0.1945781432292249  -0.4753202222388159   0.0922292786754878 -0.02175115566795183
  0.3539098844173219    17.28665746366262    1.874626049722453     22.9471170514834  -0.1723823776132013    22.85372352548503   -15.56928434293218  -0.7122361879478279
 0.06692949363129637   0.3658903392071173  -0.1945781432292249  -0.1723823776132013    1.030914887135467    1.862215331077453  0.05510516768722482 -0.02113804855932816
  0.6888984434091207    18.19609393303781  -0.4753202222388159    22.85372352548503    1.862215331077453    34.73605536374846   -23.58334436353897   -1.048450363933277
  -0.307827553724983   -9.436541229884515   0.0922292786754878   -15.56928434293218  0.05510516768722482   -23.58334436353897    21.51225582306371    2.582272936724287
-0.01531667601213022   -0.424034470488003 -0.02175115566795183  -0.7122361879478279 -0.02113804855932816   -1.048450363933277    2.582272936724287    4.460538566355344

cov.inverse():
   25.35420991333815   -13.80272053594279   -43.22063522030189    24.86086460628296    18.76934992553645   -10.82550904040143   0.6029196450027307  -0.2708065249978466
   -13.8027205359428    7.863001438205475    24.59415607315342   -14.13242814297862   -10.60904794611594    6.099299597553435  -0.3889385582212838   0.1719523857268348
   -43.2206352203019    24.59415607315344    80.50518138827256   -45.71807233334604   -36.18141802631317    20.93958640927464  -0.2351999996544659   0.1686907661846568
   24.86086460628293   -14.13242814297863   -45.71807233334602     26.2624932904942    20.87521863974915   -12.02416002721232   0.1356190631580938 -0.09345344249828352
    18.7693499255365   -10.60904794611597   -36.18141802631324    20.87521863974919    19.89458451290291   -10.87618944299876   -1.145751218736064    0.413853790301582
  -10.82550904040144    6.099299597553453    20.93958640927468   -12.02416002721234   -10.87618944299876    6.264640849661719   0.6518952339979684  -0.2316283300094462
  0.6029196450027071  -0.3889385582212705   -0.235199999654422   0.1356190631580686   -1.145751218736085   0.6518952339979804   0.7364149755628765  -0.2929187338473747
 -0.2708065249978394   0.1719523857268305   0.1686907661846428 -0.09345344249827556   0.4138537903015882  -0.2316283300094499  -0.2929187338473745   0.3425970943789817

cov*(cov_.inverse()):
     1.000000000000001  1.433315272025837e-15 -1.774708852098072e-14  3.173112814169876e-14  1.395324827901945e-14 -1.382617978440415e-14  2.550043509685906e-16    1.8474805019153e-16
-1.304512053934559e-15     0.9999999999999927 -1.652844527910702e-14  1.786071290865721e-14  1.659783421814609e-14 -9.228728892196614e-15  2.775557561562891e-17   3.05311331771918e-16
-1.854506131993006e-14  8.260319511732561e-15      1.000000000000028   -3.7397602375977e-14 -1.692916640205766e-14  5.435756011973325e-15 -4.553649124439119e-16  1.621966450038315e-16
 2.775557561562891e-16 -7.452372052796363e-15  2.281508315604697e-14     0.9999999999998641  2.775557561562891e-14  2.597921877622866e-14 -1.387778780781446e-16  3.608224830031759e-16
-5.388918478121951e-15 -3.035766082959412e-18 -7.812327174061551e-15  7.689161807267197e-16     0.9999999999999994  -1.08680425769947e-15  4.198030811863873e-16  3.122502256758253e-17
 8.071321389024888e-14 -3.860800568133982e-14   1.04416475465996e-13  -1.47798440153224e-14  2.131628207280301e-14     0.9999999999999869  -2.05391259555654e-15                      0
-1.110223024625157e-14  4.829470157119431e-14  9.625633623500107e-14 -1.537658889105842e-14 -2.597921877622866e-14  9.880984919163893e-15      1.000000000000001 -1.110223024625157e-15
 4.440892098500626e-16  2.220446049250313e-16 -1.221245327087672e-15  7.216449660063518e-16   1.77635683940025e-15  1.110223024625157e-15                      0                      1
