12
2

0.02247974070992483
0.02783480276151047
 0.2084419998366619
 0.2893838775416243
 0.3340238588784341
 0.6284473147536781
 0.7149929406949521
 0.9014321898812044
  1.138162660828497
  1.675813711550828
  2.543682429381526
  4.110066112839346

   -0.2175887194650353    0.09230097465847552     0.5608291956766309      -0.23685243728018    -0.6387348722108324     0.2632749649448311     0.2847538300854841    -0.1228990814497427  -0.004408294768197185 -0.0004336203784794603  -0.001649339632019266 -4.409934275122421e-05
    0.3992226610728068    -0.1699449769530632    -0.5351310542354808     0.2255325292465609    -0.3812002035042445     0.1578962568159333     0.5075721295441956    -0.2158298043503919   0.003780738402014104  0.0004051658027516702   0.006065429906478133   0.001327762245678811
  -0.06903360213151602     0.0261996662542636   0.001667834135104572  -0.001708997920423641    0.09711709079062285  -0.006741199635722428      0.134258300863927   -0.04207948703986483  -0.004182248002886053    0.01206202418302191    -0.9795083866716294    0.07529559122512326
    0.1796034500529657   -0.04062819367324392   -0.09439468094537173    0.01589591306685401    -0.4376546405603249   -0.04494388783347139    -0.4709389759433676     0.2551523433375258     0.6494897896155217     0.1871852580726871    -0.1356613528774585    -0.0346674143112119
   -0.0678776095557328    0.04765147946291967     0.1304222762964264   -0.04868841262146163     0.4260036825727342    0.09739546369186779     0.4542389128805369    -0.1342207183282463     0.6514872890685686     0.3347426180200552     0.1235779474438064    0.08166034900776485
   -0.7260473534227092     0.2154918075274904    -0.4045827257916071      0.107524740545729     -0.226899324814983    -0.3959286020512647     0.1016986519110246   -0.04298825195013822    0.06788488226618596    0.05493776395834974     0.0630906419730916     0.1383092847729167
  -0.02627503579262752   -0.05601766442459534    -0.0345047793321461   0.008050564648023194    0.00831264021783543     0.2103882866099913     0.2144751905684345      0.736929083143667   -0.03624833135385504    -0.1367694722508475    0.04067938656989573     0.5829624325278324
    0.1424864716704256   -0.01549114131561702     0.1007741323443095     0.0393350146624544   -0.02348189504015702    -0.0939466761311598     -0.244086246839033    -0.5275836674846955    0.08111498486019982    -0.1814141018425849    0.03312953547111285     0.7614897754555323
   -0.3278393484675581   -0.07395749549810846    -0.2064019287987465     0.0336061916365186      0.107065180873204     0.6036269249836183    -0.1639042296449874    -0.1319555139219714     0.2591794831083998    -0.5785312497799385  -0.009058340566184236    -0.1458107728779129
    0.1864969045442841    0.07850631028599096     0.2007462123783853    0.05092736069697117   -0.01601146894339077    -0.5273880896366135      0.265442289942914     0.1078734820768455      0.270805524883507    -0.6762353615684804   0.001352339106427016    -0.1582417105914418
   -0.2138694027946644    -0.5914514739524172     0.3167427691051533     0.7030128425004536   -0.02069064927675862   -0.05425402387124115  -0.002073717374043361    0.01120794838383291   0.003576819101960488    0.07233459129880236  -0.005568653052789002   -0.03338228410832001
    0.1245336174984183      0.739411270893038     0.1221568382110426      0.615862147929924 -0.0007003804589239371     0.1972510176398033   -0.04353348157471053     0.0315143631078836   -0.02552914376798573     0.0300520735750909  0.0007739194383817175   -0.01419983671387966

22.51384456763767
48.63140252907186
35.74968768317246
79.75897019029306
49.89200148636175
113.0246107542584
56.88925406781841
129.4819016474716
67.87414904228947
157.7896273207001
80.12553854166067
187.3805640159902

 2.351783979050818
0.4255089950828851

   0.07492194427428318   -0.03200244034473422    0.01250623081516402  -0.005259523154678546   -0.07214732796985543    0.03048087279960938   -0.01624356336396708   0.006685373336032118 -0.0001037832754125706 -0.0001526350437541417 -0.0006642831796612974  1.282995959207017e-05
  -0.01323743415295979   0.005647607455984222  -0.002440276503759465    0.00102588126530443    0.01254171758339071  -0.005302991033901479   0.003078081498028468  -0.001262127391943678   8.60494250140429e-05  2.034599277118893e-05 -0.0001109988318453317 -6.716887219078036e-05

 1.903409137393337e-05  3.881146186146133e-05  -0.000651932806512005   0.004442334000286811  -0.004570563421363115   -0.02551803690157659   0.003379765138450068   0.009344579841943156   -0.01610617790427941   -0.01329864893579338    0.02010757298978217    -0.1531483648022449
-3.327925594877868e-06 -6.578727658546027e-06  0.0001251153833903803 -0.0007792647357848393  0.0008074477543784961   0.004556680559354833 -0.0006170488781183741  -0.001716565681176001   0.002960462853358985   0.002341744519468306   -0.00354969918460346     0.0275655419348265

cov:
     1.023455590989225      2.382533481082389     0.1369743141425546     0.3094819909340071    0.02538822965617032    0.05591797063688883    0.04881750764953691      0.109596596745102   -0.03163001933422393    -0.1800350405399841 -0.0009488944257856618    0.03467812063596207
     2.382533481082389      11.54409397235987     0.3441100579531029      5.018226700197911    0.04127646078156964      2.459419220405607    -0.4518955693764814     0.3674395505085414    -0.2906451687555699    0.01691997262947753    0.03593352062835946   -0.08440420778660603
    0.1369743141425546     0.3441100579531029      1.146112303382442      2.716265676900273   -0.03767360135261641    -0.1092289235326857    0.06957943801617177     0.1308478736398953    0.03879955334030729   -0.03412406124262451   -0.01192030002885496    -0.1165015808381604
    0.3094819909340071      5.018226700197911      2.716265676900273      9.619910512889302    -0.1122774695363697      1.736629760889923    -0.4371564116283286     0.3739195993282858     -0.196655936656242     0.5141769940977677   -0.01435200134988859    -0.2964379160958832
   0.02538822965617032    0.04127646078156964   -0.03767360135261641    -0.1122774695363697    0.07618079527170972     0.1566466255282359   0.001754490367221226   -0.02377977699173119    0.02295136654407005   -0.05281252766598971  1.757250730703118e-05   -0.02744818526149187
   0.05591797063688883      2.459419220405607    -0.1092289235326857      1.736629760889923     0.1566466255282359      2.022413000424793    -0.6330707619360105   -0.03807087100810481    -0.3008141563059286     0.6174071197172002   -0.01043098212275736    0.06869419877139217
   0.04881750764953691    -0.4518955693764814    0.06957943801617177    -0.4371564116283286   0.001754490367221226    -0.6330707619360105     0.3833482599089341     0.2516063661192036     0.1556129388358552    -0.3714924109666899   0.008761944429871988    -0.1517277063090774
     0.109596596745102     0.3674395505085414     0.1308478736398953     0.3739195993282858   -0.02377977699173119   -0.03807087100810481     0.2516063661192036      0.584938051340424   -0.02104885388235607   -0.06044680296090413 -0.0009419673328741237    -0.1442790864661122
  -0.03163001933422393    -0.2906451687555699    0.03879955334030729     -0.196655936656242    0.02295136654407005    -0.3008141563059286     0.1556129388358552   -0.02104885388235607     0.3945827882756265    -0.6932530248108383   0.002427850414143462    -0.1168159821775535
   -0.1800350405399841    0.01691997262947753   -0.03412406124262451     0.5141769940977677   -0.05281252766598971     0.6174071197172002    -0.3714924109666899   -0.06044680296090413    -0.6932530248108383      1.819867062284307  -0.002376562127617133     0.2394945178410781
-0.0009488944257856618    0.03593352062835946   -0.01192030002885496   -0.01435200134988859  1.757250730703118e-05   -0.01043098212275736   0.008761944429871988 -0.0009419673328741237   0.002427850414143462  -0.002376562127617133    0.04856284895799601      0.036511673647585
   0.03467812063596207   -0.08440420778660603    -0.1165015808381604    -0.2964379160958832   -0.02744818526149187    0.06869419877139217    -0.1517277063090774    -0.1442790864661122    -0.1168159821775535     0.2394945178410781      0.036511673647585     0.7620484804788056

cov.inverse():
   301.3992834185174   -127.8161158233271   -516.6865713224162    218.0465544476628    77.63654394528858   -31.62986186471363    137.2482198806071   -57.60897823151326    4.692873368836406   0.5476814113877914    4.916027014870366   0.3361804414930788
  -127.8161158233275    54.40859726048784    219.6932851925442   -92.74172102081259   -32.72694636107115     13.2399537498482   -58.76860111861588     24.6042008515476    -1.64306167713663 -0.05139805706621793   -2.073315824347369  -0.1987971522047707
  -516.6865713223769    219.6932851925269    992.7750522877622   -418.7776985075331   -444.3769893819575    183.5361209753345   -33.59062678362109     12.1895490136416   -7.553371931353381  -0.6022596564070409   -5.822010379780124  -0.9050002934531334
   218.0465544476464   -92.74172102080537   -418.7776985075332    176.8201960609021    188.0748852261673   -77.58685166386469    14.01196545843991    -5.13994676887909    3.038797979830576   0.1958635911240146    2.516138044141616   0.4348952952583389
    77.6365439451657   -32.72694636101853   -444.3769893817552    188.0748852260818      999.17070956091   -409.5813309796382   -605.2208370362974    259.6326964843215    2.773547721521656     0.60281634035672   -1.945439082501677 -0.03928678416936567
  -31.62986186466139    13.23995374982584    183.5361209752479   -77.58685166382813   -409.5813309796366    170.3290947177999    252.3104733835044   -107.9357490482008   -1.328144361336191  -0.1866913105156172   0.6547294933760167   0.3009343504696355
   137.2482198806908   -58.76860111865155   -33.59062678378489    14.01196545850903   -605.2208370362167    252.3104733834711    498.1253483333909    -212.275116776225   -1.049448693841995   0.3889732278918333    1.308097133546037    1.660073097049549
  -57.60897823154928    24.60420085156294    12.18954901371188   -5.139946768908751    259.6326964842872   -107.9357490481867   -212.2751167762254    92.41986275211053    1.089763900194147  0.09632615177197114  -0.8706474034654466  -0.2963593671573807
   4.692873368835831   -1.643061677136384   -7.553371931352808    3.038797979830333    2.773547721522821   -1.328144361336676   -1.049448693843142    1.089763900194636    8.999074810442638    3.231046650803211   -0.182710081044273   0.2215961860902194
  0.5476814113876616 -0.05139805706616276  -0.6022596564068285    0.195863591123925   0.6028163403567215  -0.1866913105156169   0.3889732278917538  0.09632615177200456    3.231046650803208    1.933446207223433  -0.2056593727996096  -0.0147625823453713
    4.91602701487039   -2.073315824347379   -5.822010379780568    2.516138044141803   -1.945439082500421   0.6547294933754922    1.308097133545208  -0.8706474034650922  -0.1827100810442675  -0.2056593727996086    22.50662435093028   -1.439842861940192
  0.3361804414933758  -0.1987971522048969  -0.9050002934537429   0.4348952952585961 -0.03928678416898707    0.300934350469479    1.660073097049487  -0.2963593671573531   0.2215961860902237  -0.0147625823453707   -1.439842861940189    1.659225805746369

cov*(cov_.inverse()):
     1.000000000000072  4.481918308707478e-14  2.127256704120839e-13 -1.398083038228748e-13 -1.676827079966081e-15  2.586472702681419e-15 -2.392530618067212e-14  -8.81239525796218e-16 -4.085273785925381e-16  1.356336917779366e-16  1.595945597898663e-16  -3.95516952522712e-16
-1.336153410136376e-13     0.9999999999999567  8.652800698172314e-14  -3.25434124093249e-15  2.702699175571865e-15  2.012626176828292e-14 -1.160183060733289e-14    2.8796409701215e-16 -1.040834085586084e-17  3.963843142607004e-16  1.165734175856414e-15  1.110223024625157e-16
 2.315508895733842e-14  1.194877530252825e-14     0.9999999999998451 -1.352043477176323e-13 -2.724209746673978e-14 -3.726186026398182e-15 -4.746203430272544e-15 -6.175615574477433e-16  -1.52655665885959e-16 -1.112391428970128e-16  5.273559366969494e-16 -5.551115123125783e-17
 6.238065619612598e-14 -1.924849168943865e-14 -5.853650897336138e-13      1.000000000000039  1.146947120611586e-13 -9.026113190202523e-14 -6.661338147750939e-15   2.67841304690819e-15  2.761679773755077e-15  2.246466901389965e-16 -3.108624468950438e-15  7.771561172376096e-16
 7.237266341775239e-15  1.245531455751347e-15 -1.160876950123679e-14  3.625572064791527e-15      1.000000000000028  -1.19002030452009e-14 -8.645861804268407e-15  9.485467966641181e-15 -1.916869440954372e-16 -2.292003392634356e-16  1.457167719820518e-16 -6.938893903907228e-17
 1.123198756225463e-13 -9.603429163007604e-14 -5.149144999272437e-13  2.393849007908955e-13  3.041017958282932e-13     0.9999999999998653 -1.164485174953711e-13  4.080416560192646e-14  1.523087211907637e-15  1.370431546021678e-16  1.595945597898663e-15  3.469446951953614e-16
 1.221661660721907e-13 -3.285566263500073e-14 -1.553202011450594e-13  3.615163723935666e-14  1.028907861688744e-13 -1.799949078673535e-14      1.000000000000004 -9.957312752106873e-15   1.07552855510562e-15 -2.237793284010081e-16  1.054711873393899e-15 -1.110223024625157e-16
 2.067790383364354e-14 -8.253814298697648e-15   7.66053886991358e-15 -5.065392549852277e-15 -6.162605148407607e-15  2.751965322289607e-14  2.134403764841863e-14     0.9999999999999744 -6.938893903907228e-18  8.109832250191573e-17  2.220446049250313e-16                      0
 2.341182803178299e-14 -7.802786194943678e-15 -4.428402089473593e-14   1.52655665885959e-15 -4.865899350114944e-16 -1.117161918529064e-15  1.224020884649235e-14  2.609024107869118e-15                      1  1.151422707179606e-16  2.498001805406602e-16 -8.326672684688674e-17
-6.919465000976288e-14 -1.783295733304158e-15  2.414735078559715e-15  2.148281552649678e-14  1.441034791493934e-14 -1.119937476090627e-14 -3.952393967665557e-14  2.481348460037225e-14 -1.644517855226013e-15     0.9999999999999993 -3.885780586188048e-16 -1.110223024625157e-16
-7.199102425303749e-15  2.134577237189461e-15   9.06219543850284e-15  -2.10248485288389e-15 -1.641915770012048e-15  1.049507702965968e-15 -1.713906794265085e-15  7.788908407135864e-16 -1.838806884535416e-16 -5.507747036226363e-17                      1                      0
 1.176836406102666e-14 -1.360023205165817e-15 -1.521005543736464e-14  1.282307593442056e-14  4.608813330975181e-14 -1.731947918415244e-14 -4.884981308350689e-15  9.103828801926284e-15  8.326672684688674e-17  1.734723475976807e-18                      0                      1
