8
2

0.1969946993572373
0.6557127811398941
 0.869345993170297
 1.028071209468281
 1.545953062601113
  1.90235881919948
 2.745359024241517
 4.093941340003846

  -0.3690898374389925    0.1929733329267345    0.7777894373746013   -0.4121853697665988  -0.08521495307915859   0.08398624953643608  -0.07163569349208131    0.1795378673586944
  -0.8227766845398941    0.1575678714628503    -0.265806156930982    0.1518499998242326  -0.05624795072942478   0.08942110005325801  -0.02461202773437638   -0.4390146247518156
  -0.1099395208839176   0.06529751924477178   -0.1727725990112551   -0.2070922434852193     0.248382819304373   -0.6412764383044759   -0.6476107644183172    0.1363186341147364
   0.3457312682002112   0.06356989535925435    0.3062221833842485   0.04389396477324908    0.1265706373080984    0.1518500463287789   -0.4093253964157611    -0.757696647678347
 -0.04520597782992517   0.07641140627894397   -0.2103787273096534   -0.1353549001569275    0.5714470293097061    0.6731679928310239   -0.2753608724924435    0.2720424501418047
   0.1979262681942777    0.4517875561635027   -0.3823183852021593   -0.5796968281407936   -0.4914464670463194    0.1523978678087317  -0.05704051817973196  -0.08061684337186875
   -0.111790751604694    -0.817615225216622  -0.09700505302252178   -0.5176238416269932  -0.05798041299284148   0.07203952591850704 -0.003923296801169289   -0.1819256325366685
  0.03845583175633036    0.2262374982768394  -0.03052449181305679   -0.3740683334296295    0.5834615352242788   -0.2628427664596873    0.5729074707974329   -0.2621873903148928

22.74478951233748
46.89509994506837
50.81389307322659
 105.327216796875
88.78540086401044
184.0332019042969
105.8250564640567
219.3119970703125

 2.081305879813173
0.4811810264097028

   0.08792425057911958   -0.04109018862219318     -0.095408426667726    0.04846822343870943  0.0004372951161956077   0.004913199485157449   0.006549050996476515  -0.009597197673786364
  -0.02104521436774374   0.009921368416240849    0.02290852896491177   -0.01147357350382653 -6.798824853869239e-05 -0.0009295450096124561  -0.001743088350833023   0.002299965041259386

-0.005292628098282566  -0.01789903101799427   -0.0109543867671109  0.006436536392911858   0.01324075668256873   0.02950180562926372   0.07523813693821169   -0.2665075007666544
 0.001268788405638963  0.004300106890210586  0.002570531453421591 -0.001387486892906068 -0.002666998948647293 -0.007181644865161796  -0.01897103653758159   0.06085532876385922

cov:
  0.6974558124767485     1.10936630266859  0.02008264112292826  -0.2201419793782004  0.05788724945308553  -0.1177438418523141   0.2754248258983805   -0.238305688390612
    1.10936630266859    6.668536661977321  -0.1816098214435125   0.7987898740790343    1.886831604739121   -1.083237404189638    1.991325867895614 -0.02778352292738731
 0.02008264112292826  -0.1816098214435125   0.8968173466257793     1.45139846470647   0.1489218040412389  -0.3423277204745271   -0.120127498163563  0.03446448344827328
 -0.2201419793782004   0.7987898740790343     1.45139846470647    5.675540729288381   -2.620986388173288   0.9412728274377103   -3.285896182304735    2.346640593139638
 0.05788724945308553    1.886831604739121   0.1489218040412389   -2.620986388173288    7.450722473006366   -2.056002813682198    5.154071733717775   -2.035264972004977
 -0.1177438418523141   -1.083237404189638  -0.3423277204745271   0.9412728274377103   -2.056002813682198    2.702983784562353   -2.753463550132022    1.245491971867906
  0.2754248258983805    1.991325867895614   -0.120127498163563   -3.285896182304735    5.154071733717775   -2.753463550132022    6.188752667573577   -2.409341486504113
  -0.238305688390612 -0.02778352292738731  0.03446448344827328    2.346640593139638   -2.035264972004977    1.245491971867906   -2.409341486504113    2.306941371122006

cov.inverse():
  5.227376723056455  -2.089674984124093  -6.779110999377213   3.651842425868249  0.8878929717844855 -0.8330176907875858    0.69219447021745  -1.142604190265657
 -2.089674984124094   1.177391386141723   3.729414405140082  -2.034852525406659  -0.444200807714455  0.4333166510354279 -0.4535772646086416  0.7129286362079874
 -6.779110999377216   3.729414405140082   15.94163796335951  -8.214562189226097  -1.691963272890121   1.742808501385273  -1.361819219487049     3.6065004984255
   3.65184242586825  -2.034852525406659  -8.214562189226097   4.634623436701824  0.8597531654868809 -0.7400639481314729  0.9248544809101912  -2.114967454034919
 0.8878929717844839 -0.4442008077144541  -1.691963272890118   0.859753165486879  0.5153969801885925 -0.2581370199395492 -0.1394531952911972 -0.3144786976192672
-0.8330176907875846  0.4333166510354273   1.742808501385271  -0.740063948131472 -0.2581370199395494  0.9671459829472421  0.2415633656040617  0.1483280706333536
 0.6921944702174516 -0.4535772646086428  -1.361819219487053  0.9248544809101935 -0.1394531952911962   0.241563365604061  0.8993134403852953 -0.1686003060381339
 -1.142604190265658  0.7129286362079884   3.606500498425504  -2.114967454034921 -0.3144786976192684  0.1483280706333542 -0.1686003060381333    1.88790505850083

cov*(cov_.inverse()):
    0.9999999999999999  8.326672684688674e-17   3.33066907387547e-16 -5.551115123125783e-16 -5.551115123125783e-17 -1.387778780781446e-16  1.595945597898663e-16 -5.551115123125783e-17
 9.367506770274758e-16      1.000000000000001  4.440892098500626e-16 -1.630640067418199e-15  6.418476861114186e-17  1.908195823574488e-16  -1.48318857196017e-16  1.873501354054952e-16
-1.568190022283034e-15 -2.359223927328458e-16      1.000000000000002  7.494005416219807e-16  6.782768791069316e-16  1.552577510999242e-16 -2.072994553792284e-16 -6.245004513516506e-16
-3.552713678800501e-15  8.881784197001252e-16  5.329070518200751e-15      1.000000000000003  9.992007221626409e-16  5.551115123125783e-16 -9.992007221626409e-16   1.77635683940025e-15
-1.332267629550188e-15  2.220446049250313e-16   1.77635683940025e-15  -1.77635683940025e-15                      1  3.885780586188048e-16 -4.440892098500626e-16  -1.77635683940025e-15
-1.110223024625157e-15                      0                      0 -4.440892098500626e-16 -6.106226635438361e-16                      1  4.163336342344337e-16  4.440892098500626e-16
 4.440892098500626e-16 -8.881784197001252e-16  -1.77635683940025e-15  -1.77635683940025e-15  7.771561172376096e-16 -4.996003610813204e-16     0.9999999999999987  -1.77635683940025e-15
 -1.77635683940025e-15  4.440892098500626e-16                      0  8.881784197001252e-16 -4.440892098500626e-16  5.551115123125783e-17  -3.33066907387547e-16      1.000000000000001
