8
2

0.04384844785095027
0.06013868756670678
 0.5421274377319442
  1.043722603455554
  1.493597252477154
  2.384394846330057
  2.967222829991166
  8.676610194540755

 0.04765615139966591 -0.01101208302398494  -0.5085188083024197   0.1173678512530586   0.7691044416171794  -0.1833024051844992  -0.3071290542077707  0.07610101547230941
  0.4087667719930916 -0.09940646580308427  -0.6690771649374565   0.1612903214613794  -0.2616623043869034  0.06620253066308407    0.508412289030914  -0.1342246921848344
  -0.861466504786513   0.1420922419887529  -0.2225788576086751   0.1064136602645591  0.04670399877292943  -0.0625966784907212   0.4067607977731234  -0.0725678075165152
 0.04638762469021496 -0.04740147661015054  0.05674639486533543   0.2577427414712458  -0.2082456581045059  -0.7629746247131087  0.08161992182540573   0.5420253411651325
-0.02694741848033173 0.001059557600936953  -0.1959914698541225  -0.7736697894343586  0.02812732437005345   0.1329437760675026   0.1557942630067352   0.5652946738461595
  0.1674739638770312    0.171825956442982   0.1646800214460184  -0.4559793485002968   0.2141274626361724  -0.5419319386887446   0.3022756554060692  -0.5258139101587539
 -0.2377491865105638   -0.459331023272974  -0.3316091705179877   -0.273089580706512  -0.3988063188397852  -0.2488698502735163  -0.4962628465702214  -0.2840568237215929
 0.03261746662072443   0.8526721013701267  -0.2559024425180011 -0.03734974418241763  -0.2979521474148791 -0.05165612192191894  -0.3363826586746326 -0.02020383134366863

22.61381759429197
93.76458641081942
38.00810455525296
157.1644113147304
45.16543281767757
186.7856913050785
53.55457812970049
221.5143363863581

   4.1588224192663
0.2416288831066129

  -0.00836057990677145   0.001090347516725661     0.2167509890044457   -0.04530501008603274    0.09170943620414887   -0.02789483938395004    -0.3158520496600252    0.07008615998157465
 -0.004476186256005499   0.001109538324679208  -0.005819890693417798   0.001249530532993198 -0.0006979960917948533  0.0002761565699990964      0.011392912415201  -0.002604517034293456

 0.0001192806726123002  -0.001271944780427779   -0.05091586831247891    0.01587945281316495   -0.03997938854488697    -0.2412412779095723     0.4330684635488539      1.944505964452877
-2.699663956477813e-06  3.073544163067814e-05   0.003002328581943687 -0.0008884851373547328   0.001372929234640152    0.01379829529092922   -0.02254942227748636    -0.1011304878270917

cov:
 0.9599050348340418   3.180298159367722  0.2925219111890219 0.07860935135640128  0.2826842294878316 -0.1525157371989558  0.3930970188073874 0.05592509113585897
  3.180298159367722   56.76876746962131  -14.93742912534559  -1.749345199469361  -17.29134747901128  -2.801784731122792   -19.2779313251944 -0.6914609563399116
 0.2925219111890219  -14.93742912534559   6.158258221340501   1.436688649546066    7.07662059503189   1.113206923487378   8.121794833836693  0.5176148131146893
0.07860935135640128  -1.749345199469361   1.436688649546066   3.354829407733536   1.136038011700903   1.702896362583628   1.122416370712751   1.277110233879917
 0.2826842294878316  -17.29134747901128    7.07662059503189   1.136038011700903   8.395353641199661   1.553030432690892   9.651765467889799  0.7222205915250225
-0.1525157371989558  -2.801784731122792   1.113206923487378   1.702896362583628   1.553030432690892   3.090731031273406   1.435313070562845   2.039472641011302
 0.3930970188073874   -19.2779313251944   8.121794833836693   1.122416370712751   9.651765467889799   1.435313070562845   11.31752538097126   1.084836533455328
0.05592509113585897 -0.6914609563399116  0.5176148131146893   1.277110233879917  0.7222205915250225   2.039472641011302   1.084836533455328   3.347575519495233

cov.inverse():
  49.92009682837524  -11.90887553325637   -87.5546369846555   20.84099361807447  -10.63987138141301   3.079165553861223   48.68130680586283    -13.063119015424
 -11.90887553325636   2.904901227883488   21.21177273196616  -5.065486641546072   2.842523681550088 -0.7707487779887954  -11.99060636392192   3.193692710539794
 -87.55463698466693   21.21177273196898   258.4800020108391  -60.88232131522991  -155.0347360313907   36.22292133573767  -13.11386424495165   4.732975267673365
  20.84099361807713  -5.065486641546728  -60.88232131522978   14.77042926142918   35.23298030709012  -8.435136111753108   4.028975866168338   -1.38354771817667
 -10.63987138139375    2.84252368154532  -155.0347360314292    35.2329803070993   326.6596650557103  -77.98485810050703  -159.5533847399318   40.03775094060286
  3.079165553856532 -0.7707487779876552   36.22292133574709  -8.435136111755352  -77.98485810050724   19.30162125528256   38.43799535112343  -9.984499788437118
  48.68130680585413   -11.9906063639198  -13.11386424492329   4.028975866161643   -159.553384739951   38.43799535112797   121.1562221271732  -31.05717973630828
 -13.06311901542168   3.193692710539243   4.732975267665855  -1.383547718174898   40.03775094060811  -9.984499788438361   -31.0571797363084   8.482241491596717

cov*(cov_.inverse()):
    0.9999999999999464  1.951216965778713e-14  1.181832409713479e-13 -3.842759443983823e-14  1.607602939657227e-13   4.39648317751562e-14 -3.796962744218035e-14 -5.007105841059456e-14
 3.375077994860476e-14      1.000000000000007 -1.332267629550188e-15  5.662137425588298e-14  3.588240815588506e-13  6.306066779870889e-14    1.4210854715202e-13  3.197442310920451e-14
-4.973799150320701e-14 -1.998401444325282e-15      1.000000000000184 -6.694644838489694e-14 -4.298783551348606e-13  9.237055564881302e-14  7.105427357601002e-15 -7.638334409421077e-14
  1.06581410364015e-14 -8.881784197001252e-16 -1.509903313490213e-14     0.9999999999999927    1.4210854715202e-14  1.243449787580175e-14  2.131628207280301e-14  -1.06581410364015e-14
 1.740829702612245e-13 -3.419486915845482e-14 -5.120348589571222e-13  7.904787935331115e-14      1.000000000000636 -1.332267629550188e-13  -1.84741111297626e-13 -5.329070518200751e-14
  1.77635683940025e-14  8.881784197001252e-16   1.77635683940025e-15  2.220446049250313e-15 -2.842170943040401e-14      1.000000000000018    1.4210854715202e-14  3.552713678800501e-15
 1.403321903126198e-13 -1.465494392505207e-14  1.945110739143274e-13 -8.215650382226158e-15  -1.84741111297626e-13  1.385558334732195e-13      1.000000000000149 -1.190159082398168e-13
 7.105427357601002e-15                      0  2.842170943040401e-14 -8.881784197001252e-15  2.842170943040401e-14  7.105427357601002e-15    1.4210854715202e-14     0.9999999999999893
