10
2

0.1026160023450404
0.5518605135465965
0.6896246979565743
0.8608996357926343
0.9396914672096838
 1.862626569233294
 2.151658605241136
 2.455538330004384
 4.254758285388363
 5.081302749980834

   0.5293214231909446   -0.3106746171697321   -0.6728196893482582    0.3990248576445438   0.06540992141446253  -0.03242257843482608   0.05539002349276485  -0.02918566204991131   0.04297366764727297  -0.01722401549961887
  0.02967025436575548  -0.04470190241237158   0.02301410162251944  -0.01026993446152934   -0.6713936137014004    0.2645827596740356    0.5242946609580073   -0.4471981752152918   0.01817006319953693   0.02261909905063973
  -0.1341342200304169   0.08426865774018165  -0.05755647176035858 8.677576821027019e-05    0.5569802459425727   -0.1819249909010466    0.3907955109034925   -0.5033007223091054   -0.3403889884432929    0.3261486483349782
  -0.6671037291580384   0.02704525407158066   -0.5517175132129468    0.0792081209371583   -0.2723539426682896  -0.04048740898171958  -0.09252559857903939    0.2044043299704829   -0.2105744133883117    0.2703246705675055
   0.4011314765517479   -0.0228747143090443    0.2133608329388384  -0.03889852303122576   -0.1838783871794777    0.1134792417838063   -0.1004490263987606    0.2821256104818435   -0.4477169636163408    0.6743220297059317
   0.0480111140762983    0.2046950537446652   -0.3040199949303196     -0.41566597058389    0.2724170413344391    0.7494412786202114  0.008269701486737144   0.03476841314874105    0.1990235576705648    0.1175909432993341
  -0.2972881803626497   -0.4908997837540159    0.3141613384901665    0.5311834562214059    0.2094373025067616    0.4458982317302522   0.09980090641421017    0.1099329061177138    0.1090032348147701    0.1147499135142663
  0.03376221957938796    0.1583312063023762  -0.01606858640251962   0.04043436342992434   0.08035052330924077    0.1038176824787649    0.5338681687952487    0.5101890877777822   -0.4614657948811972    -0.443176127344385
 -0.02589122462425026   -0.3621307485238179  -0.02136773417511656   -0.1772343313902472    -0.023169030035382    0.2377457593478193   -0.4259388612184538   -0.3292507759746706   -0.5952445327353753   -0.3675819451576831
  0.05017069657695362    0.6738226803354491   0.04142374246696869    0.5872866873575202  -0.04085576205414085    0.2313928441665552   -0.2724099578146254   -0.2061099628103982   -0.1356745033177867  -0.08072423875072232

22.73129807429006
37.60577346955614
 35.5347011709635
 59.0492275623288
 67.7813904941291
112.9497481361791
 78.0397976058661
131.7405859331335
92.70769698203451
155.2678835806969

 1.674809286161419
0.5982447159466454

    0.1110393632501171   -0.06617694647670572    -0.1049064780499993    0.06283179208512879  -0.002118272465472266    0.00140564502308806  -0.002222067311781165   0.001206585074126772  -0.001853024528003932  0.0009571870531368115
  -0.03874290557970288     0.0231005447873112    0.03625732254182024   -0.02173486379143503  0.0007595405873812816 -0.0004788298743955202  0.0009401985431483357 -0.0005513728375331557  0.0005751979668438422 -4.197568886707314e-05

  0.001838030312999816  0.0009960854768042815  -0.007797453227708064  -0.008440067422149547    0.02102989695536514  -0.007613930728319198 -0.0004858001658610812   -0.01607962479901607     0.2512518793479021    -0.1426118060795882
-0.0006380446009488599 -0.0003082441344496272   0.002853627589778201   0.003131556804826169  -0.007256570887395045   0.002866306730227338  0.0002771831304524828   0.005264961313369169   -0.08983068888955895    0.05164633981947332

cov:
   0.9848545916647244     1.755581774593947  -0.07414269547666072 0.0009290374785281254   -0.2402931763852645   -0.2053986069694238   -0.1902521047118958   -0.1275500042501944   -0.1399262651251297  -0.07634993571081507
    1.755581774593947     15.51526146592252   -0.1002588317235349     9.916823379708505   -0.7352267459333472      2.07122591022679    -1.649797596357161    -1.181092209940233    0.9856118314101053    0.4095488382122813
 -0.07414269547666072   -0.1002588317235349     1.104028684537323     1.861160616880567   0.03107038480027112   0.04851790239817397  -0.03039153488441679   -0.0388746847722576   0.08936488964881992    0.1495156682770231
0.0009290374785281254     9.916823379708505     1.861160616880567     11.39725385937615   -0.4106735193462117     2.779773592387024    -2.403794564399327    -1.720806895022649   -0.2758166398021759  -0.04754742845596296
  -0.2402931763852645   -0.7352267459333472   0.03107038480027112   -0.4106735193462117    0.9219821150485529    0.7345850346273111    0.8605859926992454    0.6131840473291965    0.4843499769741293    0.1647183158204781
  -0.2053986069694238      2.07122591022679   0.04851790239817397     2.779773592387024    0.7345850346273111     5.389438800302593     -2.89786056815704    -1.982093671006315    -2.926474971170763    -1.766045269331574
  -0.1902521047118958    -1.649797596357161  -0.03039153488441679    -2.403794564399327    0.8605859926992454     -2.89786056815704     7.136845293167983     5.478561849675528     4.108465325100753     2.017768305241327
  -0.1275500042501944    -1.181092209940233   -0.0388746847722576    -1.720806895022649    0.6131840473291965    -1.982093671006315     5.478561849675528     4.971583160321145     2.865363321478501     1.457585556707881
  -0.1399262651251297    0.9856118314101053   0.08936488964881992   -0.2758166398021759    0.4843499769741293    -2.926474971170763     4.108465325100753     2.865363321478501     8.630990979121188     5.254509078881381
 -0.07634993571081507    0.4095488382122813    0.1495156682770231  -0.04754742845596296    0.1647183158204781    -1.766045269331574     2.017768305241327     1.457585556707881     5.254509078881381     4.413878265459751

cov.inverse():
    27.45126700423173    -15.64269605127911    -33.23348183830726     19.92984346737831     3.217845370330001    -1.482300379631651     2.759614138368235    -1.428184978382029     2.237873033209611   -0.9004422421521679
   -15.64269605127909     9.282220113671752     19.76123037957082    -11.82817898492584      -1.7423945639548    0.8820419864908428    -1.637356702823953    0.8426923866440976    -1.330512787624201    0.5434172851374288
   -33.23348183830728     19.76123037957083     43.50903202018775    -25.49142422370747    -4.149124772555884     2.135617078324224    -3.497538040197009     1.811062284337177    -2.663000276138228     1.023439819072426
    19.92984346737831    -11.82817898492584    -25.49142422370745     15.25726033029056     2.471602881523008    -1.281898938004241     2.087887908395656     -1.07115003853754     1.613293537793246   -0.6563358471697882
    3.217845370330021    -1.742394563954809    -4.149124772555905      2.47160288152302     2.709139437719005   -0.9267683744405901    -0.285906795646398   0.09651742253742895   0.01423490779728969 -0.005525863980224994
   -1.482300379631659    0.8820419864908466     2.135617078324232    -1.281898938004246     -0.92676837444059    0.6278997504200602    0.1401501369932896  -0.06031594167324967  0.004154758036748803   0.04308614855104002
    2.759614138368244    -1.637356702823956    -3.497538040197013     2.087887908395659   -0.2859067956463985    0.1401501369932897     1.600393557098305    -1.337028653058868   0.03224712074061125    0.0789005397548007
   -1.428184978382037    0.8426923866441021     1.811062284337186    -1.071150038537546   0.09651742253742797  -0.06031594167324909    -1.337028653058869     1.470462664553944 -0.009236163074096125  -0.06689731551482266
    2.237873033209606    -1.330512787624198    -2.663000276138222     1.613293537793243   0.01423490779728855  0.004154758036749239   0.03224712074060992 -0.009236163074094901    0.7765085981032364   -0.6652072458552034
  -0.9004422421521683    0.5434172851374287     1.023439819072425   -0.6563358471697879 -0.005525863980224794   0.04308614855104013   0.07890053975480167  -0.06689731551482361   -0.6652072458552034    0.9141877340083198

cov*(cov_.inverse()):
    0.9999999999999821 -1.221245327087672e-14  1.193489751472043e-15  -7.91033905045424e-16 -3.124345400451478e-15  1.214306433183765e-15 -3.440824014599997e-15  2.740863092043355e-16  8.951173136040325e-16  5.134781488891349e-16
-2.331468351712829e-15     0.9999999999999946 -9.658940314238862e-15 -8.715250743307479e-15 -3.652026597800173e-15 -1.210836986231811e-15 -1.408595462493167e-15  5.898059818321144e-17 -4.996003610813204e-16 -5.551115123125783e-17
   2.3037127760972e-15  1.720845688168993e-15     0.9999999999999996  2.511879593214417e-15  1.282285909398606e-15 -1.058181320345852e-16  1.052977149917922e-15 -1.942890293094024e-16  5.412337245047638e-16 -5.551115123125783e-17
 2.122607645205221e-14  -1.70384539810442e-14  3.162747841400915e-14     0.9999999999999558  1.833873764650606e-15   1.50487261540988e-16 -2.307182223049153e-16 -1.066854937725736e-15  4.579669976578771e-16 -3.677613769070831e-16
 9.492406860545088e-15  6.661338147750939e-16 -9.575673587391975e-15  4.038436252074007e-15      1.000000000000001    -5.759281940243e-16  1.084202172485504e-15 -2.116362640691705e-16   1.52655665885959e-16 -4.996003610813204e-16
 5.773159728050814e-15  9.658940314238862e-15  1.709743457922741e-14 -6.883382752675971e-15 -1.047772979489991e-15                      1  9.992007221626409e-16  3.747002708109903e-16                      0 -4.440892098500626e-16
-5.995204332975845e-15  2.220446049250313e-15 -1.243449787580175e-14  5.773159728050814e-15   3.95516952522712e-16  6.938893903907228e-17                      1 -5.551115123125783e-17                      0 -8.881784197001252e-16
-5.773159728050814e-15 -1.110223024625157e-16 -6.883382752675971e-15 -8.881784197001252e-16  8.500145032286355e-17  2.081668171172169e-16  9.436895709313831e-16     0.9999999999999979 -5.551115123125783e-16 -2.220446049250313e-16
 8.881784197001252e-15 -1.332267629550188e-15 -1.687538997430238e-14   1.77635683940025e-15  1.654926196081874e-15 -8.326672684688674e-16  1.665334536937735e-15 -7.771561172376096e-16      1.000000000000001 -8.881784197001252e-16
 2.220446049250313e-15  1.332267629550188e-15  8.881784197001252e-16 -2.220446049250313e-15  7.528699885739343e-16  8.326672684688674e-17  5.551115123125783e-16 -3.885780586188048e-16                      0                      1
