10
2

0.02365689401545172
 0.1833095936160593
 0.2275013904882215
 0.3904455607023327
 0.5761759626001109
 0.8122634044179302
 0.9295889653715723
  1.426600548304851
  2.883690836262315
     3.430618695918

   -0.2447484237292103     0.1035652924025922     0.7466279704664063    -0.3081577945214726    -0.4840130897536193     0.2065592376526601  -0.002752298903117045  9.448061187275146e-05   -0.00333800818440201    0.00194180265159823
   -0.4385503194521867     0.1820625067487453     0.2198648983854195   -0.05818505101371313      0.542595235208428     -0.230404861397658    -0.5988450423001097       0.10080813053586    -0.0805753330143153   0.005894883778582227
   -0.3251823840927881     0.1356691068268479     0.1732562290736484   -0.04113659126103657     0.3967421609653191    -0.2024405802549672     0.7977365709206341   0.004629121449040756   -0.09130765731490852    0.03180701211683204
    0.6219639299810882    -0.2048189854767069     0.5906463613532996      0.293081826170582     0.3319708345229873   -0.07806305549889235    0.00284349678000891    0.08300400098326362    0.08807413826079405   -0.07413968497461565
   -0.1385930876683347    0.06577661167426581    -0.0613094555944672   0.007499513882723621     0.2055816207380947     0.5311210979653409    0.05435637907354196      0.253193781792184     0.4644479718806094    -0.6045851901891128
   0.01843266347688601   -0.03049644723032339   -0.03414548372074058    0.06046332859897393     0.1021585662971811     0.4800707818555833    0.03021179179372451     0.6472908024087685    -0.3734020939112652     0.4400873643001657
   -0.1064956626073481   -0.05158908553028292    0.06435878102905405     0.2343642096361769     0.2388111490809418     0.5717636674747477   -0.03266343495614782    -0.6946867815552237    -0.1710426357086297     0.1734126310153279
    0.3937108933307334    0.08666725509971253   -0.07875788409662188    -0.8320821702162023     0.2824694370187877     0.1262174800409974  -0.003644260038976315    -0.1276762798608239    -0.1561544037249283    -0.0499843083025692
   -0.1428593485085033    -0.4753572403751052   0.001933022173057865    -0.2278909776815181     0.1191325264539748   0.006875497561835944   0.006108369221336078     -0.002305533536389     0.6456502982808471     0.5201364240540379
    0.2210948192487351     0.8089355980055527  -0.007204033662667357      0.105500816440704 -0.0005294595079092489    0.04149047532568266  0.0006760228501231784   -0.03062470463372142     0.3895602652632272     0.3621335238930866

35.74954303323157
79.75399116877037
49.89131191624519
113.0219197205062
56.88769532091974
129.4788537221639
80.12574908603939
187.3787467931358
95.72981127087947
221.4180253132733

 2.352039389765663
0.4254623604341036

    0.1402565659197239   -0.05918841993878306   -0.08941696995914437    0.03736503447320261   -0.05132242650858847    0.02150997450943912  -0.002126241501341358   0.000100102265937468 -0.0001134651817525393 -0.0002159464586875574
  -0.02528284718811078    0.01066755604976179    0.01600868329809276  -0.006696336434013365    0.00928323754843596  -0.003907802682781237  0.0001178493443589019 -7.290443066240029e-05 -6.928691752102227e-05  8.630500748997669e-05

-5.005684632090153e-05  -0.004221515778893715  -0.005024382685662367   0.005912874219144542  -0.005546832053711397   0.009721021498902239  -0.007653524490023175    0.02907013291203854   -0.05616733531092977    -0.1352355812651929
 8.959107706624076e-06  0.0007663003009498939  0.0008951228243098349   -0.00107451858369187  0.0009662358112663767  -0.001748590501405211   0.001433874669197808  -0.005238841973528381   0.009796540613810202     0.0242113244247698

cov:
     1.147837268482299      2.716033627836034   -0.03792085507622808    -0.1132725939807795    0.07010839822663374     0.1290858130263391   -0.01187663118491763    -0.1127945460589295      0.122442242000328     0.2939062296382184
     2.716033627836034      9.608606410151522    -0.1094769755092899      1.737171287231689    -0.4386391282334981     0.3661613591167394   -0.01446836004243215    -0.2834368789547384      1.150452372909839      1.355600211613558
  -0.03792085507622808    -0.1094769755092899    0.07553549365871297     0.1577456776276671  0.0007349715412556812   -0.02392536989764237  5.564964413661939e-06   -0.02708592630202178  -0.001659548297207292    -0.0086417531129121
   -0.1132725939807795      1.737171287231689     0.1577456776276671      2.035193201594559    -0.6388058224833457   -0.04162867073311406   -0.01023967393883611    0.07182058490322375     -0.519504187159504    -0.4036243679009108
   0.07010839822663374    -0.4386391282334981  0.0007349715412556812    -0.6388058224833457     0.3855794553382019     0.2533460447156972   0.008564648798832871    -0.1518086352984119     0.5197743031974308     0.5054852306995729
    0.1290858130263391     0.3661613591167394   -0.02392536989764237   -0.04162867073311406     0.2533460447156972     0.5861351146990336 -0.0009980492478371872    -0.1432672422392915    0.06667202501253681     0.3127057637532108
  -0.01187663118491763   -0.01446836004243215  5.564964413661939e-06   -0.01023967393883611   0.008564648798832871 -0.0009980492478371872    0.04783651751942856    0.03586403866910678    0.04070899171546134    0.02380255586581112
   -0.1127945460589295    -0.2834368789547384   -0.02708592630202178    0.07182058490322375    -0.1518086352984119    -0.1432672422392915    0.03586403866910678     0.7603910803090413    -0.1291406870514673   -0.09539003225955309
     0.122442242000328      1.150452372909839  -0.001659548297207292     -0.519504187159504     0.5197743031974308    0.06667202501253681    0.04070899171546134    -0.1291406870514673      5.492902280159924      4.240380971786085
    0.2939062296382184      1.355600211613558    -0.0086417531129121    -0.4036243679009108     0.5054852306995729     0.3127057637532108    0.02380255586581112   -0.09539003225955309      4.240380971786085      4.074242675304089

cov.inverse():
   117.4931035951088   -49.33768279925587   -328.0661760528913    136.7933273626751    203.3914941527332   -86.62677852724693    4.000166828108819   -1.074662249738649    3.227170150422675   -1.196931406108993
  -49.33768279925592    20.88642034999878     139.000076708554   -57.87317978204853   -86.00787364257144    36.60724544203558   -1.655816430961237   0.5186016358727409   -1.309241408303489    0.416807001387216
  -328.0661760528916    139.0000767085541    1000.405272483415   -410.4515863805676    -639.594302809111    272.9980027488673   -4.922617797518759   0.9956969149695278   -5.018105509442333    2.551985213976074
   136.7933273626751   -57.87317978204854   -410.4515863805676    170.7936401078611    265.8541601013268   -113.1677179150765     1.92032396355862   -0.142063339309309    2.198940266964398   -1.164098765654853
   203.3914941527334   -86.00787364257148   -639.5943028091115     265.854160101327     431.375282789109    -183.506513910065   -1.139394480064535    1.809607467955712    1.247750723476413   -1.759645642932542
  -86.62677852724707    36.60724544203564    272.9980027488676   -113.1677179150767    -183.506513910065    80.23536666033391  0.05573201680624433  -0.3085680749354496 -0.01708344435540442  0.05614374973546613
   4.000166828108736   -1.655816430961202   -4.922617797518503    1.920323963558515   -1.139394480064703  0.05573201680631597    22.99306312693403   -1.626537980831288   0.1128820031008931   0.2893563851549983
  -1.074662249738622   0.5186016358727293   0.9956969149694437  -0.1420633393092739    1.809607467955768  -0.3085680749354734   -1.626537980831288    1.742757860591509   -0.068510579869867  -0.1862119319792438
   3.227170150422705   -1.309241408303501   -5.018105509442419    2.198940266964434    1.247750723476468 -0.01708344435542826   0.1128820031008946 -0.06851057986986761      1.3950530995912   -1.197683451672128
   -1.19693140610906   0.4168070013872441    2.551985213976275   -1.164098765654936   -1.759645642932668  0.05614374973552015   0.2893563851549965  -0.1862119319792432   -1.197683451672129    1.537674551813166

cov*(cov_.inverse()):
     1.000000000000022  1.018629625093581e-14  1.232347557333924e-13 -7.882583474838611e-15 -5.262457136723242e-14  1.069630495287299e-14 -9.298117831235686e-16  2.012279232133096e-16 -6.106226635438361e-16                      0
  6.94999613415348e-14      1.000000000000005 -1.998401444325282e-14  5.639932965095795e-14  2.664535259100376e-15 -1.880440247958859e-14 -8.881784197001252e-16 -1.110223024625157e-16  6.661338147750939e-16                      0
-3.910066714851723e-15  1.313185671314443e-15     0.9999999999999981  1.179611963664229e-16  3.799044412389208e-15 -1.780043126786701e-15  -4.81385764583564e-17 -8.673617379884035e-17  5.724587470723463e-17 -1.908195823574488e-16
-3.730349362740526e-14   1.94844140821715e-14  2.864375403532904e-14     0.9999999999999889 -1.872946242542639e-13  5.967448757360216e-16 -6.106226635438361e-16  2.775557561562891e-17  2.220446049250313e-16  2.220446049250313e-16
-9.880984919163893e-15  1.942890293094024e-16  1.665334536937735e-14 -1.509903313490213e-14       1.00000000000001  8.132383655379272e-15  5.551115123125783e-17 -2.775557561562891e-17  -3.33066907387547e-16 -1.110223024625157e-16
-1.848521336000886e-14  9.103828801926284e-15  4.840572387365683e-14 -2.692290834716005e-14 -2.897682094271659e-14      1.000000000000012 -2.775557561562891e-17 -2.775557561562891e-17  5.551115123125783e-17  1.110223024625157e-16
 -1.23859256184744e-15   1.43982048506075e-16  2.289834988289385e-16 -6.487865800153259e-16 -1.679212324745549e-15  6.635317295611287e-17     0.9999999999999997 -2.255140518769849e-17 -1.040834085586084e-17                      0
 2.009503674571533e-14 -7.521760991835436e-15 -2.675637489346627e-14  1.258715354168771e-14  2.789435349370706e-14 -7.894726539170449e-15 -1.700029006457271e-16                      1  2.359223927328458e-16 -5.551115123125783e-17
-2.486899575160351e-14 -9.103828801926284e-15 -5.151434834260726e-14 -5.329070518200751e-15 -9.769962616701378e-15 -2.411959520998153e-14                      0 -2.220446049250313e-16                      1  -1.77635683940025e-15
-2.842170943040401e-14  1.554312234475219e-15                      0 -2.486899575160351e-14 -5.684341886080801e-14  -9.71445146547012e-15 -4.440892098500626e-16 -4.440892098500626e-16 -8.881784197001252e-16      1.000000000000001
