10
2

0.0354653789748707
0.0396545923740849
0.3431755452246041
0.4464981326550788
 0.860247984262844
0.9920018569541643
 1.037272738211338
 1.410322928453533
  2.44993702000655
 4.082224225594874

   -0.5616150237835841     0.1760759310801099     0.7170402119796602     -0.225336941521754     0.1039647770307522   -0.03216639120240898    -0.2650534519673028    0.08095219621467128   0.003486835005895616  0.0005732961379123573
   0.07721043339862389    -0.0236812050056346     0.3247514711007821   -0.09998007338679284    -0.7994310115229554     0.2477737570430816     0.4031399992037097    -0.1225260497462595 -0.0007088226191408479    0.00120221860418394
   -0.2180922653381114    0.06008044740143405   -0.05497362860572982    0.03798272568032077     0.1281049184956325   -0.01409338684205429     0.3352122422033082   -0.08471999221605071    -0.8605383020202555    -0.2601555861482377
    0.5590869438664759    -0.1414080091649732     0.2513366729266098   -0.04394364132660137    -0.1583303612255428   -0.02833711279918092    -0.6047761725567056    0.06664889114585276    -0.3458098639911314    -0.2944013357760207
    0.3979866368668761   -0.04816342350702435     0.4671500908214007     0.2639688282259826     0.2543729718655618    -0.3059594316133006      0.396536972753209     0.3131491850500255   -0.06630605024244486     0.3651861362602024
    0.2838143987756371   -0.04576737304647764     0.1647808939408973    -0.3689755344803087     0.4610334722434765     0.6574319308146507     0.1404383213687658    -0.2904039221388974    0.01804621881140759     0.0700529389788887
    -0.031050418202415  -0.005589994915294104    -0.1744985179510554    -0.3213383252585096    -0.0393495724356528     0.2843195871777582    0.08014325840037455     0.8759167694971324   -0.03385924744338235   -0.09006096460004241
   0.09321186747417055     0.1701561812889136     -0.185805130938251    -0.6346128851385783    -0.1233466095322128    -0.3329883579033963   -0.08964786883420449    -0.1053791275940528    -0.2373026909247141     0.5688160163382013
   -0.2613775748032117      -0.70144438151944    -0.0251622644105158     0.2066477385670287   -0.07127100007943327     0.2489941553417685    -0.2056073976811728    0.03363446976820351    -0.2177144766550473     0.4883013392260919
   0.03962163092474712     0.6476168771497052   -0.05665001376327763     0.4258355412706849   -0.09758180052073875     0.3962663146029325    -0.2353821686598593     0.0703667678881473    -0.1740572918891955     0.3705077414000237

34.95249198122897
110.2486810130731
41.31606681387227
130.6208734287668
49.02848937997359
155.2987381218311
57.83888420512173
183.4578951800468
68.68841991535845
220.0415478399937

 3.202910706045431
0.3126597632962413

    0.1641171147976553   -0.05163901005613786  -0.004978943710700877   0.001918243513104164   -0.05775461825063533    0.01817244122996138    -0.1040588072246522    0.03408295370285533  0.0003324279658509515  -0.000638615293133026
  -0.01472631572946894   0.004630651860849603 -0.0007666981765540533  0.0002029963966481361   0.004329833045154369  -0.001395083561394063    0.01114873964658673  -0.003475719518053762  6.125091911894328e-06  1.213310857603006e-05

-0.0001025269132172834  2.615342343214726e-05   -0.00990353738365901    0.03421595884552498    0.01101704100963432   0.008053499576386319    0.02630127598105183     0.0250341666882883     0.1479270971018758     0.2265305290217253
 7.231108755186715e-06  -6.33169910257694e-07  0.0009583288785045113  -0.003332425440602817  -0.001127621738711409 -0.0009227133186264914  -0.002387866439883023  -0.002522799833419592   -0.01439512077756992   -0.02158749242502681

cov:
  0.7193451828968009    1.515393458990973   0.1860186564089915  -0.1809833731139432   0.2084008985815615  -0.1094597291496622   0.2280790666380275 -0.03445167281716072   0.1528359738317529  -0.3119732696891062
   1.515393458990973    10.00831580740325  -0.5986769532967448    3.521516925357375  -0.8189783241890199    3.095858704463704   -1.706587216057322   0.5763366886149723   -1.036745430759113    2.126103926557323
  0.1860186564089915  -0.5986769532967448   0.3606877732000068  -0.1096333373639384   0.3094781563611447  -0.3424142604454373   0.3986990764335381  -0.1319523964985363   0.2595068536159976  -0.4922923425479082
 -0.1809833731139432    3.521516925357375  -0.1096333373639384    4.376509012295727   -0.727229871573209    3.144576848423066   -1.806652102675636   0.5368924266055547   -1.214296471930996    2.595379992559325
  0.2084008985815615  -0.8189783241890199   0.3094781563611447   -0.727229871573209   0.4860975756345347   -0.440208822158787   0.6512904608432227  -0.2160684225692308   0.4294714131130851  -0.8412373306879304
 -0.1094597291496622    3.095858704463704  -0.3424142604454373    3.144576848423066   -0.440208822158787    3.791315894983883   -1.773658134400363   0.5936181434151153   -1.297900267750797    2.736901723771155
  0.2280790666380275   -1.706587216057322   0.3986990764335381   -1.806652102675636   0.6512904608432227   -1.773658134400363    1.422196585437296  -0.1829310171739444   0.9815774661360767   -2.023062831572116
-0.03445167281716072   0.5763366886149723  -0.1319523964985363   0.5368924266055547  -0.2160684225692308   0.5936181434151153  -0.1829310171739444    1.094203782056961  -0.2467597702236836    0.392239281226147
  0.1528359738317529   -1.036745430759113   0.2595068536159976   -1.214296471930996   0.4294714131130851   -1.297900267750797   0.9815774661360767  -0.2467597702236836    1.017235405033465   -1.947996678469079
 -0.3119732696891062    2.126103926557323  -0.4922923425479082    2.595379992559325  -0.8412373306879304    2.736901723771155   -2.023062831572116    0.392239281226147   -1.947996678469079    4.499839102784144

cov.inverse():
    256.8412631033479    -80.28883286760048    -303.1161119560572     95.51922065333581    -86.08713368285855     26.46644559125731     136.0819162883703    -41.76501607816972   -0.9994308462255458   -0.3153259064566953
   -80.28883286760033     25.26309081869437     95.22771700363866    -30.04848875261598     26.72687526989618    -8.275727156572541    -42.60103715658398     13.06541182763038    0.3070992425111221    0.1176884147855985
   -303.1161119560585      95.2277170036394      476.547823487768    -148.9668171715167    -105.8343268506644     32.70352586673659    -68.49233714129606     20.98489789130184     1.797433819766172    0.5258105817103628
    95.51922065333612    -30.04848875261618    -148.9668171715165     47.29741341938967     32.24320326266351    -10.30489003912345     22.17481096838328    -6.758935533678444   -0.7374576584196423   -0.2224706201407348
     -86.087133682855      26.7268752698949    -105.8343268506697     32.24320326266519     415.5923284745414    -128.4086090790749    -225.8058400394561     68.78200404936476 -0.007633060307515579   -0.4945827739936943
     26.4664455912563    -8.275727156572174     32.70352586673821    -10.30489003912395    -128.4086090790749     40.58591278439693     70.29818434634993    -21.44708515340838  0.008354300195877518   0.05360579557651766
    136.0819162883681     -42.6010371565833    -68.49233714129227     22.17481096838211    -225.8058400394578     70.29818434635041     162.2495170045493    -48.72022482129144    -2.331708230904459    0.4913749567646007
   -41.76501607816918      13.0654118276302     20.98489789130081    -6.758935533678135     68.78200404936524    -21.44708515340852    -48.72022482129145     15.77777885086469    0.7327520355827339   0.06665356291556576
  -0.9994308462257548    0.3070992425111879     1.797433819766574   -0.7374576584197673 -0.007633060307714361  0.008354300195938543    -2.331708230904455    0.7327520355827316     6.943120753148715     2.294617334375568
  -0.3153259064569663    0.1176884147856839    0.5258105817108418   -0.2224706201408846   -0.4945827739938808   0.05360579557657531    0.4913749567645785   0.06665356291557217     2.294617334375569     1.413989932499177

cov*(cov_.inverse()):
     1.000000000000162 -1.951216965778713e-14 -7.796541190430162e-14   2.89906987305244e-14  8.743006318923108e-15 -1.201816424156732e-14  5.609401831918603e-14 -2.636779683484747e-15 -8.881784197001252e-16 -5.551115123125783e-16
 1.210143096841421e-14     0.9999999999999961 -7.260858581048524e-14  7.382983113757291e-15 -2.575717417130363e-14  1.429412144204889e-15  7.527312106958561e-14  6.994405055138486e-15                      0  4.440892098500626e-16
  2.92821322744885e-14  1.492556078730445e-14      1.000000000000037 -6.966649479522857e-15  1.024180740216707e-14   -1.4061668496268e-14  1.004751837285767e-14  3.608224830031759e-15 -1.110223024625157e-15 -8.881784197001252e-16
-5.662137425588298e-14 -4.385380947269368e-15 -1.305622276959184e-13      1.000000000000031  7.882583474838611e-14 -3.821942762272101e-14 -4.996003610813204e-14  6.300515664747763e-15                      0  4.440892098500626e-16
 8.432143872028064e-14 -1.304512053934559e-15  1.187938636348917e-14 -2.942091015256665e-15     0.9999999999999756  1.491862189340054e-15  3.136380044566067e-14 -1.346145417358002e-15  4.440892098500626e-16  2.220446049250313e-16
-8.770761894538737e-14  -2.65898414397725e-14  -1.84297022087776e-13   2.40918396343659e-14  4.551914400963142e-14      0.999999999999998 -1.154631945610163e-14  5.606626274357041e-15                      0 -4.440892098500626e-16
 3.985700658404312e-14   2.21767049168875e-14  1.170175067954915e-13 -2.797762022055394e-14 -4.862776847858186e-14  1.446065489574266e-14     0.9999999999999947  2.858824288409778e-15   1.77635683940025e-15  4.440892098500626e-16
-1.887379141862766e-14  4.954370247389761e-15 -1.396105453466134e-14  8.881784197001252e-16   7.91033905045424e-15 -1.121325254871408e-14 -1.770805724277125e-14      1.000000000000005   3.33066907387547e-16                      0
 7.172040739078511e-14  4.274358644806853e-15  3.486100297322992e-14 -5.051514762044462e-15 -1.321165399303936e-14  1.494637746901617e-14  1.731947918415244e-14 -3.108624468950438e-15      1.000000000000001  4.440892098500626e-16
-3.841371665203042e-14 -1.432187701766452e-14 -1.154631945610163e-13  4.662936703425657e-15 -1.909583602355269e-14 -2.506328478091291e-14  2.664535259100376e-14  2.814415367424772e-14                      0                      1
