10
1

0.3959268604151497
0.9280240147863833
0.9348265035743977
 1.000610180078502
 1.062539508984561
  1.15689133159323
 1.537884571209525
 1.579914700873359
 7.651096809323489
 57.97135993109908

   -0.2652346581958048     0.4421594327591647     0.4126798920880343    -0.7245272178712215   -0.03086835056859086    0.05879088926567689    -0.0525847046802219    0.09477055942276912   -0.07482814381560715     0.1309432869981141
    0.2100399952124798   -0.07207930766313699    0.09620308246465514     -0.074662265744905    -0.3272622024541017     0.1451123784286637    -0.5677404910299697     0.2240456541943033     0.6198699467634274    -0.2256893087165363
   -0.2325128947373392    0.04136874262702871   -0.03176615239937541    0.09122788937136295     0.7469020985695066     -0.297930836921853    -0.5061869734235814     0.1756169219198686    0.03398839240844011  -0.006889854394246203
   -0.8811600969728661    -0.1204384278195723  -0.009619703914327692      0.196144202747749    -0.1977132191483386    0.01406054599340616     0.1393599545748847   -0.04083309618790681     0.3291785839269505   -0.04184598968816795
   -0.2100469900089635   -0.01873226088760951    -0.2657616825706904    0.03512525920497674    -0.4337396689060114   -0.01409973526642146    -0.5530029708664725   0.007210221998325683    -0.6239963322197127   -0.01008513777044564
  -0.00677806265067062     0.2486863132387126    -0.8575392649745142    -0.3467878624129188    0.01436883582862036   -0.04669256094856643     0.1012901691524471    0.06578056029985861     0.2412015554351249    0.08556946575073436
     0.103867253830607     0.2580904928336329     0.1127440864942255     0.1832347475854912    -0.2985585077562914    -0.7366797866785572   -0.04862144023927864    -0.1354997548022346     0.1782011617952315     0.4381786354974858
-1.730484843863283e-05  -0.006838771282691024    0.02448631131296882   0.008350397034658924    -0.1323613370669223    -0.3725034819741923     0.2842913392569524     0.7648731257705984    -0.1460552437066613    -0.3947416324454295
 -0.008620814216754332    -0.7931811994075334  -0.004997411777148322    -0.4088606324695882  0.0002300051997605169    -0.1652510890100171   0.001228482904671686      0.124236646561965   0.003265453214575723     0.4010515970987667
 9.211882722430363e-05     0.1584081920203119  3.078003508430306e-05     0.3168334839927697 -0.0001052262715736388     0.4187871464579128 -0.0001769862339430405     0.5339555646805265 -0.0004273475130494534     0.6434531331606973

22.68276456175546
10.47681486706867
50.56263218003423
23.99668897947234
68.34062356712502
32.65274111708923
88.51805099463728
 42.4814737851814
107.7058659147901
51.86615438898302

0.4840763761338434

   0.01053236405557218   -0.02179007512994639  -0.006321411834895194     0.0128895951441918 -0.0009064002328340735   0.001850167723727423  -0.001379072741281912   0.002946612440016415  -0.002056998321025348   0.004180448205853833

-0.003634588422529158  0.001724193001963731  -0.00182210747348797 -0.005032783194110991  0.003071933072220708 -0.006321359940997273 -0.006717042811146024 0.0001108864977893218    0.8009645401822122     19.06254908105151

cov:
   0.9534253126054104    0.5813385989242675    0.1162146452120128     0.169284517379842 -0.006009853192420226     0.107796008466916 -0.003018573312770634    0.1039083375136244  0.005710774502599532   0.09812963238815563
   0.5813385989242675     121.4511898871867   0.05966834093094084     187.5830837890961   -0.1637057444544052     230.1421364647071   -0.1438903672990055     278.4173800452287    -0.256509195414625     324.2571288666998
   0.1162146452120128   0.05966834093094084     1.132628768476613    0.5317550600526262  -0.02207164130296078  -0.04575746652076092   0.01597336097894406  -0.02794252476557469 -0.009614523524932772  -0.06287081771846485
    0.169284517379842     187.5830837890961    0.5317550600526262     347.5171836337835   -0.2282933787749664     449.5265774710748   -0.2724501063322675     565.4770612791508   -0.5597051135512313     675.6666203491653
-0.006009853192420226   -0.1637057444544052  -0.02207164130296078   -0.2282933787749664     1.086304301551204    0.2605071378384295   0.01551732933205207   -0.2873389855832485   0.01549720823785808   -0.3277849286523865
    0.107796008466916     230.1421364647071  -0.04575746652076092     449.5265774710748    0.2605071378384295     592.7328553076759   -0.3758124367542384      749.795275945641   -0.7402962427629359     901.2946912271478
-0.003018573312770634   -0.1438903672990055   0.01597336097894406   -0.2724501063322675   0.01551732933205207   -0.3758124367542384     1.087909531654064   0.06040210895089583   0.02705760766786322   -0.5600100349807732
   0.1039083375136244     278.4173800452287  -0.02794252476557469     565.4770612791508   -0.2873389855832485      749.795275945641   0.06040210895089583     960.6445640989932   -0.9526567451139896     1156.635588622529
 0.005710774502599532    -0.256509195414625 -0.009614523524932772   -0.5597051135512313   0.01549720823785808   -0.7402962427629359   0.02705760766786322   -0.9526567451139896     1.088348244819196   -0.6201491869143281
  0.09812963238815563     324.2571288666998  -0.06287081771846485     675.6666203491653   -0.3277849286523865     901.2946912271478   -0.5600100349807732     1156.635588622529   -0.6201491869143281      1401.74516071268

cov.inverse():
   1.381038099900026  -0.6570462245786557   -0.599134616206794    1.014123438499833  0.01520951932029308 -0.02665561384914485  0.06277447253145409  -0.1241480829532842      0.1017358795217  -0.2173067872176664
 -0.6570462245786566    1.355111500990095    1.013001591018552    -2.09615543870321 -0.02289311216232902  0.05233582609067267  -0.1196377390859636   0.2553513113794654  -0.2259585953457725   0.4525022316181884
 -0.5991346162067862    1.013001591018535    1.716028921513185   -1.698147073010818 -0.06570640915982848   0.1761549956077813  -0.1190445018766823   0.2257167315837977  -0.1327416061424797   0.2846914746450883
   1.014123438499815   -2.096155438703173   -1.698147073010818    3.511204110013075   0.1694875889000869  -0.3581223038129437   0.2204477034168477  -0.4726902168003069   0.2915330429828847  -0.5871627111084811
  0.0152095193202788 -0.02289311216229947 -0.06570640915980547   0.1694875889000392    1.019336113523273  -0.2064670551394846 -0.02944762152348802  0.02884383182076483 -0.02919858692015671  0.03276337888687078
-0.02665561384911459  0.05233582609061008   0.1761549956077327   -0.358122303812843  -0.2064670551394846    0.435642885522452  0.03523235347804339 -0.06175880585974593  0.03507532880114766   -0.068644195538258
 0.06277447253146078  -0.1196377390859773  -0.1190445018766959   0.2204477034168755 -0.02944762152348261  0.03523235347803191    1.016417566190825  -0.1955439970479684  -0.0537965122147477  0.06047832061676158
 -0.1241480829532968   0.2553513113794914   0.2257167315838242  -0.4726902168003613  0.02884383182075358 -0.06175880585972206  -0.1955439970479681   0.3983023020028567  0.06233604710630553  -0.1201939132666504
  0.1017358795217004  -0.2259585953457734  -0.1327416061424825   0.2915330429828906 -0.02919858692015334  0.03507532880114058 -0.05379651221474898  0.06233604710630793    1.001745585813711  -0.1618415098910176
 -0.2173067872176669   0.4525022316181896   0.2846914746450938  -0.5871627111084923  0.03276337888686396 -0.06864419553824368  0.06047832061676418  -0.1201939132666553  -0.1618415098910176   0.3223637608567441

cov*(cov_.inverse()):
    0.9999999999999998 -1.387778780781446e-17  3.469446951953614e-18  8.326672684688674e-17  2.168404344971009e-18 -1.734723475976807e-18  8.673617379884035e-19 -1.734723475976807e-17                      0 -5.551115123125783e-17
-2.842170943040401e-14     0.9999999999999432   -1.4210854715202e-14 -1.989519660128281e-13  5.329070518200751e-15    1.4210854715202e-14   1.06581410364015e-14  2.131628207280301e-14                      0    1.4210854715202e-14
-3.816391647148976e-17  5.551115123125783e-17     0.9999999999999999  1.387778780781446e-16 -6.938893903907228e-18  2.602085213965211e-18 -5.637851296924623e-18 -1.092875789865388e-16 -1.734723475976807e-17                      0
 2.842170943040401e-14 -2.273736754432321e-13                      0     0.9999999999998295  2.131628207280301e-14   -1.4210854715202e-14                      0  4.263256414560601e-14    1.4210854715202e-14                      0
 4.163336342344337e-17  8.326672684688674e-17  5.551115123125783e-17  2.498001805406602e-16                      1 -7.979727989493313e-17 -2.081668171172169e-17 -2.775557561562891e-17 -6.938893903907228e-18                      0
 8.526512829121202e-14 -3.410605131648481e-13 -5.684341886080801e-14 -2.273736754432321e-13  7.105427357601002e-15     0.9999999999999929   -1.4210854715202e-14  7.105427357601002e-14  2.842170943040401e-14                      0
 2.775557561562891e-17  5.551115123125783e-17 -8.326672684688674e-17  1.665334536937735e-16 -1.734723475976807e-17                      0                      1 -2.775557561562891e-17  1.387778780781446e-17 -2.775557561562891e-17
 2.842170943040401e-14 -2.273736754432321e-13  -1.13686837721616e-13 -4.547473508864641e-13  7.105427357601002e-15  8.526512829121202e-14                      0      1.000000000000085                      0 -5.684341886080801e-14
-2.775557561562891e-17   3.33066907387547e-16  1.942890293094024e-16   3.33066907387547e-16  -2.42861286636753e-17 -1.387778780781446e-17 -6.938893903907228e-18                      0                      1                      0
                     0 -2.273736754432321e-13                      0 -2.273736754432321e-13  2.842170943040401e-14    1.4210854715202e-14    1.4210854715202e-14   1.13686837721616e-13                      0      1.000000000000114
