4
2

0.0001374605915875312
0.0002436648777744767
  0.05966543064774794
   0.5227214189636398

-0.4155305599154969  0.7195381269326965 -0.5149053333237685  0.2108832268845457
 0.4749925230530951 -0.3324695501988738 -0.6429548060468087  0.5004550115799858
-0.6228976332774065 -0.3791872574609829   0.235866756862643  0.6423258014775074
 0.4622931919003068  0.4774368082374493  0.5156049729232138  0.5408240108940383

0.4068883883895023
0.4069521796524794
 0.407105731673732
0.4072047028353811

-0.001528231564054073
   0.4065285509686292

-4.526967023868298  10.15859455747893  2.094645312562664 -7.725581562201319
 5.628858196447626 -3.782382580912133 -1.757970318997327 0.9111892515922263

   1.2249612921274e-07 -6.377069770059877e-07   -0.01958142228618176    -0.0931384031068466
-7.488608374827094e-08  3.275880084560744e-07  -0.006768692541416546     0.1045705042501821

cov:
0.05977627762827682 0.06114869974509531 0.06460606960562729 0.06689034208828352
0.06114869974509531 0.06279528941220111 0.06694420107260796 0.06968542970339395
0.06460606960562729 0.06694420107260796 0.07283790607248972 0.07673207605432687
0.06689034208828352 0.06968542970339395 0.07673207605432687  0.0813882506127617

cov.inverse():
 12938111.11674187  -18483176.3511613  6179516.018126337 -633920.5592227619
-18483176.35007063   29261816.7817676 -16007275.41770285  5227968.216113139
 6179516.015385306 -16007275.41430795  20993988.61111854  -11166088.4529695
-633920.5575723895  5227968.213808849 -11166088.45231552  6572055.497239092

cov*(cov_.inverse()):
    0.9999999999417923                      0                      0                      0
-1.673470251262188e-10      1.000000000349246 -1.164153218269348e-10                      0
-3.637978807091713e-11  2.328306436538696e-10     0.9999999997671694                      0
-7.275957614183426e-11 -1.164153218269348e-10  1.164153218269348e-10                      1
