6
2

8.077592666826865e-05
0.0001110468194915469
0.0002051273694005619
0.0006392708375326518
  0.08372883925675842
   0.6211377808912086

0.003606506142920744  0.04761625333130195  -0.3183666028739738   0.7150901747977468  -0.6012534615684202   0.1533059312823088
0.008138147984304041  -0.3346359048228298   0.7204175747109967  -0.1524517608845308  -0.5185778832130934   0.2771038423475031
 -0.1141134168331916   0.6759679223568769  -0.1739909903608132  -0.4786628916288902  -0.3196539541481657   0.4104580576518832
  0.5936208961001422   -0.442771868526555  -0.4190741781597956  -0.2335324131174203  0.03234248190345201   0.4694259401038028
 -0.7080492630128362   -0.281990214914051  -0.1093308900545498  0.09718811190672244   0.2897343330170577   0.5601812237970447
  0.3649374804260656   0.3914760052683345   0.4022336997006172   0.4150944731214378   0.4270838134689107   0.4439270414848189

0.3996286907882194
0.3995832113727896
0.3994920165018387
0.3993738444640648
0.3992722816189145
0.3991252147042559

0.001844928683291624
  0.4000518734529997

 0.1905999890810989 -0.9675437593238654  0.6888871510150087   4.578968295134998   5.385386374828483   -9.87639464173825
  1.375022937624578 -0.4736657468835632 -0.0228045653308373  0.4960221279136043  0.5850957805528202 -0.9596867082702785

-1.136884835781866e-08 -6.666338594319977e-08   -3.6871133548014e-07 -2.157168680873411e-06   -0.02428900126858915   -0.08325915959250703
-1.008406200952596e-09 -6.063386392323166e-09 -5.434234581057873e-08  1.994742997813735e-07  -0.008113906230198996     0.1299978456188559

cov:
0.05489697020751647 0.05651839920660216 0.05717601852882715 0.05796170979131074 0.05869408086193505 0.05972322246515969
0.05651839920660216 0.05968461337010753 0.06096805187997113  0.0625021889407278 0.06393232665317865 0.06594155656169715
0.05717601852882715 0.06096805187997113 0.06250517714878152 0.06434266814822355 0.06605562626709788 0.06846210721563462
0.05796170979131074  0.0625021889407278 0.06434266814822355 0.06654300592216895 0.06859423588355522 0.07147586502182891
0.05869408086193505 0.06393232665317865 0.06605562626709788 0.06859423588355522 0.07096087534063783 0.07428551979899521
0.05972322246515969 0.06594155656169715 0.06846210721563462 0.07147586502182891 0.07428551979899521 0.07823248898511478

cov.inverse():
 1179192.088660859 -2670880.507007389  162604.3165450529  1253549.334803162  239276.6813414822   -163725.88216107
-2670880.507384954  20767588.07292718 -24214375.62830981  1918977.848801509   4514505.23487844 -315588.6057682719
 162604.3170155186 -24214375.63048879  58771299.04624789 -41579563.10845251  329930.1024947794  6529788.426918145
 1253549.336720754  1918977.840763588 -41579563.11312042  85834800.96451081 -55866338.56186704  8438456.657565124
 239276.6780697196  4514505.252262803  329930.1059067912 -55866338.58946034  79644222.22586346 -28861272.19063688
-163725.8808998104 -315588.6133132325  6529788.426465557  8438456.674370153 -28861272.20070572  14372228.18909707

cov*(cov_.inverse()):
    0.9999999999836291 -1.673470251262188e-10 -9.313225746154785e-10  6.402842700481415e-10 -4.656612873077393e-10  1.164153218269348e-10
-1.818989403545856e-12     0.9999999998181011                      0 -1.164153218269348e-10 -6.984919309616089e-10  3.492459654808044e-10
-1.818989403545856e-12 -1.309672370553017e-10     0.9999999993597157  5.820766091346741e-10  2.328306436538696e-10 -3.492459654808044e-10
-7.275957614183426e-12 -1.236912794411182e-10 -3.492459654808044e-10     0.9999999997671694                      0 -3.492459654808044e-10
-2.364686224609613e-11 -1.891748979687691e-10 -4.074536263942719e-10  1.164153218269348e-10     0.9999999995343387 -2.328306436538696e-10
   1.2732925824821e-11 -1.091393642127514e-11  1.746229827404022e-10  2.328306436538696e-10                      0                      1
