5
2

9.308430161011982e-05
0.0001523640576328212
 0.000593452253348894
  0.09284708121443873
   0.5840058938441967

-0.007140633343697435    0.4346793516064679   -0.7868607994079432    0.4319461830394473   -0.0726322927847961
  -0.0628956818870561    0.4921775103137052   -0.1649865666842486   -0.7202161763402974    0.4559314901307776
   0.4746337201178074   -0.5884637221128942   -0.3897997337054416  -0.02170819589753556    0.5253743439855154
  -0.7907574753525956   -0.1875492494433628  0.002828686240722678    0.2678316452923011    0.5174805334709622
   0.3813378966960061    0.4328404861131332    0.4490853830911835    0.4717055419499622    0.4929976901693864

0.4003663055697327
0.4011866232925048
0.4013824102683193
0.4016667182684541
0.4019300627928938

-0.003204397487051205
   0.4001348095035534

 0.6699144725980892  -2.588486136913856   9.260537047545016  -3.318715751608531  -4.023631617787372
  1.353293130865812 -0.7013365578846463  0.9177855440241077 -0.2094455879649781 -0.3603504973026319

-8.281673100226343e-08 -5.312246840519475e-08 -1.341978551586004e-06   -0.02576764117232129   -0.08706097374031524
-9.539694946648424e-09 -1.381674915174067e-08  1.804968316309846e-07   -0.01015992230032842     0.1187616994602359

cov:
0.05498739006364224 0.05757370586989245 0.05838878859378746 0.05952436419416185 0.06059191141322117
0.05757370586989245 0.06420178938246633 0.06629210252471704 0.06920289170193442  0.0719424326163427
0.05838878859378746 0.06629210252471704 0.06878490012010427 0.07225595278315629 0.07552320503443677
0.05952436419416185 0.06920289170193442 0.07225595278315629 0.07650697916398554 0.08050886629773087
0.06059191141322117  0.0719424326163427 0.07552320503443677 0.08050886629773087 0.08520278986967174

cov.inverse():
  816015.085597986 -2484718.482945841  570129.2322801846    1566025.8980035  -467404.627902212
-2484718.482923156  33224385.46237681 -42320832.67341701  6436294.898804117  5144630.220326136
 570129.2322468401 -42320832.67495897  73060679.41832802 -34083486.66845354  2774141.937116014
 1566025.898008214  6436294.902101549 -34083486.67298271  43878426.53245593 -17798002.15298105
-467404.6278962489  5144630.218593265  2774141.940069959 -17798002.15420807  10346957.10767574

cov*(cov_.inverse()):
     0.999999999996362 -2.328306436538696e-10  2.328306436538696e-10                      0  2.328306436538696e-10
 -2.91038304567337e-11     0.9999999998835847  -2.91038304567337e-11  2.328306436538696e-10  2.328306436538696e-10
                     0 -2.328306436538696e-10     0.9999999998835847 -4.656612873077393e-10  2.328306436538696e-10
-1.455191522836685e-11  2.328306436538696e-10 -2.619344741106033e-10      1.000000000232831  2.328306436538696e-10
                     0  1.164153218269348e-10 -1.746229827404022e-10                      0                      1
