5
2

 0.000148667925414588
0.0003480561431707813
 0.000690706270464279
   0.1128150433996262
    0.573258167423184

  -0.2442048649388504    0.7404925583615196   -0.6133407848240401    0.1255992888142206 -0.008523806203929285
  -0.5872351713812357    0.3538566563282925    0.5691674869647151   -0.4414055261977019    0.1055928666596994
   0.3203122092435582  -0.01164121925198418   -0.2836891973940246   -0.6514072326031385    0.6264611937048401
  -0.5818782737625317   -0.3969403913561751   -0.1816973069207488    0.3611848047960196    0.5834274810765697
   0.3928569721485113    0.4108029278227044    0.4317035804732031    0.4843553800550518    0.5059014116850639

0.3997055401839496
0.3998049546585412
 0.399883143476424
0.4000317686767174
0.4001150464828399

-0.0005011902706340991
    0.3998244858324086

  0.2453308765671606  -0.4069085382773082    4.574029051712444   -3.916041245526535  -0.4966758445977933
   1.461852951386555    -0.38226063797266   0.3158396064468791  -0.3539163430539794 -0.04153008877590869

-8.076746838900968e-08  4.835366905019463e-07   4.89243528238235e-07   -0.03202823665734244   -0.08024337541822187
-1.940276580217656e-08 -8.021076543730854e-08  2.803416299612771e-07   -0.01156055381334821     0.1186937396306534

cov:
0.05502816255185249 0.05597531433043178 0.05707956729633647 0.05985664031566162 0.06099258316559443
0.05597531433043178 0.05746378058273675  0.0591979609866272  0.0635633140119469 0.06534928459327029
0.05707956729633647  0.0591979609866272 0.06166542591990911 0.06787961370823624 0.07042224760933963
0.05985664031566162  0.0635633140119469 0.06787961370823624 0.07875600273053181 0.08320670849666537
0.06099258316559443 0.06534928459327029 0.07042224760933963 0.08320670849666537 0.08843940906999966

cov.inverse():
 5759880.733212396 -9904741.783212239  3827277.890955063  314579.3962768437  2907.725647215835
-9904741.783103004  25842767.03902067 -18879415.56536085  2934523.827647651  7556.110968998957
 3827277.890781945  -18879415.5650956  19863196.01975408 -5171923.854336021  360117.6002905985
 314579.3963909976  2934523.827307193  -5171923.85407365  3211530.576321869  -1288548.05968581
 2907.725596946088  7556.111153445828   360117.600120351 -1288548.059649734  917977.8187043872

cov*(cov_.inverse()):
     1.000000000108656 -2.352180672460236e-10  4.365574568510056e-11 -5.820766091346741e-11  7.275957614183426e-12
 6.545519681822043e-11      1.000000000059913 -8.003553375601768e-11 -8.731149137020111e-11  1.455191522836685e-11
 4.192202140984591e-11 -2.796696207951754e-10     0.9999999998872227  -2.91038304567337e-11  7.275957614183426e-12
 8.100187187665142e-11 -4.964704203302972e-10 -4.729372449219227e-11     0.9999999999126885  1.455191522836685e-11
 4.718003765447065e-12 -5.695710569852963e-11  4.001776687800884e-11 -1.455191522836685e-11                      1
