4
2

0.003476067989527778
 0.03548559084914778
 0.04455050771098377
  0.5341645209949114

 -0.6397983973375221   0.7628232532464786 -0.08689204897383972 -0.03476301045543569
-0.03433881668474644  0.02061840287774424     0.71364461360457  -0.6993619181830293
  0.6195452600687742   0.4478568188192287  -0.4425283309361905  -0.4687820569115942
     0.4534782543401   0.4659397338780524   0.5360315416252491   0.5384494624541507

0.2674237956078699
0.2592018855002499
 0.243737848362916
 0.232692122908388

0.1766098109506309
0.3188717930267255

  18.60181651075414   -17.9165358794768 -0.5314236536362947 -0.2229175188850822
  5.691810795715285  -3.639594549409809 -0.9523012457747214 -0.1150246183298124

-0.0003082945982379455  -0.001550766359052533   0.007622015303732587   -0.09056324835293285
-7.650059370207486e-05  -0.001095091293982621   0.004707144677157963    0.08927523800040557

cov:
 0.0594445883732253 0.06083266606547692 0.06878371490526673 0.06912498715402031
0.06083266606547692  0.0623511315332517 0.07088836777798514 0.07115028180225969
0.06878371490526673 0.07088836777798514 0.08301439146347464  0.0821374236953397
0.06912498715402031 0.07115028180225969  0.0821374236953397 0.08377768206365897

cov.inverse():
 34072.42665048512 -40251.57434352837  4444.195360273186   1714.29958643179
-40251.57434352834   48260.4763076551 -5572.937428916746 -2310.999805434809
 4444.195360272998 -5572.937428916524  1128.981713313056  -40.8286300299204
 1714.299586431957  -2310.99980543501 -40.82863002988753  600.1706869482944

cov*(cov_.inverse()):
     1.000000000000085  4.263256414560601e-13  -1.06581410364015e-14 -2.131628207280301e-14
 6.821210263296962e-13     0.9999999999996305  3.241851231905457e-14    1.4210854715202e-14
 2.842170943040401e-13 -3.126388037344441e-13      1.000000000000054                      0
 5.684341886080801e-14  2.842170943040401e-14  -1.77635683940025e-14     0.9999999999999929
