5
2

9.463474031962276e-05
0.0001365843555408377
0.0003027568581516868
  0.05820014448617371
   0.5684168431438649

 0.01441103708504224   0.1785460766249668  -0.6511084484601433   0.6975937087084718  -0.2394460825450064
 -0.1733864330489208   0.7200139201818981  -0.3985832561818386  -0.4493159089034959   0.3012701470052686
   0.603849878170978  -0.4177465096816568  -0.4648690480433168  -0.1814714306705435   0.4602369675540799
 -0.6568356812171845   -0.294972548919348 -0.05400773023207449   0.2588765709332643   0.6415794333993209
  0.4167273441442947   0.4337975360683176   0.4451618913179656   0.4599231158017674   0.4779745143968506

 0.400092529623095
0.4002945592843655
 0.400351926258759
0.4004242999640496
0.4005118950890753

-0.00116710427388309
  0.3999764933753375

   0.1035482872444727   -0.3694454754060369     5.452275572093874     3.520654745135328    -8.707009300018823
    2.183234857855822   -0.6251131540581181 0.0003046082467648981    0.1303090200706203   -0.6887771398113829

 8.296165557781453e-09 -1.242851293576343e-07 -6.383246485350877e-07   -0.01669350594721763   -0.07510918985611224
 1.571557453385047e-09 -2.042404599935773e-08  1.135409331715288e-07  -0.005615472533565168     0.1193816723038918

cov:
0.05757109922948182 0.05906433391565992 0.06005835741364708 0.06134975132282271 0.06292882592557356
0.05906433391565992 0.06109537140208394 0.06244741393929829 0.06420370521537433 0.06635137829789031
0.06005835741364708 0.06244741393929829 0.06403789162251496 0.06610375214320724 0.06863006062497644
0.06134975132282271 0.06420370521537433 0.06610375214320724 0.06857163821279033 0.07158964014161735
0.06292882592557356 0.06635137829789031 0.06863006062497644 0.07158964014161735 0.07520908319371314

cov.inverse():
 5612857.571959223 -9156642.310305765  -405660.065477045  4103021.051326681 -153545.6144663355
-9156642.308090355  33252928.28490145 -26245794.34647647 -2607050.056853326   4756438.22640039
-405660.0695173554  -26245794.3425683  58211145.79431275 -40196841.95257836   8637458.38624741
 4103021.053248555 -2607050.056440237 -40196841.95672204  65519184.82767887 -26818570.45990769
-153545.6145633446  4756438.224294553  8637458.390258975 -26818570.46171639  13578276.52475417

cov*(cov_.inverse()):
    0.9999999999217835 -1.164153218269348e-10  8.149072527885437e-10                      0  2.328306436538696e-10
-1.164153218269348e-10      1.000000000291038 -3.492459654808044e-10  4.656612873077393e-10  1.164153218269348e-10
-4.911271389573812e-11 -3.492459654808044e-10      1.000000000698492  6.984919309616089e-10  2.328306436538696e-10
 -7.09405867382884e-11                      0  1.164153218269348e-10                      1  2.328306436538696e-10
-4.729372449219227e-11  1.164153218269348e-10 -2.328306436538696e-10  2.328306436538696e-10                      1
