4
2

0.0004729312696902653
 0.000741680999958137
  0.08086906150846623
   0.4991908873826408

 -0.367328594716424  0.7589885877788023 -0.5216368195167046  0.1300040601277261
 0.4963147787852074 -0.2984098335943117 -0.6667863231033645  0.4690620544191373
-0.6394102017225136 -0.3241772861027778  0.1483552416240651  0.6812153869305049
  0.458144014253403  0.4793714447177597  0.5111572655547975  0.5468320858028791

0.4001926328245536
0.4001288449367084
0.4002185901576896
0.4000495584718443

0.0006216702747105198
   0.4004438072895854

  5.017688275496605  -2.175263245756457 -0.1614230113729144  -2.683478756847069
  1.677492607651727 -0.1699820488241301 -0.2943809981843684 -0.2122969901047898

-8.407080355346488e-07  1.093794521207433e-06   -0.02848193101430201   -0.07322744320576439
-1.385027915986019e-07  5.390874879896615e-07  -0.007885661082476436     0.1047807734976237

cov:
0.05497822736608653 0.05608317680837878 0.05773607860901886 0.05958095528425572
0.05608317680837878 0.05795091622279665 0.06074594881315845 0.06387772618409657
0.05773607860901886 0.06074594881315845 0.06525344404268078 0.07031405826471457
0.05958095528425572 0.06387772618409657 0.07031405826471457 0.07754953327825623

cov.inverse():
 1051131.594831519 -1515709.929244176  255080.3505075696  209633.0431692741
-1515709.929258637   2737472.89634825 -1408431.431504517   186673.349721692
 255080.3505348453 -1408431.431540342  2024821.312727593 -871751.6989082744
 209633.0431564538  186673.3497430642 -871751.6989168271  475605.6174638575

cov*(cov_.inverse()):
    0.9999999999890861    1.2732925824821e-11                      0  1.455191522836685e-11
 2.000888343900442e-11     0.9999999999890861   2.91038304567337e-11                      0
                     0  2.546585164964199e-11      0.999999999992724  1.455191522836685e-11
 9.094947017729282e-12 -1.091393642127514e-11                      0                      1
