5
2

0.0001647588485553481
0.0002832204680169064
0.0006101549457137666
   0.1063850179461579
   0.5755104686783247

-0.05698074238477531   0.1763614344625631  -0.7011172387020068   0.6813016186117157  -0.0995618476300849
  -0.403320546285692   0.7657789510238359  -0.1951651764437833  -0.3989493131572922   0.2316573645443568
  0.5429194324536556  -0.1909705354849384  -0.5156827890550785  -0.3593903401635483   0.5231429908832779
 -0.6215137330520142  -0.4219715283603795  0.02462211029462158   0.1755030319466243   0.6358090486483633
  0.3912095364801856   0.4098164545658728   0.4514534131619287   0.4655156486983572   0.5084196777224589

0.3993779941198969
0.3993209821181263
0.3991784643577383
0.3990891129794399
0.3988206227473542

0.001578819217176497
  0.3997616433175749

  0.8659732613098381 -0.02119632851818146    1.389131135289503    1.736330151053109   -3.970312098848911
   1.564193709354572  -0.4518227722123114  0.06430442971067613    0.176738644816827  -0.3534251823855991

 1.496341145285597e-08 -1.804062291314836e-07 -1.095725124277917e-06   -0.03072430868009601   -0.08382239889796049
-1.582526714224868e-09  -9.15882451386321e-08  2.434566577504668e-07   -0.01101922026272441      0.118699808020482

cov:
0.05506229790517379 0.05606946326579223 0.05832306581527893 0.05908387452481388 0.06140539314919491
0.05606946326579223 0.05764225247894786  0.0611610250902288 0.06234918948083831 0.06597447460806059
0.05832306581527893  0.0611610250902288 0.06751141658236483  0.0696560918674832 0.07619950717012701
0.05908387452481388 0.06234918948083831  0.0696560918674832 0.07212397719242943 0.07965326848137896
0.06140539314919491 0.06597447460806059 0.07619950717012701 0.07965326848137896 0.09019060709120287

cov.inverse():
 2939319.415810552 -4499060.128740552  1700974.979195663  51714.07017396941 -192920.1553864848
-4499060.128780946   8554456.19833242 -6153749.293745725  802038.8257537023  1296348.434160933
 1700974.979188622 -6153749.293562979  19297711.60368823 -16128269.23832317  1283222.155599008
 51714.07027614753   802038.825400707 -16128269.23792246  19430563.86604494 -4155991.160903682
-192920.1554412262  1296348.434290785  1283222.155374002 -4155991.160753785  1769350.713795039

cov*(cov_.inverse()):
     1.000000000027285  7.275957614183426e-11 -3.783497959375381e-10  5.820766091346741e-11 -5.820766091346741e-11
 1.818989403545856e-12      1.000000000087311  7.275957614183426e-11  2.328306436538696e-10                      0
 2.000888343900442e-11 -1.455191522836685e-11      1.000000000116415 -5.820766091346741e-11                      0
 2.728484105318785e-11 -8.731149137020111e-11 -2.037268131971359e-10      1.000000000058208  -2.91038304567337e-11
 1.091393642127514e-11  4.365574568510056e-11 -1.455191522836685e-11                      0                      1
