4
2

0.0003160354084702486
0.0008129711826875902
   0.1029288276591883
   0.5547230736889828

-0.03037998354814578   0.4656810013410566  -0.8039441709093574   0.3686353640801047
  0.3142902580188049   -0.730126394168394  -0.1673831366124673   0.5831980519779749
    -0.8605325673261 -0.05208353078643313   0.2131451194055351   0.4597174833151024
  0.3997278960558542   0.4973368670724796   0.5293635931118031   0.5591492073257847

0.4013852513784693
0.4023380447628053
0.4026021952088221
0.4028477381072391

-0.003093522696260323
   0.4011668924087126

-0.1127854924330721   6.539071029855031 -0.9334033942063764  -5.492531876752625
  1.190003828115207  0.4886114607757215 -0.4609560274505204 -0.2178341824194119

 1.772052491114642e-07 -5.192728894499001e-06   -0.03143856225430978    -0.1102297157455571
 4.810805003519259e-08 -2.156306011404907e-08   -0.01322045216670025     0.1085834391968612

cov:
0.05701321745084617 0.06164877873644038 0.06317026325481905 0.06458620034563189
0.06164877873644038 0.07614122463224597 0.08089589266241054 0.08531789970856164
0.06317026325481905 0.08089589266241054 0.08671183266767013 0.09212036254075799
0.06458620034563189 0.08531789970856164 0.09212036254075799  0.0984465180960082

cov.inverse():
 158766.4632672535 -488840.3652464324  164922.6901271105  165165.5432778394
-488840.3652450911  2977806.597502016 -3563464.657364833  1074489.939441511
 164922.6901243277 -3563464.657357651  6513528.673494885 -3114920.043971282
 165165.5432792826  1074489.939435671 -3114920.043966886  1875210.292319388

cov*(cov_.inverse()):
                     1  1.455191522836685e-11 -5.820766091346741e-11  1.455191522836685e-11
-5.456968210637569e-12                      1 -5.820766091346741e-11  5.820766091346741e-11
 3.637978807091713e-12 -1.455191522836685e-11     0.9999999999417923  -2.91038304567337e-11
                     0 -1.455191522836685e-11                      0                      1
