5
2

0.0001429517163872845
0.0001904215716770368
0.0005951459065755712
  0.05768469150299254
   0.5456820033438194

-0.007928410415852259    0.2827648302803689   -0.7540322420941162    0.5835469097903462   -0.1043531169704576
  -0.1719835064487124    0.7338690234955529   -0.2048499632993699   -0.5823481898470599    0.2253109144746179
   0.6423229309938329   -0.3446053116229166    -0.431159163890911   -0.3033070676722557    0.4367780095354081
  -0.6139649161485099   -0.2664851417131899   -0.0759092097973194    0.1520439504301948    0.7232932876713167
   0.4252377545281337    0.4378506087212525    0.4447599776054542     0.453024336756458    0.4737269352623585

0.3997582570177068
0.3999243411656908
0.3999152677645176
0.3999052211641572
0.3998706113484391

0.0002261071073118856
   0.3999699029677183

 -0.9390270957738678   -0.056622831095499   -2.017020516037079    14.27474840454641   -11.26196859026457
   1.201849344913191 -0.01848783529984097  -0.4279958264593248     1.34428098505619   -1.099620184619356

   2.2514554630746e-07 -3.741051172428007e-07 -3.174541364668168e-06   -0.01740490478826303   -0.05642170336611611
 2.466867038731389e-08  -4.21775972225753e-08  2.651562391015003e-08  -0.004297283415381814     0.1193141000439154

cov:
0.05509915860302231 0.05598610502343696 0.05647162996128502 0.05705241109243422 0.05850693794270305
0.05598610502343696 0.05732257071352842 0.05805439141647471 0.05892973217348644 0.06112228124171075
0.05647162996128502 0.05805439141647471 0.05892133694103473 0.05995821690399272 0.06255557922050285
0.05705241109243422 0.05892973217348644 0.05995821690399272 0.06118838881135067 0.06427000493894672
0.05850693794270305 0.06112228124171075 0.06255557922050285 0.06427000493894672  0.0685653282324017

cov.inverse():
 1983733.348820043 -4215334.528398567  482281.9421081814  1985621.959507911 -236222.3176025104
-4215334.528340131  19100633.03965488 -14160100.82065024 -3416362.817677337  2691083.375394475
 482281.9420306859 -14160100.82082737  29504942.95465335 -17872992.90698393  2045922.841092804
 1985621.959515075 -3416362.817292695 -17872992.90747223  26276104.88460922  -6972426.89744848
-236222.3175906066  2691083.375245391  2045922.841326487 -6972426.897544983  2471664.858905373

cov*(cov_.inverse()):
     0.999999999996362  5.820766091346741e-11 -5.820766091346741e-11  5.820766091346741e-11   2.91038304567337e-11
-9.094947017729282e-12     0.9999999998544808                      0  2.328306436538696e-10 -5.820766091346741e-11
-3.637978807091713e-12  5.820766091346741e-11      1.000000000145519  2.328306436538696e-10  -2.91038304567337e-11
 -2.91038304567337e-11   2.91038304567337e-11  1.746229827404022e-10                      1   2.91038304567337e-11
 5.456968210637569e-12  -2.91038304567337e-11   2.91038304567337e-11  5.820766091346741e-11                      1
