4
2

0.0001420028881920681
0.0002854338324215315
  0.06192295573523893
   0.4953344886185496

-0.1710984621032411  0.6262908237987275 -0.7148729530908207  0.2596955548919256
 0.5637244348222291 -0.5408948982090386 -0.4526437097015249  0.4298385077484724
 -0.658620863573528 -0.2796256938215453   0.159717325859909  0.6800870571041907
 0.4681438196921157  0.4868284959529006  0.5084886516206727  0.5341148479356311

0.3989418292157544
0.3990533460417963
0.3991461411356679
0.3992415988646772

-0.0006728315171864419
    0.3990406789526621

 0.5170700550085897   1.884601521857305   5.082657260768319  -7.484865935203192
  1.506537154257636 -0.2080382036681351  0.3632281494121405 -0.6617810536561002

-9.044732246827079e-08 -5.088609952647193e-07   -0.01973250700749715   -0.06226249128697185
 -1.65267274630639e-08  4.178940584458255e-08  -0.005084939765347863     0.1067857743310287

cov:
0.05543528308657338 0.05662425566537313 0.05800265446742618 0.05963200023667951
0.05662425566537313 0.05844976909284485 0.06056590764445041 0.06306889201994659
0.05800265446742618 0.06056590764445041 0.06353732980550644 0.06705311904954153
0.05963200023667951 0.06306889201994659 0.06705311904954153 0.07176842771435681

cov.inverse():
 5352406.961571625 -9056588.158347275  2933736.280943004  770507.0472317827
-9056588.158868264  23042724.97548927  -19197857.5547453  5212035.068009862
 2933736.281903832 -19197857.55608555   27858112.1739209 -11594656.53675882
  770507.046791918  5212035.068829167 -11594656.53713826  5612422.406264858

cov*(cov_.inverse()):
     1.000000000080036 -1.746229827404022e-10 -2.328306436538696e-10  5.820766091346741e-11
 2.182787284255028e-11      1.000000000058208 -2.328306436538696e-10 -5.820766091346741e-11
  2.91038304567337e-11 -5.820766091346741e-11      1.000000000116415 -1.746229827404022e-10
  2.91038304567337e-11                      0                      0                      1
