4
2

0.0002121514291118005
0.0006314455490947722
  0.09659578166142044
   0.5039662318322334

  -0.350544420803039   0.7956648742773546  -0.4917861297796847  0.04671637230546632
   0.601665633588202  -0.1933070581967844  -0.7126984619871081   0.3044531965531379
 -0.5534799781870309  -0.3213786800232962 -0.05262398475473513   0.7665548734442312
  0.4569212056239604   0.4756737675329499   0.4974314234807282   0.5634886491013749

0.4053300945541988
0.4053969413926931
 0.405426093195809
0.4054969686773205

-1.013234108201326e-05
    0.4055115783212481

 0.8825449901301703    4.99871476916365  -4.212851998061115  -1.667425190829682
  1.539064416248202 0.07363957789544245 -0.4678126859890074  -0.144712208675548

  2.54830140379608e-07  8.211910874532413e-07   -0.02940516354050557   -0.06455437366115792
-1.159477948849666e-08  4.789141118046017e-07  -0.008974489827642892     0.1076911883977031

cov:
0.05588412035114652 0.05686148214392667 0.05799839674943946 0.06143400506341713
0.05686148214392667 0.05843112667356884 0.06025380327045635 0.06577781279320784
0.05799839674943946 0.06025380327045635 0.06287084716188002 0.07081389020907121
0.06143400506341713 0.06577781279320784 0.07081389020907121 0.08612705740707609

cov.inverse():
 3638133.196367868 -6488674.025591715  2754809.082405285  95521.01817652813
-6488674.025751647  14159659.99966824 -8348368.435984197  678233.0186181484
 2754809.082617662  -8348368.43624187  6647456.215569947 -1054648.519942974
 95521.01812405913  678233.0187159254 -1054648.519988278  281024.8252514455

cov*(cov_.inverse()):
    0.9999999999781721 -2.182787284255028e-11 -8.731149137020111e-11                      0
-3.637978807091713e-11      1.000000000021828 -4.365574568510056e-11                      0
 1.182343112304807e-11 -1.091393642127514e-10     0.9999999999854481 -3.637978807091713e-12
-3.637978807091713e-12  1.382431946694851e-10  -2.91038304567337e-11      1.000000000003638
