5
2

0.0001886161724924353
0.0002762471080077374
0.0004830475146297594
   0.1098764609859805
   0.5818406550320444

-0.000686488373906936   0.05515063052887388   -0.5277980870889563    0.7872851592445118   -0.3139573123603937
  -0.3929170822391202    0.7132409034120636   -0.4328463956662005   -0.2113382497754596    0.3238575645639054
   0.5234650119834048   -0.3351070501289098   -0.5648261888652608   -0.1462658764880702    0.5227478511961918
  -0.6513683822418639   -0.4621941255627705   0.07718363742999909     0.291267224578727    0.5208665000843912
      0.3838219731376    0.4028966082028702    0.4572605816260974    0.4788401815601639    0.5019759526608568

0.3996767143647988
0.3996805079191102
0.3996398171920626
0.3995780569289329
0.3995062309354452

0.0007368181252653097
   0.3999523626417124

  1.287967558218706 -0.2040358433995449    3.58145409041151  -1.406855400360461  -3.258729727518876
  1.613982783333814 -0.4974815525378032  0.3050360301720728 -0.1391597040021075  -0.282394027486383

 -7.06866385045852e-08 -2.258736449943287e-07 -6.482132895325275e-07   -0.03109167778412193   -0.08790497825656457
-7.486645201784191e-09 -9.028260739491631e-08   1.66137762961683e-07   -0.01189708952834733     0.1185355858504203

cov:
0.05499561243675029 0.05598636386033155 0.05880875173341202 0.05992929351610461 0.06113004987763274
0.05598636386033155 0.05753260460485627 0.06193786455336428 0.06368663310682153 0.06556107253198516
0.05880875173341202 0.06193786455336428 0.07085611076312544 0.07439604138628882  0.0781913277394953
0.05992929351610461 0.06368663310682153 0.07439604138628882 0.07864704811896926 0.08320479773420755
0.06113004987763274 0.06556107253198516  0.0781913277394953 0.08320479773420755 0.08858035382664749

cov.inverse():
 3197442.298611703 -4425149.869405201  971682.7299879912   744796.182303516 -488708.9774759468
-4425149.869301817  7232961.615231538 -4052543.512317462 -544721.1005226615  1789404.436113227
  971682.729556299 -4052543.511430751  11652662.68899014 -10127198.00722292  1555473.351249062
 744796.1826950613 -544721.1017082992 -10127198.00563044  18099301.98211949 -8172315.858731955
 -488708.977539199  1789404.436515561  1555473.350111589 -8172315.857933568  5316211.453767022

cov*(cov_.inverse()):
     1.000000000021828 -1.455191522836685e-11  5.820766091346741e-11  5.820766091346741e-11                      0
 2.546585164964199e-11     0.9999999999708962   1.01863406598568e-10  2.328306436538696e-10                      0
                     0  -2.91038304567337e-11      1.000000000116415 -1.164153218269348e-10  1.164153218269348e-10
                     0 -5.820766091346741e-11 -4.365574568510056e-11                      1  5.820766091346741e-11
-7.275957614183426e-12                      0   2.91038304567337e-11                      0                      1
