5
2

9.385260042332589e-05
0.0001434504123487651
0.0002607769413495153
    0.049790277873195
   0.5608323983876471

 0.02422434624967114   0.1041912546624702  -0.5602835790239877    0.755092298060371  -0.3232263850409107
 -0.1859365848033178   0.7074079009864459  -0.5054339134193506  -0.3316027368498199   0.3155595540194243
  0.6227060480382394  -0.4307514756364703  -0.4793286267448126  -0.1352850324091216   0.4226492299325714
 -0.6307248621795766   -0.338077144804164 -0.04652323745418517   0.3013640254315746   0.6284149146400627
  0.4233959062693059   0.4345978077163737   0.4457561286189842   0.4590783489834354   0.4716027940712115

0.3976980262054068
0.3976086453063437
0.3974009186641514
 0.397153899593597
0.3969262641830865

0.004098181470356542
  0.3986447876325004

-0.6423881479149951 -0.7703429188089184   7.501470456414115   7.184722362328746  -13.27331348052239
  2.106273107985444 -0.4444742969107335  0.1373951104367117   0.409836384452007   -1.20906988644581

 4.771143443686159e-08 -2.219955908669371e-07 -6.967618888468978e-07   -0.01452567105378347   -0.07055876491928155
 5.531620084322943e-09 -2.660611384835252e-08  5.921381782299423e-08  -0.004514121673930424     0.1188339699636078

cov:
0.05737070552992206 0.05840484932440181 0.05943495015978537 0.06066514998276831 0.06182169523985699
0.05840484932440181 0.05969086784864342  0.0609717850776076 0.06250129381643897 0.06393921214757671
0.05943495015978537  0.0609717850776076 0.06250262876340844 0.06433032781214341 0.06604857784545326
0.06066514998276831 0.06250129381643897 0.06433032781214341 0.06651390559352892  0.0685667003532366
0.06182169523985699 0.06393921214757671 0.06604857784545326  0.0685667003532366 0.07093404050737225

cov.inverse():
 7448854.759512919 -10049601.20666193 -1363045.232141374  3834033.902143988  129738.8400042494
-10049601.20597157  28279411.09278062 -20966539.26851766 -1610794.323911939  4347377.765694812
-1363045.235404175 -20966539.26292047  51431727.25354564 -38931982.75684188  9830187.575667776
 3834033.906837306 -1610794.332804939 -38931982.75286308  70343026.56629074 -33634354.80442964
 129738.8378833565  4347377.769680997  9830187.574023377 -33634354.80465053   19326958.1718872

cov*(cov_.inverse()):
    0.9999999999281499  1.746229827404022e-10  5.820766091346741e-10 -6.984919309616089e-10                      0
-4.729372449219227e-11      1.000000000174623 -2.328306436538696e-10  4.656612873077393e-10 -4.656612873077393e-10
-3.637978807091713e-11 -1.746229827404022e-10      1.000000000232831  9.313225746154785e-10                      0
-1.437001628801227e-10 -1.164153218269348e-10  1.164153218269348e-10      1.000000000465661 -4.656612873077393e-10
-1.437001628801227e-10  5.820766091346741e-11                      0                      0                      1
