5
2

9.862198058947377e-05
0.0001372813375631371
0.0003320756835625898
   0.1165656472464124
   0.5744184168816349

-0.07421505329049938   0.3184934284049253  -0.5192828296082652     0.67861044242949   -0.403592953639741
 -0.2816753115960451   0.7149640144077196  -0.3394545389301818  -0.4276034035168741   0.3337834960565793
  0.6565984959391767  -0.2491920166115852  -0.6275037732775186  -0.1006421861704791   0.3207677023529111
 -0.5754056661104001  -0.3973423371289764  -0.1905311430624823   0.3356290772380533   0.6017295011619148
  0.3910727288380221   0.4091586491164638   0.4301777038846986   0.4835984590562677   0.5106182469235356

0.4000443549581473
 0.400137821655873
0.4002126574862578
0.4003500987173815
0.4004098039640963

-0.000446374770594001
    0.400168313993032

   0.4070628078544652 -0.006821895184377161    0.1595119431367023     6.835697521839496    -7.395627314340184
    1.461321878018159   -0.3097598705616022   -0.1024500937648156    0.6051746825959776   -0.6543266253321161

 7.302875877106477e-08  -1.04882490166582e-07 -3.188420849105373e-07   -0.03285219463967382    -0.0810343705656244
 5.065955221603787e-09 -2.026879652082715e-08  9.154817992038967e-08   -0.01207750667355446     0.1185272732330564

cov:
0.05496162394565086 0.05590314358469081 0.05699843508865794 0.05977802008955403 0.06118413245928875
0.05590314358469081 0.05738351718996525 0.05910462428689823 0.06347596693414441 0.06568710496271334
0.05699843508865794 0.05910462428689823 0.06155270129395418 0.06777304732940011 0.07091931128566943
0.05977802008955403 0.06347596693414441 0.06777304732940011 0.07869669999746207 0.08422165226461202
0.06118413245928875 0.06568710496271334 0.07091931128566943 0.08422165226461202  0.0909496641904667

cov.inverse():
  8685778.36835283 -14599818.47931078  5299513.276179142  613675.3049650582  719.2423663051013
 -14599818.4801416  38115860.68622526 -28464057.98272771  6227004.179515054 -1278075.153232422
  5299513.27985598 -28464057.99345135  37409247.42337903 -27956104.98206241  13710295.06470497
 613675.2971372268  6227004.207767573 -27956105.00605879  57140944.04046372 -36024960.67046947
 719.2473480973338 -1278075.171592033  13710295.08165476   -36024960.674042  23591808.68386017

cov*(cov_.inverse()):
    0.9999999999784634 -3.201421350240707e-10  1.164153218269348e-10                      0 -2.328306436538696e-10
 8.339640089616296e-11      1.000000000043656                      0 -4.656612873077393e-10                      0
  1.20650156532065e-11  1.891748979687691e-10     0.9999999995343387  4.656612873077393e-10 -2.328306436538696e-10
-1.282458583773405e-10  5.529727786779404e-10 -4.656612873077393e-10      1.000000000465661 -2.328306436538696e-10
 6.465938895416912e-12 -4.365574568510056e-11                      0 -4.656612873077393e-10                      1
