5
2

 0.000147334962826065
0.0002786240665567649
0.0005382388974899837
  0.08624834204438528
    0.561664467458464

-0.02241154841836049   0.1435947151003505  -0.4747292036165729   0.7645744047409302  -0.4110187868472285
 -0.2475855600302475   0.7235696388862078  -0.4919152175244905  -0.2861757628921885   0.3021112703086372
  0.6178577651444414  -0.3659390482903053  -0.5754512667430123 -0.06277776763714477   0.3863355879044297
 -0.6254356837994187  -0.3781064069019243 -0.06834697182366326    0.329475215126272   0.5938354355796744
  0.4065477837143747   0.4230268235862045   0.4436621834772549   0.4701430068140114   0.4877464773625442

0.3999020532118676
0.3999167204407468
0.4000050281963003
0.3999431473456566
0.3999061045810425

0.0004077795960733786
   0.4001288024231984

   1.212195463127682    -1.44738882044801    1.916699755375956    7.712886117188934   -9.394681160508911
   1.543871937909025   -0.454390000870848 0.007319865538728182   0.8026446298323934  -0.8994784719464315

 1.869793762123626e-07 -5.694837517298786e-07 -1.140855801245573e-06    -0.0251398934575064   -0.07103208629169976
 1.910399521370958e-08 -9.440471361202562e-08  2.080260536478552e-07   -0.00791467817864382     0.1190340198295285

cov:
0.05505066865700768  0.0560132566234349 0.05721862877638553 0.05876408682354192 0.05979191415515177
 0.0560132566234349 0.05751690974773867 0.05939942641970388 0.06181434543297904  0.0634199752838774
0.05721862877638553 0.05939942641970388 0.06213016769817002 0.06563407803441437 0.06796338258908731
0.05876408682354192 0.06181434543297904 0.06563407803441437 0.07053659662001482 0.07379532589705023
0.05979191415515177  0.0634199752838774 0.06796338258908731 0.07379532589705023 0.07767179682794675

cov.inverse():
 2130534.059799498 -3236314.434449626   831680.170327067 -10599.74393190429  284745.3862135912
-3236314.434481866  8156222.956353009 -6998356.969779901  2469581.738310873 -391050.5701221494
 831680.1706251496 -6998356.970215586  14642083.88843839 -14782620.49948069   6306930.50603082
-10599.74456005866  2469581.739253538 -14782620.49970772  27998035.05645386 -15674083.93193322
 284745.3865758889 -391050.5706613606  6306930.506120251 -15674083.93184573  9473319.490520108

cov*(cov_.inverse()):
     1.000000000043656 -2.546585164964199e-11                      0  1.164153218269348e-10  1.164153218269348e-10
 3.274180926382542e-11      1.000000000032742 -5.820766091346741e-11  1.164153218269348e-10  1.164153218269348e-10
 3.274180926382542e-11  2.546585164964199e-11     0.9999999997089617  4.656612873077393e-10 -1.164153218269348e-10
 4.365574568510056e-11 -5.093170329928398e-11 -1.164153218269348e-10      1.000000000232831 -1.164153218269348e-10
  2.91038304567337e-11 -1.455191522836685e-11                      0                      0                      1
