5
2

0.0001295946811055095
 0.000204373670284805
 0.000356664629138647
  0.06846695185820977
   0.5789310449483951

-0.08071080229052892   0.3068995193123985  -0.6797704312999174   0.6356531193800724  -0.1820871329670095
 -0.1859456557550857   0.6427312716026159  -0.3065973212334169    -0.54789090243601   0.3976611211197821
  0.5720016059967813  -0.4471855025069136  -0.4916685784931647  -0.1027311462312177   0.4696249669696794
 -0.6828924248947579  -0.3309622778737069  0.01950831206779934   0.2643476228878484   0.5948627292744216
   0.406671954107842   0.4280166988824016   0.4492122861471988   0.4640337452360571   0.4840461057342844

 0.399388783950408
  0.39931776192112
0.3993229882030712
0.3992678715782174
0.3991831349332701

0.001043737845205536
  0.3997099419126284

  4.409362443950314  -3.235495592690987  -1.401703628424855   6.997731297010003  -6.769337883096799
  2.694655010585504  -1.421453905300275 -0.5675626350661114  0.9693272626561407 -0.6747796069729003

 8.875572560871905e-08 -3.757333088147197e-07  9.671339581738643e-08   -0.01942888537353712   -0.08406940139647806
  7.91211541001663e-09 -8.521120812655729e-08  2.594542526415421e-07  -0.007153212647207013     0.1192016134448834

cov:
0.05761577415859546 0.05939839283724575 0.06116544019714423 0.06240186071231542 0.06407154515319675
0.05939839283724575 0.06191447084435835 0.06441130570570212  0.0661576316284738 0.06851570397994096
0.06116544019714423 0.06441130570570212 0.06763455830231005 0.06988840927436046  0.0729316273183266
0.06240186071231542  0.0661576316284738 0.06988840927436046  0.0724969493500081 0.07601892613982694
0.06407154515319675 0.06851570397994096  0.0729316273183266 0.07601892613982694 0.08018731141955929

cov.inverse():
 3787786.710713625 -6346916.386830778  2420886.084467882 -1077630.524721815  1216342.697180057
-6346916.386570584  17070452.71036844 -15411296.63814986  3545833.420227613  1140868.144202841
 2420886.083347385 -15411296.63338732  31664627.95233453 -21309335.71013997   2635902.04962915
-1077630.523500132  3545833.412942886 -21309335.70113056  31328183.19172836 -12487139.37907684
 1216342.696818664   1140868.14698519  2635902.044262101 -12487139.37613089  7493940.743167811

cov*(cov_.inverse()):
     1.000000000043656  -2.91038304567337e-10   2.91038304567337e-10  2.328306436538696e-10 -1.164153218269348e-10
-4.365574568510056e-11     0.9999999998981366  -2.91038304567337e-11  1.164153218269348e-10 -5.820766091346741e-11
 5.820766091346741e-11 -2.037268131971359e-10      1.000000000320142 -2.328306436538696e-10                      0
  2.91038304567337e-11 -3.492459654808044e-10  2.619344741106033e-10     0.9999999995343387                      0
 7.275957614183426e-11 -1.309672370553017e-10 -5.820766091346741e-11 -1.164153218269348e-10                      1
