5
2

0.0001460118269412521
0.0002935664091517591
 0.001023587707709994
   0.1103144570285266
   0.5800057042357866

 -0.1705522517598213   0.4848531060163978  -0.7376667462275929   0.4375781330200469 -0.01423179604240826
 -0.5929117938686801    0.628160833991576   0.3187242152353764  -0.3886890659844793  0.03471679618194219
  0.2471107095313218  0.03671934390454717  -0.3866751804870463  -0.5742069507742372    0.677020435065301
 -0.6399615529925116  -0.4533726142390362  0.02429790370717124   0.3113170481195824   0.5360912149765389
  0.3856851592133381   0.4042726736579428   0.4518346631272737   0.4804313277872975   0.5028337098616579

0.3997762927877812
0.3998681686099965
0.4000027022517324
0.4000595249327561
0.4001459636056233

-0.0003833222281136073
    0.3999122215697583

  0.4375010711681289  -0.4036670290765152     8.31988476451787   -8.163088364782777  -0.1905457157397041
   1.491380917035935  -0.4394015722960598   0.6780851972370118  -0.7157694184923142 -0.01428587420421698

-2.127023868736409e-07  4.571974440745773e-07  1.502965607087767e-06   -0.03088897758992131   -0.08506301690571944
 -2.73018249816448e-08 -5.743412635833536e-08  5.149925414413733e-07   -0.01179480044336499     0.1187133076837616

cov:
0.05502554052296382 0.05598396566909969 0.05843486728215508 0.05990991512524417 0.06106634963021966
0.05598396566909969 0.05748248060688471 0.06131545322156495 0.06362101912514906 0.06542768144522282
0.05843486728215508 0.06131545322156495 0.06868630741503337 0.07311791148955325 0.07658905222593995
0.05990991512524417 0.06362101912514906 0.07311791148955325 0.07882723307399329 0.08329869899385559
0.06106634963021966 0.06542768144522282 0.07658905222593995 0.08329869899385559 0.08855548998915974

cov.inverse():
 5501836.062033819 -8191699.745614615  3617251.145588956 -961887.4067166505  34656.34409871979
-8191699.746328006  15606532.96766597 -14466651.62251997  7098301.410235392 -46910.72891670535
 3617251.147551254 -14466651.62504146  26845186.81945984 -16366055.34725211  370963.4895180471
-961887.4080441705  7098301.412243941 -16366055.34808483  11048958.04838827 -819707.6627114434
 34656.34417737299 -46910.72911720233  370963.4897915451 -819707.6628630901  460985.1246244334

cov*(cov_.inverse()):
    0.9999999999422471  1.641637936700135e-10 -4.110916052013636e-10  2.037268131971359e-10  3.637978807091713e-12
-4.547473508864641e-12     0.9999999999522515 -4.001776687800884e-11 -2.182787284255028e-11  3.637978807091713e-12
-6.184563972055912e-11  1.568878360558301e-10     0.9999999996762199  2.182787284255028e-10                      0
-8.049028110690415e-11   3.60614649252966e-10 -6.075424607843161e-10      1.000000000247383                      0
-2.864908310584724e-11  -2.91038304567337e-11 -1.891748979687691e-10  1.164153218269348e-10                      1
