4
2

0.0001523299621543456
0.0002267339223974457
  0.02523414691463289
    0.441357842585211

-0.1335021819552616  0.5902771047512597 -0.7428903720031279  0.2861188602743769
 0.5704769825868248 -0.5815431338330072 -0.4045311924789778  0.4155936839532727
-0.6446408088540514 -0.2586816538398733  0.1786903673618846  0.6968441591480391
 0.4910920558427007  0.4964517348794577  0.5025317523387602  0.5097314052662459

0.4036220402549937
0.4038549405738858
0.4041182894145628
0.4044308860870187

-0.00748317176660789
  0.4024151313996702

  -1.942066062105018    8.642186729855354    13.06887547642212     -19.768355967297
   2.077533723433935   0.5923639902886378 -0.01408146055957504   -1.655844865761862

-2.321436330484568e-07 -1.009456933338682e-06  -0.007911019449374132   -0.03356963333223775
-9.073016489836486e-09  8.134725661336915e-09  -0.001686705789334517    0.09023529239360344

cov:
0.04724403634269168 0.04759829438351712 0.04800040350295373  0.0484764724694861
0.04759829438351712 0.04805308350780621 0.04856899796408044 0.04917989607216879
0.04800040350295373 0.04856899796408044 0.04921396521301367 0.04997767283241599
 0.0484764724694861 0.04917989607216879 0.04997767283241599 0.05092249693115849

cov.inverse():
  7099309.49231134 -9849160.700243561  -215179.682117789   2965003.82604681
-9849160.699544311  21594215.44575693 -14321659.67426104  2576749.484839029
 -215179.683407335 -14321659.67245057  26966969.15238872 -12430212.84217218
 2965003.826637102  2576749.483727825 -12430212.84165127  6888446.827811896

cov*(cov_.inverse()):
    0.9999999999417923  7.275957614183426e-11  1.164153218269348e-10 -5.820766091346741e-11
 -2.91038304567337e-11     0.9999999998981366  1.164153218269348e-10 -5.820766091346741e-11
-8.731149137020111e-11  4.365574568510056e-11      1.000000000116415 -1.164153218269348e-10
 -2.91038304567337e-11 -5.820766091346741e-11                      0                      1
