4
2

0.0004037173010046443
0.0008756372063620006
   0.0705952803814449
   0.5263368949866817

-0.0651022600432882  0.6141056362188828 -0.7581987644272781  0.2092142369018086
 0.5647275447220559 -0.5827474502929909 -0.4039752387347849  0.4222466292327151
-0.6881866030265772 -0.2183122258345907 0.07214984068338648  0.6881376112052361
 0.4508255709076345  0.4854064779052354  0.5066883071469916  0.5517280264985233

0.4036970223419215
0.4053475383675451
0.4063733679145149
0.4084389687692093

-0.01555760949732916
   0.400435556229456

  4.246640585763956    6.61881791380654  -11.69361565370709   0.830753942470028
  1.427778085732665  0.6489802737090772 -0.3531477162560931 -0.7192628445001786

2.090818400892406e-06 2.772387933836189e-06   -0.0231216945263223  -0.09401220115003718
6.892210223184638e-08 2.047738762859019e-07 -0.008196628285382385    0.1060818622763666

cov:
0.05866523454874237 0.06137209112490961 0.06303392179717068 0.06654672983864232
0.06137209112490961 0.06551162589745969 0.06805720449118474 0.07344333640527446
0.06303392179717068 0.06805720449118474 0.07114905147977525 0.07769230952373198
0.06654672983864232 0.07344333640527446 0.07769230952373198 0.08668923843855497

cov.inverse():
 442038.4893429974 -674472.7472742579  5298.693723889106  227336.6977005328
-674472.7472741016  2756747.198320604 -2549712.819500077  467328.1496613997
 5298.693723658674 -2549712.819499722  3739894.232358846 -1195698.757467806
 227336.6977006062  467328.1496612026 -1195698.757467682  501180.3821716864

cov*(cov_.inverse()):
     0.999999999992724  3.637978807091713e-12                      0 -7.275957614183426e-12
 3.637978807091713e-12     0.9999999999781721  1.455191522836685e-11                      0
 3.637978807091713e-12 -6.548361852765083e-11       1.00000000007276 -7.275957614183426e-12
                     0 -7.275957614183426e-12  1.455191522836685e-11                      1
