5
2

0.0001747476680918468
0.0002194813966780403
 0.000552092801943828
   0.1115276584536764
   0.5740108459781549

-0.1690636946854741  0.5366761924652542  -0.584176047439414  0.5074752533421398 -0.2908665405709091
 -0.278738242164701  0.5802443616387334 -0.1358717162476857 -0.6088569705203329  0.4432307968926591
 0.6304548560945575 -0.2228035746827313 -0.6498047427897738 -0.1039470010267004  0.3461705631056149
 -0.584895408658791  -0.395965193262049 -0.1766826251896144  0.3561955681751471  0.5856764412397902
 0.3926149447625329  0.4109322061617964  0.4322201621002819  0.4838200025671452  0.5060554946624396

 0.399998473201072
0.4000252078589874
0.4000189041849249
0.3999991860782048
0.3999527690072104

0.0004674084724157624
   0.4002395743038994

  0.4236411199017716    2.747097972939206   -1.599693180596854     2.60922333822747   -4.180203581280688
     1.4904060195956 -0.08240282941585886  -0.2896929916785087   0.2676947318116121  -0.3859442843320962

 1.489332085709742e-07 -8.421359792366286e-08 -3.120525650098646e-07   -0.03198857645589887   -0.08212213958839427
 3.699259840994695e-09 -3.651135835799328e-08  3.001760319950597e-07   -0.01142600676790733      0.118711192755942

cov:
0.05504483145878761 0.05603971135548882 0.05719818035395344 0.05999656763643583 0.06120356059561648
0.05603971135548882 0.05758939926894466 0.05939171781264635 0.06375364902751575 0.06563402816505226
0.05719818035395344 0.05939171781264635 0.06194157103556176 0.06811877882956867  0.0707809687642785
0.05999656763643583 0.06375364902751575 0.06811877882956867 0.07870540496664362 0.08326669348215601
0.06120356059561648 0.06563402816505226  0.0707809687642785 0.08326669348215601  0.0886460466860718

cov.inverse():
 3852914.924951246 -6789547.039038771  2676395.241043244  498425.9758220242 -238328.9745009402
-6789547.039117725  16584017.04577997 -11428372.72680729  1660900.937428013 -26146.95851663309
 2676395.241193342 -11428372.72694215  12943970.84796523 -7769228.778301443  3576204.760053482
 498425.9756611036  1660900.937473354 -7769228.778112745   16164412.0328218 -10553890.45398235
-238328.9744111679 -26146.95850604944  3576204.759880009 -10553890.45390921   7241880.03981375

cov*(cov_.inverse()):
     1.000000000016371 -9.094947017729282e-12 -8.731149137020111e-11 -1.164153218269348e-10 -5.820766091346741e-11
-1.818989403545856e-12      1.000000000083219 -1.164153218269348e-10 -1.164153218269348e-10                      0
 1.091393642127514e-11 -8.640199666842818e-12                      1 -3.492459654808044e-10 -5.820766091346741e-11
 2.546585164964199e-11 -5.093170329928398e-11                      0                      1 -1.164153218269348e-10
 1.091393642127514e-11 -9.094947017729282e-13  5.820766091346741e-11                      0                      1
