5
2

0.0001932613288343491
0.0002589943891894589
0.0003481411634786791
  0.06277000166979284
   0.6647606567230413

 -0.2733339767990406   0.7788557194040363  -0.5624946071992388  0.01046481262378476  0.04650387131590245
  0.1999222036016712  -0.2732940560028553     -0.4796675429976   0.7776874515506146   -0.224639149205824
  0.4840456407704184  -0.2238573787509965  -0.5030683186023306  -0.3439130844473774   0.5867143672984351
 -0.7043538842740822  -0.2959174919016486 -0.01352661147469638   0.2415198024625062   0.5981669160820705
  0.3935798178177349   0.4254583872372242   0.4475021370530607   0.4674234597897528    0.495315287778582

0.3956017027565706
  0.39414944322033
0.3930666331001521
0.3921144171106302
0.3907576359234823

0.01533670378242006
  0.400046372078089

  0.5752875444331205    3.090952072383029   0.8630326814224267  0.05605002324557448    -4.58571872508675
   2.275160266185215  -0.4329160631920286 -0.07820243056670617  -0.1928345455696212  -0.5713294876982031

 5.796866694371059e-08  -4.69368820467745e-09 -4.311667477404139e-07   -0.01600077380145989    -0.1402945489089563
-3.524550809209096e-08  3.951285898414981e-08  1.174019887515717e-07  -0.007335141439216665     0.1339640334371151

cov:
0.07040835523300319 0.07481929994494957 0.07786957344595928 0.08062661493200531 0.08448798867930771
0.07481929994494957  0.0803367305962306 0.08415196296533803 0.08760005048504792 0.09242824091498798
0.07786957344595928 0.08415196296533803 0.08849620880217567  0.0924220790603945 0.09791877231165447
0.08062661493200531 0.08760005048504792  0.0924220790603945 0.09677974193218503  0.1028803065818555
0.08448798867930771 0.09242824091498798 0.09791877231165447  0.1028803065818555  0.1098259929031851

cov.inverse():
 4529425.978838009 -7408316.952187582  677720.7543409916  867738.1213586052  1333207.751131331
-7408316.952502741  17768378.19362761 -8846211.931587609 -2315103.567197434  801291.5053352397
 677720.7552987322 -8846211.933394738  13989344.02486944 -4291289.838160343  -1529233.92246197
 867738.1205059947 -2315103.565248912 -4291289.839192858  9995128.610472342 -4256156.026062311
 1333207.751341349  801291.5048787013  -1529233.92227883 -4256156.025998934  3650450.397081536

cov*(cov_.inverse()):
     1.000000000058208  2.764863893389702e-10  1.309672370553017e-10  1.164153218269348e-10 -5.820766091346741e-11
 5.820766091346741e-11      1.000000000101863  1.746229827404022e-10 -1.164153218269348e-10  5.820766091346741e-11
 1.455191522836685e-10 -8.731149137020111e-11      1.000000000087311 -5.820766091346741e-11 -5.820766091346741e-11
 1.455191522836685e-10                      0  2.037268131971359e-10     0.9999999998835847                      0
 5.820766091346741e-11  1.455191522836685e-11                      0 -5.820766091346741e-11     0.9999999999417923
