5
2

0.0001398687045919628
0.0002433852049532587
0.0005572864210660262
   0.1045577254672249
   0.5717719981967065

-0.04234512680154372    0.207110921687512  -0.5023561270229601   0.7371096538973568  -0.3995242622516439
 -0.3402181523450843   0.7318236643854136  -0.3861469261703082  -0.3185989371380598   0.3131628996610613
   0.588323127765759  -0.2769766454685053   -0.630496663707816 -0.09408341457963659   0.4132579138447055
  -0.617238521756563  -0.4186354907893337 -0.07097556572529588   0.3414333037403406   0.5675796871614397
  0.3941459166942441   0.4117856895034634   0.4426796801017656   0.4793075062877797   0.4993801733294989

0.4003761229529986
0.4006919243973471
0.4012704149311727
 0.401806089225076
0.4021018938255798

-0.003557653696615772
   0.4001009485134577

 0.1499233367942703    1.07339491499276   1.774015669818223   1.492717362010874  -4.490443792213654
  1.477355189345186 -0.2921979674559612  0.0681411172859287  0.1335131685666982 -0.3868780834915694

 4.341307767311942e-08 -1.085399695271586e-07 -1.032255345971133e-06   -0.02959195566079426   -0.07864037886842951
 1.871689637143257e-09  -5.36957408786977e-08   2.28171220684286e-07    -0.0105867555548883      0.118650204700709

cov:
0.05495299599126491 0.05588565394452143 0.05752051532302294  0.0594574337512305 0.06051798586219461
0.05588565394452143 0.05735154488548811 0.05991942412651532 0.06296285459122088 0.06463006812142703
0.05752051532302294 0.05991942412651532 0.06412081532579116 0.06910155918723974 0.07183094522575967
 0.0594574337512305 0.06296285459122088 0.06910155918723974 0.07638040255411703 0.08036980813230901
0.06051798586219461 0.06463006812142703 0.07183094522575967 0.08036980813230901 0.08505016648784029

cov.inverse():
 3160188.378863878 -5176118.288332582  2110784.871893907  56105.04044836244 -151018.8919942616
-5176118.288534911  11480830.90351407  -9526579.41384309  3951410.235154484 -729328.4766674689
 2110784.872596676 -9526579.415012321  16696971.89242932 -16660044.26030483  7378801.719377599
 56105.03934640405  3951410.237395863 -16660044.26172188  29515095.92553213 -16862884.64492127
-151018.8913927239 -729328.4779419778  7378801.720328216 -16862884.64519894  10364675.88525894

cov*(cov_.inverse()):
    0.9999999999854481  1.527951098978519e-10  -2.91038304567337e-10 -1.164153218269348e-10                      0
 2.364686224609613e-11      1.000000000080036                      0 -2.328306436538696e-10  1.164153218269348e-10
 1.818989403545856e-11  5.093170329928398e-11     0.9999999997671694 -4.656612873077393e-10  1.164153218269348e-10
  -1.2732925824821e-11   1.01863406598568e-10 -1.164153218269348e-10     0.9999999995343387  1.164153218269348e-10
  4.18367562815547e-11 -4.365574568510056e-11                      0                      0     0.9999999998835847
