5
2

0.0001792389513265836
0.0002283166987997836
0.0005954513113860296
   0.1113432761873121
   0.5785670587428197

-0.1294207433068501  0.4540421439347495 -0.5597723626999039  0.5845514291079439 -0.3493573119576383
-0.2841359780079713  0.6422353349127945 -0.2285825233990756 -0.5370664203083207   0.407566204149243
 0.6380960028158326 -0.2368302127765458 -0.6448292899054854 -0.0917945203232039  0.3354309085717855
 -0.584965193447847 -0.3963888342014428 -0.1797563080065036  0.3556838191385029  0.5846950530916636
 0.3913645753620739  0.4100815145275685   0.431610690977108  0.4846876042841911  0.5074022647584006

0.3998612864472395
0.3998633736766929
0.3998295052222476
0.3997431989855427
0.3996690199981872

0.0007781913464957831
   0.4001421216033211

 0.3441424739124372   2.315340667296037  -1.162733784404674   3.384379071216868  -4.881060392181084
    1.4877419396384  -0.133729415758416 -0.2373183192453198  0.3236377270538434 -0.4402774112275257

 1.715935467407861e-07 -1.121805983720495e-07  -5.41383908438214e-07    -0.0317401378652109   -0.08501697884995325
 7.150668537850705e-09 -4.209987984827569e-08  3.391857257377441e-07   -0.01136740820320552     0.1199861057819432

cov:
0.05551315869472436 0.05659740667243655  0.0578467481575588 0.06091721709903244 0.06223225460201009
0.05659740667243655 0.05824011089105442 0.06013085746438773 0.06478547911661564 0.06677811866216757
 0.0578467481575588 0.06013085746438773 0.06275869149473973 0.06923373004244326 0.07200503965058845
0.06091721709903244 0.06478547911661564 0.06923373004244326 0.08020620446766656 0.08490130111049425
0.06223225460201009 0.06677811866216757 0.07200503965058845 0.08490130111049425 0.09041943988363708

cov.inverse():
 3218493.282894726 -5755909.301117192  2340478.903001048  407319.8774059382 -210502.9946399567
-5755909.301174189   14487625.2597948 -10296677.29172626  1705929.835413039 -140192.7685116479
 2340478.903139678 -10296677.29192144  11928507.01389683 -7663231.421281815  3689971.507611813
 407319.8771873485  1705929.835773468  -7663231.42140994  16193087.78623856 -10642514.04609936
-210502.9945030123 -140192.7687338651  3689971.507683371 -10642514.04608564  7302960.856906186

cov*(cov_.inverse()):
     1.000000000041837  5.456968210637569e-12                      0  1.164153218269348e-10 -5.820766091346741e-11
 4.001776687800884e-11      1.000000000105501   2.91038304567337e-11  1.164153218269348e-10                      0
 4.911271389573812e-11  1.182343112304807e-10      1.000000000116415  1.164153218269348e-10  1.164153218269348e-10
 2.182787284255028e-11 -2.000888343900442e-11  5.820766091346741e-11      1.000000000349246                      0
 5.820766091346741e-11  5.456968210637569e-12                      0 -1.164153218269348e-10                      1
