5
2

0.0002257114126818982
0.0002599642462075792
0.0006142980659783171
  0.09837184581642661
   0.5968970272104027

   0.0217140354586367  -0.08119243807649733   -0.3989140569122544    0.8328274437487243   -0.3744359929281207
 -0.03232119030994213    0.6572262938112697   -0.6965899092075886   -0.1631580158018169    0.2348422867582186
    0.431887999763204   -0.5926764458763722   -0.3902194902994423 -0.005665096457599357    0.5566902569979654
  -0.8219748379857316   -0.1438656642370324   0.01427442677814958    0.2376734303909643    0.4969583660612981
   0.3692072083531404    0.4353144701009681    0.4507272609001697    0.4725009608317188     0.497770155508873

0.3993059891207205
0.3990900752089773
0.3989894008867011
0.3988520282327791
0.3986921773540699

0.001666849562539457
  0.3997011094790383

   0.384953096811384     2.25147649423523    1.677286402490116   0.2797312659674082   -4.593655949396171
   1.251490137299431 -0.02169948062143279  0.06114039029909682  0.07754800687074784  -0.3685005476695964

 5.652219750123715e-08 -5.578969953407562e-08 -1.653403997779764e-06   -0.02741268193491558   -0.09840089540734716
   1.0551400305706e-08 -1.327927313362132e-08  1.222374716848713e-07   -0.01150982033695596     0.1187799494343346

cov:
0.05510504264334185 0.05840698541167329 0.05917658313574738 0.06026385681517084   0.061525519985878
0.05840698541167329 0.06771619163941575 0.06988639591095989 0.07295233860829899  0.0765104244679973
0.05917658313574738 0.06988639591095989 0.07238338758729003 0.07591073124396931 0.08000439567874852
0.06026385681517084 0.07295233860829899 0.07591073124396931 0.08009009246769892 0.08494033873957915
  0.061525519985878  0.0765104244679973 0.08000439567874852 0.08494033873957915 0.09066886269336519

cov.inverse():
 519075.3943426686 -1027228.903140632 -283480.8819412835  426495.3358818371  365179.3263779214
-1027228.903207518  7451741.329076582 -5525684.343993847 -2905093.281388327  2006240.499124053
-283480.8818633441 -5525684.344345571  10707132.53994513 -4833600.039220907 -64369.17977564081
 426495.3359020503 -2905093.281073782 -4833600.039693757  14008536.20848033 -6696356.057510989
 365179.3263466495  2006240.499094354 -64369.17957657966  -6696356.05764908  4389328.345318078

cov*(cov_.inverse()):
                     1 -4.365574568510056e-11 -8.412825991399586e-11  1.746229827404022e-10 -5.820766091346741e-11
                     0     0.9999999999708962  3.183231456205249e-11  1.164153218269348e-10 -5.820766091346741e-11
-7.275957614183426e-12   2.91038304567337e-11     0.9999999999936335  2.328306436538696e-10 -1.164153218269348e-10
 1.455191522836685e-11 -5.820766091346741e-11   9.00399754755199e-11      1.000000000116415                      0
-7.275957614183426e-12                      0 -1.818989403545856e-12  1.164153218269348e-10     0.9999999999417923
