5
2

0.0001410353451132967
0.0002801569479282021
0.0008258682985867076
  0.09409261817032881
   0.5633570730385612

 -0.1614677685487756   0.6091457615306002  -0.7221175279924578   0.2851345220824208 -0.01068555155693213
 -0.5235322140542694   0.5639271110400748   0.3952937606571587  -0.4977842604896077  0.06207984436002737
  0.4307576481818581  0.01649269663779253  -0.3430183259161925  -0.6399367847241459   0.5357193100244039
 -0.5922294337416494  -0.3648845056333381  -0.1009385853961088    0.213937484514951   0.6783551798699605
  0.4044185046584702   0.4213252225414809    0.440952320115756   0.4643498665898175    0.498869705156295

0.3996121129150646
0.3996760157764752
0.3997061713897004
0.3997319926235846
0.3997782767100778

2.433840464560187e-05
   0.3998011015501813

  0.2590967913372487    1.609255964139832    5.281048180870625   -6.530479888781682  -0.6192482963314336
   1.470462644763787  -0.2102123116774245   0.3747399392789606  -0.5803672460179473 -0.05465263706583659

-9.409522219016109e-08  4.765590172373078e-07  1.482797533019677e-06   -0.02736489291731712   -0.07295017028810727
-1.593241287232183e-08 -3.569173381684364e-08  5.753321728818053e-07  -0.008793305814983162     0.1188869318228449

cov:
0.05501279099360319 0.05599058485106839 0.05712570763731269 0.05847777130611283 0.06047368191668455
0.05599058485106839 0.05751691224962198 0.05928868018932829 0.06140008765805308 0.06451570340699159
0.05712570763731269 0.05928868018932829 0.06179962767744088 0.06479264823235213 0.06920826535542865
0.05847777130611283 0.06140008765805308 0.06479264823235213 0.06883734460398043 0.07480368398336693
0.06047368191668455 0.06451570340699159 0.06920826535542865 0.07480368398336693 0.08305871744940631

cov.inverse():
 5074903.730337083 -8695908.271932067  3008564.949498994  601544.7503310057  10946.47543944162
-8695908.272355735  22706794.12684778 -19282446.38765772  5140019.567218209  131726.8420231661
 3008564.950330864 -19282446.38874756  28378957.21148442 -12536653.72509884   431153.715152134
 601544.7498868046  5140019.567887907 -12536653.72527113  7844825.562760908  -1049515.34410717
 10946.47547542436  131726.8420196699  431153.7150664376 -1049515.344053958  475673.0067326861

cov*(cov_.inverse()):
    0.9999999999590727  5.093170329928398e-11  -1.01863406598568e-10 -3.637978807091713e-11                      0
 3.410605131648481e-12      1.000000000141881  2.073647920042276e-10 -1.164153218269348e-10  3.637978807091713e-12
 3.979039320256561e-12    1.2732925824821e-11      1.000000000221917 -1.600710675120354e-10  7.275957614183426e-12
 7.275957614183426e-12  1.000444171950221e-10  2.764863893389702e-10     0.9999999999708962  7.275957614183426e-12
 6.275513442233205e-11 -8.185452315956354e-11  -2.91038304567337e-11                      0                      1
