6
2

0.0001815516630857964
0.0002646699941444444
0.0002911135517230464
0.0006829322930858535
   0.1163752827763668
   0.6389429564888682

-0.02148498919952575  0.09620081313135906 -0.04177590980516655  -0.5262033753397598   0.7897649000206455  -0.2965130395586942
  0.4255389323857558  -0.7303876587702784  0.04634404287114272   0.3601575360568103   0.2216044745120271  -0.3232347764832172
 -0.2744537668707918   0.3145931532086341  -0.5482690836085878   0.6139169739537638   0.2141321322694673  -0.3199385390740949
  0.4511951327113389 -0.06954543011222407   -0.727062745425217  -0.1775924770297323  0.04382418037025092   0.4790683697554759
 -0.6493651321818265  -0.4718808133992755 -0.02615370113565299  0.09261398579315598   0.2919935071626156   0.5110106147423989
  0.3433336852649276   0.3616660759863016   0.4076809575402821    0.419983413758131   0.4406013192117229   0.4632496913966253

0.3975476627617021
0.3976443139508442
0.3977893837369035
0.3978867626103741
0.3979298470287279
0.3979749308723366

-0.000461961830884275
    0.397671412406854

-0.05749486512240407    2.690914898835675   -4.650623633778548    5.290929573056171   0.6661003483864932   -3.939678231984342
   1.460186262561781  -0.1734854154376516  -0.5280364610888056   0.5266429459495878  0.08108139154562227  -0.3663648119396385

-2.094635190640961e-08  7.854126804158268e-08  6.833494357710078e-07   1.72753146263446e-07   -0.03303907563669221    -0.1028643785640928
-4.299975392656632e-09   7.35296442381413e-08  2.475179060602478e-08  3.681367510030163e-07   -0.01310015485562362     0.1267628381660882

cov:
  0.053834424283034 0.05484294860324893 0.05737260353094235 0.05805257883748555  0.0591891046742396 0.06043756677349588
0.05484294860324893 0.05641554572889349 0.06036103402904022 0.06141846290114549 0.06318848901353115 0.06513281567632433
0.05737260353094235 0.06036103402904022 0.06786190678936917 0.06986715906216394 0.07322801969541076 0.07691980100119575
0.05805257883748555 0.06141846290114549 0.06986715906216394 0.07212550703945005 0.07591061449513649 0.08006849851274914
 0.0591891046742396 0.06318848901353115 0.07322801969541076 0.07591061449513649 0.08040773441220266 0.08534767431032317
0.06043756677349588 0.06513281567632433 0.07691980100119575 0.08006849851274914 0.08534767431032317 0.09114684398989503

cov.inverse():
 3924396.053572465 -5585710.882639481  1380967.702358017  370889.4060626337  180318.0556709083  -270748.997034044
-5585710.882709697  9074457.670315905 -2531977.164671195 -2985595.547060073  782783.4453370315  1245730.256748078
 1380967.702390002  -2531977.16456828  4764034.980654889 -2789668.859238396 -2308004.754584517  1484980.506615201
 370889.4062171101    -2985595.547517 -2789668.858790171  14767156.89472419 -9934266.366685193  571690.8335618117
  180318.055612502  782783.4455854635 -2308004.754809422   -9934266.3668181  20169450.98294326 -8890549.734622385
-270748.9970918695  1245730.256783434  1484980.506526796  571690.8338404417 -8890549.734790139  5858846.883662827

cov*(cov_.inverse()):
     1.000000000001819 -4.365574568510056e-11                      0  1.818989403545856e-10 -1.164153218269348e-10 -5.820766091346741e-11
 2.182787284255028e-11     0.9999999999126885  4.365574568510056e-11  1.964508555829525e-10 -1.164153218269348e-10  5.820766091346741e-11
 7.275957614183426e-12 -7.275957614183426e-11       1.00000000007276 -7.275957614183426e-12 -1.164153218269348e-10  1.164153218269348e-10
 3.637978807091713e-12 -1.164153218269348e-10   2.91038304567337e-11      1.000000000101863 -1.164153218269348e-10 -5.820766091346741e-11
                     0 -1.164153218269348e-10  7.275957614183426e-11  3.710738383233547e-10     0.9999999998835847  5.820766091346741e-11
-5.093170329928398e-11                      0                      0  1.455191522836685e-11                      0                      1
