4
2

0.0003851042760174246
 0.000486132313941728
  0.08170512241224233
   0.5205370849862724

-0.02846967763641585   0.4412274769984648  -0.8061037001438256   0.3933250762553554
  0.3796726338293945  -0.7429926033578184   -0.163208437677321   0.5264728752248788
 -0.8166703875624589 -0.09873482448639885   0.2287865139332043   0.5205359195622483
  0.4336907269644036   0.4934893507774825   0.5207845634498524     0.54512755616154

0.4052919385412694
0.4072458629144792
0.4080718477736544
 0.408851104039662

-0.00934895278779469
   0.403548384870158

-0.1472018279300099   9.648258238239514  -7.367820326614021  -2.132654592296183
   1.54462215417222  0.9501091620186525   -1.99750811258524  0.5030502220842116

 1.388385031763927e-06 -1.688484479500332e-06   -0.02422077238153277   -0.08186839017943923
 3.237950165661956e-07  1.113985032664207e-07   -0.01035006882976258      0.100989673338497

cov:
 0.0554164275369756  0.0585293109116012 0.05995128931601041 0.06122136884032937
 0.0585293109116012 0.06605231978993026 0.06948604612897978 0.07254873450761738
0.05995128931601041 0.06948604612897978 0.07383806150880778 0.07771855381278384
0.06122136884032937 0.07254873450761738 0.07771855381278384 0.08232815966862156

cov.inverse():
 615537.4230802372 -1278359.553092885 -107488.2779556336  770248.6971526282
-1278359.553085819  3648642.169216982  -1885146.27542956 -485017.6202963553
-107488.2779706299 -1885146.275397168  4494245.942131894 -2501461.708568838
 770248.6971605592 -485017.6203216793 -2501461.708551447  2216042.750398001

cov*(cov_.inverse()):
                     1  1.091393642127514e-11 -5.820766091346741e-11                      0
-7.275957614183426e-12      0.999999999992724 -5.820766091346741e-11   2.91038304567337e-11
                     0 -1.455191522836685e-11                      1   2.91038304567337e-11
                     0 -7.275957614183426e-12                      0                      1
