5
2

0.0001385833162445899
0.0002281248493104419
0.0005227261240285603
  0.06240344546790963
    0.545188191891459

-0.008254524023177308    0.2122821382930187   -0.7157555746948128    0.6505939117494217   -0.1388872776131012
  -0.1800583160799551    0.7511091828108871   -0.2888550628857089    -0.515374002234269    0.2331660111893187
    0.632775831124061   -0.3498879985194672   -0.4497979318075734   -0.2777305560679528    0.4446579525940256
  -0.6237623580292236   -0.2795797520850335  -0.06241886513846893    0.1657976385499278    0.7080753570461179
   0.4219314326933687    0.4361018688047757     0.445019567833873    0.4544161980971529    0.4767101103209225

0.3922692020984817
0.3913726450856096
0.3909014059817296
0.3902789619722239
 0.388781200512836

0.01308713097397285
  0.394142344528517

 0.8638810286789719  -2.448449515076723 -0.4411913825933155   11.78997693986931  -9.764345874265555
  1.520642304362171 -0.5530034323659221 -0.1671632886572397   1.112024363938038 -0.9124963973850557

 1.693050733315311e-07 -5.318648621688259e-07 -1.643406088255064e-06    -0.0186372944898612   -0.05850070717026057
 1.613082150665961e-08 -7.424972689079472e-08  1.410786355606463e-07  -0.004849130768227399     0.1178147987017471

cov:
0.05442999759288918  0.0553709074742942 0.05596178094206635 0.05658590193756439 0.05806469695840252
 0.0553709074742942 0.05683312369204468 0.05775259339122199 0.05872212190945004 0.06102147678632012
0.05596178094206635 0.05775259339122199  0.0588794215024076 0.06006683490601238 0.06288382176588467
0.05658590193756439 0.05872212190945004 0.06006683490601238 0.06148335956773473 0.06484454910086102
0.05806469695840252 0.06102147678632012 0.06288382176588467 0.06484454910086102 0.06949879671795144

cov.inverse():
 2092022.181542103 -3500254.935644073  265421.8163523577  860338.1490891208  282582.0688029848
-3500254.935822768   13635259.8959346 -11504538.27940694  108411.8869399671  1260697.534106843
 265421.8169413822 -11504538.28084418  29018929.40895331 -20928926.03962607  3149951.884474592
  860338.148577684  108411.8885431211 -20928926.04079707  27425487.48298516 -7465931.307118633
 282582.0689041042  1260697.533762203  3149951.884797347 -7465931.307197854  2772814.465159299

cov*(cov_.inverse()):
      1.00000000001819  7.275957614183426e-11 -8.731149137020111e-11 -5.820766091346741e-11   2.91038304567337e-11
  2.91038304567337e-11     0.9999999998981366 -2.328306436538696e-10  1.746229827404022e-10                      0
 1.091393642127514e-11 -8.731149137020111e-11     0.9999999999708962  -2.91038304567337e-10   2.91038304567337e-11
 2.546585164964199e-11 -1.455191522836685e-11 -3.783497959375381e-10      1.000000000291038  -2.91038304567337e-11
 3.637978807091713e-11 -7.275957614183426e-11 -1.455191522836685e-10  5.820766091346741e-11     0.9999999999417923
