5
2

0.0001814106231307639
0.0002104659054168227
0.0005413371874210513
  0.08999204436748934
   0.5666601746996989

-0.09800724691537158   0.2666651649277393  -0.4707473088161753   0.7220452086754363  -0.4199189888982214
 -0.2755202029851673   0.7262875323796951  -0.3921980559759055  -0.3764415745747172   0.3179110942972171
  0.6119552589015499  -0.2863563347725236   -0.647563779405716 -0.02913531620711706   0.3511738822715618
 -0.6139884469608422  -0.3770607484542408   -0.104393512381337   0.3355200605098073   0.5978057063477424
  0.4037476258759077   0.4209766640024711   0.4408410170407491    0.472778891137876   0.4918392224638423

0.3997642778658536
0.3997688233073073
0.3997362736987821
0.3997124716632739
0.3996523376012322

0.0007451271818584077
   0.4000408427694367

  0.3179259550224219    3.132027466473059   -3.258545353318555    7.890149435193541   -8.081165628902481
    1.49142644218661 -0.07338898887062384  -0.4262094825133574   0.7359524466452829  -0.7276731708110813

 3.761089730152295e-07 -9.187500022301366e-08 -4.864503603650052e-07   -0.02607463560885545   -0.07512743862367165
  2.86924478424503e-08 -3.567766829114159e-08  2.733290746220072e-07  -0.008354752947535833     0.1199061741233677

cov:
0.05539693805617377 0.05645231437024099 0.05767175926661673 0.05962500970290766 0.06079195116134712
0.05645231437024099 0.05805790331978956  0.0599104676545797 0.06288435569335359 0.06465992894667104
0.05767175926661673  0.0599104676545797 0.06249195632671675 0.06664088887583325  0.0691171747366922
0.05962500970290766 0.06288435569335359 0.06664088887583325 0.07268478198232364 0.07629100040052907
0.06079195116134712 0.06465992894667104  0.0691171747366922 0.07629100040052907 0.08057111220679163

cov.inverse():
 3283571.846657495 -5909604.003858797  2489109.836134935  130306.7891574256  6433.582145500762
-5909604.003795654   14349007.7090922 -9612220.536736682 -293117.6171164471  1466807.376858239
 2489109.836436566 -9612220.537759269  11637154.74000821 -6930840.659501657  2415768.604593358
 130306.7881151809 -293117.6140869169 -6930840.661908739  19043796.72684323 -11949677.64553122
 6433.582822960443   1466807.37491449  2415768.606279517 -11949677.64595124  8060556.354612276

cov*(cov_.inverse()):
    0.9999999999929514  5.820766091346741e-11   2.91038304567337e-11 -2.328306436538696e-10 -5.820766091346741e-11
-2.359001882723533e-11                      1  5.820766091346741e-11 -1.164153218269348e-10 -5.820766091346741e-11
-6.212985681486316e-11  1.309672370553017e-10     0.9999999999708962  2.328306436538696e-10 -2.328306436538696e-10
 7.958078640513122e-13  7.275957614183426e-11  -2.91038304567337e-11     0.9999999998835847                      0
   1.2732925824821e-11  7.275957614183426e-11   2.91038304567337e-11                      0                      1
