4
2

0.001586216155287781
 0.03429377156218595
  0.1750514434458468
   0.587367075317819

-0.4393723536725054  0.8160476694571052 -0.3755219809434127 0.00117381014003179
 0.6828597256852386 0.03462236804693469 -0.7234300436285183 0.09567057355081701
-0.4290616758891008 -0.3810790453096717 -0.3237569213810931  0.7522408493075484
 0.3956774041420603  0.4331815485801749  0.4804307126546041  0.6519044931270767

0.3315705748611618
0.3235658635948045
0.3157554759486463
0.2395155774964103

0.07371914585202367
 0.3468191319145262

  -1.112383154574587    11.42913797151655   -10.40021494038218 -0.09892081558736604
  0.6498748323891511    3.330527111662018   -2.920783410195991 0.006154411756899458

3.452281724735884e-05   0.00840939719182757  -0.01793825481475252   -0.1898614083531455
8.879648443256753e-06  0.003143210450128402   -0.0183176862843839    0.1037214150152877

cov:
0.06020349474912057 0.06417029681170097  0.0692591001770077  0.0791772217634461
0.06417029681170097 0.06919107373144336 0.07554966432690054 0.08864528166910388
 0.0692591001770077 0.07554966432690054 0.08345853870742154  0.1005079866215484
 0.0791772217634461 0.08864528166910388  0.1005079866215484  0.1639685606815482

cov.inverse():
  77128.6263554192 -142476.9039099381  65160.80054287911 -159.2131071911342
 -142476.903909938  264677.2790405821 -121810.7407949678   374.985125245399
 65160.80054287907 -121810.7407949678  56495.26863853668 -241.0793332185991
-159.2131071911432   374.985125245416  -241.079333218607  28.02846975896576

cov*(cov_.inverse()):
     1.000000000000288 -2.518873998269555e-12  1.310951347477385e-12  4.440892098500626e-16
  9.50350909079134e-13     0.9999999999985079  1.378452907374594e-12 -2.664535259100376e-15
 1.382005621053395e-12  -1.06581410364015e-13      1.000000000001513 -4.440892098500626e-16
 7.034373084024992e-13 -1.122657522500958e-12  6.394884621840902e-14      1.000000000000002
