4
2

0.0001675076933690936
0.0002783980805153919
  0.03640676528575389
   0.3738943599349662

-0.2050735295053988  0.5515452888224422 -0.7180826560671815  0.3716180040437614
 0.5794201433198728  -0.581582823945001 -0.4026672597192519  0.4048367502556122
-0.6230320102032587 -0.3409947243166151  0.2554848375906427  0.6559582380087972
 0.4837853442111112  0.4912044495504521  0.5068963155981443  0.5174225108181907

0.3972892770438121
0.3971494506733063
0.3968505243215942
0.3966480089373282

0.004351394176232088
  0.3979315248568608

 -5.15131238960486   8.69641760408901  16.46690819551286 -20.01201979769087
 1.551608611529949 0.4537075240863591 0.2877209409085956 -1.293070713204229

-3.762285275740525e-07 -1.765167964175451e-06   -0.01149963155379368   -0.03188278037033628
-2.118692259266839e-08 -3.234743805339244e-10  -0.002513198221877005    0.06294911090090452

cov:
0.03323376936433886 0.03350257363278053 0.03407128466872506 0.03445250883656047
0.03350257363278053 0.03388462646349221 0.03469254974717986 0.03523434961270419
0.03407128466872506 0.03469254974717986 0.03600652354599639 0.03688800326527355
0.03445250883656047 0.03523434961270419 0.03688800326527355 0.03799763114024108

cov.inverse():
 5830778.710269519 -8378747.964952405  2237848.053130121  310151.8023513478
-8378747.965110792  15205735.58968778 -11093713.90371747  4266835.438447451
 2237848.053524331 -11093713.90422313  20469244.46871618 -11613598.77422866
 310151.8021155209  4266835.438794736 -11613598.77434012  7036722.611185092

cov*(cov_.inverse()):
    0.9999999999417923  1.455191522836685e-10 -1.746229827404022e-10  5.820766091346741e-11
-2.364686224609613e-11     0.9999999999708962 -5.820766091346741e-11 -5.820766091346741e-11
-4.547473508864641e-11                      0     0.9999999999417923                      0
 3.637978807091713e-12                      0                      0                      1
