5
2

 0.000166391975004122
0.0002037186306399399
0.0005079269260831246
  0.08635664652312021
   0.5898393969837836

  0.4110652223473552  -0.8120863046920753   0.4069964642381203  0.05120790987274143 -0.05720878229977727
 0.03067050771664229  0.05012050329102905   0.2437801832146686  -0.8272832055959957    0.502713611429901
  0.5012667036924937  -0.1521985822186663  -0.7581791498774305  0.02150597200578705   0.3876456541728723
 -0.6500355331085952  -0.3743685051553981 -0.04514559306750405   0.2976903045415661   0.5887651365803436
  0.3953102584027001   0.4179564364856274   0.4450296085511753   0.4731788493321683   0.4970841386116628

0.3997394843609938
0.3996966044239207
 0.399645341757914
0.3996181475075585
0.3995504053502612

0.0008036551783491804
   0.4000187739979961

   1.75141620922711   3.624587534215985  -5.918342280079468   4.537121113116531   -3.99489966984245
  2.294879212899889 -0.6012005275289788 -0.7869718353278952  0.4483589018314455 -0.3551618608575781

-1.154904808070388e-07  -2.89229318140855e-07  8.674655424060773e-07   -0.02408485370151512   -0.09236905099426519
 3.196534086285837e-08 -2.909488734959497e-08  4.412861957887393e-07  -0.009745340307542989     0.1187406471959935

cov:
0.05751924105817349  0.0592974010963896 0.06142483264862259 0.06363442779634498 0.06551121168626256
 0.0592974010963896 0.06182084883446782 0.06483845615525985 0.06797450923987133 0.07063796762053812
0.06142483264862259 0.06483845615525985 0.06891950249648134  0.0731622723823014 0.07676548368767333
0.06363442779634498 0.06797450923987133  0.0731622723823014 0.07855745208164998 0.08313898114032453
0.06551121168626256 0.07063796762053812 0.07676548368767333 0.08313898114032453 0.08855126733947224

cov.inverse():
  7099857.78055202 -12315891.31771492  4749821.602554413  190673.1997812421  275258.8250424452
-12315891.31756828  23970219.93182655 -11196210.48497569 -2513815.460142906  2056434.862640786
 4749821.602583687 -11196210.48502085  9643074.645670455  -4169926.43317854  972760.0010274656
 190673.1992323379  -2513815.45942056 -4169926.433203362  16587515.46276785 -10094526.70509462
  275258.825415462  2056434.862110205   972760.001036408 -10094526.70494601   6790194.79938727

cov*(cov_.inverse()):
    0.9999999999345164 -8.731149137020111e-11 -5.093170329928398e-11  1.164153218269348e-10                      0
-4.365574568510056e-11     0.9999999997671694  7.275957614183426e-11 -1.164153218269348e-10  1.164153218269348e-10
-1.673470251262188e-10 -8.731149137020111e-11     0.9999999999417923  1.164153218269348e-10  5.820766091346741e-11
-1.236912794411182e-10                      0 -7.275957614183426e-11      1.000000000232831  1.164153218269348e-10
-1.455191522836685e-11                      0  1.455191522836685e-11                      0                      1
