5
2

0.0002405685533475431
0.0002742599819362645
0.0007323894930407988
   0.1098024264093045
   0.5796332521085552

  0.3024987937403327  -0.5375074138371502  0.05280999434493473   0.6389062635104871  -0.4567167073800762
 -0.4381042542728862   0.5806634712241842  -0.3477524726894862   0.5081221019796496  -0.3029434646794839
  0.3940877233288543 -0.07504564085172968   -0.818843682673284   0.1022060608623077   0.3976329495649196
  -0.642368754098932  -0.4524780227592261  0.03127477893291388   0.3049468620661691   0.5372665280807855
  0.3855079665227529   0.4044100690697919   0.4525441788205738   0.4797624916204453   0.5028596440680171

0.3996200154217126
0.3996217386750299
0.3995241968565699
0.3994873526117519
0.3994075082672581

0.0008480226564965815
   0.3999156620843136

 -0.1758652320432341    3.913222076481959   -4.210322257249446    4.500569928418322    -4.02794809188035
   1.450373274195259 -0.07824492500797928  -0.4266979967276067    0.416611440940764  -0.3621052604537442

 1.352000524540008e-07  5.506404643019132e-07  1.042192717559784e-06   -0.03111802132650246   -0.08631048019101852
 5.149644721534598e-08 -1.587686452442071e-08  4.427616004697256e-07   -0.01178069355161496     0.1183216041974879

cov:
0.05490644735157724 0.05588385851369161 0.05837156458996947 0.05977755626766701  0.0609699294630638
0.05588385851369161 0.05741628867123452  0.0613172827885379 0.06352248664557861 0.06539333798776618
0.05837156458996947  0.0613172827885379 0.06881851621910447 0.07305964845438136 0.07665890610025039
0.05977755626766701 0.06352248664557861 0.07305964845438136 0.07845320706500404 0.08303028675334424
 0.0609699294630638 0.06539333798776618 0.07665890610025039 0.08303028675334424 0.08843748997452636

cov.inverse():
 4422409.904026433 -6246647.221316223  1699885.918309374  455071.5646951451 -330640.5957761056
-6246647.221311363   9485247.56413346 -3060459.749558226  -2025717.46136171  1847554.005831066
 1699885.918416341 -3060459.749722958  2905951.899016606 -1922178.382676946  376804.9367556057
 455071.5644414767 -2025717.460978262 -1922178.382835597  10505357.44343583  -7012727.33528442
-330640.5956342673   1847554.00561721  376804.9368564946 -7012727.335313293  5119160.637478047

cov*(cov_.inverse()):
     1.000000000014552  1.455191522836685e-11 -7.275957614183426e-12 -5.820766091346741e-11                      0
-7.275957614183426e-12      1.000000000029104  3.274180926382542e-11 -5.820766091346741e-11  1.164153218269348e-10
-2.182787284255028e-11  5.820766091346741e-11      1.000000000007276                      0  5.820766091346741e-11
-3.274180926382542e-11  5.820766091346741e-11  2.182787284255028e-11                      1  1.164153218269348e-10
-2.546585164964199e-11  1.164153218269348e-10 -2.182787284255028e-11                      0      1.000000000058208
