5
2

8.081420226360311e-05
0.0001341665890539463
0.0005606642068670306
  0.07970345149980038
   0.5717127056593538

-0.008504425630266568    0.2562880922140371   -0.7151298325987179    0.6296707193836328   -0.1623212746753073
 -0.05264649432712565    0.5953420846075311   -0.3827858853771739   -0.5716286249168353    0.4117181439552111
   0.4580051763682994   -0.5999299857231242   -0.3694996423163086  -0.02976424071636985    0.5412017876474471
  -0.7947868061936675   -0.1710908120195179   0.04409250474006887    0.2447079461231391    0.5265128097899548
   0.3945899295472144    0.4366877172044141    0.4512096561879069    0.4647446733480215     0.483761159974789

0.3996350484224902
 0.399507546516714
0.3993917526456152
0.3992930469892939
0.3991501248793684

0.001791862194004139
  0.4000503299309144

0.09764234868692367 -0.8611326592487555    5.25536127153821   5.485928011353573  -9.977978063979908
  1.317109885964171 -0.6196463810371711  0.6009427036545888  0.6796287538399151 -0.9780652940870234

 7.145968423205749e-09 -1.759298581480395e-07 -2.182775170989204e-06   -0.02293070606968014   -0.07963833431708217
-8.528209841413146e-11 -2.627122079561572e-08  6.393140373356449e-08    -0.0080231433886041     0.1186424130353659

cov:
0.05490472514847589 0.05718504851579357 0.05797157373911709 0.05870437983330538 0.05973425952642347
0.05718504851579357  0.0625161486714068 0.06435498576981218 0.06606878104976009 0.06847668935371921
0.05797157373911709 0.06435498576981218 0.06655694416880033 0.06860924155116233 0.07149266432094034
0.05870437983330538 0.06606878104976009 0.06860924155116233 0.07097713838322528 0.07430388339312435
0.05973425952642347 0.06847668935371921 0.07149266432094034 0.07430388339312435 0.07825344049737334

cov.inverse():
 832470.6394336995 -2949013.096843973  1512384.638344385   808500.817857357 -204304.3878509423
-2949013.096221913   30892221.2248559 -40018055.66352327  5860788.792583624  6214143.781769497
 1512384.636326443 -40018055.64792141  86880194.94837137  -56757491.4541403  8382611.648971607
 808500.8197719845  5860788.768791151 -56757491.42497909  78864238.17641732 -28775699.45263771
-204304.3883696862  6214143.790582076  8382611.633394398 -28775699.44535428  14383162.53905964

cov*(cov_.inverse()):
     1.000000000021828 -1.746229827404022e-10  3.492459654808044e-10  2.328306436538696e-10                      0
 1.818989403545856e-12      1.000000000407454 -9.313225746154785e-10  1.164153218269348e-09  1.164153218269348e-10
 1.091393642127514e-11                      0     0.9999999991850927  1.396983861923218e-09 -1.164153218269348e-10
 2.546585164964199e-11 -5.820766091346741e-11  1.164153218269348e-10      1.000000000931323 -2.328306436538696e-10
 1.455191522836685e-11  1.164153218269348e-10 -2.328306436538696e-10                      0                      1
