5
2

9.123100462354595e-05
0.0001401177813318156
0.0003116726760496973
  0.08734094643938967
    0.560990005559633

-0.04259300311286283   0.2164243618742211  -0.6057657648969953   0.7115126711242684   -0.279542284067243
 -0.2701935689785581   0.7414669980907406  -0.3424060669369957  -0.4191719216012949   0.2903017593655796
  0.6208285280808367  -0.3004093368110289  -0.5597217506779154  -0.1823312363836119   0.4216551329399568
 -0.6115761433985273  -0.3656086897530559 -0.07993380038492395   0.2605627829437695   0.6465466189714855
  0.4070968323571466   0.4236410068247098   0.4428634922609549   0.4657327295285442   0.4916964696737679

0.4000020765800356
0.4001410669915972
0.4002658326692368
0.4003997496874597
0.4005359495382602

-0.001048882252450245
   0.4000491575641789

  0.505657681490708  0.1183745225505421  -0.913997048009306   8.416575158438652  -8.126495831060254
  1.474245176252199 -0.3034211001345624 -0.1927998655532665  0.7349700294611883  -0.712997609889777

 7.339263661414364e-08 -1.103967993806226e-07  -4.05193006706809e-07   -0.02548341587860747    -0.0707060904696586
 5.914265484923527e-09 -2.105355185535285e-08  6.602316087845057e-08  -0.007969805419414531     0.1189464801794319

cov:
0.05500943965583503 0.05598144475939499 0.05711138942627834 0.05845281497443969 0.05997849538884173
0.05598144475939499 0.05750121266577846 0.05926726685374656 0.06136662137448614 0.06375168292856921
0.05711138942627834 0.05926726685374656 0.06177220092282835 0.06475191465238135  0.0681351772594143
0.05845281497443969 0.06136662137448614 0.06475191465238135 0.06878067622542855 0.07335339139323442
0.05997849538884173 0.06375168292856921  0.0681351772594143 0.07335339139323442 0.07927482288880078

cov.inverse():
 7904244.746905095 -13231682.36273385  4235022.776049122  962294.2726276153  130126.2514482249
 -13231682.3632647  34559223.27186269 -26952114.20380784  3234620.144756055  2390727.216102513
 4235022.774478728 -26952114.19708027  53285227.47914872 -43423722.58625192  12852898.39178738
 962294.2769756623  3234620.130362416 -43423722.57372852  70116480.31455418  -30886578.3533692
 130126.2492015764  2390727.223237176  12852898.38442149 -30886578.35089106  15511660.01384299

cov*(cov_.inverse()):
     1.000000000087311  -2.91038304567337e-10  2.328306436538696e-10 -2.328306436538696e-10  1.164153218269348e-10
 1.818989403545856e-11     0.9999999996798579 -2.328306436538696e-10  2.328306436538696e-10 -1.164153218269348e-10
 7.639755494892597e-11 -5.238689482212067e-10      0.999999999650754 -4.656612873077393e-10                      0
 1.236912794411182e-10  -4.94765117764473e-10                      0     0.9999999995343387  2.328306436538696e-10
 8.549250196665525e-11 -1.455191522836685e-10  1.164153218269348e-10                      0      1.000000000232831
