5
2

0.0001281226720506959
0.0002610075952185325
0.0005644699818307654
  0.06628291168635678
   0.5433196878015503

  -0.0171087456293762    0.2021502579908794   -0.7170713668412078    0.6553204570466559   -0.1233138980401396
   -0.244450414262074    0.7380133844821938   -0.2811874667163249   -0.4895620714528298    0.2772053860384177
   0.5999522573255036   -0.3446944987622354   -0.4545029620152196   -0.2843473210292583    0.4835459130175338
  -0.6366356991988857   -0.3298324973234497 -0.007378582321724347    0.2025528449425193    0.6669508315787126
   0.4179755509903288    0.4322820187699067    0.4473420139674464     0.457168484040788    0.4788640671024936

0.3673285033853266
0.3634473790001109
0.3594069923713925
0.3566906822030549
0.3506975307121227

0.05778232676146759
 0.3750489588138044

 0.9425037040680813   -3.45256460873179   5.266400977815131    6.75517565280678  -9.512128888964556
  1.592953768577311 -0.8174858485531745  0.5162278381772871  0.5957723337133628 -0.8876730111665757

 1.821020317807996e-08 -6.950906926915117e-07 -2.280862820968402e-06   -0.01966481067255868   -0.06181970692398372
-1.030829228832675e-09 -1.141505848598195e-07   1.28793579397105e-07  -0.005358509193970956     0.1153199994154599

cov:
0.05335263761856627 0.05425950982856282 0.05521577391856192 0.05584106639098748 0.05721918025425674
0.05425950982856282 0.05564069736764954 0.05709516560582115 0.05804486723277438 0.06014039340836431
0.05521577391856192 0.05709516560582115 0.05907348686984398 0.06036426639679453 0.06321407718078009
0.05584106639098748 0.05804486723277438 0.06036426639679453 0.06187721653719426 0.06521829627046714
0.05721918025425674 0.06014039340836431 0.06321407718078009 0.06521829627046714 0.06964607230788561

cov.inverse():
 2024747.242482932  -3507864.21963196  900535.7324876431  538243.7849731478  44224.73114626118
-3507864.219575126  10857400.32352813 -11384967.46391096  3074104.826453761   961305.047734427
 900535.7320679409 -11384967.46203974  33132612.92972299  -26199942.7232062  3552771.511463929
 538243.7854606007  3074104.823896245 -26199942.72036798  29932943.13314236 -7346373.987233568
 44224.73102167612  961305.0484776192  3552771.510077152  -7346373.98646543  2788241.312501961

cov*(cov_.inverse()):
    0.9999999999931788 -3.637978807091713e-11 -2.328306436538696e-10   2.91038304567337e-10                      0
 1.591615728102624e-11      1.000000000145519 -3.492459654808044e-10  5.820766091346741e-11  5.820766091346741e-11
-1.637090463191271e-11 -7.275957614183426e-11     0.9999999997380655  5.820766091346741e-11   2.91038304567337e-11
   1.2732925824821e-11  2.182787284255028e-11  5.820766091346741e-11      1.000000000058208                      0
 1.364242052659392e-11 -1.455191522836685e-11  -2.91038304567337e-11  5.820766091346741e-11      1.000000000029104
