6
2

0.0001437496439269593
0.0001733334505972399
0.0002799094063629845
0.0006582672818876236
   0.1119734634731987
   0.6239336435099058

 -0.1174025630860634   0.4893013971124631  -0.6621772306305987   0.4993616024579363  -0.2407433029637717  0.03166620071528655
  0.1274300897554703  -0.3200432677085436    0.333944299994526   0.4128018772567795  -0.7492380082607124   0.1950694764213934
 -0.4275898374460958   0.6008989941175216   0.3461836161523761   -0.409046188638296  -0.3405713034664239   0.2300796307905189
  0.5636384893097021 -0.01769351922868038   -0.380370930952924   -0.482623581970434  -0.1979417366246891   0.5149855285928115
 -0.5850551411537662  -0.3962557855896446  -0.1736120686258368   0.0778963128615405   0.2045551855964181    0.650107702086301
  0.3566052109781642   0.3738250128212635   0.3941271725683031   0.4170377180220145   0.4285702990857079   0.4692103959038993

0.3977629503141945
0.3978893523362629
0.3979991912388591
0.3981096701416871
0.3982048357966564
0.3983514532403631

-0.0008743087919248975
    0.3978326752736974

 0.2265772835734379   1.089433481979111   2.168962008208538  -5.877080913219988   6.176775488361788  -3.784599038098888
  1.472683788938611 -0.2330762317724298 0.05691017392845332 -0.5648225852713998  0.6165148748442515 -0.3481686121663072

-1.130613376625232e-07 -2.219592020720375e-07  5.783918805729401e-08  -4.55768460662157e-07   -0.03254278858856514   -0.09212705835761524
-1.583114988794352e-08 -1.447332183889949e-08 -6.339191168166406e-08  3.396325481632429e-07   -0.01157710336290734      0.126820098963528

cov:
0.05379715300518562 0.05480256575331221 0.05598772479909109 0.05732332745968127 0.05799529046303612 0.06036893825634546
0.05480256575331221 0.05637057675923821 0.05821891706988795 0.06030344501026724 0.06135248138565514 0.06505312094818688
0.05598772479909109 0.05821891706988795 0.06084933195612235 0.06381702882835348 0.06531073225860594 0.07057622771059019
0.05732332745968127 0.06030344501026724 0.06381702882835348 0.06778225343842612 0.06977818726745171 0.07681110891161454
0.05799529046303612 0.06135248138565514 0.06531073225860594 0.06977818726745171 0.07202712602679903 0.07995011989823442
0.06036893825634546 0.06505312094818688 0.07057622771059019 0.07681110891161454 0.07995011989823442 0.09100536921349389

cov.inverse():
 4274252.174249382 -7439789.763454855  2794500.715198921  518303.6798242281  -208838.258621687  61637.26781031217
-7439789.763121516  19604680.99827205 -16566368.15525787  4309605.161675675 -323368.4384111172  415427.0269028171
 2794500.714211886  -16566368.1535197  26794777.21078742 -12797470.30297498 -1944199.228328759  1717980.600524776
 518303.6798817781  4309605.161972954 -12797470.30353169  20412346.38855424  -14113533.6294771  1670651.030346722
-208838.2576535569  -323368.441082508 -1944199.226267864 -14113533.62964862  23059800.71468048 -6468848.495456472
 61637.26743838147  415427.0278719472  1717980.599771838  1670651.030316347 -6468848.495270346  2602783.390816409

cov*(cov_.inverse()):
     1.000000000010459 -1.491571310907602e-10 -5.820766091346741e-11  3.055902197957039e-10 -1.164153218269348e-10   2.91038304567337e-11
 2.000888343900442e-11     0.9999999999345164  -1.01863406598568e-10  2.182787284255028e-10  5.820766091346741e-11  -2.91038304567337e-11
-4.547473508864641e-12  1.455191522836685e-10      1.000000000116415 -1.309672370553017e-10 -5.820766091346741e-11                      0
 2.455635694786906e-11  1.236912794411182e-10 -1.455191522836685e-10      1.000000000145519 -5.820766091346741e-11                      0
 2.728484105318785e-11  8.731149137020111e-11 -8.731149137020111e-11   2.91038304567337e-11      1.000000000058208  -2.91038304567337e-11
  3.54702933691442e-11 -9.458744898438454e-11  5.820766091346741e-11                      0  1.164153218269348e-10                      1
