6
2

0.0001013457229018979
0.0001594812362176622
0.0003490313317025773
0.0007515722847436865
    0.112737074479145
   0.6305903910549878

-0.03922935880753005   0.2073677127729445  -0.5915548151860096   0.7158916138636373  -0.3047464261265779  0.01230458044422226
  0.2644421608433873  -0.7347253465958116   0.3667172238242929   0.3967742985841636  -0.3129652255146966  0.01975879526509265
 -0.5724290566818074   0.3301515315882795   0.5325024330351804  0.09549882691379946  -0.5061177427081721    0.120378173445087
  0.3505459320487231  0.04710655456610537  -0.2007112932751999  -0.3799186730144626  -0.4888188859703599   0.6718120253511581
 -0.5922070418279111  -0.4082118555663061  -0.1941603401655976  0.06286481071051378   0.3459201537883917   0.5668711720211874
  0.3567418466845929   0.3732577078251954   0.3924783767942366   0.4155227366945288   0.4409337340455019   0.4607526012869473

0.3998225254185481
0.3999312947060491
0.4000185011501989
0.4001092061869321
0.4001920064966261
0.4002854989226735

-0.000612292162656414
   0.3999283220440203

  0.3754177812985578  0.03843993489950866  -0.9318203575673857    8.975620643982571   -8.074191036938636  -0.3833787121523095
   1.475076999588687  -0.3387253531835466  -0.1995852626057308   0.8297581844161789  -0.7330090485796503 -0.03350210741987925

 9.681301757269176e-08  1.477725800073212e-07  5.115459897198835e-07  3.387423206949006e-07   -0.03181472958911186   -0.08934890960608782
 8.288098083248492e-09  2.858105299769029e-08 -7.507826214779182e-08   3.17308346756366e-07   -0.01165371934538596     0.1302665577271208

cov:
0.05506359438262711 0.05602145968252582 0.05713686725217174 0.05847128823149995 0.05994553053546424 0.06109410922720524
0.05602145968252582 0.05751824445783323 0.05926047974751289 0.06134728524863462 0.06365030954019973 0.06544560675505971
0.05713686725217174 0.05926047974751289 0.06173202677772748 0.06469420639041591  0.0679614930979662  0.0705092269118576
0.05847128823149995 0.06134728524863462 0.06469420639041591 0.06870723484100402 0.07313205959238207 0.07658303692709675
0.05994553053546424 0.06365030954019973  0.0679614930979662 0.07313205959238207 0.07883202615753282 0.08327801607263102
0.06109410922720524 0.06544560675505971  0.0705092269118576 0.07658303692709675 0.08327801607263102 0.08850148502526387

cov.inverse():
 5806600.123665953 -9953114.070637928  3445495.056874414  706474.5249941925 -15155.57365623796  9689.057116206523
-9953114.069941944  26309556.82501853 -21110368.71537491  3219068.159214679  1475549.422360122  59893.48082008518
 3445495.057374629 -21110368.71810056  41756918.95000109 -34958499.18704183  11000823.16345952  -136329.116305733
 706474.5220979291  3219068.167123815 -34958499.19326909   56418132.4902182 -26191236.56872848  808390.3583042339
-15155.57184424233  1475549.417358602  11000823.16825942 -26191236.57046717  15418743.59059121 -1689686.752876609
 9689.057004193735  59893.48133436299 -136329.1171039653  808390.3588284104 -1689686.753004784  948080.3962541468

cov*(cov_.inverse()):
     1.000000000043315  2.178239810746163e-10 -1.182343112304807e-10  -1.01863406598568e-10 -1.600710675120354e-10  -2.91038304567337e-11
-2.080469130305573e-11      1.000000000250566 -3.055902197957039e-10  -2.91038304567337e-11 -1.746229827404022e-10 -1.455191522836685e-11
-7.037215254968032e-11  5.838955985382199e-10     0.9999999992469384   3.41970007866621e-10 -3.055902197957039e-10                      0
-1.004991645459086e-10  5.384208634495735e-10 -6.803020369261503e-10     0.9999999998399289 -3.201421350240707e-10                      0
-4.729372449219227e-11  2.273736754432321e-10 -2.273736754432321e-10  -2.91038304567337e-11      0.999999999825377 -1.455191522836685e-11
 3.069544618483633e-12   1.90084392670542e-10  9.094947017729282e-12 -1.600710675120354e-10 -8.731149137020111e-11                      1
