5
2

0.0001449705475534573
0.0002443582216120876
 0.000434093197471246
   0.0763200563518758
   0.5547168902298379

 -0.1375200582505408   0.5516588435293018  -0.7202005554491953    0.388867796286927 -0.08278738355752703
 -0.3392658054170891   0.5467857180108495  0.08260666800254735  -0.6632399077316036   0.3731126573137725
  0.5268017004100732  -0.2852712141203665  -0.5238409759481665   -0.263066748475765   0.5454235240649304
 -0.6480572775099243  -0.3648363607088406 -0.03373407505455464   0.3473068241712721   0.5702246724190668
  0.4104737267657233   0.4268637525420657   0.4460268404816841   0.4680475590509758   0.4809263939909246

0.3984145009362832
0.3985215519357079
0.3986087524082733
0.3986951454169495
0.3987839807550625

-0.0006178314181157315
     0.398523461029374

 0.1774664380731467   1.941368127101641   4.740782390740343  -4.587010842959089  -2.273137380792257
  1.465675298001079 -0.1751129586349668   0.325692022001744 -0.4347009718367608 -0.1815825578238268

-8.329453691488839e-08  2.141877189901124e-07 -5.609531972212534e-07   -0.02255643675836269    -0.0689548600693401
 -1.44327258943676e-08 -2.063240854726562e-08  1.256459723854429e-07  -0.006706958215005859     0.1173457204386043

cov:
0.05429211960516518  0.0552931030206176 0.05646369287024181 0.05780676357318957 0.05859204980178721
 0.0552931030206176 0.05684415591731366 0.05865760275575781 0.06074026905755277 0.06195817817199775
0.05646369287024181 0.05865760275575781 0.06122266598136513 0.06417003197718368 0.06589374789131743
0.05780676357318957 0.06074026905755277 0.06417003197718368 0.06811239076156535   0.070418115527667
0.05859204980178721 0.06195817817199775 0.06589374789131743   0.070418115527667 0.07306451620671044

cov.inverse():
 4300316.927580704 -7513952.730806963  2778771.945119789  488385.4439559288 -53493.02684247691
-7513952.731182096  19919357.96232405 -17354985.94238186  4532152.653135221  417852.3823112122
   2778771.9461188 -17354985.94424183  26250646.95228569 -13512128.44074744   1836931.02105367
 488385.4428227617  4532152.656124406 -13512128.44308952  14929444.60968975 -6437570.801310347
-53493.02633322111     417852.3808069   1836931.02253481 -6437570.801796468  4236327.626852887

cov*(cov_.inverse()):
    0.9999999999663487  9.094947017729282e-11  1.455191522836685e-11  1.164153218269348e-10 -5.820766091346741e-11
 -5.32054400537163e-11      1.000000000149157  1.455191522836685e-11  5.820766091346741e-11 -5.820766091346741e-11
 -7.73070496506989e-12  2.619344741106033e-10     0.9999999998835847   2.91038304567337e-10 -1.164153218269348e-10
-1.164153218269348e-10  2.619344741106033e-10 -2.619344741106033e-10      1.000000000174623 -5.820766091346741e-11
-4.229150363244116e-11 -1.164153218269348e-10 -5.820766091346741e-11  5.820766091346741e-11                      1
