5
2

8.819906215598114e-05
0.0001515040758744571
0.0004959417777857758
  0.06529499199615955
   0.5571187221323823

0.006089561959241124   0.1217521775258366  -0.5541949787229896   0.7549881118519282  -0.3286338403502395
-0.05556615200793848   0.6239694082459269  -0.5796472036744069  -0.3628303688490659   0.3740826419891062
  0.5001544459805046  -0.6020609022676146  -0.3937139039223557  0.01378877690027936   0.4818375572913071
 -0.7601197542039964  -0.2040140984483632  0.02154133567256769   0.2913596127532705   0.5433615314105927
  0.4110216653912131   0.4378806942946365   0.4487787623610608   0.4618078822313121   0.4739755167788584

0.3996509017030075
0.3996116175732014
0.3995224479316288
0.3994078717845914
0.3993087750572172

0.001792404351028347
  0.4000675813862814

 0.2505756218461106  -1.404937640305414   5.161109387605646   10.14862663385994  -14.15554212019395
  1.374672016446768 -0.5134215447858949    0.43966383615168   1.004962519825197  -1.305890596391277

 7.222321065086534e-08 -2.951762347938073e-07 -1.904098233884623e-06   -0.01930202562415864   -0.06787150540224969
 6.924123668566481e-09 -3.453894465066672e-08  5.120547259623731e-08  -0.005744828200566204     0.1187685831885093

cov:
0.05489884065299169 0.05652301877387805 0.05718238735813492 0.05797020074052699 0.05870585602281378
0.05652301877387805 0.05968990026361599 0.06097481924260604 0.06251086226578811  0.0639453137519734
0.05718238735813492 0.06097481924260604 0.06251355242075544 0.06435314354174164 0.06607109747555573
0.05797020074052699 0.06251086226578811 0.06435314354174164 0.06655586586210496 0.06861295634060231
0.05870585602281378  0.0639453137519734 0.06607109747555573 0.06861295634060231 0.07098682402153565

cov.inverse():
 1156479.167381804 -2639455.454398768  168769.9745930688  1497348.056894913 -183126.7535024715
-2639455.454420008  20341353.64876884 -23467277.13552751   1919525.54776959  3846089.565806461
 168769.9745005758 -23467277.13039964  54749961.83261943 -44646153.20317378  13194407.85770349
 1497348.057149463   1919525.53704132 -44646153.18844438  79010530.13375077 -37781285.67435314
-183126.7536432878  3846089.571385684  13194407.84800932 -37781285.67009729  20924008.44892558

cov*(cov_.inverse()):
    0.9999999999890861  -2.91038304567337e-10  1.164153218269348e-10  4.656612873077393e-10 -6.984919309616089e-10
-5.456968210637569e-12     0.9999999999417923 -5.820766091346741e-10  4.656612873077393e-10 -2.328306436538696e-10
-7.275957614183426e-12  -2.91038304567337e-11      1.000000000116415 -4.656612873077393e-10                      0
 3.637978807091713e-12 -1.746229827404022e-10 -5.820766091346741e-10      1.000000000931323 -9.313225746154785e-10
-9.094947017729282e-12  1.164153218269348e-10 -4.656612873077393e-10                      0     0.9999999997671694
