4
2

0.0001645044983581323
0.0005309811006860123
  0.07335206680319256
   0.5191346048022286

-0.4109404992248283   0.806399813878019 -0.4242813024048144 0.02885520237356477
  0.471792189772692 -0.1673740796501707 -0.7451005632299057  0.4407076103327727
-0.6335301283893982 -0.3034222431464988 0.08497678291443006  0.7066494641279888
 0.4551698717943113  0.4792078880848075   0.507532731426915  0.5528025997934379

0.3993397727218972
0.3993756882990768
0.3994185618785538
0.3995138993324653

-0.0001199321117593628
    0.3994312263315613

  2.406232317637743   3.986626771589527  -5.432418806279563 -0.9605597306261148
  2.344048539922628 -0.5388265564623911 -0.7540725635155116 -0.0512529868271378

 1.218631202240029e-07  1.153802641267507e-06   -0.02084663376852543   -0.07612393842849287
-2.920810776616093e-08  4.892694911927054e-07  -0.007650192680430465     0.1071753350801703

cov:
0.05799465576584169 0.05981802035778183  0.0619685810118148 0.06540281452190998
0.05981802035778183 0.06238358725807342 0.06540756373690354 0.07023905499842932
 0.0619685810118148 0.06540756373690354 0.06945956763887523 0.07593558713399744
0.06540281452190998 0.07023905499842932 0.07593558713399744 0.08504376194733491

cov.inverse():
 7029814.353629465 -12525466.05709655  5195999.110704826  299210.7965324277
-12525466.05721369  24128909.75891311 -12200635.10345103  598177.9563292023
 5195999.110895155 -12200635.10370358  8621119.749353578 -1617069.527638135
 299210.7964592345   598177.956464607 -1617069.527700341  719740.5196348751

cov*(cov_.inverse()):
     1.000000000003638 -2.110027708113194e-10  7.275957614183426e-11 -1.455191522836685e-11
-2.182787284255028e-11      1.000000000021828  5.820766091346741e-11                      0
 7.275957614183426e-12 -1.891748979687691e-10      1.000000000116415 -7.275957614183426e-12
 1.455191522836685e-11  4.365574568510056e-11                      0                      1
