4
2

0.0002829864772032838
0.0004646285561177895
   0.1165425507966586
   0.5153285642091207

-0.2268191592446514  0.4384276776604333 -0.7115829515879752  0.4999839432123535
 0.5973002524924071 -0.6357137880203899 -0.3259926948345798  0.3644573377060232
-0.6377509225435877 -0.4463331861832094  0.3113033880582312  0.5451152614721165
 0.4301851208106333  0.4521458150791517  0.5389514509742969  0.5657174712100113

0.3997934472958786
 0.399526567239157
0.3983760998051539
0.3979810771256396

0.0043100785778684
0.4005433481571493

  1.585568761116565  0.1198097667975181    2.60875164841805  -4.314119564786718
  1.574680577798385 -0.3965011344387744  0.2199753090107546 -0.3981053350510593

-3.459869051739658e-07 -3.350130367251481e-07    -0.0353713861068441   -0.07922364251678823
-7.099866022265927e-08  2.106587722142695e-07   -0.01325370334382314      0.103959808049514

cov:
0.05466928887398635  0.0555198720934411 0.05887405958965725 0.05990662878355377
 0.0555198720934411 0.05699655359051257 0.06282659903434029 0.06462302722292408
0.05887405958965725 0.06282659903434029 0.07845419265558189 0.08327358176705081
0.05990662878355377 0.06462302722292408 0.08327358176705081 0.08902595607698646

cov.inverse():
 2295086.303593967 -3000668.698557026  1113481.865046452 -407771.0923483499
 -3000668.69856053  4272334.335178892 -2935798.661348994  1664045.455785172
 1113481.865061306 -2935798.661366717  6815228.231695017 -4993074.300282609
-407771.0923597061  1664045.455799397 -4993074.300285478  3736940.689459583

cov*(cov_.inverse()):
     1.00000000001819                     0 5.820766091346741e-11  2.91038304567337e-11
3.637978807091713e-12     1.000000000029104                     0 -2.91038304567337e-11
7.275957614183426e-12                     0                     1                     0
7.275957614183426e-12                     0                     0                     1
