5
2

0.0001185445136603968
0.0001613117601314038
 0.000493514737055261
  0.05543736872742343
   0.5495422252417643

-0.009815559396121864    0.1631278474586026   -0.6063738823818399    0.7280120107395186   -0.2749585189832121
 -0.07318016513957286    0.6556997153044649   -0.5024794079436375   -0.4330913167629294     0.353056514905123
   0.5385967821654593   -0.5491467005942735   -0.4235569039641952  -0.04247324643300918    0.4765993914275826
  -0.7262714651426476   -0.2210085401870524  0.004039038088776809    0.2672507263169911     0.593502922939978
   0.4207036764570166    0.4393635341308809    0.4476699617277987    0.4573876869615492    0.4694211442555257

0.4002474855024367
0.4004421481690486
0.4004462432014504
0.4004507078391406
0.4004519418918512

-0.000112593291325471
   0.4004160919876211

 -0.7224122611500156    1.413693437025392    2.614425622674021    11.23462142148425   -14.54067047863338
   1.250783575222311 -0.05404570527798436   0.2303326206021793   0.8513729187267446   -1.278466803110267

 1.521834781580362e-07  -2.68884308986162e-07  -2.35763406243471e-06   -0.01661021563978834   -0.06025346693819697
 1.139083378613941e-08 -2.765565795646202e-08 -9.666529131338704e-09  -0.004384917283017845     0.1192417712122402

cov:
0.05507201261825317 0.05631485119718305 0.05686789300931479 0.05751508837538175 0.05831580745761195
0.05631485119718305 0.05844772964226906 0.05939698246223789 0.06050756471226679 0.06188258259038418
0.05686789300931479 0.05939698246223789 0.06052277084751264 0.06183977278252258  0.0634706285682315
0.05751508837538175 0.06050756471226679 0.06183977278252258 0.06339827360285302 0.06532838986566858
0.05831580745761195 0.06188258259038418  0.0634706285682315 0.06532838986566858 0.06762945609528394

cov.inverse():
 1403875.080797784 -3172283.543686785  900014.1625143333  615495.1011225333  252955.1756298388
-3172283.543641515   19654380.3489719 -18745597.76592758 -2366546.792801299   4630053.88197763
 900014.1623582388 -18745597.76198348  36604389.98981485 -22976551.39645847  4217961.106993568
 615495.1012915518  -2366546.79974416 -22976551.38724331  44930636.88783801 -20203549.60043797
 252955.1755716568  4630053.885021705  4217961.101566318 -20203549.59799664  11102835.78365294

cov*(cov_.inverse()):
     1.000000000012733 -5.820766091346741e-11                      0                      0                      0
 1.091393642127514e-11                      1  2.619344741106033e-10                      0  1.164153218269348e-10
 9.094947017729282e-12   2.91038304567337e-10      1.000000000523869 -4.656612873077393e-10  3.492459654808044e-10
 3.274180926382542e-11                      0                      0                      1                      0
-7.275957614183426e-12  5.820766091346741e-11  5.820766091346741e-11                      0                      1
