5
2

0.0002265806422032116
0.0002832199787051968
0.0006371538552975506
  0.09607340614152805
   0.5698034343748001

 0.1631918933710523 -0.3832874475487176 -0.0170804146882359  0.7502744847120147 -0.5130843941436525
-0.4983193871295091  0.6853012065151907 -0.3740089280912385  0.3431796196722156 -0.1561573408757019
 0.3656125622093105 -0.1365457678098851 -0.7990400968403292  0.1320176894921979   0.437937165527762
-0.6607267877356782 -0.4418573884682621  0.1083560499007925  0.2807797863867823  0.5269002165789926
 0.3934637984263308  0.4117891334768674  0.4578421903160679  0.4722816823141554  0.4928960237163526

0.3982346031238552
0.3983185486074194
0.3984311171433729
0.3985125902259869
0.3985398980750992

-0.0002850755615454499
    0.3983873431951901

 -0.2955345700058654    3.981733972385679   -4.199428073081962    5.050145426688251   -4.537104239234409
   1.429128916669779 -0.05077898423822208  -0.4589946092159277   0.4894302504345988  -0.4088123272811928

 2.368906730790547e-07  5.525262497908795e-07  5.616580260868738e-07   -0.02761412077769069   -0.08134826801448318
 4.299558110292951e-08 -2.755270928743624e-08   3.17373549456394e-07  -0.009687383544522435     0.1171755947019973

cov:
0.05429387211036618  0.0552999836709219 0.05782761011643953 0.05862080677434392 0.05975332363270133
 0.0552999836709219 0.05685751426967257 0.06077070485180443  0.0619979983658595 0.06375030113656058
0.05782761011643953 0.06077070485180443 0.06816704309937559 0.07048560180587403 0.07379600189562036
0.05862080677434392  0.0619979983658595 0.07048560180587403 0.07314668885366658 0.07694546708841983
0.05975332363270133 0.06375030113656058 0.07379600189562036 0.07694546708841983  0.0814414723772502

cov.inverse():
 3943824.670490085  -5598677.68769013  1549578.735754144  371820.0859576836 -266471.4696844658
-5598677.687677661  8762356.021714743  -2799058.69436095 -2713909.173937823  2349160.800898857
 1549578.735942712 -2799058.694690146  3322272.368150448 -2109587.530315125  36850.20421256334
 371820.0855879483 -2713909.173317869 -2109587.530700974  12475823.80131821 -8023969.902147782
-266471.4695157775  2349160.800620578  36850.20445777824   -8023969.9022834  5904271.469311152

cov*(cov_.inverse()):
     1.000000000052751 -1.164153218269348e-10 -2.592059900052845e-11                      0                      0
 1.055013854056597e-10     0.9999999998544808 -2.137312549166381e-11                      0                      0
 7.639755494892597e-11 -5.820766091346741e-11     0.9999999999959073                      0                      0
 7.275957614183426e-12 -1.455191522836685e-10 -2.182787284255028e-11                      1                      0
-1.091393642127514e-11  -2.91038304567337e-11   7.73070496506989e-12                      0                      1
