4
2

0.0005323149643312764
 0.001608452305171568
  0.05504082146946572
   0.5823270030173623

 -0.3140495824041246   0.7666614168816265  -0.5512746386055519  0.09848555471321856
  0.6201086030220314  -0.2665142656844342  -0.6678696561595981   0.3136647717325163
 -0.5451082398595898  -0.3310825990022123 -0.01231916034861381   0.7701230796200212
  0.4687165316980398   0.4812325120871241   0.4998946223954441   0.5466492922554577

0.3688267138846166
0.3665931774971678
 0.363260167367766
0.3561671282275262

0.05757420794507603
 0.3857327902223915

  24.94756892221558  -25.04452170446535  -0.084825611889812   0.146657423883475
  8.924983355806404  -8.209074475555296  0.2349674513520212 0.05778083227461847

-7.643398577868797e-06   5.75571280722173e-05   -0.01573315425765713    -0.1088979948130908
-2.612659573422744e-06  1.961939123020063e-05  -0.006378887824049738     0.1294900364809144

cov:
0.07540089406716473  0.0770352732679174 0.07947457077721103 0.08561533577682542
 0.0770352732679174 0.07886390969161503  0.0815896131930183  0.0884340901370779
0.07947457077721103  0.0815896131930183 0.08474215419018447 0.09263684968431188
0.08561533577682542  0.0884340901370779 0.09263684968431188  0.1031301430002916

cov.inverse():
 496797.0507858246  -913518.549678229  450903.3467508208 -34107.68185327482
-913518.5496778263  2101783.928579517 -1422734.599565616   234068.319103604
 450903.3467502507 -1422734.599564934  1244916.008509853 -272578.8789577608
-34107.68185310854  234068.3191033256 -272578.8789576487  72455.73626036791

cov*(cov_.inverse()):
    0.9999999999899956  2.546585164964199e-11 -1.091393642127514e-11  3.637978807091713e-12
-1.409716787748039e-11      1.000000000021828                      0  3.637978807091713e-12
-5.456968210637569e-12 -2.182787284255028e-11                      1  2.728484105318785e-12
-9.094947017729282e-13  3.637978807091713e-12 -3.637978807091713e-12      1.000000000000909
