5
2

9.157565298468935e-05
0.0001908180851879173
0.0005583249471912442
  0.07595407836691154
   0.5617222665797686

-0.008839315332799257    0.1039828374490374   -0.5711316752928444    0.7622267761974093   -0.2862313524849927
  -0.1216475713117993    0.6247371455321564   -0.5554845845078888   -0.3512717293540638    0.4036711730071611
   0.5664426924507082   -0.5625779850109054   -0.4009779050074621  -0.04944015297758041    0.4465658718707033
  -0.7062805382883595   -0.3126247577216026   0.04058488701394053    0.2786616223133499     0.569327787210823
   0.4067360474591418    0.4297241442471661    0.4503499444800448    0.4642433471010171    0.4812130398561751

0.4005573144593593
 0.400920175184993
0.4010840256047392
0.4011866234697271
0.4013156629484198

-0.00176915575473554
  0.4005100684186141

 -0.1773137882276073 -0.05521477686684348    4.546881019733363    5.821610685573006   -10.13621392420442
   1.344226725549238  -0.3560772068299491   0.4070281730815016   0.5339294635977601  -0.9291552479400345

 3.973039038715999e-08 -3.158814790662745e-07 -2.090714767515217e-06   -0.02204654454467482   -0.07042473400008566
 3.283611525098733e-09 -4.277270949684402e-08  1.113527594845892e-07  -0.006933047303665505     0.1192039108177446

cov:
 0.0550776466207708 0.05642372554287918 0.05763166778255969 0.05844472805302927  0.0594383389540286
0.05642372554287918  0.0588309616320965 0.06099056530612573 0.06244495853233866 0.06422160912134697
0.05763166778255969 0.06099056530612573 0.06400419257818581 0.06603412964024924 0.06851350208327069
0.05844472805302927 0.06244495853233866 0.06603412964024924 0.06845201895164503 0.07140505281481009
 0.0594383389540286 0.06422160912134697 0.06851350208327069 0.07140505281481009 0.07493646353376976

cov.inverse():
 1445107.550952732 -3219019.980754182  1729193.467815052  280274.0344935747 -235535.9613141626
-3219019.980929662  13023670.71764282  -15888876.3068555  3513382.447003607  2570996.845207787
 1729193.468601539 -15888876.30755881  47886777.65401658 -46488615.96030584  12760944.51722006
 280274.0335952868  3513382.447512968 -46488615.95898828  72676742.01330841 -29981169.47096752
-235535.9610269181  2570996.845226311  12760944.51598565 -29981169.47003887  14884573.54430403

cov*(cov_.inverse()):
    0.9999999999672582  1.164153218269348e-10 -1.164153218269348e-10  6.984919309616089e-10                      0
-9.094947017729282e-12     0.9999999999708962                      0                      0 -2.328306436538696e-10
 7.275957614183426e-12  -2.91038304567337e-11     0.9999999997671694                      0                      0
-2.546585164964199e-11  5.820766091346741e-11                      0     0.9999999995343387 -2.328306436538696e-10
 1.091393642127514e-11   2.91038304567337e-11 -2.328306436538696e-10                      0                      1
