5
2

0.0001160806102442568
0.0001639628588565563
0.0005608670643990432
  0.06853209447475254
   0.5531216196873388

0.002294805743838163   0.2597848787115554  -0.5609590460810442    0.684771806219408   -0.385900340355221
 -0.1150872272828789    0.663985201170513  -0.4742037334485649   -0.436233690698556   0.3615377836766885
  0.6232199781924105  -0.4694971472788368  -0.5016185044398462 -0.02484178664405195    0.372734555842022
 -0.6519053953676446  -0.2880264246772799  -0.1153861253506784   0.3524708459933218   0.5954078257627189
  0.4163722832458281   0.4338763381472123   0.4421772109498376   0.4646879908794826   0.4763715253766069

0.3999662605605765
0.4000374047182167
0.3999830380429726
0.3998324601391426
0.3997581116399288

0.001319134551632958
  0.4003161627389477

  -0.985097278809375    1.749752221961693    3.013406293252899    7.816036446456693   -11.59411541849205
   1.272518331411261 -0.04372269108682522   0.1195771862694822   0.7350579847301446   -1.083459754339949

 1.157245055397195e-07 -2.084871365147625e-07 -2.347558000129737e-06    -0.0204670149461279   -0.06413179035927433
 1.139877104709147e-08 -2.539323149420151e-08   1.04280998259938e-07   -0.00571478605573339      0.119069754343958

cov:
0.05503627512971519 0.05615172334940582 0.05668055397325193 0.05811574417254235 0.05886032587290125
0.05615172334940582 0.05798317633818632 0.05885148882982144 0.06120664407747381 0.06242885245975157
0.05668055397325193 0.05885148882982144 0.05988090848938422 0.06267256512021058 0.06412140916370346
0.05811574417254235 0.06120664407747381 0.06267256512021058 0.06664739652442786 0.06871056774037292
0.05886032587290125 0.06242885245975157 0.06412140916370346 0.06871056774037292 0.07109277258731876

cov.inverse():
 1727864.013996698 -3728331.295610157  940715.5288031071  1934833.223246003 -875063.4821278965
-3728331.295832356  22108568.59103221 -21778343.49852307  2464835.087635689  933091.8189488546
 940715.5294239669 -21778343.50001188  32517382.76423524 -20773071.66569939  9093685.472370092
 1934833.222237543  2464835.090850623 -20773071.66792549  41880039.82371316 -25507015.12222612
-875063.4815180922  933091.8170005134  9093685.473728243 -25507015.12224572  16355491.44216296

cov*(cov_.inverse()):
                     1 -2.473825588822365e-10 -2.328306436538696e-10  6.984919309616089e-10 -1.164153218269348e-10
 -2.91038304567337e-11     0.9999999999636202 -1.164153218269348e-10                      0  3.492459654808044e-10
-1.455191522836685e-11 -4.365574568510056e-11     0.9999999997671694  4.656612873077393e-10  2.328306436538696e-10
-1.455191522836685e-11 -1.818989403545856e-10 -1.164153218269348e-10      1.000000000465661 -2.328306436538696e-10
                     0 -4.365574568510056e-11                      0                      0                      1
