5
2

0.0001285860310169933
0.0002109016630709135
 0.000457816854096199
  0.04641076028923088
    0.601042699079169

0.01746909164305249 0.04325658835035829 -0.5324738453017981  0.7849739754863782 -0.3132270107766607
-0.3445407237774897   0.740397084417578 -0.4503702766701909 -0.2265022855927942   0.281010988322681
 0.5719549470016065 -0.3115999677887496 -0.5582518098772093 -0.1825345907274644  0.4804258929649993
-0.6060352328489782 -0.4022000436976888 0.03328567252139257  0.3034775869454853  0.6146135693440282
 0.4319436949905913  0.4371288252607755  0.4482021851075153  0.4550769713356784  0.4629932892697306

0.4026998832293814
0.4028840752572185
0.4028784335354968
0.4028769267241774
  0.40287352250749

5.006831921535365e-05
   0.4028926410206036

-4.437929095131243  2.320352510448533  11.47725730243079   9.31928012885693 -18.67914541082841
0.9009572672075921 0.1708283698816702 0.8658742545195646 0.8908110500461254 -1.828505986942757

  1.17025455086428e-07 -4.128530153810368e-07 -4.263932871640562e-06   -0.01403075721599895   -0.05991005715967521
 1.379088460148635e-08 -5.735636043729586e-08 -2.226676323580842e-07  -0.003100367662339009     0.1483754129135086

cov:
0.06819195822042506 0.06873484552585003 0.06989425636991957 0.07061434284403313 0.07144353265134835
0.06873484552585003 0.06937715566514725 0.07074849755929315 0.07160003171432111 0.07258055619953416
0.06989425636991957 0.07074849755929315 0.07257271080330668 0.07370514712818117  0.0750091396033952
0.07061434284403313 0.07160003171432111 0.07370514712818117 0.07501196461220463 0.07651672646789971
0.07144353265134835 0.07258055619953416  0.0750091396033952 0.07651672646789971 0.07825276609606406

cov.inverse():
 4248233.173322703 -6539647.393840416   1402627.59233956  2085656.594681127 -1196827.268273641
-6539647.393861042  12900989.73951126 -8059882.702888188 -1445380.467266079  3143852.444719575
 1402627.592158718 -8059882.702053182  23194859.45285312 -22499760.65158565   5962264.37871337
 2085656.595086403 -1445380.468907176 -22499760.64956598  38579295.50501785 -16719841.81321597
 -1196827.26847746  3143852.445505041  5962264.377347888 -16719841.81243215  8810516.034649603

cov*(cov_.inverse()):
     1.000000000014552  8.731149137020111e-11 -5.820766091346741e-11  6.984919309616089e-10                      0
 5.820766091346741e-11     0.9999999999708962 -1.164153218269348e-10  6.984919309616089e-10                      0
  2.91038304567337e-11  1.455191522836685e-10      1.000000000174623  4.656612873077393e-10  1.164153218269348e-10
 7.275957614183426e-11  1.164153218269348e-10 -2.328306436538696e-10      1.000000000465661                      0
  2.91038304567337e-11   2.91038304567337e-11                      0                      0                      1
