4
2

2.983072934811886e-09
0.0001729053599678139
   0.0647722364079911
   0.4573418579324103

-0.6376198333727241  0.5174691373033496  0.4592799397607324 -0.3387160713069943
 0.1084432467971539  -0.643813865094174  0.7318172973880941 -0.1954154870530446
-0.6135266939279429 -0.2984885965703228 0.02344052297919914  0.7307120468678407
 0.4530629163280523  0.4781568328158735  0.5029472358602103  0.5595928118019273

0.4975313406232085
0.4853240927589038
0.4759836994014408
0.4517838419212927

0.1335596976658992
0.5141285993158817

   8.38186581276965 -0.1093924521935716  -8.955130391024577  0.7087131206246553
 -8.779163144075056    3.83441071002652   12.79258309727143  -6.795012509310559

-8.679829199103884e-17 -1.707862236190864e-07   -0.02014606962820578   -0.07575026725594255
 1.402342326080786e-16  2.173158357661804e-07  -0.001777229737803548     0.1019642966439654

cov:
0.04451298904296587 0.04608005716063324 0.04760063262377211 0.05114802609298329
0.04608005716063324 0.04819524570682163 0.05027140872826971 0.05505095565710533
0.04760063262377211 0.05027140872826971 0.05291098029898275 0.05893947349767171
0.05114802609298329 0.05505095565710533 0.05893947349767171 0.06773783247385484

cov.inverse():
   2.7089600366095e+17 -2.198493742707505e+17 -1.951273997761173e+17  1.439052320137754e+17
-2.198493743139084e+17  1.784217807805755e+17  1.583583226347321e+17 -1.167882685233304e+17
-1.951273997132278e+17  1.583583225526063e+17  1.405509923458121e+17 -1.036554742423519e+17
 1.439052319941292e+17 -1.167882684844599e+17 -1.036554742616089e+17  7.644526135058926e+16

cov*(cov_.inverse()):
  0  -1   3  -1
 -1   2   2 0.5
  2  -2   1   1
  0  -1   1   1
