5
2

8.807224379777732e-05
0.0001445150137055226
0.0005330569832623114
  0.06494200188628048
   0.5577960182136041

0.009613495870842124   0.1165553217182768  -0.5592659920130563   0.7549528589747426  -0.3218542660581094
-0.05912031721170917   0.6305812285984849  -0.5744315579232269  -0.3651816903131177    0.368161405573642
  0.4969351128803546   -0.597184410614956  -0.3940748805408937 0.003282911864619719   0.4910402064204375
 -0.7618672145166576  -0.2005734267738573  0.02267778176688885   0.2891102995847901    0.543350348122598
  0.4111279725598188   0.4380904601894839   0.4488213922935936   0.4616199421056223   0.4738321704357584

0.3999537530370385
0.3999639035538962
0.3998951962580843
0.3998043741988979
0.3997275208842825

0.001399174523581486
  0.4003162163373971

-0.4518631415536933  0.8397050235460105   5.466885461289698   6.600696452969944  -12.45546856905489
   1.27524266308017 -0.1895749447473337   0.392634997141081  0.6624556516584797  -1.140779168779735

 4.675863626815047e-08 -2.000787776995493e-07  -2.55019681365356e-06   -0.01922969326318138   -0.06815139881213643
 4.947729428579726e-09 -2.260515817817836e-08  9.718720896179936e-09  -0.005706050265136894     0.1190796193825386

cov:
0.05503826787007922 0.05668355014024222 0.05733890856669905 0.05812002811767533  0.0588653353946163
0.05668355014024222 0.05988408613189108 0.06115787373108859 0.06267694970969713 0.06412640976409387
0.05733890856669905 0.06115787373108859 0.06267773821491203 0.06449041712109514 0.06622004719815081
0.05812002811767533 0.06267694970969713 0.06449041712109514   0.066653502321699 0.06871749172337088
 0.0588653353946163 0.06412640976409387 0.06622004719815081 0.06871749172337088 0.07110057979642442

cov.inverse():
  1048476.00407017 -2684948.918822615  243784.7804792586  1975120.666122495 -582435.9644287707
-2684948.919044512  22046014.45839236 -24919692.28074666  311130.8769537113  5247801.472417936
 243784.7812551743 -24919692.28915527  56669836.30721064 -44392942.94521058  12398666.55067364
 1975120.665182686  311130.8930350727   -44392942.965831    79864230.323884 -37757563.48312642
-582435.9640430026  5247801.464523325  12398666.56366147 -37757563.48860553   20693620.1784917

cov*(cov_.inverse()):
    0.9999999999708962 -5.820766091346741e-11  1.164153218269348e-10 -9.313225746154785e-10                      0
-1.455191522836685e-11      1.000000000058208  2.328306436538696e-10 -9.313225746154785e-10 -2.328306436538696e-10
-7.275957614183426e-12  1.164153218269348e-10                      1 -9.313225746154785e-10 -2.328306436538696e-10
-2.182787284255028e-11   2.91038304567337e-10  2.328306436538696e-10                      1  2.328306436538696e-10
 2.182787284255028e-11  5.820766091346741e-11 -1.164153218269348e-10                      0                      1
