5
2

0.0001849106644469327
0.0002145728233925758
0.0006491550666281035
   0.1006270638621405
   0.5849346546481234

 -0.02734625186110402   0.02228036042296411   -0.3445123513651376    0.8146932538573692   -0.4651256926087053
  -0.2119290559096634    0.7502481166484684   -0.5736334795775158   -0.1591737416205973    0.1944792786210308
   0.5182095802244399   -0.4163243358210709   -0.5925076795267453    0.0371526725327179    0.4535275151435279
  -0.7357299356562115   -0.2922608585706926 -0.007573942988221568    0.2877663463123996    0.5389046461522224
   0.3801296496108993    0.4217688786000169    0.4484787129330654    0.4761815105098897    0.4997304029430276

 0.399650985066309
0.3996154084884732
0.3995565139714317
0.3995178558325372
0.3994376865706046

0.0008303228029878799
   0.3999410044267697

   0.772738181597467    4.441667779728745   -5.647610027503685     4.77555190701837   -4.342802243667995
   1.387965781498404 -0.01086453731775761  -0.4275276892651723      0.4384510343078  -0.3880761158390725

 2.712810371013882e-07  2.211611523848565e-07  4.439998239191071e-08   -0.02825090510139675   -0.08962093301429912
 2.211529124266625e-08 -9.315107985916437e-09  3.444458994575881e-07   -0.01111529159554203     0.1184300663077969

cov:
0.05492116879877125 0.05703280516286656 0.05838580533647064 0.05978874257186339 0.06098067441409744
0.05703280516286656 0.06172946794701845 0.06474138937306613 0.06786499543749554 0.07052000517731288
0.05838580533647064 0.06474138937306613 0.06881816571960243 0.07304622651841265 0.07664035931208457
0.05978874257186339 0.06786499543749554 0.07304622651841265 0.07842032084108959 0.08298877142548565
0.06098067441409744 0.07052000517731288 0.07664035931208457 0.08298877142548565 0.08838573451910366

cov.inverse():
 1634690.755790676 -3983155.749245981  2187350.363231342  126763.7416450799  34488.98590885054
   -3983155.749299  12651159.50757615 -8986506.125220368 -2099580.310676625  2417882.704346388
  2187350.36299673 -8986506.124403792  11451267.57260262 -6277795.084826983  1625823.430590429
 126763.7423310338 -2099580.312722494  -6277795.08331525  19965310.23077036 -11714920.12728391
 34488.98551051597  2417882.705522687  1625823.429660661 -11714920.12713213  7636887.084051034

cov*(cov_.inverse()):
    0.9999999999936335  5.820766091346741e-11   1.01863406598568e-10                      0                      0
  -1.2732925824821e-11                      1 -7.275957614183426e-11  3.492459654808044e-10 -1.164153218269348e-10
 5.456968210637569e-11 -1.164153218269348e-10      1.000000000087311  1.164153218269348e-10 -1.164153218269348e-10
 3.910827217623591e-11   2.91038304567337e-11                      0      1.000000000116415 -1.164153218269348e-10
 3.183231456205249e-12   2.91038304567337e-11   2.91038304567337e-11                      0     0.9999999998835847
