7
2

9.411407366688894e-05
 0.000130646121594814
0.0001826905148119213
0.0002911592120815065
0.0006750007545461965
   0.1151004514314297
   0.6862264707547263

-0.0002256832517056546    0.03864934881279318    -0.2763338037898352     0.7442299620571827    -0.6029371430446988    0.04256387264094939    0.05406188718241126
  -0.01310429084655962    0.04112600254209307    -0.2147624228687639     0.2646907548001022     0.4000030198161184    -0.7902139545832809     0.3122696361208461
    0.1856147557210215    -0.5976827978718372     0.6580723464234357    0.06080942829054391    -0.2640699083315206    -0.2460216388160048     0.2032384624979204
    -0.348332553620873      0.584664935510902     0.2899099905373803    -0.2848871514756105    -0.4264742005463114    -0.2012251973529409     0.3863302082433859
    0.6143447798640508   -0.07703320059830245    -0.4327652921719319     -0.384412451825467    -0.2358810964654063    0.04234731907910001     0.4734495317658886
   -0.5997960073687093    -0.4174501205697775    -0.2062222684504793  -0.009182421396097436     0.1287692663100834     0.3235703371705523     0.5496261624691591
    0.3269022211203412     0.3428678300821477     0.3613810907510658     0.3786090890003088     0.3906786529124541     0.4077265473112624     0.4275098907293499

0.3993431832499955
0.3992991293287325
 0.399211282465315
0.3991747827418011
 0.399093697020976
0.3989814705463297
0.3988474144201722

0.001437968272997027
  0.3997094681860174

 0.2474047825672786   2.095325049579136  -2.745553416618517    1.90510536305937   3.496584527737249  -1.287163035571211  -3.711591815295227
  1.475376207455114 -0.1496886971313649 -0.3806969783006116  0.1549108652750548  0.3482024998393766 -0.1113768406109485 -0.3366868596956799

-9.407521431358174e-10  4.153762738514525e-08 -1.421260471663322e-07 -2.429540071048488e-07 -9.978762292902713e-07   -0.03286338321878343     -0.102241382354412
-1.640079325444351e-10  3.745312891351561e-09  -3.59276330733501e-10 -8.579937442497789e-08  3.539614151784908e-07   -0.01220951245457256     0.1406793093710937

cov:
0.05508974310692883 0.05609831983890035  0.0572697252909642 0.05835612681555894 0.05911797787094804 0.06019448871726357 0.06144377465832163
0.05609831983890035 0.05766774323312304 0.05948866412818851 0.06118054371596026  0.0623663429852333   0.064041542623062 0.06598555778023701
 0.0572697252909642 0.05948866412818851 0.06206219746709396 0.06445563816050157 0.06613266909532074 0.06850157164243835  0.0712505757920396
0.05835612681555894 0.06118054371596026 0.06445563816050157 0.06750325402556444 0.06963831822651474  0.0726540274467108 0.07615360812629772
0.05911797787094804  0.0623663429852333 0.06613266909532074 0.06963831822651474 0.07209413359684733 0.07556276075245992 0.07958794203384027
0.06019448871726357   0.064041542623062 0.06850157164243835  0.0726540274467108 0.07556276075245992 0.07967104756227983  0.0844384855604798
0.06144377465832163 0.06598555778023701  0.0712505757920396 0.07615360812629772 0.07958794203384027  0.0844384855604798  0.0900673637937662

cov.inverse():
 3302005.040698281 -5862704.226939123   2056955.49289852  768273.2573137812 -326013.1598774665  121303.0022486188 -59908.65115975947
-5862704.226837504  15016175.53840091 -11435158.19800267  896437.2401347889  160349.1773796648  1292418.085828324 -66850.54717488738
 2056955.492193082 -11435158.19541022  25700991.33792559 -25958997.48241866  7336240.014997281  3035729.428959169 -736999.1232952358
 768273.2586911928  896437.2334817422 -25958997.47372396  68029640.48157363 -43306382.56773533 -8485751.787821176  8057561.359236432
 -326013.159608144  160349.1787617831  7336240.012034081 -43306382.57003488  54773714.08807391 -18479341.89963848 -158579.3715282965
 121303.0002664129  1292418.091549558  3035729.420486198 -8485751.775925105 -18479341.90794915  39084047.18470512 -16568443.82946514
-59908.65022041829 -66850.55011617881 -736999.1186667869  8057561.353059481 -158579.3668291371 -16568443.83061406  9533172.735489951

cov*(cov_.inverse()):
     1.000000000042292 -1.036823960021138e-10  1.600710675120354e-10 -5.820766091346741e-11  1.637090463191271e-11 -2.328306436538696e-10                      0
 5.002220859751105e-11      1.000000000005457  -3.41970007866621e-10  4.656612873077393e-10  1.982698449864984e-10 -6.984919309616089e-10  2.328306436538696e-10
 2.637534635141492e-11 -1.218722900375724e-10      1.000000000043656 -4.656612873077393e-10 -2.728484105318785e-11 -4.656612873077393e-10  2.328306436538696e-10
-1.000444171950221e-11 -4.729372449219227e-11 -1.673470251262188e-10      1.000000000465661 -1.909938873723149e-10 -2.328306436538696e-10                      0
 6.366462912410498e-12  1.100488589145243e-10  2.255546860396862e-10 -3.492459654808044e-10      1.000000000056389  2.328306436538696e-10 -1.164153218269348e-10
-2.819433575496078e-11  3.155946615152061e-10  1.673470251262188e-10 -1.047737896442413e-09  2.764863893389702e-10     0.9999999997671694  1.164153218269348e-10
-3.274180926382542e-11 -1.637090463191271e-11  5.820766091346741e-11 -2.328306436538696e-10 -1.509761204943061e-10                      0                      1
