5
2

0.0001055105177527116
0.0002070772796113012
0.0007585234400514694
  0.08720075429002337
    0.590047767364414

 -0.1324328140815339   0.5704696707370178   -0.745044763946868   0.3190436910077074 -0.01205518424492376
 -0.5590518120418194   0.5985671941132865   0.3697635442992681   -0.437768756448472  0.02849250373181068
  0.3083898158789856 0.004643311585277204  -0.3285571370341278  -0.6234092435307872   0.6389720525218273
  -0.646974567203768  -0.3766322035451974 -0.05208740675564016   0.3053985403362688   0.5861661251404208
  0.3952749069455672   0.4176221878812918   0.4444325941962508   0.4739855332671929   0.4971587669928206

0.3999404770617692
0.4000149247294438
0.4000949953623903
0.4001694710115969
0.4002476218319709

-0.0004961269811054463
    0.3999595491462002

 0.6032220333444955 -0.8239284993079511   8.604828644350643  -8.122195957753902 -0.2619204465959496
  2.171448522205413  -1.056760387522014  0.6833450262685533 -0.7853559953453239 -0.0127002837726749

-1.063047627268973e-07  2.529774806944289e-07  1.295197229337538e-06   -0.02404520431597792   -0.09100995494007889
-1.836805336939318e-08 -5.361736424262253e-08  5.303135740293983e-07  -0.009807197178246293     0.1191153970003802

cov:
0.05757964397016282 0.05932496782393335 0.06141787371270149 0.06372616070751007 0.06553415841280059
0.05932496782393335 0.06180001356361703 0.06476870916057482 0.06804182323415174 0.07060708378771655
0.06141787371270149 0.06476870916057482 0.06878866539860064 0.07321989611649177 0.07669410534979787
0.06372616070751007 0.06804182323415174 0.07321989611649177 0.07892704759791261 0.08340266719339373
0.06553415841280059 0.07060708378771655 0.07669410534979787 0.08340266719339373  0.0886655981614638

cov.inverse():
 9029301.299251787  -14587526.0470975  3866303.398544451  1577774.131282678  114382.1440464985
 -14587526.0441375  37588349.99834801 -33020094.57788716  10233229.60172725  -214903.706880643
  3866303.39277647 -33020094.56989894  53238505.29192445 -24771012.52063904  687601.7982489245
  1577774.13424405  10233229.59656899 -24771012.51857936  14288056.51774289 -1328677.422906976
 114382.1438929591 -214903.7067504321  687601.7984095442 -1328677.423044266  741652.0500679031

cov*(cov_.inverse()):
    0.9999999999618012 -4.729372449219227e-11  -3.92901711165905e-10  1.455191522836685e-11  1.455191522836685e-11
-6.002665031701326e-11      1.000000000149157 -7.566995918750763e-10  1.455191522836685e-10                      0
-1.182343112304807e-10  1.455191522836685e-10      0.999999999141437  2.182787284255028e-10  7.275957614183426e-12
-4.911271389573812e-11 -1.527951098978519e-10 -5.384208634495735e-10       1.00000000037835  7.275957614183426e-12
-5.638867150992155e-11  5.456968210637569e-11 -5.820766091346741e-11  8.731149137020111e-11                      1
