5
2

0.0001658057973301097
0.0001865426592755034
0.0004643017305227013
  0.09248158291855359
   0.5910295673264487

  0.3108287160775708  -0.6685776495419722   0.5415109894747607  -0.3623301358873502   0.1785277477044388
 -0.2309009781846667   0.4578675048883413  0.06152661674560322  -0.7323194393160091   0.4438071658642008
  0.5377215040830837  -0.1679758179055983  -0.7078207429696317 -0.08039517598934524    0.418528517720276
 -0.6394960198747556  -0.3791699850649344 -0.08519333077105762   0.3121263406986922   0.5853154763239911
  0.3898341597986316   0.4139752668035357   0.4412620717033771    0.478057396708205   0.5033912155149848

0.3979485209182669
0.3980127812760375
0.3980834255306094
 0.398173793420603
0.3982079259504016

-0.0004370088301679143
     0.397973241243312

  1.621521965388541   3.278042772040442  -4.825734419441345   4.110789268215448  -4.184824496532467
  2.310438823208604 -0.6506617967266788 -0.7440482338114184  0.5046955130477628 -0.4204776214914443

-1.797224848876532e-07  -1.40517728858204e-07   3.56798751280121e-07   -0.02595898078451431   -0.09839215789655911
  1.35347850075872e-08 -4.987925517042262e-08  3.582365756426011e-07   -0.01074237407965576     0.1161889483674545

cov:
0.05658357581974974 0.05844704671607109 0.06055487821648953 0.06339242005609454 0.06534810269420549
0.05844704671607109 0.06109386989795684 0.06408639480296358 0.06811878010453579 0.07089630055357471
0.06055487821648953 0.06408639480296358 0.06807827448617233 0.07346028548570015 0.07716611375238649
0.06339242005609454 0.06811878010453579 0.07346028548570015   0.080665539994192  0.0856253651293426
0.06534810269420549 0.07089630055357471 0.07716611375238649  0.0856253651293426  0.0914478103009629

cov.inverse():
  6387773.11967859  -11016271.9543735  3948703.397918638  562077.7073866448  117551.9578379062
-11016271.95440681  22414826.59714181 -11808119.45923444 -761444.3152974456  1171704.650554963
 3948703.396592352 -11808119.45654663  13099171.96898533 -8167791.648311849  2927020.974911761
 562077.7107598128 -761444.3220444473 -8167791.644768611  20216887.05706386  -11848820.8712936
 117551.9558244864  1171704.654580526   2927020.97273014 -11848820.87112399  7632139.634350725

cov*(cov_.inverse()):
     1.000000000100954                      0  2.328306436538696e-10 -3.492459654808044e-10  5.820766091346741e-11
 2.364686224609613e-11     0.9999999999417923                      0                      0                      0
 1.073203748092055e-10 -7.275957614183426e-11      1.000000000203727                      0  1.164153218269348e-10
 1.055013854056597e-10 -1.600710675120354e-10  2.037268131971359e-10                      1                      0
 3.092281986027956e-11  8.731149137020111e-11                      0                      0                      1
