5
2

0.0001307309906056979
0.0001676482870472089
0.0003156397343524292
  0.03707657286352058
   0.5437977722208553

 0.02552299188085796    0.122445936180465  -0.6096225226564639   0.7338940255159642  -0.2722416367499301
 -0.2808397150896497   0.7673898674489248  -0.3870079689479881  -0.3476909753294496    0.248148470497592
  0.6108221522100072  -0.2968332206692829  -0.5256757095584513  -0.2406027764705329   0.4522849652724759
 -0.5989153623492854  -0.3382419168601388 -0.05710926641678377   0.2777017704422438   0.6682163218624518
  0.4343665714870025   0.4400025327603136    0.446081597816226   0.4533239191067938    0.461770598018666

0.4008520012842643
0.4008010904926928
0.4007470421271002
0.4006825584670516
0.4006065035690578

0.001599090639686444
  0.4010997799736434

-5.953059031673595  4.225228300567087  10.23403091859372  10.58771352152295 -19.09384033722452
 1.381740166915306 0.5856331779549917 0.1294994248585952 0.2938832896329445 -1.390797021110765

  1.21256458447523e-07 -2.098322198526582e-07 -2.137380781161539e-06   -0.01136416504356317   -0.05287287247545128
 1.063617311025163e-08 -1.225589601123638e-08 -9.729544236026156e-09  -0.002585439696386332     0.1202453135231576

cov:
0.05628715177179531 0.05679640709115365 0.05734579273375413 0.05800042633383203  0.0587639166591389
0.05679640709115365 0.05740857853900426 0.05806882251942203 0.05885548046831347 0.05977293883193804
0.05734579273375413 0.05806882251942203  0.0588486945276819 0.05977774007843013 0.06086128060588763
0.05800042633383203 0.05885548046831347 0.05977774007843013 0.06087643388555292 0.06215779809819774
 0.0587639166591389 0.05977293883193804 0.06086128060588763 0.06215779809819774  0.0636699754286166

cov.inverse():
 6589530.354381795 -9304775.213370029 -266246.3533691413  3094927.846673415 -113439.0117910084
-9304775.213643683  22714141.19735278 -13368100.14114873 -3518384.212693905   3477129.85075656
-266246.3526823652 -13368100.14186958  29847882.39442685 -20120981.65419677  3907522.787382085
  3094927.84610303 -3518384.212242852 -20120981.65382623  36396742.85980125 -15852347.90066008
-113439.0116337479  3477129.850752709  3907522.786977472 -15852347.90040888  8581109.799896335

cov*(cov_.inverse()):
     1.000000000021828  -2.91038304567337e-11  -2.91038304567337e-11  1.164153218269348e-10 -1.164153218269348e-10
 1.036823960021138e-10      1.000000000058208  5.820766091346741e-11 -2.328306436538696e-10  5.820766091346741e-11
 1.300577423535287e-10                      0      1.000000000058208 -3.492459654808044e-10                      0
 8.185452315956354e-11                      0  1.746229827404022e-10                      1 -1.164153218269348e-10
 1.364242052659392e-11  8.731149137020111e-11  -2.91038304567337e-11 -1.164153218269348e-10                      1
