5
2

0.0001777581612681733
 0.000271777483380972
0.0005681117737373709
   0.1120048451210078
   0.5811709975991565

-0.06376464575457577   0.2103764977771862  -0.5313855976575381   0.7379524097849156    -0.35317330962231
  -0.365142306343428   0.7180728196773211  -0.3569887815456107  -0.3323294364920217   0.3363906616574529
  0.5625713328382088  -0.2835343323178366  -0.6242514478914378  -0.1047264499895936    0.449960307520275
 -0.6307468790752163   -0.443054154728097 -0.02340793511106524   0.3187095532518181   0.5511240148595492
  0.3850675733887642   0.4042579043122309   0.4471583107043868   0.4821202939849503   0.5058734802511747

0.3993825433858156
0.3993217650816099
0.3991752103993073
0.3989589416655959
0.3988094653523134

0.001617042132312051
  0.3997706775469388

   0.9406824796107013   -0.2449183982030515     3.008174779174355   -0.1856601730541684    -3.518386773903891
    1.570439941716171   -0.4720247368875855    0.2216527591236493 -0.004486643598218848   -0.3155918459119898

-1.909832074401053e-08 -2.005446184788444e-07 -9.175502522178337e-07   -0.03203355799883476   -0.08816293109867986
-6.606402890705606e-09 -8.096720668576303e-08     2.380026201061e-07   -0.01206794788794593     0.1186235784381149

cov:
0.05507308070266639 0.05608362786938782 0.05834267158389513 0.06018283122241303 0.06143322010921716
0.05608362786938782 0.05766082678016161 0.06118604746423018 0.06405824912402813 0.06600974014226403
0.05834267158389513 0.06118604746423018 0.06754226305836181 0.07272205275960278 0.07624118500906443
0.06018283122241303 0.06405824912402813 0.07272205275960278 0.07978316953124974 0.08458034570199592
0.06143322010921716 0.06600974014226403 0.07624118500906443 0.08458034570199592 0.09024590192049189

cov.inverse():
 2914383.247626287 -4468529.915590484  1749011.908177308 -28872.78447239433 -165970.0778825897
-4468529.915540661  8630645.095312791  -6460050.00444275  1774411.663367637  523581.1988138378
 1749011.907861717 -6460050.003948354  11869127.42682058 -10601461.53541037  3443233.692740424
-28872.78390537147   1774411.66239885 -10601461.53490042   18763686.9899156 -9907661.485189075
-165970.0781838408  523581.1993380449   3443233.69240927 -9907661.485080874  6106790.693416122

cov*(cov_.inverse()):
     1.000000000025466  1.818989403545856e-11  -2.91038304567337e-11  1.164153218269348e-10  5.820766091346741e-11
 3.274180926382542e-11                      1 -1.164153218269348e-10                      0 -1.164153218269348e-10
 8.549250196665525e-11 -8.731149137020111e-11      1.000000000058208  1.164153218269348e-10                      0
 8.185452315956354e-11 -1.164153218269348e-10  1.164153218269348e-10                      1 -5.820766091346741e-11
 7.275957614183426e-12                      0                      0                      0                      1
