4
2

0.0001100418127677106
  0.00021269955971196
  0.06935744091544882
   0.5234649964717377

-0.1412536249110436  0.5916103982116753 -0.7393020058911908  0.2889240285309873
 0.5720637386737569 -0.5773544533360377 -0.4092909621310927  0.4145911509251652
-0.6687203698320047 -0.2931864480740384  0.1533640135563186  0.6658335024489034
 0.4534352868004879   0.480313104762505  0.5122430397272016  0.5489105850032392

0.3993753866989411
0.3996522079181528
0.3999742592755787
0.4003324313694124

-0.002883747625572174
   0.3989109709321715

  1.021722500159957  -1.043259270614866   7.875378538599946  -7.853809200730034
  2.199210233366624  -1.032917069095696  0.5556576401521007 -0.7220049860380013

-1.072022970290635e-07 -2.394439774531728e-07   -0.02116074147214263   -0.08624291054259377
-1.866190424086102e-08  6.006594111832116e-08  -0.007520359835483001     0.1066993459064537

cov:
0.05848977067922383 0.06062122811625704 0.06315199086435282 0.06605935522679833
0.06062122811625704 0.06362910324004117 0.06720169598586317  0.0713048513915694
0.06315199086435282 0.06720169598586317 0.07201291588737031 0.07753771755986018
0.06605935522679833  0.0713048513915694 0.07753771755986018 0.08469432468516418

cov.inverse():
 8881434.384947743 -14201603.37380311  3448531.533733058  1872027.738137027
-14201603.37101757     36271935.34979  -30896290.2640854  8824813.622367708
 3448531.528520111 -30896290.25683123  48839356.60853244 -21390389.84242829
 1872027.740564333  8824813.617899137  -21390389.8403869  10693113.62024364

cov*(cov_.inverse()):
     1.000000000029104 -4.656612873077393e-10                      0 -1.164153218269348e-10
 5.820766091346741e-11     0.9999999997671694 -2.328306436538696e-10                      0
  2.91038304567337e-11  1.164153218269348e-10     0.9999999995343387  1.164153218269348e-10
                     0 -1.164153218269348e-10                      0                      1
