5
2

9.191821798253856e-05
0.0001252907406490594
 0.000219676706276478
  0.05233566999092039
    0.570100795716233

0.005882958811856193   0.2116024836990386  -0.6678034183119945   0.6767319261081266  -0.2264117363672128
 -0.3183074286854319   0.7653570699978754  -0.2717149705424602  -0.4221121340036238   0.2467818011076841
  0.6093474551912916  -0.2426683748094065  -0.5252699875473082  -0.2957494105673006   0.4543472956345206
 -0.5908134885310702  -0.3514103037057448 -0.08470504171137032   0.2569236770536276   0.6739922108578861
   0.422233196540644   0.4325226035867525   0.4439888122066257   0.4586695508001695   0.4765915472705401

0.4009772213332712
0.4010454825101646
0.4011242817734013
0.4012194454684896
 0.401337146155656

-0.001602440920750424
   0.4006041891985497

-0.5891084243050188 -0.8377754767262183   6.582585277469499   5.013372239933987  -10.16923786681849
  3.017320761322436 -0.7089969887893617 -0.7321610663946619  0.0161242020470328 -0.5923580730078761

 9.450412474925649e-09 -1.078131433109041e-07 -4.688912835215237e-07   -0.01501273245217615   -0.07657200681491146
 4.238787668531595e-09 -2.287356183266945e-08  1.023705995280906e-07  -0.005112684494104425     0.1193998442535237

cov:
0.05890004718542714 0.05992463900672495 0.06106657142807891 0.06252840626211618 0.06431297620034492
0.05992463900672495 0.06114067860967724 0.06249583572021435  0.0642307728102315 0.06634874128087154
0.06106657142807891 0.06249583572021435  0.0640885824013572 0.06612778313179701  0.0686172003311205
0.06252840626211618  0.0642307728102315 0.06612778313179701 0.06855672237216343 0.07152191310872126
0.06431297620034492 0.06634874128087154  0.0686172003311205 0.07152191310872126 0.07506798146563921

cov.inverse():
 14152793.79490524 -18436065.42901943 -1587874.518332611  5296017.818308209  575153.6373559301
-18436065.41921077  43835448.44831852 -27331307.19018858 -2144625.715231539  4076797.022728033
-1587874.546413583 -27331307.14684631  63203539.97439629 -42963186.10410509  8678507.817843279
 5296017.845275383 -2144625.764330558 -42963186.08270247  67366953.85329473 -27555147.78560194
 575153.6286611712  4076797.038293309  8678507.811701884 -27555147.78633102  14224743.52117749

cov*(cov_.inverse()):
    0.9999999996944098 -3.492459654808044e-10  1.280568540096283e-09 -9.313225746154785e-10  3.492459654808044e-10
-2.328306436538696e-10      1.000000000232831  2.328306436538696e-10  1.164153218269348e-09 -3.492459654808044e-10
-1.964508555829525e-10   2.91038304567337e-10      1.000000000814907  4.656612873077393e-10  1.164153218269348e-10
-2.110027708113194e-10  1.164153218269348e-10  8.149072527885437e-10      1.000000000232831                      0
 -2.91038304567337e-11 -5.820766091346741e-11 -1.164153218269348e-10  2.328306436538696e-10                      1
