5
2

9.001346072165978e-05
0.0001445812842036111
0.0005656320926593386
  0.07280549642769028
   0.5641772000720674

-0.003715927251957977    0.2017567426806893   -0.6454381075628887    0.6941305937163662   -0.2467240905143603
 -0.04976283050962604    0.6336267788925642   -0.4685114649891369   -0.4877254366381785    0.3723730272183186
   0.4959113910273373   -0.5766015853713061   -0.4033692112919793  -0.02417109395667413    0.5082435849031957
   -0.767034713946365   -0.1844861468083359  0.008956383840199944    0.2563325017004123    0.5584228156133539
   0.4040290737494982    0.4373863226442056    0.4484637321451569    0.4626186594939819      0.47991454360889

0.4005848158490036
0.4009966666943601
0.4010741563820769
0.4011642455323255
0.4012790632725643

-0.001583749516375238
   0.4005613457734759

-0.1444685666266984 -0.2350308174373505   4.649139790306892   5.900738412141586  -10.17065354376238
  1.295900706762533 -0.3881249228249774  0.4220631767962617  0.5931363234643354 -0.9230323529281829

 2.882529468297701e-08 -1.878227909561732e-07  -2.27900734564439e-06   -0.02104970208225796   -0.07239673769647821
 2.300362470953433e-09 -2.385442655986605e-08    6.8062700848311e-08  -0.006795522673075674     0.1192082927720328

cov:
0.05507713268868614 0.05699821932382575 0.05763631790844946 0.05845093740869194 0.05944705431739019
0.05699821932382575 0.06107269418717286  0.0624256577057864 0.06415430651531397 0.06626670885109408
0.05763631790844946  0.0624256577057864 0.06401606983413126 0.06604829155434515 0.06853144762466146
0.05845093740869194 0.06415430651531397 0.06604829155434515 0.06846872060705021  0.0714259730241327
0.05944705431739019 0.06626670885109408 0.06853144762466146  0.0714259730241327 0.07496228502003498

cov.inverse():
 888949.8633300244 -2494636.357134326  786105.3928458113   805220.712949453  14397.59844024356
-2494636.357433095  25269336.11048694 -29546307.71435622  2544198.457115992  4227625.042729304
 786105.3934408947 -29546307.71161882  62424734.21793617 -44332597.87595768  10667316.99749893
 805220.7126017825  2544198.450826073 -44332597.86661506  70847256.03253751 -29863293.87230191
 14397.59849157988  4227625.045983015  10667316.99148882 -29863293.86959677  14953685.75638768

cov*(cov_.inverse()):
    0.9999999999939746 -8.731149137020111e-11  3.492459654808044e-10  1.164153218269348e-09 -1.164153218269348e-10
 1.170974428532645e-11     0.9999999997089617  3.492459654808044e-10                      0                      0
 1.159605744760484e-11 -5.820766091346741e-11      1.000000000931323                      0  1.164153218269348e-10
 6.366462912410498e-12 -3.492459654808044e-10  9.313225746154785e-10      1.000000000465661  2.328306436538696e-10
-5.684341886080801e-12  5.820766091346741e-11  2.328306436538696e-10                      0                      1
