5
2

0.0001779439337502079
0.0002839965145364133
0.0005127237413545942
   0.1098019760027856
   0.5816744954430729

-0.005454315191613505   0.06780173657934675   -0.5421103497974215    0.7813601576558001   -0.3016054502711048
  -0.3615070737263295    0.6894108750971434   -0.4538681237416496   -0.2371004334170642    0.3630597632185251
   0.5449133221326049   -0.3792012298486536   -0.5333265908569562   -0.1381017429625201    0.5057336796371064
  -0.6518253605985482    -0.462469470249062   0.07993422060074601    0.2915555035578249    0.5194724218764833
   0.3840261146518515    0.4030434048380351    0.4574859153630851    0.4787305979748951    0.5016010455421379

0.3996737013212971
0.3997351882782031
0.3998602951631742
0.3998660208660976
0.3998667216265032

-7.809975930632275e-05
    0.3998440054260435

  0.8823675519468921 -0.03311993908479387     4.51992833500482   -1.790652204154914   -3.578717428888722
   1.572395763971243  -0.4712891440135049   0.3887020585678651  -0.1925539467629815  -0.2972828743314364

-8.793554012305876e-08 -2.635765832646753e-07 -9.147922604547004e-07   -0.03110154511707179   -0.08763866680825576
-9.880505795255302e-09  -9.13036055209741e-08  1.851960297189275e-07    -0.0118933548646652     0.1185622227098393

cov:
0.05502041730637407 0.05600314137556642 0.05881445694325817 0.05991182939813497 0.06109240510959368
0.05600314137556642 0.05754083696775154  0.0619406853420222  0.0636578040530727 0.06550575573053782
0.05881445694325817  0.0619406853420222 0.07089054387228549 0.07438282808334286 0.07814245840545561
0.05991182939813497  0.0636578040530727 0.07438282808334286 0.07856785208265755 0.08307341672917133
0.06109240510959368 0.06550575573053782 0.07814245840545561 0.08307341672917133 0.08838241755769992

cov.inverse():
 2750825.114275935  -3887742.03955508  1022216.008825831  641862.0382396755 -527086.5824248774
  -3887742.0393897  6585098.378646696 -4271068.425170665  -154366.747387354  1728004.617826705
 1022216.008090304 -4271068.424307933  12917359.87551634  -11763005.4938994  2094633.029424698
 641862.0389456428 -154366.7482012419 -11763005.49396241  20050859.02834425  -8775548.42856846
-527086.5825606845  1728004.617943228   2094633.02961493  -8775548.42873941  5480080.419451228

cov*(cov_.inverse()):
    0.9999999999854481  -2.91038304567337e-11  1.600710675120354e-10 -2.328306436538696e-10  5.820766091346741e-11
                     0     0.9999999999708962  -2.91038304567337e-11  1.164153218269348e-10  5.820766091346741e-11
-4.365574568510056e-11                      0     0.9999999998835847 -1.164153218269348e-10  1.164153218269348e-10
-5.093170329928398e-11                      0 -1.455191522836685e-10     0.9999999998835847  1.164153218269348e-10
 1.455191522836685e-11                      0  -2.91038304567337e-11                      0      1.000000000058208
