4
2

0.0001994867335390927
0.0003229099836380875
  0.08786205470845722
   0.5441950776319011

-0.2094456330509517    0.49286570667498 -0.7218200893581127   0.438396715976186
 0.5680235636106991 -0.6268078087840019 -0.3466109819371878  0.4053665368909209
-0.6644524485988629 -0.3844412546884255  0.2803187029001724  0.5763065937926871
 0.4381605887455687  0.4651884432407579  0.5293940031809479  0.5579937276900411

0.4102806994639654
0.4101355766656903
0.4098204854538058
0.4096470160120051

0.00195262560724723
 0.4108214886008836

  2.884439241783769  -1.035718317484673   2.407210030033441  -4.254836353177856
  2.556641302146705  -1.379299375573229  0.2178703273440827 -0.3953394201656907

-1.877319961185728e-07 -2.831036401327403e-08   -0.02544198109193327   -0.09410586654158777
-6.151764690616599e-08  2.169891667495404e-07   -0.01030794256933377     0.1105603444017564

cov:
0.06026421779360498  0.0623349996615865 0.06725655220234118 0.06944946132921304
 0.0623349996615865  0.0652275638548812 0.07209991936104038 0.07516149815909368
0.06725655220234118 0.07209991936104038 0.08360456798539784 0.08872886141107737
0.06944946132921304 0.07516149815909368 0.08872886141107737 0.09477181760831312

cov.inverse():
 4196747.650248531 -6008561.615448929  1910812.263843222 -99117.72955532579
-6008561.615631952  9872181.893351218 -6856251.416662244  2992775.439703259
  1910812.26443732 -6856251.417429494  14244915.09154269 -9299324.138632592
-99117.72996639326  2992775.440287469 -9299324.138805723  6405507.937458009

cov*(cov_.inverse()):
     1.000000000041837   2.91038304567337e-11 -2.328306436538696e-10  5.820766091346741e-11
-6.366462912410498e-12     0.9999999999417923                      0  1.164153218269348e-10
 8.185452315956354e-11 -2.328306436538696e-10                      1 -1.164153218269348e-10
                     0                      0                      0                      1
