5
2

0.0001725987836511838
 0.000219629861952123
0.0005251090341404171
   0.1119721585395351
   0.5729216756453946

 -0.2315875326014621   0.6463930288205437  -0.5898469655424118   0.3750290106652169  -0.1999426553681038
 -0.2533640160860918   0.4645382522809129 0.001377268145856984    -0.69679311980846   0.4842399599791096
   0.621576372584875  -0.2017671471795839  -0.6587382209303584  -0.1154769914125432   0.3544881550955624
 -0.5844004754142541  -0.3958812253954203   -0.176973254560216   0.3557492756558326   0.5864103168905968
  0.3928012060522678   0.4110332567547691   0.4322303596795754   0.4836735538270827   0.5059601603535567

0.3997623330542182
0.3997687483253107
0.3997373538240626
0.3996584673373444
0.3995849668394194

0.0007444333241671189
   0.4000401382474818

  0.6677987027404413    3.088955753252439   -2.220030551155087     1.92443784426589   -3.461092157370794
   1.507710492940575 -0.05997199862653357  -0.3184820097206612   0.1755787250473363  -0.3048025270868637

 1.360001676871326e-07 -8.462023265750939e-08 -5.373814966897548e-08   -0.03216235209403782   -0.08139150870285619
-2.183234098029201e-09 -3.281278584466757e-08  2.842128848838112e-07   -0.01150063396938381      0.118372023647223

cov:
0.05492700587137191 0.05589626399747528  0.0570252458906453 0.05975475634136104 0.06093822953445419
0.05589626399747528 0.05742045208404466 0.05919375592444839 0.06349015284388597 0.06535211155739988
 0.0570252458906453 0.05919375592444839   0.061715475188878 0.06783183018255581 0.07048186456794961
0.05975475634136104 0.06349015284388597 0.06783183018255581 0.07837510430420835  0.0829420967706464
0.06093822953445419 0.06535211155739988 0.07048186456794961  0.0829420967706464 0.08833932703094069

cov.inverse():
 4532319.106071461 -7919776.637527558  3093255.933176109  484103.7277910872 -190044.4597173367
-7919776.637057245   18646767.9110534 -12303254.81396141  1511585.402753628  65585.58738827272
 3093255.932287835 -12303254.81262794  13252694.69338057 -7169578.236805762  3125803.305127354
 484103.7287281686  1511585.400727418  -7169578.23563578  14834850.18381465 -9660409.331489403
-190044.4602363887  65585.58855121241  3125803.304402582 -9660409.331408469  6658846.025358957

cov*(cov_.inverse()):
     1.000000000041837 -9.913492249324918e-11  2.619344741106033e-10 -1.164153218269348e-10  5.820766091346741e-11
 1.818989403545856e-12      1.000000000170076  5.820766091346741e-11                      0  1.164153218269348e-10
 3.819877747446299e-11  1.909938873723149e-11      1.000000000087311 -1.164153218269348e-10 -5.820766091346741e-11
 7.275957614183426e-11 -1.691660145297647e-10  2.037268131971359e-10                      1 -1.164153218269348e-10
-3.637978807091713e-12  1.818989403545856e-12  5.820766091346741e-11                      0                      1
