5
2

0.0001019462299211669
0.0001914499034791185
0.0004005904006064066
  0.08962709699851687
   0.6375070046595539

-0.07291642489370162   0.6330626530623351  -0.7004414671724412   0.2863090689645542  -0.1460265057185395
 -0.2074065743266119   0.4409468626103288  0.02178327564316374  -0.7316053565812409   0.4762640742320342
  0.6751530446063663  -0.3363255135004147  -0.5210386467067482  -0.1762621002334044   0.3584744286371719
  -0.587714959288726  -0.3479119557376554  -0.2391961272724711   0.3405775454790431   0.6002837211655612
  0.3878468781540292   0.4130859010850739   0.4245128753093648   0.4855093477854625   0.5128394771665076

0.3974375110404306
0.3962492964065643
0.3957798996314781
0.3928141109971788
0.3914838459100265

0.01504977663686777
  0.400610323688252

  1.957052724241267  -4.235326877706092    4.93006985194216   1.970909276843384  -4.622211273040839
  2.534804059919359  -1.850074325602442  0.5850243333174767  0.1676047490152923 -0.4370911608314005

-5.235905827549943e-08 -2.129318639778669e-07 -2.932380444750549e-07   -0.02377220747359042     -0.126474956241644
-1.719011384253794e-08 -6.082822165321484e-08   2.95680395926517e-07  -0.009569822042657938     0.1318584196836863

cov:
0.06390983521192037  0.0667559283649462 0.06804384970224062 0.07492139102723308 0.07800329751071909
 0.0667559283649462 0.07032303859283245 0.07193760641756691 0.08055759585904552 0.08442006326510949
0.06804384970224062 0.07193760641756691 0.07370021587896024 0.08310979211278514 0.08732596041243693
0.07492139102723308 0.08055759585904552 0.08310979211278514 0.09673171251778086  0.1028349213316309
0.07800329751071909 0.08442006326510949 0.08732596041243693  0.1028349213316309  0.1097836028236525

cov.inverse():
  4525813.02105183 -8351649.878563749  2598823.174437822  1389570.625044634 -162343.4059849106
-8351649.877683036  44570862.82853784 -41311352.43879856  9007699.747704284 -3916535.674470956
 2598823.173200352 -41311352.43541299  48911165.53287239 -19158385.61562524  8960598.452595793
 1389570.625829091  9007699.740789339 -19158385.60892481  22683957.11374758 -13922845.99564164
-162343.4064126371 -3916535.670060893  8960598.448043583 -13922845.99507187  9041062.524977492

cov*(cov_.inverse()):
    0.9999999999581632 -1.746229827404022e-10  1.164153218269348e-10                      0 -1.164153218269348e-10
  -1.2732925824821e-11      0.999999999650754                      0 -2.328306436538696e-10  1.164153218269348e-10
-9.822542779147625e-11  -2.91038304567337e-10                      1 -2.328306436538696e-10 -1.164153218269348e-10
-6.184563972055912e-11 -4.074536263942719e-10 -3.492459654808044e-10     0.9999999997671694                      0
                     0  5.820766091346741e-11 -1.164153218269348e-10                      0                      1
