5
2

0.0001172784367910658
0.0001778450587927842
0.0006115273549729822
  0.07959844328031679
   0.5617402021799026

-0.008234377805392653    0.3079549158686277    -0.628782131664483    0.6418094757650845   -0.3127452518138695
 -0.08988706907971231    0.6330804357090971   -0.4124167701993302   -0.5195305788187258    0.3887542437906898
   0.6029313427126313   -0.4957965566618987   -0.4790391576611555  -0.02854801311396877    0.4004573220100783
  -0.6806965327076931   -0.2689957483450426  -0.09850113421684002    0.3144587163773505      0.59641156929114
    0.406175499222793    0.4315089726636295    0.4420005096638559    0.4674069973074652     0.484755318348138

0.4001659214547716
 0.400347450931798
0.4003490885170554
0.4003441393458225
0.4003413275961016

-2.444205422422279e-05
    0.4003455609982786

-0.03387059920426738   -1.113186205157478    3.540823351412086    7.843132022443757   -10.23688928984843
   1.340427804826837  -0.4006419208133923   0.2327635187616665   0.7992494894673036  -0.9718024732515973

 7.793692719784599e-08  -3.23132119929199e-07 -2.052340211212564e-06    -0.0232232415195655   -0.07116117125775784
 7.373887435308252e-09 -3.995194231385933e-08  1.807516793346451e-07  -0.007323328134634486     0.1189436644629571

cov:
0.05499518305358395 0.05646631527563539 0.05707570244985421  0.0585511142867998 0.05955871871374871
0.05646631527563539 0.05921435489423588 0.06035231206240146 0.06310784786406602 0.06498944964845305
0.05707570244985421 0.06035231206240146 0.06170922444735597 0.06499495691891571 0.06723855389893195
 0.0585511142867998 0.06310784786406602 0.06499495691891571 0.06956497351896639 0.07268542895896574
0.05955871871374871 0.06498944964845305 0.06723855389893195 0.07268542895896574 0.07640465035242801

cov.inverse():
 1232540.638240146 -2782862.933768835  776172.9503483245  1046172.002550351 -271999.3887119949
-2782862.934033853  20224067.36161693 -21698115.50663835  4008964.984742747  248012.5559865742
 776172.9509724672 -21698115.50749753  34736358.63463473 -22529811.22960667   8715270.43170934
 1046172.001825473  4008964.985659958 -22529811.22941681  38484477.94580239 -21009689.14492871
-271999.3883462495  248012.5556635472  8715270.431284443 -21009689.14454652  12318344.73882439

cov*(cov_.inverse()):
                     1  2.146407496184111e-10 -4.074536263942719e-10 -2.328306436538696e-10 -2.328306436538696e-10
-1.818989403545856e-11     0.9999999999890861  2.328306436538696e-10 -4.656612873077393e-10                      0
-1.091393642127514e-11 -1.164153218269348e-10     0.9999999998835847 -2.328306436538696e-10  1.164153218269348e-10
 7.275957614183426e-12  3.637978807091713e-11  3.492459654808044e-10     0.9999999997671694                      0
 3.637978807091713e-12 -2.546585164964199e-11  1.164153218269348e-10                      0                      1
