6
2

9.113663884260378e-05
0.0001366274894103296
0.0002397542134652651
0.0005515700329749232
  0.08004691769161558
   0.6124096817665861

0.007886611033947586 -0.02003336261835092  -0.1733080344716899   0.6400727340621244  -0.7050498753127162   0.2504243585754412
 0.03253181028889432  -0.2313860122925767   0.7272948559205302  -0.3913091638450435  -0.4248795156105765   0.2877480194399554
 -0.2600386814282492   0.7613345433538518   -0.212973279346672  -0.3952392452730336  -0.2162273147927982   0.3231465099224536
  0.6217437813517698  -0.2809920220177256  -0.4718321426782351  -0.3233315542318821 -0.00089309044244785   0.4553114225186042
  -0.636129610199942  -0.3692562044864101  -0.1018052286389351  0.07643395361443148   0.3074064300037979   0.5901557484462229
  0.3742100429224956   0.3887444273612202   0.4033100848985294   0.4130188000200419    0.425591715209922   0.4409906486144157

0.3999229534770828
0.4000716611016465
0.4002914287502414
0.4003553434201303
0.4004284656177325
0.4005240713736148

-0.00129128175387769
  0.3999399254223731

  0.4048098168582036  -0.6026392009392949   0.0206949038382659     4.30885985254576    5.281986475500101   -9.413973117180552
   1.484887709087473  -0.4361332936196042 -0.05829806560617196   0.4197157907758317   0.4265263558406945  -0.8367843067727916

-2.750817978358014e-08 -1.208038286079772e-07 -3.710880331191838e-07 -1.604182952152311e-06   -0.02332167107187655   -0.07437401020639123
-1.753151980618669e-09 -8.949416168363367e-09 -7.094866237021026e-08  1.692096611817722e-07  -0.007101036371548782     0.1306905899927976

cov:
0.05511181142305325 0.05606368792482406 0.05701776451820357 0.05765386843914606 0.05847703769889986 0.05948580463929352
0.05606368792482406  0.0575514532438454 0.05904225809112352 0.06003602649978602 0.06132261536526915 0.06289872498504025
0.05701776451820357 0.05904225809112352 0.06107104428476962 0.06242327737312697  0.0641743380221686 0.06631906952646786
0.05765386843914606 0.06003602649978602 0.06242327737312697 0.06401446088870046 0.06607509302533048 0.06859882110992596
0.05847703769889986 0.06132261536526915  0.0641743380221686 0.06607509302533048 0.06853688983493107 0.07155172666862514
0.05948580463929352 0.06289872498504025 0.06631906952646786 0.06859882110992596 0.07155172666862514  0.0751678563626217

cov.inverse():
 2511252.243165111 -4440625.873748511  1102120.537151393  1053015.591783223 -433594.5121319045  207842.0922711389
-4440625.873656285  13259664.06043176 -10982082.56825472 -1629589.125080814  4104035.064100686 -311345.3801729184
 1102120.538308041  -10982082.5716434  33473447.55935427 -26635669.28654953 -1040031.786231733  4082358.682315083
 1053015.586893751 -1629589.108821992 -26635669.31056029  60589710.23662258  -43938676.9568872  10560603.31091201
-433594.5063917944  4104035.043252976 -1040031.749088289 -43938676.98168512  70332587.59425572 -29023689.94507951
 207842.0901716432 -311345.3721032777  4082358.666950682  10560603.32306838 -29023689.94784171  14484017.36157876

cov*(cov_.inverse()):
     0.999999999998181 -2.582964953035116e-10  -2.91038304567337e-10  5.820766091346741e-10                      0  3.492459654808044e-10
 1.818989403545856e-12     0.9999999997817213   2.91038304567337e-11 -5.820766091346741e-10  1.164153218269348e-09  1.164153218269348e-10
-3.274180926382542e-11 -1.491571310907602e-10     0.9999999998835847  1.164153218269348e-10  4.656612873077393e-10  4.656612873077393e-10
                     0 -1.818989403545856e-10 -4.074536263942719e-10      0.999999999650754  4.656612873077393e-10  2.328306436538696e-10
-9.094947017729282e-12 -2.983142621815205e-10  5.820766091346741e-11                      0      1.000000000232831  2.328306436538696e-10
 1.455191522836685e-11 -9.458744898438454e-11                      0 -1.164153218269348e-10                      0                      1
