6
2

 0.000146177484876447
0.0001677290103846259
0.0002071030713437961
 0.000474192731640747
  0.09259920010678313
   0.6482936235749077

  0.02831114042038162    -0.178854127869708   0.05122613892303356    0.5881266742391149   -0.7440164832790608    0.2552098168578135
   0.3621151165980157   -0.7288615126470048    0.5357902919539239   -0.2187199394487063   0.05213122042487237 -0.002494935995809837
  -0.1492486767984691    0.3618383930376836    0.3872831424678603   -0.6051278597599833   -0.4039788462714795    0.4091832626898351
   0.5480303312521911   -0.1137539173674552   -0.6243784851337922   -0.2564558098486248  -0.03300168385778313     0.479599432934027
  -0.6478931420335456   -0.3886704085584877  -0.09590660517595964   0.05257392585453722    0.2999547446435092    0.5720444445902695
   0.3545323492528188    0.3766170912801625    0.4015841676222312    0.4141923181245908    0.4352711112164866    0.4584542720392623

0.3979973455475875
0.3980815545518684
0.3981753457930841
0.3982512214947962
0.3982924569650926
0.3983480735649392

-0.0006777963272765662
    0.3979724390818523

   1.41931166519348   2.360531610678009  -6.513923591707917   6.124860977330189  0.7060327596530955  -4.096756865784053
  2.309261814189348 -0.7803894109575931 -0.9233679021799771  0.6526713895666428  0.1619299414034895 -0.4201262184993789

 2.811304619960602e-08 -1.684955599925882e-07 -3.237594078336602e-07  2.288165185812977e-07   -0.02591285367903497    -0.1082946511606108
 6.705398159349432e-09  2.185993135274338e-08 -6.935192427107635e-08   3.50022162101786e-07   -0.01081883866378005     0.1270084734959595

cov:
0.05642631212379686 0.05827684755800267 0.06037057461775693 0.06142441651425247  0.0631909722546117  0.0651338495386868
0.05827684755800267 0.06090869821334104   0.063884939480209 0.06538578573385463 0.06789782282760345 0.07066060528503997
0.06037057461775693   0.063884939480209 0.06785820751817492 0.06986402309065083 0.07321823244600095 0.07690726382491224
0.06142441651425247 0.06538578573385463 0.06986402309065083 0.07212578416476788  0.0759066352712592 0.08006494942752049
 0.0631909722546117 0.06789782282760345 0.07321823244600095  0.0759066352712592 0.08039902113684388 0.08533987614961923
 0.0651338495386868 0.07066060528503997 0.07690726382491224 0.08006494942752049 0.08533987614961923 0.09114152832268241

cov.inverse():
 6553542.712194174  -11154826.3480153  4094958.258677355  -555428.959325206  1010487.424890329  51050.28871523224
-11154826.34782749  23490237.30512842 -10726832.51608497 -4231415.350946131  1485675.697570171  1137729.539757587
 4094958.257593726 -10726832.51429839  15557531.05792912 -7507337.577733538  -4346854.76008641  2927223.110808395
-555428.9588753574 -4231415.352094457  -7507337.57897226  26717780.58916147 -15146437.98487722  723904.6711377956
 1010487.426028801  1485675.696218317  -4346854.75627173  -15146437.9899561  29812588.73465049 -12815176.95069862
 51050.28802285748  1137729.540658799  2927223.108935425  723904.6742793183 -12815176.95217582  7974901.853064987

cov*(cov_.inverse()):
     1.000000000028649  -2.91038304567337e-11  -2.91038304567337e-11  -3.41970007866621e-10 -4.656612873077393e-10  5.820766091346741e-11
-6.048139766789973e-11      1.000000000203727 -2.328306436538696e-10 -2.037268131971359e-10 -4.656612873077393e-10  1.164153218269348e-10
-6.184563972055912e-11 -4.365574568510056e-11     0.9999999999417923 -1.891748979687691e-10 -5.820766091346741e-10  1.164153218269348e-10
-6.139089236967266e-11  1.309672370553017e-10 -5.820766091346741e-11     0.9999999997016857 -2.328306436538696e-10                      0
 4.638422979041934e-11  -2.91038304567337e-11 -2.619344741106033e-10 -6.548361852765083e-10     0.9999999995343387                      0
 8.185452315956354e-12  8.731149137020111e-11                      0  4.365574568510056e-11                      0                      1
