5
2

 0.000108030409792968
0.0003266728604759917
0.0007527235959071591
   0.1012066303942228
   0.5853841514430305

-0.04131449053469222   0.4811099691394536  -0.7936166503731263   0.3697877352063304  -0.0159985501844588
 -0.4181889502964502   0.6842136672850384   0.1736490122786911  -0.5590736375745029   0.1193831966993659
  0.3780473340432222  -0.1876484680029722  -0.3731836212141964   -0.485609950279955    0.668419947881202
 -0.7319830165951602   -0.295991415657647 -0.01443612621997523   0.2955935525748149   0.5375927782338539
  0.3803842680249466   0.4213810501293482   0.4478216340267566    0.476970781626596   0.4997003870352052

 0.399758148519513
0.3999174491764446
0.3999833660133232
0.4000377244221219
0.4001086462365864

-0.0003854735095623308
    0.3998906228858954

  0.3859949707062471  -0.7209475899955263    8.648638274131354   -7.939423760406846  -0.3742351477790774
    1.34726786178737  -0.4510981348460601   0.8325612935604945  -0.6970565777972465 -0.03165962052227508

-1.185312037886128e-07  5.593124543603334e-07   3.73382323118253e-07   -0.02808600422086949    -0.0883410056037052
-1.389591905083481e-08 -3.644965766498946e-08  3.403049049303363e-07   -0.01114148774213166     0.1188869472954506

cov:
0.05507051291731944 0.05714532647287668 0.05848081537322343 0.05995589666715313 0.06110447354812447
0.05714532647287668 0.06174343669014551 0.06470772955072372 0.06797679149771993  0.0705251062313226
0.05848081537322343 0.06470772955072372 0.06872363401044791 0.07315093425124594 0.07660294226776096
0.05995589666715313 0.06797679149771993 0.07315093425124594 0.07885399587480854 0.08330139529457709
0.06110447354812447  0.0705251062313226 0.07660294226776096 0.08330139529457709  0.0885264922822471

cov.inverse():
 2037326.419970869 -4509595.464366115  1879965.982014553  557760.4382035865  34755.61314242268
-4509595.463523522  24282429.21384496 -31479256.26840365  11820476.05493901 -115478.8893787799
 1879965.980354791 -31479256.26533629  54495512.68302101 -25736024.87261488  841937.0074614307
 557760.4390871624  11820476.05236267 -25736024.87075649  15062067.19795671 -1705229.357185335
 34755.61307594657 -115478.8890271219  841937.0070107231  -1705229.35701983  944062.8236539448

cov*(cov_.inverse()):
    0.9999999999754436  7.457856554538012e-11 -2.546585164964199e-10  2.473825588822365e-10                      0
-6.366462912410498e-12     0.9999999999436113 -3.565219230949879e-10  3.201421350240707e-10                      0
 3.319655661471188e-11  5.093170329928398e-11     0.9999999995634425  3.637978807091713e-10                      0
 5.502442945726216e-11 -1.800799509510398e-10 -3.201421350240707e-10      1.000000000029104 -1.455191522836685e-11
 -7.73070496506989e-12  8.549250196665525e-11 -2.037268131971359e-10  1.164153218269348e-10                      1
