5
2

0.0001184396023467035
 0.000155719660338912
 0.000405480199359642
  0.04576158396952829
   0.5354966148647027

 -0.0160609402495089   0.2405594125751954  -0.6572949304836144   0.6725662511116649  -0.2397732834281586
-0.08108690230549886   0.6302531840798578  -0.4303093992788115  -0.5088651563070676    0.389994758709127
  0.5639775279698581    -0.53982938837204  -0.4275057326905684 -0.04972329356744894   0.4530783839341509
 -0.7012660751860409  -0.2434516642683176 -0.00595280057190228   0.2813042995776558   0.6081033087910539
  0.4281614184054578   0.4407126179195833   0.4472142751913227   0.4550894150363354   0.4640508642190852

 0.382312485258107
0.3803656226492599
0.3794509379390457
0.3781939379036833
0.3767656771462761

0.02878851307237805
 0.3862398051005297

  1.194338734048745  -3.930310856738458   7.178409005340541   12.08898991436223  -16.53145424452887
  1.577301092334943 -0.7285526450169895  0.5635535185525405   1.141263118015365  -1.553624730488985

 8.993957753870722e-08 -4.428213564893606e-07 -1.375272508001882e-06   -0.01377008584114214   -0.05171515803355101
 7.983002276462716e-09 -4.889073163837406e-08  4.624527249305516e-08   -0.00325807197494584     0.1160510292778285

cov:
0.05359874305063993 0.05446733450794468 0.05491683259189004 0.05546191465347176  0.0560823131514885
0.05446733450794468 0.05582022859715626 0.05652077993220774 0.05736953957371282 0.05833542112866442
0.05491683259189004 0.05652077993220774 0.05735161404178566 0.05835791610427615 0.05950303703800626
0.05546191465347176 0.05736953957371282 0.05835791610427615 0.05955485057459971 0.06091680764505134
 0.0560823131514885 0.05833542112866442 0.05950303703800626 0.06091680764505134 0.06252551352551836

cov.inverse():
 2224346.439146852 -4234630.857430939  725062.1612647092  760941.9031266883  524344.8123499234
-4234630.857767898  22278838.50897023 -21052334.84719252 -1529280.151737356  4537014.990528939
 725062.1617277234 -21052334.84824643  39546041.88167789 -22354376.38564255  3136020.743644388
 760941.9031347046 -1529280.151107143 -22354376.38653344  42939810.30737521 -19816983.32917151
 524344.8122158571  4537014.990615672  3136020.743944366 -19816983.32942415  11619424.00849947

cov*(cov_.inverse()):
     1.000000000014552  1.164153218269348e-10  3.201421350240707e-10 -4.656612873077393e-10 -2.328306436538696e-10
 1.455191522836685e-11      1.000000000291038  1.455191522836685e-10 -4.656612873077393e-10 -1.164153218269348e-10
 1.818989403545856e-11 -5.820766091346741e-11      1.000000000669388 -4.656612873077393e-10 -1.164153218269348e-10
 5.093170329928398e-11  1.746229827404022e-10  8.731149137020111e-11                      1 -3.492459654808044e-10
 1.455191522836685e-11  1.164153218269348e-10 -5.820766091346741e-11                      0                      1
