5
2

6.735668908524604e-05
0.0001111894848846983
0.0002241709906377956
  0.09088142356229473
   0.5905794243907793

-0.03497251523674959    0.229744759345859  -0.6111388192139603   0.7010445522310778  -0.2846755138188442
 -0.2801983886770084   0.7287073147754319  -0.3392393893657454  -0.4216698049471366   0.3123871390985678
  0.6018072053645462  -0.3174881842605599  -0.5571619146173014  -0.1712863208502275   0.4441406732284532
 -0.6348587027393353   -0.377121172994631 -0.07011851769919968    0.278541183882303   0.6101083926585451
  0.3937617316198547   0.4161536599382245   0.4428091854604784   0.4730823570521412   0.5018774140659964

0.4002635099751828
 0.400361901568556
0.4004625459308357
0.4005672067187207
0.4006613939968405

-0.0007399929195908163
    0.4002332499267359

 0.7936638005266886  -1.421673120238897   2.969508046179549   4.249038744659281   -6.59063589928237
  2.141066732399849  -1.045158388872641  0.1297501871819366  0.4090224126287836 -0.6347167588100976

 1.218526076186085e-08 -7.561597127669424e-08 -2.201302246442628e-07    -0.0248890487926599   -0.09129096158418924
  3.31820272176682e-10  -2.19606284544977e-08  6.010614372138208e-08   -0.01030395519084942      0.118771264382196

cov:
0.05740732261665258 0.05913108420998402 0.06118210156370728 0.06351154191941115 0.06572761146247172
0.05913108420998402 0.06157844382453721  0.0644911729600509 0.06779924280312311 0.07094600874022569
0.06118210156370728  0.0644911729600509 0.06843019608689123 0.07290379293277871 0.07715899814459788
0.06351154191941115 0.06779924280312311 0.07290379293277871 0.07870109983323498 0.08421517613329239
0.06572761146247172 0.07094600874022569 0.07715899814459788 0.08421517613329239 0.09092649445379562

cov.inverse():
 13827095.88979886   -22088547.235553  5727103.560647301  2101530.729959187  433250.2378662223
-22088547.23798193  56591424.71609744 -47422811.02267241  11728154.78154782  1191068.739782073
 5727103.558191177 -47422811.00814969  97808441.24836205 -80963486.12646174  24850658.19443106
 2101530.742230286  11728154.74263322 -80963486.09244244  123291052.0626891 -56156465.58886474
 433250.2304802713  1191068.761744827  24850658.17247869 -56156465.58148943   29681092.3016656

cov*(cov_.inverse()):
     1.000000000021828  -2.91038304567337e-11  1.164153218269348e-09 -4.656612873077393e-10  9.313225746154785e-10
 1.928128767758608e-10     0.9999999988503987  9.313225746154785e-10  4.656612873077393e-10                      0
 1.164153218269348e-10 -6.257323548197746e-10      1.000000000931323  9.313225746154785e-10  9.313225746154785e-10
                     0 -5.675246939063072e-10  1.164153218269348e-09      1.000000000931323  1.396983861923218e-09
 5.093170329928398e-11 -2.328306436538696e-10                      0                      0                      1
