6
2

9.117893600478594e-05
0.0001396628027485719
  0.00025922804051022
0.0005994703665084482
   0.1049445071078092
   0.6288403071850643

 -0.01658310686195714   0.05505537369886557   -0.4826175218010343    0.7778697789335242   -0.3938050454530611   0.06008683085280405
  0.04489203092304321   -0.2146444968709895    0.5335555561684948  -0.04466088582749076   -0.7137853332610764    0.3946477129071057
  -0.3768696786095113    0.7675353351018733   -0.1891702635993889   -0.3074361244185111   -0.2048392293646644    0.3108010386089007
   0.5750937408428786   -0.1856566094897785   -0.5262604014666495   -0.3435782723905098 -0.009181583353425721    0.4896105306389371
  -0.6301198274090468   -0.4330406041596736   -0.0880817183483943   0.08302808593387034    0.3211812666096492    0.5455413642181425
   0.3576243054107346    0.3738898416134318    0.4023742141875498     0.416494116871835    0.4361505093617591    0.4546554938295064

0.4003766733058879
0.4006836652920419
0.4012468957511092
 0.401459689065684
0.4017649255955696
0.4020507662103888

-0.003439057833411668
   0.4001167535096464

0.08550878516684954   1.377068375006802  -4.027629529415123   9.588838112597289  -2.875672431795554   -4.14844471652315
  1.471013539085674 -0.2641231275512176 -0.4497594730929548  0.8552762888540816 -0.2561065865488932  -0.356361487121034

 8.613101068404896e-08 -4.785748511885497e-08 -1.250989905333735e-07  -1.21685917181389e-06   -0.02958256402342444   -0.08771134425736431
  7.67231600306602e-09 -2.209446005569227e-09 -6.674644181013532e-08  2.392349381878777e-07   -0.01077741926152261     0.1300367080899067

cov:
0.05494786241333988  0.0558802552914168 0.05751451990927455  0.0583239267018108 0.05945106145112344 0.06051111034514935
 0.0558802552914168 0.05734532710989336 0.05991155403359537 0.06118311956390959 0.06295351633480976 0.06461946221182326
0.05751451990927455 0.05991155403359537 0.06410929309295439 0.06618994674895698 0.06908647872078927 0.07181316046422712
 0.0583239267018108 0.06118311956390959 0.06618994674895698  0.0686719276931088 0.07212702682111705 0.07537985828666649
0.05945106145112344 0.06295351633480976 0.06908647872078927 0.07212702682111705 0.07635961813924068 0.08034479816940555
0.06051111034514935 0.06461946221182326 0.07181316046422712 0.07537985828666649 0.08034479816940555 0.08501990744736436

cov.inverse():
 3170337.984530948 -5205430.622896899  2409385.762075362 -480057.3090199296  276834.8470806496  -171133.314083133
 -5205430.62313462  11589149.14127677 -10956181.90718102  2308790.915657043  2911825.607641174   -647924.97705389
  2409385.76223651 -10956181.90960475  43914691.45434211 -45009620.22199979  3926322.575438951  5715066.089943253
-480057.3079936183  2308790.918196019 -45009620.23546504  74619392.64413875 -34266518.99500097  2828471.243208954
 276834.8455466367  2911825.608006443  3926322.593469969 -34266519.01657615  45398743.44920866 -18247742.22736396
-171133.3134988799 -647924.9777720943  5715066.083114758  2828471.254884342 -18247742.23207686  10523529.18191654

cov*(cov_.inverse()):
    0.9999999999745341 -8.003553375601768e-11  2.328306436538696e-10 -5.820766091346741e-11                      0  3.492459654808044e-10
 2.000888343900442e-11     0.9999999999563443 -1.746229827404022e-10                      0 -2.328306436538696e-10  2.328306436538696e-10
 4.001776687800884e-11  1.455191522836685e-11      0.999999999650754  2.037268131971359e-10                      0  2.328306436538696e-10
 6.912159733474255e-11  5.820766091346741e-11  5.820766091346741e-11     0.9999999998544808  2.328306436538696e-10 -1.164153218269348e-10
 1.818989403545856e-11  4.365574568510056e-11 -1.164153218269348e-10 -1.746229827404022e-10                      1  2.328306436538696e-10
 2.546585164964199e-11 -8.003553375601768e-11   2.91038304567337e-10  2.037268131971359e-10                      0                      1
