5
2

0.0001208712943918658
0.0001743124343419283
0.0004884235626265487
   0.0616016751458342
    0.540771622369283

-0.02504616377916135     0.35846286397923  -0.6398090211700623   0.6084862447496338  -0.3021025839142246
 -0.1188981073535647   0.6275912292446667  -0.3572504687376187  -0.5515874687133535   0.4001447937785216
  0.6390350812208635  -0.4482364342013854  -0.5025897850410938 -0.05566409769564643   0.3674551404233559
 -0.6314301862691148  -0.2947841383703994  -0.1200382761111684   0.3315337058010166   0.6245594013538471
  0.4220971624932855   0.4356834113695686   0.4427311139470143   0.4609584194419913   0.4727794906309593

0.3823078823405512
0.3803729624848343
0.3794644090288749
0.3767983171600211
 0.375062300028518

0.02858857980789024
 0.3862069285563949

  1.073676799271476  -3.808134545934118    3.22698769043034   15.64875333073303  -16.14161182573552
  1.565997738117528 -0.7164067193327345  0.1609322408744025   1.556972083243133  -1.567583711017642

  1.59859028124028e-07 -5.700524630246404e-07  -1.43878397867208e-06   -0.01835165170631912   -0.05709938928694681
 1.493090483708389e-08 -6.621961178636747e-08  1.379530863109801e-07  -0.004780689773411571      0.116009819314659

cov:
0.05361487766270569 0.05448508732508502 0.05493630612168712 0.05610424659410694 0.05686132061918114
0.05448508732508502  0.0558396403451201 0.05654208303130228 0.05835920881107726    0.05953749394565
0.05493630612168712 0.05654208303130228  0.0573749731069546 0.05952909323739791  0.0609260318843031
0.05610424659410694 0.05835920881107726 0.05952909323739791 0.06255425996912067 0.06451636296844436
0.05686132061918114    0.05953749394565  0.0609260318843031 0.06451636296844436 0.06684524640904928

cov.inverse():
 2220112.829883685  -4270997.74743439  1148503.297044563  966091.5456507494 -63677.02184656819
-4270997.746918731  22600104.98041374 -22132713.49925584  3641272.864135059  162130.9810829909
 1148503.295931195 -22132713.49574141  33278348.84572674 -20044827.75444686  7751075.052591461
 966091.5468620452  3641272.857414891 -20044827.74819272  35369032.98066766 -19931934.25999418
-63677.02246015741  162130.9848044167  7751075.048738385 -19931934.25924898  12082572.66189785

cov*(cov_.inverse()):
    0.9999999999749889  1.782609615474939e-10  5.820766091346741e-11 -2.328306436538696e-10  2.328306436538696e-10
 -1.77351466845721e-11      1.000000000212822  1.746229827404022e-10                      0 -1.164153218269348e-10
-4.274625098332763e-11  2.291926648467779e-10     0.9999999998835847 -2.328306436538696e-10                      0
-3.274180926382542e-11  4.038156475871801e-10  1.746229827404022e-10     0.9999999997671694  2.328306436538696e-10
                     0  2.000888343900442e-11                      0 -2.328306436538696e-10                      1
