5
2

0.0001246538426674963
0.0002020872280702428
0.0004987134913826274
  0.06953519108093952
   0.5514422443277321

-0.002708437763722874    0.1737703589627601   -0.4727428004423904    0.7427824484507916   -0.4411179044361802
  -0.1490373219006084    0.6971789853897471   -0.5393035748820258   -0.3213191983964638    0.3124659435409536
   0.6341651941034088   -0.4403901398905711   -0.5274789912550601  -0.02019917946043026    0.3539052672801272
  -0.6339402534912819   -0.3210971261380657   -0.1079322667177969    0.3580410039974613    0.5959644753229282
    0.416815070069173    0.4320862008325592    0.4424730933458622    0.4652169812258754    0.4768201279909894

0.3977792555482571
0.3975172874441936
0.3974256161746459
0.3969512270961815
0.3967120637615207

0.004285746082941491
  0.3985150845960608

 0.7538998704103906  -1.570397755117824   3.130505723473279   10.83854942551848   -13.1526847877621
  1.518569311927694 -0.4623566432679111  0.1280319831275088   1.051061233230599  -1.235320352864283

 1.879813107766632e-07 -4.283179683001577e-07 -1.331950562891361e-06   -0.02064338890462563   -0.06335180754627093
 1.834560537120851e-08 -5.478334486004226e-08    1.5934930069311e-07  -0.005743780404472817     0.1185280242833862

cov:
0.05477401331935348 0.05575051034918557 0.05641363803566267  0.0578681772794624 0.05860963508978814
0.05575051034918557 0.05727145940314589 0.05830524221018048 0.06057012463109607  0.0617252763735107
0.05641363803566267 0.05830524221018048 0.05959160849902779 0.06240856459290645  0.0638455606337265
 0.0578681772794624 0.06057012463109607 0.06240856459290645 0.06643276968308691 0.06848609821236466
0.05860963508978814  0.0617252763735107  0.0638455606337265 0.06848609821236466 0.07085414581622952

cov.inverse():
  2161419.63188637  -3697398.18559756  705583.8400587341  991591.5703737325 -161115.8305296919
-3697398.185724212  14624854.88578989 -13559374.30014093  2857058.336967137 -225575.7224330676
 705583.8402530005 -13559374.30034216  22623110.40539885  -18312252.0216453  8543630.455170218
 991591.5702871637  2857058.336907804 -18312252.02141673  38036607.53805376 -23573671.78807771
-161115.8305107337 -225575.7222991645  8543630.454934694 -23573671.78799506  15417073.71259107

cov*(cov_.inverse()):
    0.9999999999890861  9.094947017729282e-11 -1.164153218269348e-10 -4.656612873077393e-10  2.328306436538696e-10
 9.094947017729282e-12      1.000000000016371 -1.164153218269348e-10 -2.328306436538696e-10  2.328306436538696e-10
 2.364686224609613e-11 -2.000888343900442e-11     0.9999999998835847 -4.656612873077393e-10                      0
 9.094947017729282e-12  5.275069270282984e-11 -1.164153218269348e-10     0.9999999995343387                      0
 1.818989403545856e-12  4.001776687800884e-11                      0                      0                      1
