5
2

0.0001487362000702712
0.0002115897375795366
0.0003624001939659011
  0.08599821452611388
   0.5918929309435932

0.04274108328863773 0.03197926163357798 -0.5515632342890026  0.7765860402694454 -0.2997376307105314
-0.3555826715798372  0.7699373188471547 -0.4219093818844906 -0.2228697242897298   0.230388906398437
 0.5246198537391065 -0.2856294787393339 -0.5614313032977581 -0.2102547154275831  0.5327078526319113
-0.6644126399551381 -0.3886162513862694 0.01363645897296225  0.2830457222878937  0.5720423228289423
  0.393781686219741  0.4166138042665011  0.4498659919604521   0.472145403227262  0.4960526475902893

0.3999968936017982
0.3999839699599125
0.4000141514186987
0.3999730139552649
0.3999363759876715

0.0004577202748584524
   0.4002034072190472

  3.139686070380307  -2.735880499209852   4.585588253705184  -2.000684534986953  -2.988544508101628
  2.586863510770141  -1.512356893111458  0.4188755312687609 -0.2946283639158781 -0.1986748673705157

-6.947478430205395e-08 -2.417686925860935e-07 -1.730023111887641e-07   -0.02393370058156984   -0.09376563322029834
-7.479359242471394e-09 -1.003345383203662e-07  1.983188093078957e-07  -0.009779695244612594     0.1188932320059775

cov:
0.05758952705299053  0.0593840838303667 0.06199484892817357 0.06374463731535059 0.06562276825535872
 0.0593840838303667 0.06192395969850158 0.06562115354616217 0.06809864150624906 0.07075741704914883
0.06199484892817357 0.06562115354616217 0.07090247587768622 0.07444094262510681 0.07823793475234032
0.06374463731535059 0.06809864150624906 0.07444094262510681   0.078690153405715 0.08324957213710386
0.06562276825535872 0.07075741704914883 0.07823793475234032 0.08324957213710386 0.08862701679435808

cov.inverse():
 5002434.609441814 -7194286.245071315   42671.4882007215   2430602.73770361 -281061.7217439488
-7194286.244861516  13908468.57492418  -6832096.74442427 -2252955.749220838  2370252.510069252
 42671.48739004604 -6832096.743190913  20127782.08602939 -16362953.47234907  3024744.384528963
 2430602.738572623  -2252955.75070639 -16362953.47171751  28707327.06468796 -12521673.41277571
-281061.7220120868  2370252.510531231  3024744.384320152 -12521673.41276077  7407518.913141716

cov*(cov_.inverse()):
    0.9999999999818101  5.820766091346741e-11  8.731149137020111e-11 -1.164153218269348e-10  2.328306436538696e-10
 4.365574568510056e-11     0.9999999999708962  2.328306436538696e-10 -3.492459654808044e-10  5.820766091346741e-11
 7.275957614183426e-12  1.455191522836685e-10      1.000000000087311                      0                      0
-1.455191522836685e-11  8.731149137020111e-11  2.328306436538696e-10     0.9999999998835847  1.164153218269348e-10
  2.91038304567337e-11                      0                      0  2.328306436538696e-10                      1
