5
2

0.0001287120778722884
 0.000236125780098272
0.0005545006529179106
  0.07535063139726533
   0.5543156880116633

 -0.0135688335874008    0.154596939618235  -0.6994770644139164   0.6858654879234574  -0.1274207277100601
 -0.2602686982054495   0.7794041220142935  -0.2928435574925768   -0.439815888345471   0.2135276434458667
  0.6209734476910685  -0.2782716878551416  -0.4740843195372775  -0.3238999287045387    0.455290829201501
 -0.6115790499156244  -0.3253515010442126 -0.03853045022229898   0.1526917404845392   0.7037883938131188
  0.4152579131774473   0.4305116367234835    0.445795860869665   0.4559874838275707   0.4853473613951704

0.3999668488921257
0.4001167032304298
0.4003387070871207
0.4004034567764303
0.4005743533643895

-0.001308365925246145
   0.3999823723048387

  0.4475446878868181  -0.8396413722467763  0.03773159260850449    7.533263297892175   -7.179223016323419
   1.486113997513138   -0.452639867130152 -0.05457773317905137   0.6774676944725099  -0.6564528288682736

 9.806411997234375e-08 -3.138003746903691e-07 -1.603456213999219e-06   -0.02216791580850381   -0.06395785180343345
 8.222627652786781e-09 -6.477256165135108e-08  1.710645355490731e-07  -0.006348065235893378     0.1192905956139585

cov:
0.05510841576170322 0.05606063266798278 0.05701484560951731 0.05765127724372322 0.05948396499550806
0.05606063266798278 0.05754980625245431 0.05904176357466993 0.06003667549409995 0.06290238941241597
0.05701484560951731 0.05904176357466993 0.06107267340029759 0.06242683181479909 0.06632780947359061
0.05765127724372322 0.06003667549409995 0.06242683181479909  0.0640205566228501 0.06861181654293207
0.05948396499550806 0.06290238941241597 0.06632780947359061 0.06861181654293207 0.07519252738366217

cov.inverse():
 2480254.294473192  -4326881.49187141  982441.5579910454  837161.6217045966  27043.23021018013
-4326881.492084055  12589806.64837619 -10191925.75078902  545262.5135935409  1383751.926274037
 982441.5592544856  -10191925.7541188  31802137.09920719  -26148893.9551906  3556390.470127889
 837161.6203998842  545262.5175710949 -26148893.95839308  32205448.27290086 -7439189.496149095
 27043.23046411095  1383751.925413581  3556390.471264059 -7439189.496678736  2472051.157387787

cov*(cov_.inverse()):
    0.9999999999897682  5.820766091346741e-11 -1.164153218269348e-10  3.492459654808044e-10 -5.820766091346741e-11
-9.322320693172514e-12     0.9999999998981366  5.820766091346741e-11  5.820766091346741e-11  -2.91038304567337e-11
-2.114575181622058e-11 -1.309672370553017e-10     0.9999999999126885  2.328306436538696e-10   2.91038304567337e-11
-2.137312549166381e-11   2.91038304567337e-11 -3.783497959375381e-10        1.0000000007567 -5.820766091346741e-11
-3.296918293926865e-11                      0 -1.746229827404022e-10  1.164153218269348e-10      1.000000000058208
