4
2

0.0003520231625531283
 0.000679818783735929
   0.1067338845221323
   0.5160851240671587

-0.3329873451811113  0.6751626391180957 -0.6039442422565635  0.2617750769906645
 0.5597764423090262 -0.4086111611126046 -0.5796734424018843  0.4285626603240267
-0.6207482236252329  -0.407819826024705   0.167359762339604  0.6483404524761108
  0.436395927399881  0.4592116279608738  0.5207885966193244  0.5722434035666957

 0.396805449177451
0.3962891306845507
0.3948679257082857
0.3935630969321314

0.007717575857879701
  0.3979803527928444

 0.3605961280822472  0.3968705863601215   4.196324402422039  -4.954506762702399
  1.345634734390563 -0.1954555396112339  0.2968421925479043 -0.4470108460974187

-4.564522850888345e-07 -2.087144229133506e-06   -0.03298705612109962   -0.08261337753120447
-1.085958320114747e-07  2.169701273283165e-07    -0.0113434265052749     0.1055433023922418

cov:
0.05511276438454776 0.05625861959883606 0.05934834105177438 0.06192790698288499
0.05625861959883606 0.05806018285711666  0.0629192300790303   0.066977852512344
0.05934834105177438  0.0629192300790303  0.0725572692277371 0.08061120058440306
0.06192790698288499   0.066977852512344 0.08061120058440306 0.09200634699308263

cov.inverse():
 1572828.398828154 -2309136.491582637  920735.0340647622 -184362.5411617912
-2309136.491587668   4039817.42681651 -2777995.837562441   1047311.15738505
 920735.0340758129 -2777995.837575722  3670493.653292697 -1813330.315124646
-184362.5411678107    1047311.1573933 -1813330.315126876  950437.3413629138

cov*(cov_.inverse()):
      1.00000000001819 -8.003553375601768e-11  4.365574568510056e-11                      0
 1.818989403545856e-12     0.9999999999563443  5.820766091346741e-11 -7.275957614183426e-12
 3.637978807091713e-12 -1.455191522836685e-11      1.000000000029104   2.91038304567337e-11
                     0 -1.455191522836685e-11                      0                      1
