6
2

0.0001075424999041282
0.0001756259310718765
0.0002359694683882329
0.0005625842512401634
  0.09304576952931137
   0.6213069058361006

-0.001757969829811671   0.06722146355766265   -0.2934629780663763    0.6917582461445204   -0.6339286407330781    0.1701842302712742
   0.1302058835211027   -0.4204627297811999    0.6556498302760414   -0.2020198055963692   -0.4830963748780303    0.3196665630730555
  -0.3041085933040344    0.6830202818808104  -0.04391865652230197   -0.4460759712423414   -0.2864436294291995    0.3975407962297778
   0.6009257815705847   -0.2146612017581978   -0.5510488379336016   -0.3013138333915231   0.02129565277437705    0.4448712405801866
  -0.6290726493907465   -0.4007079653071454   -0.1362178313238842    0.1270556636304044     0.310982406242639    0.5588311302212039
   0.3656734988339961    0.3814831021692835      0.39982972977773    0.4180210366290282    0.4307422156904248    0.4478942718470137

0.3993591889693092
0.3993461758394924
0.3992959732338412
0.3992936582061641
0.3992359782020797
0.3991581817884759

0.0009797665806133727
   0.3996654727902333

  0.3463033390117919     3.06033794629407   -3.554649623955215    2.166609366096876    5.230027144976798   -7.248210544019573
   1.492210379182114 -0.07939048321526429  -0.4401220735694421    0.156149033801195   0.5385363961516236  -0.6672838529475423

-2.084031760292159e-08 -2.730842225899228e-07 -1.784575596191703e-07 -7.140328720155084e-07   -0.02691400164301191   -0.08303479628261413
-2.610746962995104e-09 -1.745516699549073e-08 -5.444974315488482e-08  2.607467631055334e-07  -0.008939125926729005     0.1303879387790381

cov:
0.05504396086527235 0.05603171949413664 0.05718097974999558 0.05831503947095368 0.05910909173867946 0.06018048061555725
0.05603171949413664 0.05756772923188421 0.05935190038254633 0.06111741818872473 0.06235267141182869 0.06401866658870091
0.05718097974999558 0.05935190038254633 0.06187174535260635 0.06436890572143311 0.06611536884584135 0.06847031973090857
0.05831503947095368 0.06111741818872473 0.06436890572143311 0.06759395042143734  0.0698489822698546 0.07288930544547555
0.05910909173867946 0.06235267141182869 0.06611536884584135  0.0698489822698546 0.07245941609172907 0.07597865875994501
0.06018048061555725 0.06401866658870091 0.06847031973090857 0.07288930544547555 0.07597865875994501 0.08014339909648822

cov.inverse():
 3351818.846928082 -5923043.275726019  2005971.189844673  906224.0434620066 -338128.0674558116 -3016.458987220779
-5923043.275847645  14646238.15011993 -10808303.72015452  1507126.124793462 -627281.5193318974  1206257.767232778
 2005971.190089961 -10808303.72008308  22377369.62511172 -20970657.25893999   6005301.04494097  1388625.310459797
 906224.0405726002  1507126.131097913  -20970657.2627072  46559606.55177177  -32478454.8753542  4477205.419793945
-338128.0626391201 -627281.5310983313  6005301.052956101 -32478454.87536059  43788672.04642006 -16350080.16370322
-3016.461038140591  1206257.772501602  1388625.306528648  4477205.419447815 -16350080.16264348  9280822.570455881

cov*(cov_.inverse()):
     1.000000000017735  4.365574568510056e-11 -7.275957614183426e-11  4.074536263942719e-10  2.328306436538696e-10  1.164153218269348e-10
-3.393552105990238e-11     0.9999999999272404 -1.600710675120354e-10                      0  4.656612873077393e-10 -1.164153218269348e-10
-5.996980689815246e-12 -4.365574568510056e-11      1.000000000145519  5.820766091346741e-11                      0                      0
 5.428546501207165e-12 -8.731149137020111e-11  -2.91038304567337e-11      1.000000000058208  2.328306436538696e-10 -1.164153218269348e-10
 7.017320058366749e-11 -1.164153218269348e-10  1.746229827404022e-10                      0     0.9999999995343387  1.164153218269348e-10
 -3.12070369545836e-11  -2.91038304567337e-11   2.91038304567337e-11  2.328306436538696e-10                      0                      1
