4
2

0.0002590343475875106
0.0007295653551385835
  0.09547736020598066
   0.5071368418030682

-0.5350363889134857  0.7882272348984499 -0.3003496108954554 0.04715930382977995
-0.3650115269938157 0.08022942142485436  0.7826044652120339 -0.4978554771514142
-0.6165047321583893 -0.3921301434600772  0.1728460250717712  0.6605150395208126
 0.4476880196368588  0.4674345052434149  0.5171504750863364  0.5600319691762674

0.3988781664358192
0.3989284290963161
0.3989599299281666
0.3989711067031467

0.0001698244459286708
   0.3990880792976451

 -0.4384570278826033    5.250650018750783   -3.944098687621343  -0.8685046732497725
   1.419663115939128  0.06065306684867677  -0.4206627311884985 -0.05972993340849356

  3.70180435085591e-07 -1.103376466266138e-06   -0.02774896621993883   -0.06893657485663193
-3.946978900742717e-08 -4.326270285262818e-07  -0.009217799752568274     0.1061982085042118

cov:
0.05501160159483282 0.05602408787737155 0.05857310892805534 0.06077001000448772
0.05602408787737155 0.05759601256912968 0.06155318090061556 0.06496505492470903
0.05857310892805534 0.06155318090061556 0.06905616270180231 0.07552746251272717
0.06077001000448772 0.06496505492470903 0.07552746251272717 0.08464052512452867

cov.inverse():
 4516661.551838376 -6340205.238182845  1858248.698801969 -34671.27706732448
-6340205.238130474   9271624.22903336 -3410329.170343431  478922.6789509268
 1858248.698688926 -3410329.170206293  2495122.598114631 -943092.5497293674
-34671.27700665047  478922.6788661559 -943092.5497052703  498864.1415575827

cov*(cov_.inverse()):
    0.9999999999849933  1.818989403545856e-11 -7.275957614183426e-12 -7.275957614183426e-12
-4.592948243953288e-11     0.9999999999490683 -7.275957614183426e-12  7.275957614183426e-12
-5.229594535194337e-11  8.003553375601768e-11     0.9999999999854481  7.275957614183426e-12
 2.273736754432321e-11 -1.455191522836685e-11                      0                      1
