6
2

  0.00012757545949541
0.0001636239039892264
 0.000212719154795653
 0.000512018313224292
  0.04718421576780765
   0.6571855104474182

0.01029052346931731 0.01192735430695245  0.1089941256280157 -0.5940295662161429  0.7451694576510269   -0.28235346247157
0.06922753123591704  0.1610773872725552 -0.7565331266433505  0.4422810031278381  0.3564452789354795 -0.2724950089754037
-0.3478224803300954  0.8127266253928561 -0.2012436555501426 -0.3258157598583157 -0.1558852347871428  0.2180363039924356
 0.6318197863828683 -0.1455628064769647 -0.4296444460900373 -0.4160145032824785  -0.100810438119268  0.4602065465358735
-0.5645242858334572 -0.3636728208488031 -0.1644002993897204 0.06553443379607464  0.3318238711007046  0.6384552515215461
 0.3952685978699291  0.3999259864683064  0.4045455369611581  0.4098751644182697  0.4160519321166346  0.4231642574523665

0.4026984550087195
0.4028822397456324
0.4028786218860759
0.4028757507406375
0.4028736943364889
0.4028697834200887

6.055042803521032e-05
   0.4028926626192357

-4.776270753344213 0.6573757613757768  5.166174553960998  8.341230012791705  8.412247606403177 -17.80094406862195
0.8858156565984352 0.0700371515147144 0.2930442894567955 0.6894856839952472 0.8418869611956483 -1.780304470652802

 1.116750453606419e-07  1.982577697367687e-07 -3.056328171661108e-07 -4.677842374405016e-06   -0.01429128351578367   -0.06434499553098694
 1.240745768597527e-08  2.519489204939841e-08 -4.770254213915677e-08 -2.011938179771478e-07  -0.003085305346838978     0.1624802654712548

cov:
0.06818736947446986 0.06872986656664819 0.06926800271848504 0.06988886066112286 0.07060868865513467 0.07143756230535168
0.06872986656664819 0.06937176545030344 0.07000830402511365 0.07074269501004282  0.0715939675393585 0.07257416634244848
0.06926800271848504 0.07000830402511365 0.07074255701288068 0.07158956618696598 0.07257127467171365 0.07370165566563096
0.06988886066112286 0.07074269501004282 0.07158956618696598 0.07256659761161384 0.07369882366371558 0.07500253675050436
0.07060868865513467  0.0715939675393585 0.07257127467171365 0.07369882366371558  0.0750054548654828  0.0765099572984143
0.07143756230535168 0.07257416634244848 0.07370165566563096 0.07500253675050436  0.0765099572984143 0.07824575140537739

cov.inverse():
 4381993.267686429 -6173922.701695008 -1375784.093863431  2269888.257593623  2348040.491151075 -1450173.479353874
-6173922.702053141  15656147.49097693 -7847737.832536896 -3395373.562379422 -53309.90744307555  1814153.145424423
-1375784.094045273 -7847737.830949739  23706834.76597691 -14345064.96199297 -4223523.991873224  4085213.783168247
 2269888.259576442 -3395373.569140851 -14345064.95557222  31993693.47133739 -20026661.52250296  3503666.367985059
 2348040.489092929 -53309.90037067985 -4223523.999395817 -20026661.52001073  39438845.48976639 -17483410.90428992
-1450173.478738562  1814153.143168157  4085213.785675423  3503666.367134941 -17483410.90430602  9530502.670985216

cov*(cov_.inverse()):
                     1  2.328306436538696e-10 -1.746229827404022e-10 -2.037268131971359e-10  2.328306436538696e-10 -2.328306436538696e-10
                     0      1.000000000116415 -5.820766091346741e-11  1.746229827404022e-10                      0 -1.164153218269348e-10
 -2.91038304567337e-11 -5.820766091346741e-11      1.000000000174623  -2.91038304567337e-11                      0                      0
 7.275957614183426e-11                      0  5.820766091346741e-11      1.000000000116415                      0 -2.328306436538696e-10
 4.365574568510056e-11  2.328306436538696e-10 -1.746229827404022e-10  3.492459654808044e-10      1.000000000232831                      0
                     0  8.731149137020111e-11  5.820766091346741e-11                      0                      0                      1
