6
2

0.0001422212847844954
0.0001845175982313449
0.0002662033366207328
0.0006482894973236078
   0.1120910731874552
   0.6301890475618095

  -0.1536035307260621    0.5845352897724521   -0.7249605425387062    0.3292058014763269  -0.02657928261263672 -0.008587440319142955
 -0.02737033619429116    0.0558171890446818  -0.09847536517245892   -0.2746643597659849    0.8248733965421687   -0.4801887938188901
  -0.4550092155190175    0.5901210898859909     0.325700499330165   -0.5457855523238589  -0.09380931878627398    0.1787759502394394
   0.5355213932399907  -0.03064834204877501    -0.409856415501507   -0.5834296419501388   0.03855331907772105     0.449909690567163
  -0.5956174506424267   -0.4082596470216361   -0.1907354113060849   0.06913512811348983    0.3387728302941777    0.5680116367585154
   0.3564829921754788     0.373289131147675    0.3927998478848629    0.4160905521372418    0.4402542948844481     0.460790829570405

0.3996904333634947
 0.399703272562201
0.3996757692904289
0.3996314180113103
0.3996087083747232
0.3995427505621805

0.0007064014062715078
   0.3999673464972845

 0.3134965983542413   1.178005793617021   3.493483139658779  -5.451688647493437   4.802553015460201  -4.336258596551373
   1.48792510056823 -0.2718240030028327  0.2266531929701036 -0.4912226715744585   0.440749821843087 -0.3923382984295757

-7.640394098724383e-08  2.469837977647151e-07  2.437772517625286e-07  4.827331270212136e-08   -0.03200106238436669   -0.09071714875093044
-1.460007292697875e-08   2.07230069799939e-08 -4.301404839223468e-08  3.527491544784497e-07   -0.01163451140365489     0.1298020053343164

cov:
0.05492586330132491 0.05590288845064244 0.05703714680680567 0.05838970597175235 0.05979291005726906 0.06098488718922344
0.05590288845064244 0.05743335497577607 0.05920994630257921 0.06132969366719267 0.06352879649674829 0.06539739806434361
0.05703714680680567 0.05920994630257921 0.06173232388627325 0.06474279780191848 0.06786596520852775 0.07052015302500306
0.05838970597175235 0.06132969366719267 0.06474279780191848 0.06881730052066926 0.07304428548305794 0.07663688213492657
0.05979291005726906 0.06352879649674829 0.06786596520852775 0.07304428548305794 0.07841686380580547 0.08298322743561073
0.06098488718922344 0.06539739806434361 0.07052015302500306 0.07663688213492657 0.08298322743561073 0.08837748328245369

cov.inverse():
 4792414.515388587 -8311964.576288032  2971024.571299786  481808.5274863419   190169.784495737 -123406.0453809557
-8311964.576480256  21900420.43072031 -18369853.87308785  4560918.084002344 -199810.0653500354  420525.1903091536
 2971024.571410731 -18369853.87284976  28165093.48016347 -12944311.18875636 -1901950.703740173  2079579.520509506
 481808.5265608922  4560918.085860368 -12944311.18975332  12587303.27789237  -6418085.37487979  1732583.307862448
 190169.7869610551 -199810.0711570674 -1901950.699993625 -6418085.374964362  20147419.98539616 -11817947.43998501
-123406.0468395581  420525.1938278799  2079579.518108923  1732583.307882621  -11817947.4396647  7708807.681009589

cov*(cov_.inverse()):
     1.000000000068212  2.110027708113194e-10 -1.455191522836685e-11  2.182787284255028e-10  1.164153218269348e-10  5.820766091346741e-11
 5.456968210637569e-11      1.000000000116415  5.820766091346741e-11  7.275957614183426e-11  3.492459654808044e-10 -1.164153218269348e-10
 3.819877747446299e-11  7.639755494892597e-11     0.9999999999126885  5.820766091346741e-11  1.164153218269348e-10                      0
 3.637978807091713e-11 -2.182787284255028e-10  2.037268131971359e-10      1.000000000116415  2.328306436538696e-10                      0
 9.276845958083868e-11   1.01863406598568e-10  3.492459654808044e-10  5.820766091346741e-11      1.000000000232831                      0
 3.819877747446299e-11 -4.365574568510056e-11  -2.91038304567337e-11 -5.820766091346741e-11                      0                      1
