4
2

0.0001889654956540023
0.0005241270017023003
  0.09387316859971853
   0.4997965741559033

 -0.3354637501528457   0.7904714742698382  -0.5095481267733706  0.05458596157261316
  0.6098890607374222  -0.2134639862863422   -0.700131138112451   0.3037842155164311
 -0.5530981847874663  -0.3206729696430103 -0.05114074356930697   0.7672260871948514
  0.4578010527631232   0.4761899006328739    0.497555745916266   0.5622274044636552

0.3990898812759119
0.3991553681836817
0.3991968066468068
0.3992884154290272

-9.426813721865317e-05
     0.399258926187449

 0.8534098125206069   3.954926269115678     -2.770410545722  -2.037449685561913
  1.506816703288005 0.06829991909452629 -0.4069224992832097 -0.1680662031451581

 1.478455778017577e-07  2.738730686301686e-07   -0.02786198163641261   -0.06243813193329788
-9.045565140361536e-09  3.126889410744954e-07  -0.008490121954863067     0.1062604706852016

cov:
0.05504872995621617 0.05601863520308504 0.05714820743836659 0.06055531882954158
0.05601863520308504 0.05754928717054869 0.05932910869374966 0.06470923829466506
0.05714820743836659 0.05932910869374966 0.06186327093489753 0.06953215592806976
0.06055531882954158 0.06470923829466506 0.06953215592806976 0.08414780967633848

cov.inverse():
 4505630.901377513   -7900098.4521853  3232650.220702663  161576.3782576498
-7900098.452160699  17664650.10115751 -10735886.67083648  972292.3758213033
 3232650.220669952 -10735886.67079677  9055562.985912902 -1553170.949399688
 161576.3782657559  972292.3758062047 -1553170.949392696  419449.0222923856

cov*(cov_.inverse()):
     0.999999999998181  1.746229827404022e-10 -1.309672370553017e-10                      0
-1.091393642127514e-11      0.999999999992724 -1.600710675120354e-10  1.091393642127514e-11
 1.637090463191271e-11  4.365574568510056e-11     0.9999999999417923 -7.275957614183426e-12
-1.455191522836685e-11  1.455191522836685e-11  -2.91038304567337e-11                      1
