5
2

 9.13227529776299e-05
0.0001252221390882632
0.0002961260156347425
  0.05249499950711997
   0.6063527106772604

-0.02855490187368667   0.3303543948062182  -0.6927940139311665   0.6039357473369142  -0.2129522452592292
-0.09870293700455599   0.6298665229248203   -0.323919122108229  -0.5869182002166856   0.3796436778247626
  0.5931971831499631  -0.4856459623302934  -0.4625479934611456 -0.08260713614213312   0.4375962933786069
 -0.6841731162564715  -0.2646784337902107 -0.05777877083969486   0.2657572635248685   0.6228058800318903
  0.4116632078538437   0.4338518907293813   0.4447739020885768   0.4618850260456362   0.4807747278567662

0.3974618767791986
0.3963692662595991
0.3958997257784568
0.3950319628278932
0.3940618284344281

0.01398321773559818
 0.4004232040770271

  2.513386815510595  -4.983508721370281    4.84581581919816   8.538947520389105  -10.91431235187347
  2.569354633237121  -1.668149757814908  0.3381100815384048   0.740242316425723 -0.9794974606653325

 2.006531112773897e-08 -2.212826745919003e-07 -3.342510396847672e-07   -0.01435391075950793    -0.1012754944831116
-1.693354977374518e-09 -3.481335174772107e-08  1.480303755426523e-07  -0.004820335318882249     0.1306494846156763

cov:
0.06359666685545276 0.06616403382041121  0.0674270351083609 0.06940689230028486 0.07159276513013452
0.06616403382041121 0.06939746775863743 0.07098873284452606 0.07348215855564443 0.07623484488881102
 0.0674270351083609 0.07098873284452606 0.07274184530205692 0.07548844336970081  0.0785205515791086
0.06940689230028486 0.07348215855564443 0.07548844336970081 0.07863117470939437 0.08210046123855526
0.07159276513013452 0.07623484488881102  0.0785205515791086 0.08210046123855526 0.08605229180441883

cov.inverse():
 4732011.967902944 -8381023.164548006  1282041.200852211  1067714.865692309  1299462.362016811
-8381023.164444476  41076308.46262339 -37892349.09769542  804652.8576254563  4390823.205490134
 1282041.204319816 -37892349.12236646  66681797.56482717 -37609268.73896986  7539360.714533057
 1067714.858825125  804652.9050318109 -37609268.78760227  65780397.07952375 -30043170.32472374
 1299462.365312799    4390823.1828587  7539360.741960636 -30043170.33281497  16813015.88659085

cov*(cov_.inverse()):
    0.9999999999708962  1.164153218269348e-10 -5.820766091346741e-10                      0  2.328306436538696e-10
-1.164153218269348e-10      1.000000000232831 -1.164153218269348e-10 -9.313225746154785e-10  4.656612873077393e-10
-5.820766091346741e-11                      0     0.9999999988358468                      0                      0
-7.275957614183426e-11  4.656612873077393e-10 -1.164153218269348e-10     0.9999999995343387                      0
 4.365574568510056e-11  1.746229827404022e-10  2.328306436538696e-10                      0                      1
