5
2

0.0001036264643372422
0.0001290014959543741
0.0002361909809298441
  0.04427448034422826
   0.5483947775997737

0.002293220486288224   0.1471418951522176  -0.6106568718997556   0.7301509684964869  -0.2689270381275609
 -0.3609719943585637   0.7918572289709144  -0.2995846805221125   -0.334250874665572   0.2029451162188169
  0.5785403970856319  -0.1911399826806806  -0.5787840554238683  -0.2754289435722247   0.4668023459566343
 -0.5926765205980308  -0.3528061778205556 -0.06273218459368778   0.2672655607162626   0.6699971163330389
   0.428625140770363   0.4362392686702992   0.4454446028422316   0.4559209724136979   0.4687120244688239

0.3804932227479101
0.3795843041728407
0.3783437926751232
0.3769355408872599
0.3752108587269752

0.02843326011202976
 0.3862861871460243

  -1.71654206838273   1.203944830888714   3.334342658579172   12.75953913745577   -15.5812616104011
  2.242458052704749 -0.5134046132794479 -0.2036682561142505   1.072803386498046  -1.598286343014428

 1.250350869375269e-07 -1.140429189657468e-07 -7.777034769658804e-07   -0.01302727543287297   -0.06347451241011969
 1.360669742857151e-08 -3.058589717285418e-08  2.631990511310873e-08  -0.003762204403486782      0.116223133765872

cov:
0.05593980561557471 0.05664258351384705 0.05749217334681494 0.05845923722846817 0.05964018131116988
0.05664258351384705 0.05747563926582477 0.05848269551484093 0.05962890234577772 0.06102847764419463
0.05749217334681494 0.05848269551484093 0.05968020947459434 0.06104304262398659 0.06270700862249443
0.05845923722846817 0.05962890234577772 0.06104304262398659 0.06265237348609716 0.06461715273111268
0.05964018131116988 0.06102847764419463 0.06270700862249443 0.06461715273111268 0.06694911703237533

cov.inverse():
 13830448.17674224 -19127071.82984513  365588.1545069065  4549770.832888115  381296.4750734371
-19127071.83267457  40350581.72717916 -20639655.91493591 -4956427.240469663  4372406.501863232
 365588.1640229371 -20639655.93336735  46124022.22417914 -32646178.28761959  6796305.697180789
 4549770.822760225 -4956427.215806103 -32646178.30459418   57719460.7358059 -24666329.41470405
 381296.4785147046  4372406.492801761  6796305.705239828 -24666329.41714285  13116096.38361662

cov*(cov_.inverse()):
     1.000000000160071  6.693881005048752e-10  -2.91038304567337e-10                      0 -1.164153218269348e-10
 8.731149137020111e-11     0.9999999999417923  2.328306436538696e-10 -2.328306436538696e-10  2.328306436538696e-10
 2.473825588822365e-10                      0     0.9999999998835847  2.328306436538696e-10 -2.328306436538696e-10
 1.055013854056597e-10  5.820766091346741e-10 -1.746229827404022e-10                      1                      0
-1.091393642127514e-11 -1.164153218269348e-10                      0                      0      1.000000000116415
