5
2

9.190280347734034e-05
 0.000148924111538774
0.0005379681873335401
   0.0735993464915542
   0.5652458303271851

-0.00173026674958398    0.196966624872291   -0.644409538222857   0.6963189751316191  -0.2471383960101086
-0.05184336222866939   0.6382301299359433  -0.4692597889548458  -0.4845385754696679   0.3674128282826475
  0.4995257533036512  -0.5725592825467897  -0.4043822472037821 -0.03069457091598296   0.5081168479972181
 -0.7648168592965916  -0.1870410387532221 0.005684885183995081   0.2554063436052948   0.5610758445027124
  0.4035324838125418   0.4371017818769311   0.4483015477826524   0.4628041667011374    0.480563827527454

0.3998582764517342
0.4001949732166267
0.4002481971106963
0.4003072088821597
0.4003852805743818

-0.001069910984185189
   0.3999035951585984

 0.1562343383202732 -0.3729685180474646   4.225185370370463     5.4330118353177  -9.441736734294244
  1.335857878333204 -0.4051709671505492  0.3518822801474591  0.5653706456145987 -0.8480248143927263

 2.804149469708666e-08 -1.847541601432163e-07 -1.846801819698002e-06   -0.02131869188807399   -0.07308917147544945
 2.486412211743037e-09 -2.391919442339356e-08  8.935102940629822e-08  -0.006908178452067148     0.1194417649273429

cov:
0.05519599234541746 0.05713024620213716 0.05777580921512115 0.05861110945748346 0.05963457466276325
0.05713024620213716 0.06123317465126311 0.06260197072870904 0.06437426615542068 0.06654472054056153
0.05777580921512115 0.06260197072870904 0.06421208503384956 0.06629698677712513 0.06885011338834095
0.05861110945748346 0.06437426615542068 0.06629698677712513  0.0687869438608909 0.07183589074733449
0.05963457466276325 0.06654472054056153 0.06885011338834095 0.07183589074733449 0.07549183664911847

cov.inverse():
    983839.2247917 -2520472.121812475   530966.789622393  936976.7678803364   68717.2957814485
 -2520472.12131864  24092494.24050507 -27731783.72375957   2355498.65348629  3804465.611216612
 530966.7883490288 -27731783.71774834  59659999.76531208 -42831717.51225133  10371938.01212682
 936976.7689854088  2355498.644705842 -42831717.50306197  67995359.85175425 -28455538.24648071
  68717.2954559436  3804465.614479556  10371938.00767537 -28455538.24496667   14210222.5677013

cov*(cov_.inverse()):
     1.000000000020918                      0  6.984919309616089e-10 -4.656612873077393e-10 -1.164153218269348e-10
   1.2732925824821e-11      1.000000000029104 -3.492459654808044e-10                      0 -1.164153218269348e-10
 4.547473508864641e-12   2.91038304567337e-11     0.9999999997671694 -2.328306436538696e-10                      0
-4.547473508864641e-12                      0                      0      1.000000000465661 -2.328306436538696e-10
 1.000444171950221e-11                      0 -1.164153218269348e-10                      0                      1
