7
2

9.671521725156186e-05
0.0001379577704755161
 0.000190411581373837
0.0003220549815230691
0.0007273020298006383
   0.1136308704250793
   0.7451344099577064

-0.009125140264998831    0.0204474610626987    -0.215535401385029     0.703530647966622   -0.6645784655981531    0.1198060548212659   0.04549421462188295
 -0.01706392256242746   0.09947681094097402   -0.2834156767747844    0.3433216815757835     0.339549192728492   -0.7701896524836899    0.2883283001624148
   0.1749423533009587   -0.6081090961653632    0.6406570020212796   0.05631660898234504   -0.2062093709107984   -0.2950737107304006    0.2374757799874932
  -0.3373541645891501    0.5587873797648751    0.2713977873816726   -0.3255506954823692   -0.4146827168294321   -0.1859389882489328    0.4333286911076447
    0.622391276361056   -0.1104779931263878   -0.4549532679981924   -0.3654758994719337   -0.2094827982773093   0.05676527023541317    0.4612626847127094
  -0.6080405161490693   -0.4296576797903718   -0.2383770490552355 -0.001667471980657295    0.1618554770922003    0.3096634688908994    0.5164939026832265
   0.3132550476028053    0.3329191313659732    0.3539997148233408    0.3800587073041378    0.3980923388528496    0.4143655951566538    0.4371491179521362

0.3981902630149002
0.3971321096646735
0.3959483179164034
0.3945241511385517
0.3934717492968288
0.3925459830757776
 0.391228214915064

0.01501307824766275
  0.400298315513075

 0.2812505476603099   1.801713495630892  -3.837844304950689    7.70421588262978  -1.853304312883651 -0.4757968448343297  -3.619855469965123
  1.372975626119849 0.03751362248388654 -0.7116532120400422  0.7366513993902634  0.1366467108278711 -0.2160571597593834 -0.3558299894984365

  6.82043883666842e-08  4.949586494805503e-08 -1.235756757035674e-07 -3.473963801521776e-07 -1.270658334357236e-06   -0.03047306043214302    -0.1443419915503814
 4.929433987472986e-09  1.037477704076843e-08 -8.918635580740166e-09 -1.084758082682723e-07   3.70226708301685e-07   -0.01176411808667303     0.1554335880297762

cov:
0.05925749581489707 0.06127685139297751   0.063441496410542 0.06611550061036571 0.06796827192533156 0.06963827087819119  0.0719772315071404
0.06127685139297751 0.06392215393893494 0.06675759898767349 0.07026125041437839 0.07268748943295025 0.07487552047111919 0.07793950678158075
  0.063441496410542 0.06675759898767349 0.07031233928520536 0.07470559376234936 0.07774674305274457 0.08049024873451803 0.08433166058179048
0.06611550061036571 0.07026125041437839 0.07470559376234936 0.08019943096145653 0.08400129811175618 0.08743200762985562 0.09223520099895996
0.06796827192533156 0.07268748943295025 0.07774674305274457 0.08400129811175618 0.08832902785623066  0.0922347702228682  0.0977028149166419
0.06963827087819119 0.07487552047111919 0.08049024873451803 0.08743200762985562  0.0922347702228682  0.0965697096535419   0.102638392333055
 0.0719772315071404 0.07793950678158075 0.08433166058179048 0.09223520099895996  0.0977028149166419   0.102638392333055   0.109547803436718

cov.inverse():
 2697928.594256005 -4990798.133291421  2137585.059354916 -93557.78936555356  451208.5320972478 -178555.5747675966 -23766.32601274408
-4990798.133437902  13797625.11361298 -11140659.36167279  710230.9412221073  1590232.253966267  171806.5049033304 -138372.1415992466
 2137585.060452141 -11140659.36386147  21608807.70002803  -20865971.8652163  5708560.076973799  2959123.441795083 -408511.5926431171
-93557.79161601047  710230.9457309265 -20865971.86826286  60469656.62364443 -42733891.84188176 -4796288.031046849  7312925.483983987
  451208.532242268  1590232.255324391   5708560.07337228 -42733891.83902301   56188995.0793845  -19853585.5739663 -1354155.742884406
-178555.5727130693  171806.4984709375  2959123.451556198 -4796288.038677793  -19853585.5729481  35442968.07576227 -13745212.59306612
-23766.32691272159 -138372.1389914223 -408511.5968476265  7312925.487967941 -1354155.743142399 -13745212.59429525   8357346.49083546

cov*(cov_.inverse()):
     1.000000000019327 -2.546585164964199e-11 -8.003553375601768e-11  2.328306436538696e-10 -4.074536263942719e-10  1.164153218269348e-10 -1.164153218269348e-10
-3.956301952712238e-11     0.9999999998817657  2.473825588822365e-10 -2.328306436538696e-10 -1.746229827404022e-10  6.984919309616089e-10 -1.164153218269348e-10
-3.478817234281451e-11 -9.276845958083868e-11     0.9999999998181011 -2.328306436538696e-10 -4.220055416226387e-10                      0 -1.164153218269348e-10
-4.729372449219227e-11  1.818989403545856e-11  8.731149137020111e-11                      1  7.130438461899757e-10  2.328306436538696e-10 -3.492459654808044e-10
-5.638867150992155e-11  1.327862264588475e-10 -7.275957614183426e-11 -1.164153218269348e-10      1.000000000436557                      0 -1.164153218269348e-10
 2.137312549166381e-11  3.819877747446299e-11  2.255546860396862e-10 -5.820766091346741e-10 -1.047737896442413e-09      1.000000000465661 -1.164153218269348e-10
-1.818989403545856e-11  3.274180926382542e-11 -8.731149137020111e-11                      0  2.328306436538696e-10 -2.328306436538696e-10                      1
