5
2

0.0002051406242459898
0.0002820821979612472
 0.000659974394571665
  0.09640255478191181
   0.5646934022869345

 0.2872686037488763 -0.6987271182401065   0.608076799196696 -0.2400413629840558 0.04335797356317479
-0.2356264989344818  0.4258579450845925  0.2745682716904359 -0.7707906984352071  0.3059724284880901
 0.5948428723507628 -0.1405378975666208 -0.5909464185281943 -0.2975821789871398  0.4343250323651788
-0.5878806480905112  -0.366132189098055 -0.1090121967144921  0.2091956664489733  0.6816869353401145
  0.403131744116268  0.4202638983995943   0.440174444800932  0.4646976039864615  0.5011642920053108

 0.399649714221075
0.3996590046960635
0.3996330501838248
0.3996392267686934
0.3995283649427435

0.0006734093300152934
   0.3999142367535734

 0.6198497534246034   5.070524997572988  -6.537220153365484   4.424994042508684  -3.577359355632024
   1.51032707233638  0.1100927403453278 -0.7089086519829941  0.4012936659149892 -0.3126384767468606

-3.601128397330462e-07 -3.411150168552521e-07  2.825618280457476e-07   -0.02807731310848134    -0.0743746721740708
-7.743573707462901e-09 -7.229804983572622e-08  4.558886579040554e-07  -0.009108452770138073     0.1189041947534728

cov:
 0.0550346399173208 0.05602525563463202  0.0571799004492576 0.05859393055221702  0.0607004717449384
0.05602525563463202 0.05756675809701772 0.05936013300191904 0.06156378679988141 0.06484307299378231
 0.0571799004492576 0.05936013300191904   0.061894479536255 0.06501410845327985 0.06965381565372077
0.05859393055221702 0.06156378679988141 0.06501410845327985 0.06926668111893609 0.07558882309505048
 0.0607004717449384 0.06484307299378231 0.06965381565372077 0.07558882309505048 0.08441008970458715

cov.inverse():
 3471125.551108903 -6222685.741545318  2530813.732256493  237485.7194164716  -16976.5472340445
-6222685.741469811  13925976.60952202 -8436152.931582868 -43668.10122289659  777488.8518394172
 2530813.731810315 -8436152.930543143  10535643.97756032 -5724475.636703032  1093033.616879377
  237485.719995756 -43668.10276010604 -5724475.635596174  9039099.326556237 -3507960.145470396
-16976.54744261224  777488.8524123088  1093033.616366048 -3507960.145321333  1654367.805433763

cov*(cov_.inverse()):
     1.000000000002728 -3.637978807091713e-11  1.455191522836685e-11                      0                      0
 2.364686224609613e-11     0.9999999999199645  5.820766091346741e-11  -2.91038304567337e-11 -1.455191522836685e-11
-5.434230843093246e-11  5.820766091346741e-11      1.000000000014552  5.820766091346741e-11  1.455191522836685e-11
 1.909938873723149e-11 -1.309672370553017e-10  1.746229827404022e-10     0.9999999999417923  1.455191522836685e-11
-2.364686224609613e-11  1.309672370553017e-10  -2.91038304567337e-11                      0                      1
