4
2

0.0001349157532270607
 0.000622071913859066
  0.07990737793244597
   0.5394833582852872

-0.03224398263068132   0.5046649669326004  -0.7986534454642148    0.326230395247237
  0.3409064553403996  -0.7037199391653303  -0.2202410093743608   0.5831422928566843
 -0.8409592956281347 -0.05710799688886689   0.2016403190396216   0.4988660356504262
  0.4189636945941592   0.4968200831924999   0.5224822997724428   0.5519524200264986

0.3956758935112389
 0.392374054852049
0.3912406663989785
0.3899302208373391

0.01794108922974547
 0.3981420307212495

-0.2767455298574834   11.90212089845256  -7.412378984744821  -4.216347860572998
  1.005679372204072   1.641933288330168  -1.341437877984009 -0.3077647085674861

 1.922145602410809e-07 -3.597431130280774e-06   -0.02582810095535979     -0.117230048610801
  3.21659586021689e-08 -2.695849061846355e-07  -0.008706360167618925     0.1066203044437302

cov:
0.05560255262393149 0.06088688930276733 0.06262670914660243 0.06462427941316141
0.06088688930276733 0.07185904660626026  0.0754751966581392 0.07962785762567101
0.06262670914660243  0.0754751966581392 0.07971062662006373 0.08457458088246467
0.06462427941316141 0.07962785762567101 0.08457458088246467 0.09025566224028145

cov.inverse():
    357552.6978717 -1513915.150755543  1220708.219893271 -64235.87511108087
-1513915.150837893  15271770.35009775 -21742474.56309528  7984407.584190844
 1220708.220047308 -21742474.56346647  35167558.73775546 -14645754.38503594
-64235.87518276981  7984407.584479712 -14645754.38525313    6725666.2967929

cov*(cov_.inverse()):
      1.00000000001819                      0 -1.164153218269348e-10 -5.820766091346741e-11
-7.275957614183426e-12      1.000000000116415 -2.328306436538696e-10  2.328306436538696e-10
 1.182343112304807e-11  1.164153218269348e-10                      1  1.164153218269348e-10
 6.366462912410498e-12                      0                      0                      1
