5
2

9.594754514379422e-05
0.0001471083379605544
0.0003869960486204673
  0.07743858924599184
   0.5881031388701934

-0.03702034696352558   0.4993399645869648  -0.7831517711717696   0.3659599092909971 -0.04511919524143285
 -0.1442650177697777   0.5115648090287248 -0.03661283958254652  -0.7404394514989889   0.4097535472120634
  0.5501894593754526  -0.4853272720098614  -0.4304813529243829  -0.1409066008914522   0.5065373949129746
 -0.7198219121442504  -0.2628626482596796 -0.03606426563533091   0.2798351361908238   0.5771926093117883
  0.3961881776980835   0.4293270468105482   0.4457779456375116   0.4686794105077389   0.4902395823253397

0.4006072944814467
0.4011765320572875
0.4014035218240162
0.4017177739206925
0.4020205889425202

-0.003514744690619698
   0.4000212261411697

  1.451826893058554  -3.856572117431639   9.725185204487335   -3.52570835385747  -3.794844398240483
  2.186125282866282  -1.567980487202091  0.9549688954056637 -0.2821202864376965 -0.2910024872359163

-9.864000231569733e-08 -3.208860545573798e-08 -4.405314884437488e-07   -0.02134245777655032   -0.08925774595216125
-1.566745441294347e-08  -2.30002442031216e-08  2.164146981251338e-07  -0.008652145080130135      0.118894561090229

cov:
0.05739598769875762 0.05996434277894523 0.06123958533097035 0.06301414159642449 0.06468496547622307
0.05996434277894523  0.0641648832374631 0.06625014391161148 0.06915278568939347 0.07188547507346438
0.06123958533097035 0.06625014391161148 0.06873748602454949 0.07220006853123398 0.07545984838042691
0.06301414159642449 0.06915278568939347 0.07220006853123398 0.07644251368141949 0.08043637762532238
0.06468496547622307 0.07188547507346438 0.07545984838042691 0.08043637762532238 0.08512134702392998

cov.inverse():
 3131886.516069215 -7201178.235744453  1811968.627314292  2946677.585556433 -689331.2142349588
 -7201178.23333858   40750301.7751933 -41949500.67338877  2803552.367440093  5597286.028728335
 1811968.621824464 -41949500.65776624   67922294.6829524 -29474616.99058484  1689094.749418834
 2946677.590081748  2803552.345714766 -29474616.97039598  40014495.01507666 -16289818.97950066
-689331.2156762609  5597286.037236867  1689094.739362648 -16289818.97651161  9692774.216287496

cov*(cov_.inverse()):
    0.9999999999854481  4.656612873077393e-10 -8.731149137020111e-10                      0  1.164153218269348e-10
 5.093170329928398e-11     0.9999999999417923 -1.673470251262188e-09  4.656612873077393e-10 -1.164153218269348e-10
-2.182787284255028e-11  1.746229827404022e-10     0.9999999991705408                      0                      0
 9.458744898438454e-11  4.074536263942719e-10 -4.656612873077393e-10      1.000000000698492 -1.164153218269348e-10
 3.637978807091713e-11 -2.328306436538696e-10  5.820766091346741e-11                      0                      1
