5
2

9.274429491873457e-05
 0.000218236335038696
0.0004565012894515681
  0.08286454845290704
   0.5609231984195709

-0.01793161000780082  0.06097384778098077  -0.5299705558710659   0.7896075829616641  -0.3026742838241493
 -0.2711874695834526   0.6984722295913628  -0.5016756350512979  -0.2662369612731965   0.3406366663741385
  0.5788482784052129  -0.4150405909513177  -0.5109944972878629  -0.1190521186147639   0.4662479975774296
 -0.6524957167624165  -0.3966561928127384  0.05101640058842131   0.2734196303599273   0.5827111093113352
  0.4065954056521965   0.4228757582819531    0.451369823668039   0.4655169644262493   0.4851963595012255

0.4002850132687298
0.4005965340928612
 0.401165665626953
0.4013821455446773
0.4016909014993373

-0.003486052447342289
   0.4000198481787384

0.02300582579504711   1.210489777327953  -2.008279202521175   10.80209412501829  -10.02755386747861
   1.47721480319561 -0.3069932061717512 -0.2402204626323442  0.9420585544489113 -0.8721081533584174

 1.092582219944674e-07 -2.116981586387607e-07 -1.130368668239058e-06   -0.02394550465262772   -0.06985218930864787
 9.374983019405577e-09 -4.964641265686646e-08     1.222178426333e-07  -0.007587317290470907     0.1188630740354687

cov:
0.05493887989205919 0.05587521875515915 0.05751469733348504  0.0583281202553012 0.05946000558215131
0.05587521875515915 0.05734464336161716 0.05991648317955273 0.06119300609134323 0.06296894435739736
0.05751469733348504 0.05991648317955273 0.06411997935556681 0.06620696494040772 0.06911004184838503
 0.0583281202553012 0.06119300609134323 0.06620696494040772  0.0686966123638188 0.07215965922261718
0.05946000558215131 0.06296894435739736 0.06911004184838503 0.07215965922261718 0.07640151756451319

cov.inverse():
 3189428.933492424  -5257003.22789114  2541982.483237843 -460866.4234531387 -13560.85859975138
-5257003.227907027  11502255.51323532 -10096412.72047091  1929934.660893723  1921383.720337772
 2541982.482836811 -10096412.72080232  39190797.50068647 -45554340.86492558  13917553.59948702
-460866.4227135024  1929934.661400095 -45554340.86757667  74041308.86338992 -29955635.87532606
-13560.85892252588  1921383.720146997  13917553.60140567 -29955635.87673118  14130158.97379191

cov*(cov_.inverse()):
     1.000000000009209  8.731149137020111e-11  2.328306436538696e-10  4.656612873077393e-10                      0
 1.057287590811029e-11       1.00000000007276 -1.164153218269348e-10  6.984919309616089e-10  1.164153218269348e-10
-4.092726157978177e-12   2.91038304567337e-11     0.9999999997671694  6.984919309616089e-10                      0
-3.012701199622825e-11   2.91038304567337e-11                      0                      1  2.328306436538696e-10
 4.774847184307873e-12 -5.820766091346741e-11                      0                      0                      1
