6
2

0.0001447613168034912
0.0001559354286448226
0.0002621595177305131
0.0005591445565902415
  0.09733932306426553
   0.6209557320967551

  -0.135620714220046   0.5458491387722036  -0.7057437098304832    0.406190365715503  -0.1403830310307884  0.02972451865565296
-0.04660831626072066   0.1043500010850491  -0.2214073629505333   -0.220728754219311   0.8306858320475856  -0.4462705314676109
  -0.406966281191747   0.6058421508192258    0.227882248111409  -0.5952556473063034 -0.06886281272975485   0.2373437225466152
  0.5412328539717924  -0.1218680344588204  -0.4680759088011723  -0.4863822685971848  0.05149929606894221   0.4836323343794414
 -0.6241880963003265  -0.4072582837705311  -0.1536496454738453   0.1382862897575961   0.3092041391115712   0.5533456420758796
  0.3623111244790415    0.378687147581422   0.3978328879157754   0.4198429576281886   0.4327264596920807   0.4511489650219158

 0.398387654690432
0.3984939124952663
0.3985782382595119
0.3986627145870799
0.3987512952204998
0.3988025602020127

-0.0005931106708994064
    0.3985000063194227

 0.1138953319409318   1.478523494267417   3.024407921574515  -5.351455568369866   6.120774037795326  -5.386469439095012
  1.457331622060534  -0.214093094585001  0.1698946196354249 -0.5294701899916279  0.6237847859334735 -0.5074579366064143

-9.505412114654397e-08  1.981458471136716e-07  2.078429464442679e-07 -3.817977722842321e-07   -0.02810245514752648   -0.08632416476366712
-1.576146011937913e-08  1.783864089087562e-08 -3.658390713422555e-08  2.437204418700017e-07  -0.009566882802529951     0.1284840297636944

cov:
0.05430727038067251 0.05531193780681729 0.05648671514366394 0.05783503289957613 0.05862412860145244  0.0597539681236258
0.05531193780681729 0.05686610474138173 0.05868306831088418 0.06077037254843939 0.06199204474635096 0.06373994807611741
0.05648671514366394 0.05868306831088418 0.06125085794544449 0.06420214288738181 0.06592956267796352   0.068400072299356
0.05783503289957613 0.06077037254843939 0.06420214288738181 0.06814781207900858 0.07045729753996241 0.07375945306395844
0.05862412860145244 0.06199204474635096 0.06592956267796352 0.07045729753996241 0.07310771768207074 0.07689681159464663
 0.0597539681236258 0.06373994807611741   0.068400072299356 0.07375945306395844 0.07689681159464663 0.08138162885179322

cov.inverse():
 4313864.952221788 -7531011.587242316   2832087.63884031  477089.5096209203 -186825.2108865255  94826.57562090688
-7531011.587447283  20053960.45072681 -17141807.93631539  4575373.323407236 -718924.2283885618  762779.9859734505
 2832087.639423475 -17141807.93775138  27240201.79552927 -12915220.68126208 -3141451.728348091  3125336.025065877
  477089.508649026  4575373.325958037 -12915220.68287409  15789165.12254585 -9745356.927357223  1819165.735955647
-186825.2101165588 -718924.2295551958 -3141451.728444935 -9745356.926676488   29396062.3966704 -15602882.69931168
 94826.57544462889  762779.9858203357  3125336.025921916  1819165.735241776 -15602882.69912448  9800408.788172388

cov*(cov_.inverse()):
    0.9999999999736247 -7.275957614183426e-11                      0   2.91038304567337e-11 -2.328306436538696e-10 -1.164153218269348e-10
-3.819877747446299e-11      1.000000000138243  -2.91038304567337e-11 -4.365574568510056e-11                      0 -1.164153218269348e-10
 3.274180926382542e-11 -2.182787284255028e-10      1.000000000232831 -2.473825588822365e-10 -2.328306436538696e-10 -1.164153218269348e-10
-5.729816621169448e-11  2.619344741106033e-10  -2.91038304567337e-10     0.9999999999417923 -2.328306436538696e-10 -2.328306436538696e-10
-5.547917680814862e-11  7.275957614183426e-11 -1.746229827404022e-10                      0                      1 -1.164153218269348e-10
-3.183231456205249e-11  5.093170329928398e-11                      0  -2.91038304567337e-11 -2.328306436538696e-10                      1
