5
2

  0.00012599175264015
0.0002351618137142563
0.0004360611527278495
  0.05713857014323387
   0.5479836825395958

 0.01749114689919005  -0.0156559303512629  -0.4661155244837476   0.8128264948274937  -0.3485661469028197
 -0.1396856062190162   0.6737965228649603  -0.6243865811529682  -0.2123192848209829   0.3025691586390272
  0.5776508382736992  -0.5137253999325511  -0.4374050128931711 -0.07907388249072106   0.4525813720311544
 -0.6845271029346678  -0.3026375562546226  0.02268255887114595   0.2796131124539846   0.6009452252568062
  0.4218105565119733   0.4361764099860243   0.4483749227268744   0.4580365040596604     0.47009412185778

0.3988203972238313
0.3987684239986495
0.3988028082877415
0.3987345335225981
0.3986394576798993

0.001381465453924195
  0.3991780790677876

 0.8678076781302397  -1.545020618046686    3.69865471472305   10.46084278580338  -13.48271078016141
  1.508957752703841 -0.4877537954244592  0.2456422184404544   1.001782331196136  -1.268660464355013

 1.828331958583567e-07 -5.404093986229144e-07 -1.378964291423482e-06    -0.0170421561402307   -0.05890481833158625
 1.866803833013599e-08 -7.130285673834486e-08  6.871809920263128e-08  -0.004446751621592907     0.1190185435130844

cov:
0.05495803414948077 0.05592407451523516 0.05674216009386456 0.05739176717378241 0.05820095487460383
0.05592407451523516 0.05742848992604429  0.0587047331083914 0.05971630326387666 0.06097805597303164
0.05674216009386456  0.0587047331083914 0.06037128337777904 0.06169109941156316 0.06333828893414081
0.05739176717378241 0.05971630326387666 0.06169109941156316 0.06325452709141123 0.06520626636981464
0.05820095487460383 0.06097805597303164 0.06333828893414081 0.06520626636981464 0.06753885930728362

cov.inverse():
 2127084.581181793  -3279773.07559551 -265246.1637278621  1191661.430171248   226421.916715957
-3279773.075412509  9613035.228504095 -5966170.684140947 -3174985.567831835  2807535.154580368
-265246.1638354258 -5966170.683586176   21742751.6446885 -21288387.43551071  5777868.470270763
 1191661.429850225 -3174985.568098108 -21288387.43438099  42468972.28626827 -19198199.13762685
 226421.9169615512  2807535.154474873  5777868.469588237 -19198199.13708444  10386725.26943396

cov*(cov_.inverse()):
    0.9999999999799911 -1.164153218269348e-10  5.820766091346741e-11 -2.328306436538696e-10 -1.164153218269348e-10
-2.000888343900442e-11     0.9999999999708962  1.746229827404022e-10                      0                      0
-1.455191522836685e-11                      0     0.9999999999417923                      0                      0
 -2.91038304567337e-11  -2.91038304567337e-11  5.820766091346741e-11     0.9999999997671694  1.164153218269348e-10
                     0  -2.91038304567337e-11                      0                      0                      1
