4
2

0.0001495373355190967
0.0003588798964324069
  0.09070483691419333
   0.5023231020205527

 -0.2501043370439104    0.746567610651074  -0.6065896535148884   0.1101526920563456
  0.6298666285449845  -0.3390493533719911  -0.6176340137148858   0.3268666262037924
 -0.5765481381142117  -0.3168682777935576 -0.01553948042822454   0.7529576771062249
  0.4564078168417328    0.476735600970733   0.5003356292521539   0.5604278094399747

0.3983602161544318
 0.398432782929834
0.3984814084262074
0.3985592796605056

-0.0001626276781383598
    0.3985232041382894

 0.4151092501901521 -0.2819335353688969   4.262952984853671  -4.396322861187198
   1.49963692964843 -0.4043596629982094   0.293596564339705 -0.3888875864712696

-7.568071082496596e-08 -4.782025429129972e-07    -0.0290136779542436   -0.06960808994002581
-2.007780399190199e-08  9.958664077271451e-08  -0.008505965529594662     0.1061361223800292

cov:
0.05529696221390268 0.05640613667961614  0.0576946666789418 0.06096989134324073
0.05640613667961614 0.05817452240247792 0.06022789158380936 0.06545312398768591
 0.0576946666789418 0.06022789158380936  0.0631688860220416  0.0706571235070434
0.06096989134324073 0.06545312398768591  0.0706571235070434 0.08391564678095366

cov.inverse():
  5877709.79394317 -10008175.38582999  3763969.125706295  366460.6866936607
-10008175.38516898  25817773.63818089 -18625948.55664906  2817107.219253809
 3763969.124786177 -18625948.55550562   19416586.9523266 -4555556.268778143
 366460.6869528359  2817107.218771279 -4555556.268554794  1372234.737929382

cov*(cov_.inverse()):
     1.000000000047294 -2.037268131971359e-10 -5.820766091346741e-11 -4.365574568510056e-11
-8.003553375601768e-11      1.000000000203727 -1.746229827404022e-10 -4.365574568510056e-11
 3.274180926382542e-11 -8.731149137020111e-11     0.9999999997671694 -1.455191522836685e-11
 2.182787284255028e-11   2.91038304567337e-11                      0     0.9999999999854481
