4
2

0.0005449484368439509
  0.00096290468576084
  0.03137941317278575
   0.5012201279111752

0.05322401783257336  0.3523132882640869 -0.8313572255046781  0.4264829591431157
 0.6092999445386347 -0.7353444928786501 -0.1378433662836084  0.2627189767600757
-0.6389158218427309 -0.3192141627387169  0.1718809489718536  0.6784878998822191
 0.4665912066359619  0.4829556315155749  0.5101973239378095  0.5373501600670527

0.4133371512811243
0.4099719514232633
0.4046469191956726
0.3986917682709015

0.07663384951229715
 0.4360598170986542

-3.898137965142455 -3.822011772323228  31.23920172105994 -23.54270914672962
-5.345333933537255  2.845806316402001  16.55383388121825 -12.95595892178126

-1.115578747992847e-05 -9.323659081519706e-06  -0.006787704815215243   -0.09476592230893673
-5.514570981296696e-06 -1.023165085886531e-05  -0.003385657285860933    0.09148172953171356

cov:
0.05509509302985868 0.05681140935039872 0.05969598176417442 0.06256030716832611
0.05681140935039872 0.05869734642982524 0.06184765870231656   0.064982704178914
0.05969598176417442 0.06184765870231656 0.06542262870731969 0.06898825747340713
0.06256030716832611   0.064982704178914 0.06898825747340713 0.07299244018159233

cov.inverse():
 410355.9550650382 -419880.5449831373  -239693.749939184  248642.6366664693
 -419880.544974377  1001273.188331473 -877024.9321959777  297384.7462409775
-239693.7499564164 -877024.9321732124  2347889.181774593 -1232867.634221683
 248642.6366749576  297384.7462269693 -1232867.634216186  687391.2550148364

cov*(cov_.inverse()):
                     1 -3.637978807091713e-12                      0 -7.275957614183426e-12
 1.818989403545856e-12      1.000000000007276  -2.91038304567337e-11                      0
-3.637978807091713e-12  7.275957614183426e-12                      1 -7.275957614183426e-12
                     0  3.637978807091713e-12                      0                      1
