6
2

 8.92962478693421e-05
0.0001231009595635936
0.0001914356691242666
0.0006262717892920577
  0.07660634322538627
   0.6135937598005732

   0.0043276083500488 -0.006045282233851656   -0.1932005189039732    0.6442082439307928   -0.6972375580538204    0.2479391295351888
  0.02403950467245667   -0.3914889484232641    0.7760302170971977   -0.2515271885015244   -0.3686447254497602    0.2115909909996544
  -0.1268002945703164    0.6717670382352454  -0.08565609436520868   -0.5197082007856066   -0.3257436943588646    0.3861453052378757
   0.6199474119101037   -0.3978220969738764   -0.4202560619060467   -0.2784405738604543   0.02652685106226519    0.4500608859448629
   -0.678125433179793   -0.2866710107250079    -0.120532894286883   0.06457225035158572    0.3012646402861111    0.5903452302485893
   0.3730096012955094    0.3936828862612858    0.4024554124017451    0.4122310871890954    0.4247208993075991    0.4399828995326191

0.4005743447129256
0.4009358349848091
0.4010114863248536
0.4010973624112272
 0.401198290277592
0.4013257422206056

-0.00174639882020597
  0.4005305059351661

-0.1887231177445081  0.1464696907727353 -0.3750942361972275   4.552514257361582   6.170161450210093  -10.30557781676409
  1.342384191466021 -0.3040238156290067   -0.11272614056324  0.4559516565514932  0.5721044342627073 -0.9537374198428539

-3.072863672213881e-08 -9.021400696833361e-08  -3.00542253089141e-07 -2.259048092189265e-06   -0.02229942693258677   -0.07555744285044408
 -2.48948825897813e-09 -7.024966134109932e-09 -4.237910684962257e-08    1.8022718826145e-07  -0.006870880076641481     0.1306370244415183

cov:
0.05508320963918543 0.05642842237937843 0.05699924570687894 0.05763550480223249 0.05844766986895516 0.05944069565706649
0.05642842237937843 0.05883425023464306 0.05985499631449866 0.06099251598751593 0.06244552410102411 0.06422128279134617
0.05699924570687894 0.05985499631449866 0.06106674120977729 0.06241701474620171  0.0641420384398787 0.06625004009360393
0.05763550480223249 0.06099251598751593 0.06241701474620171 0.06400438305992191 0.06603250030267269 0.06851071041437302
0.05844766986895516 0.06244552410102411  0.0641420384398787 0.06603250030267269 0.06844817625387314 0.07139974226372921
0.05944069565706649 0.06422128279134617 0.06625004009360393 0.06851071041437302 0.07139974226372921 0.07492952548280385

cov.inverse():
 1459195.340491428 -3577404.708230222  758326.2828015564  1308682.240560452  205749.6032601685  -154524.293703419
-3577404.708239007  22835734.49710377 -21045566.23024151 -3234437.365868131  4054334.921784538  967415.7277413009
 758326.2823525544 -21045566.22291817  45072227.45472337 -26976432.98828379 -1251793.692834805  3443412.673586613
 1308682.242742784 -3234437.392766962  -26976432.9499146  63788533.56194949 -45610642.46670492  10723554.71213239
 205749.6004217737  4054334.952660684 -1251793.742373273 -45610642.44438111  72832186.95775016 -30229138.00209722
-154524.2925895825  967415.7164321751  3443412.691629671  10723554.70346146 -30229138.00127399  15249068.08295112

cov*(cov_.inverse()):
    0.9999999999836291  5.820766091346741e-11  8.731149137020111e-11 -4.656612873077393e-10  4.656612873077393e-10                      0
   1.2732925824821e-11     0.9999999998181011   2.91038304567337e-10 -5.820766091346741e-10 -4.656612873077393e-10  3.492459654808044e-10
-6.366462912410498e-11  2.037268131971359e-10      1.000000000232831 -5.820766091346741e-10  1.164153218269348e-09  1.164153218269348e-10
 3.637978807091713e-11  1.455191522836685e-11  5.529727786779404e-10     0.9999999998835847  2.328306436538696e-10  2.328306436538696e-10
-1.091393642127514e-11  1.746229827404022e-10  3.492459654808044e-10 -2.328306436538696e-10      1.000000000931323  2.328306436538696e-10
-1.091393642127514e-11   2.91038304567337e-11  8.731149137020111e-11  1.164153218269348e-10                      0                      1
