6
2

6.486256611889778e-05
 0.000103643050222051
0.0001616558268796354
0.0003629849050945065
   0.1163913148951647
   0.6311718479178031

-0.005365101644641476   0.04481143576746976   -0.2381773526616269    0.6146803427586901    -0.696282934158981     0.280344166004785
   0.1216788981465102   -0.4701535286250165    0.7039262584622676   -0.2393674560540072   -0.3778965755892129    0.2617921447537893
  -0.3343165099840114    0.6751578588866527     0.070899069409346   -0.4864481684220844   -0.2691969061600591    0.3439024045354163
    0.637923233243916   -0.1343572729191946   -0.4997074184121108   -0.3930278075652903  -0.02345146828922282    0.4126423860932736
  -0.5831334890625256   -0.4056903608057313   -0.1995998827761896   0.04593736169833198    0.3247233642661257     0.589894098443694
   0.3555379234395374    0.3721194898047219    0.3913886509122819    0.4143167603750889    0.4403658079432681    0.4651390883462741

 0.400142340277217
0.4002617254923655
0.4003660517343918
0.4004717056909071
0.4005791374899389
0.4006770142900313

-0.0007930759035655629
    0.4002215671513892

 0.4313307089862326  0.1409782353117983  -1.325212286565345   3.112856786972997   4.208443385103263  -6.568507622695848
  1.462922279512606 -0.2961676155108833  -0.229856826140117  0.2668446963118902  0.3789870660907195  -0.582765048849867

-1.068052705169578e-08 -5.372773439134234e-08 -1.319446720218352e-07 -4.103136816475139e-07   -0.03263934579012183   -0.08970044624756253
-9.659897715078782e-10 -2.193560998763356e-09 -2.972788226670434e-08  9.666386479651833e-08   -0.01213118556946123     0.1300049020881525

cov:
0.05496446182979681 0.05591123196647361 0.05701241477406942 0.05832026526521875 0.05980752270076135 0.06122164172072501
0.05591123196647361 0.05739418419258765 0.05911807015648069 0.06116758330935496 0.06349703132353869 0.06571218422564588
0.05701241477406942 0.05911807015648069 0.06156529930351094 0.06447632292897529 0.06778405388913082 0.07092968166710671
0.05832026526521875 0.06116758330935496 0.06447632292897529 0.06841352044032326 0.07288650320084561 0.07714043718149768
0.05980752270076135 0.06349703132353869 0.06778405388913082 0.07288650320084561  0.0786827232878866 0.08419522646520719
0.06122164172072501 0.06571218422564588 0.07092968166710671 0.07714043718149768 0.08419522646520719 0.09090482357257648

cov.inverse():
 8750711.280667169 -14670657.37319114   4951066.36432024  824973.7214026486  -62407.8189377508  206216.5046661716
-14670657.37485551  38635393.21216193  -31005208.7006123  4856795.089203789  2192569.911606956 -7964.157704139956
 4951066.366115022 -31005208.70489801  61700356.39246409 -50313725.05222394  14012958.95216128  652544.3811078613
 824973.7251302795  4856795.097439028 -50313725.10285797   105368427.773857 -88227644.57426547  27493145.89272933
-62407.82567954616   2192569.90011182  14012959.04787666 -88227644.67761147  131306225.0969202 -59222719.28995311
  206216.507549699 -7964.151822427807  652544.3335350336  27493145.95740305 -59222719.31581761  30879017.44409759

cov*(cov_.inverse()):
    0.9999999998635758  2.257820597151294e-10 -6.548361852765083e-10  1.164153218269348e-09 -4.656612873077393e-10  2.328306436538696e-10
-8.003553375601768e-11     0.9999999999520242  5.820766091346741e-10  1.396983861923218e-09 -4.656612873077393e-10  2.328306436538696e-10
-5.093170329928398e-11  3.418563210288994e-10      1.000000000487489  1.396983861923218e-09 -9.313225746154785e-10                      0
 5.456968210637569e-12 -2.208935256930999e-10  1.477019395679235e-09     0.9999999995343387  1.862645149230957e-09 -1.396983861923218e-09
 -2.91038304567337e-11  1.030002749757841e-10    7.8580342233181e-10  4.656612873077393e-10      1.000000001862645 -4.656612873077393e-10
-6.912159733474255e-11 -1.580247044330463e-10  2.619344741106033e-10                      0  9.313225746154785e-10                      1
