4
2

 0.000166635001363491
0.0003136157529993291
  0.03480306764977812
   0.3723529734338512

 -0.2157516763020072   0.7397319665850225  -0.6287117022257765    0.104735033630086
  0.6298345962680801  -0.3696772689548007   -0.595267009974364   0.3351183149249312
 -0.5655001964837864  -0.2688892889768829 0.007567950269732112   0.7796478719133535
  0.4867947445212382   0.4937953874874507   0.5003214051479926   0.5185320467949489

0.3972792794800794
0.3971431553669304
0.3970151795350641
0.3966514496836042

0.004258370989985771
  0.3979084108199916

-6.201645377324719  5.760201129293394  14.78951609382018 -14.34805271351026
 1.513160024892816 0.5268837958549358 0.1237837648148415 -1.163865956389072

-1.444469115194717e-07 -1.932420090985182e-06   -0.01104218332835211   -0.02980645516331892
-3.788445236390026e-09   2.89700623308505e-08  -0.002306026268621208     0.0631121341448407

cov:
0.03324238331645345 0.03351163876649368 0.03376272697064894 0.03446301496400525
0.03351163876649368 0.03389437646250713 0.03425110786667908 0.03524638533114396
0.03376272697064894 0.03425110786667908 0.03470637550390221 0.03597662017644834
0.03446301496400525 0.03524638533114396 0.03597662017644834 0.03801498118206673

cov.inverse():
 5709928.864038764 -8114900.600677338  1073186.473891919  1331841.444782944
-8114900.600638075  21096342.62148733 -14511801.66568184  1530441.276294997
 1073186.473838621 -14511801.66561349  17838131.39173551  -4399643.52708049
  1331841.44479698  1530441.276265913 -4399643.527065442  1537380.992336157

cov*(cov_.inverse()):
    0.9999999999708962  1.527951098978519e-10 -8.731149137020111e-11                      0
-5.820766091346741e-11      1.000000000050932 -1.164153218269348e-10                      0
 -2.91038304567337e-11  1.091393642127514e-10     0.9999999997962732                      0
 7.275957614183426e-12   2.91038304567337e-11  -2.91038304567337e-11                      1
