6
2

0.0001029442606888083
 0.000185725022384778
 0.000263104200950873
0.0007377176083098296
   0.1125376247334161
   0.6789161105364947

 -0.01694828722301239    0.1086242153388699   -0.6461943689258776      0.68971045474237   -0.2743584889878535    0.1391879344989458
   0.1159651871896903    -0.428109356130215    0.4300889293502004    0.1285873257942802   -0.6577666904568789    0.4112253007473043
  -0.3198048007207984    0.7162044072229848 -0.007802336516133619   -0.3489390370236847    -0.381887168575499    0.3422265316622368
   0.6649442749425343  -0.09726589800608969    -0.458589620817095   -0.4653003993173561  0.007658177084049238    0.3485984892450168
  -0.5675854232936089   -0.3845663720939712   -0.1883541062296089  -0.09929109909381333    0.3745275670951677    0.5868122378683477
   0.3459560938066549    0.3669093302843502    0.3893761219040691    0.3995536919376216    0.4537654071572872    0.4780501675825204

0.3983530358081414
0.3972957727133203
0.3961140991109809
0.3956475740602269
0.3927111738356011
0.3913939818337588

0.01496983487370295
 0.4004539031032203

  0.2743220527807747    1.521011927887007   -4.091646703790202    5.005522688127721    1.716889808941212    -4.42597716447928
   1.368787615190214 0.008359356594608292   -1.008903682839944   0.9204014083630248   0.1306598448771856  -0.4190588732106428

 5.478752845581168e-08 -1.615985320860355e-07 -1.996011359795219e-07 -1.060132633468338e-06   -0.03066320016544458    -0.1276821142912731
 1.240219592955403e-08 -1.444201822405947e-08 -6.495689198168095e-08    4.3466416966012e-07   -0.01112529913663696     0.1431049876517706

cov:
0.05924657086777474 0.06127188673331769 0.06344390781337847 0.06442661984910239 0.06966546295045543  0.0720120676086233
0.06127188673331769 0.06392418503206428 0.06676806667417795 0.06805549632536866 0.07491598337822339 0.07798907050610179
0.06344390781337847 0.06676806667417795 0.07033232528968116 0.07194646726155145 0.08054566617860864 0.08439768206268422
0.06442661984910239 0.06805549632536866 0.07194646726155145 0.07370884285269806  0.0830967963364382 0.08730215942773184
0.06966546295045543 0.07491598337822339 0.08054566617860864  0.0830967963364382 0.09668280731064381  0.1027689157885391
 0.0720120676086233 0.07798907050610179 0.08439768206268422 0.08730215942773184  0.1027689157885391  0.1096977293161737

cov.inverse():
 2706889.127405747 -5040578.775296668  1955104.762878685  372813.2495560962  1025.114689712578  4761.345546765185
-5040578.775341417  13854145.65172001 -11960148.69167815  1946549.990967789  1399045.317220709 -198700.5924902944
 1955104.761499413 -11960148.68615539  45152257.84160047 -40021064.10447464   8564441.84535143 -3692047.640693154
 372813.2513984899  1946549.983544226 -40021064.09593603  47523989.22317894 -18389473.48303078  8568524.984359289
 1025.113976413453  1399045.320803314  8564441.835525323 -18389473.47580097   21752768.0903765 -13328176.98056846
 4761.345841729469 -198700.5942169995 -3692047.635262192  8568524.980087196 -13328176.98029576  8645816.394900758

cov*(cov_.inverse()):
    0.9999999999440661  3.383320290595293e-10 -7.566995918750763e-10                      0                      0 -2.328306436538696e-10
 2.654587660799734e-11     0.9999999999690772 -3.492459654808044e-10                      0 -3.492459654808044e-10 -2.328306436538696e-10
-4.945377440890297e-12  1.891748979687691e-10      1.000000000291038 -5.820766091346741e-10                      0 -2.328306436538696e-10
-1.131184035330079e-11 -5.093170329928398e-11 -2.328306436538696e-10     0.9999999998835847 -2.328306436538696e-10 -2.328306436538696e-10
 1.455191522836685e-11  5.820766091346741e-11 -1.746229827404022e-10 -1.164153218269348e-10                      1 -2.328306436538696e-10
-6.934897101018578e-12  4.001776687800884e-11  2.328306436538696e-10  1.164153218269348e-10                      0                      1
