5
2

0.0001000853140822721
0.0001321396000033859
0.0002181872130409156
  0.04787834757670458
   0.5625420495005454

 0.03221481692966901   0.1199345874297857  -0.5895167894319097   0.7389770089145983  -0.3015971412029004
 -0.3040113312942804   0.7637624307786073  -0.3945828175241028  -0.3210482021731235   0.2558837856761886
  0.6007894852226292  -0.2895795954940934  -0.5430642066734358  -0.2256854816850473   0.4575401437099759
 -0.6040004352232852   -0.360430754289867 -0.05953782872917174   0.2993376222698129   0.6419699217690736
  0.4251761807896551   0.4341842619265631   0.4453210858167419     0.45858923169595   0.4712688076712954

0.4000852745240028
  0.40002857909512
0.3999601861698302
0.3998710570463904
0.3997936420768695

0.001389672298566608
  0.4003805884133607

-0.8144643361849631 -0.4135477667654991   9.016058704650654   3.672610603598971  -11.46068744360608
  2.890519142917168 -0.6060556119395015 -0.2821281830772524 -0.6920487541587496 -0.3103631805305772

 7.808615534216095e-09 -1.351038055513817e-07 -5.397741499582467e-07   -0.01410673993033795   -0.07204082552122416
-2.314480652313069e-09 -1.898950432247616e-08  9.899550839151718e-08  -0.004394492089950758     0.1191675046721166

cov:
0.05804312464367486 0.05891787770748103 0.05999971156076629 0.06128804108460258 0.06251967624227232
0.05891787770748103 0.05995436285600036 0.06123593393772771 0.06276245105287503 0.06422151853861961
0.05999971156076629 0.06123593393772771 0.06276432613221125  0.0645851227799166 0.06632519407139201
0.06128804108460258 0.06276245105287503  0.0645851227799166  0.0667568852681636 0.06883206314584082
0.06251967624227232 0.06422151853861961 0.06632519407139201 0.06883206314584082 0.07122726980650383

cov.inverse():
 12978944.30951447 -16566597.24073556 -1879321.652410709    5118057.6515625  348918.9119593528
-16566597.24114111   36605525.0283583 -21014481.85729522 -3822527.461590493  4798414.031085032
-1879321.648747966 -21014481.86837634  49805646.55855197 -33660101.62172434   6747437.96448563
 5118057.645249688 -3822527.440377076 -33660101.64082427  61488619.87738969 -29123207.84005351
  348918.915014892  4798414.020547479  6747437.976167042 -29123207.84425308  17228101.24333824

cov*(cov_.inverse()):
     1.000000000003638                      0 -1.746229827404022e-10 -4.656612873077393e-10 -2.328306436538696e-10
-6.912159733474255e-11      1.000000000407454  1.164153218269348e-10 -4.656612873077393e-10                      0
-4.729372449219227e-11  2.328306436538696e-10      1.000000000349246  2.328306436538696e-10 -4.656612873077393e-10
-1.455191522836685e-10  3.492459654808044e-10 -2.328306436538696e-10     0.9999999997671694                      0
-9.094947017729282e-11 -1.746229827404022e-10  5.820766091346741e-11  2.328306436538696e-10                      1
