4
2

0.0001753969449754075
0.0005132461280304885
  0.04276604546292847
   0.5094999632423221

 -0.0701894200599374   0.5575773897237456  -0.7753936778274216   0.2880026808308711
  0.4095355675850582  -0.6581618888879359  -0.3048224737261745   0.5533414916755331
 -0.7753065372135181 -0.09305706951786469   0.2203756200414619   0.5845295041809888
   0.475661473685244   0.4972632746313224   0.5072302139936674   0.5188380365455628

0.4028765276563219
0.4021035464431232
 0.401674261301395
0.4011825565825982

0.01041418028264232
 0.4044114906748309

 -1.09878321302282  12.89345987952474  1.519303415051653 -13.31383617718819
 1.140806015972249  1.138182845303205  0.120166900976846 -1.399100031580282

 6.933443747996091e-08 -4.416576528065763e-06   -0.01425736201176006   -0.06445437710920114
 1.797585430140526e-09 -2.878454060457095e-07  -0.003258656228411963     0.1151697856791493

cov:
0.05983269913989183 0.06153249003614586  0.0623187765850421   0.063235801964829
0.06153249003614586 0.06420503180800376 0.06543818208278435 0.06687446631104546
 0.0623187765850421 0.06543818208278435 0.06687688220058852 0.06855198629842947
  0.063235801964829 0.06687446631104546 0.06855198629842947 0.07050482822565692

cov.inverse():
 797164.9819238221 -2295322.704904586  1295096.650463287  202931.7210502788
-2295322.704747039  11750127.48640051 -13291870.96101362  3837286.467771649
 1295096.650170105 -13291870.96042505  19896173.06333082 -7899202.023269785
 202931.7211859086  3837286.467340684 -7899202.022974476  3858713.806910188

cov*(cov_.inverse()):
     1.000000000003638 -8.731149137020111e-11  2.328306436538696e-10  -2.91038304567337e-11
 1.091393642127514e-11                      1 -1.164153218269348e-10   2.91038304567337e-11
 5.456968210637569e-12 -5.820766091346741e-11      1.000000000116415 -5.820766091346741e-11
-3.637978807091713e-12 -5.820766091346741e-11                      0                      1
