5
2

0.0001448557664806496
0.0002808122808754297
0.0006276752599914666
  0.08968231214916009
   0.5626692787864689

-0.003927428115212199    0.1377299442809667   -0.6913457450504317    0.6956830361450159   -0.1381347594831878
  -0.3701324206938816    0.7886400412438295   -0.2525435845967399   -0.3688951228861038    0.2029458121964933
   0.5658142084409806   -0.1960528222677981   -0.5079622374012049   -0.3632163076734012    0.5014637091770456
  -0.6154339300528938   -0.3778223198324845  -0.01638472018711304    0.1872267599816672    0.6657094363663526
    0.405070272577047    0.4217711859676096    0.4471786052557134    0.4614775787812093    0.4950726009845627

0.4000612773409059
0.4000582824522457
0.4001205726286446
0.4000718076595002
0.3999725825158928

0.0005771945189064581
   0.4003090519517238

  0.472043631709554  0.9593893017010988   5.123579794107364  -3.873310405383559  -2.682175817362102
  1.458838174115737 -0.2161916514114592  0.4187105729056386 -0.4728987064833373 -0.1885154977738522

-1.203591129880675e-07  1.360068189621684e-08 -9.698715297801821e-07   -0.02612078798731777   -0.07228181456657243
-1.317590055972941e-08 -5.362269343228336e-08  2.885316579362315e-07  -0.008340768640144909     0.1188586296035553

cov:
0.05499426260188216 0.05595969958419106 0.05742893329862189 0.05825487201734383 0.06019497165369209
0.05595969958419106 0.05746787415611455 0.05976218441704379 0.06105279831275536 0.06408474401976567
0.05742893329862189 0.05976218441704379 0.06331171147153068 0.06530921374529865 0.07000221113276436
0.05825487201734383 0.06105279831275536 0.06530921374529865 0.06770493759892306 0.07333361742749166
0.06019497165369209 0.06408474401976567 0.07000221113276436 0.07333361742749166 0.08116134238901623

cov.inverse():
 2550713.281577201 -4009034.993138011  585274.4491376024  1079658.544811619  -206599.646122302
-4009034.993215642  8888861.341968758 -6810800.826642028  1057729.985060694  873412.0622601007
 585274.4496156926 -6810800.827735225  24241905.86988521 -21271352.31283231  3254702.801180534
  1079658.54429936  1057729.986411247 -21271352.31393633  25125478.80249817 -5991459.862572894
 -206599.646010529  873412.0619251367  3254702.801669474 -5991459.862838651  2069999.080775061

cov*(cov_.inverse()):
    0.9999999999836291 -1.455191522836685e-11  1.164153218269348e-10                      0  -2.91038304567337e-11
-2.000888343900442e-11      1.000000000014552   2.91038304567337e-11  5.820766091346741e-11  5.820766091346741e-11
 3.456079866737127e-11  7.275957614183426e-11     0.9999999999417923  2.328306436538696e-10 -5.820766091346741e-11
-2.182787284255028e-11 -6.548361852765083e-11 -1.164153218269348e-10      0.999999999825377   2.91038304567337e-11
-7.275957614183426e-12 -1.455191522836685e-11  1.164153218269348e-10                      0                      1
