6
2

  0.00012210892615107
0.0001768157207527987
0.0002627135118677149
0.0006571878152876842
   0.1140154737131477
   0.6318769764136918

 -0.01513562044918548   0.07872167438502292   -0.3862190294328725    0.6558718643036434   -0.5901223757433148    0.2568975506724353
   0.1464243937415135   -0.5075777372251494    0.6382978510019687  -0.09585129288075438   -0.4700557702639467    0.2887225198902079
  -0.3388156507169131    0.6509527576296115    0.1193894485468883    -0.455925550117342   -0.3335213808721586    0.3579189894245294
   0.6275264266265398   -0.1135710676819904   -0.4901573728812861    -0.428304272219977 -0.007215959976793327     0.411778249305064
  -0.5855872208903219   -0.4003442963596087   -0.1857925398362977   0.01401223053342427    0.3519575095420998    0.5815692152408494
   0.3561361472184455    0.3731679286162227    0.3929169839001138    0.4112610215079285    0.4423126545649563    0.4634143645372619

0.3994098901939118
0.3993674440884631
0.3992824801959514
0.3992497245342999
0.3990604695597433
0.3989288588074174

0.001407346789419689
  0.3997717715590789

   0.2999819787394173      2.14808811941352    -3.524353632679115     4.949421033569313   -0.1910858173281398    -3.681923600959781
    1.480599446544844   -0.1441779804868805   -0.4626772885566829    0.4653956721755461 -0.006556000859333944   -0.3325403114501533

 5.872992047459157e-08 -1.483037719109278e-07 -1.818477208525936e-07 -8.477430416017549e-07   -0.03275929094408704   -0.09247793030789504
 5.496267500549096e-09 -4.467205378656055e-09  -6.76217200002826e-08  3.610899149314712e-07   -0.01186231267669177       0.13019905048633

cov:
0.05509828354001465 0.05610973740832931 0.05728460460652571  0.0583720570290365 0.06021496090102585 0.06146771064913307
0.05610973740832931 0.05768340808775192 0.05950928980673888 0.06120258771471283  0.0640703261691781 0.06601939290488788
0.05728460460652571 0.05950928980673888 0.06208942154193627 0.06448461275034013 0.06853967463445372  0.0712954633535023
 0.0583720570290365 0.06120258771471283 0.06448461275034013   0.067533183304312 0.07269343724246696 0.07620014455853059
0.06021496090102585  0.0640703261691781 0.06853967463445372 0.07269343724246696 0.07972340986015797 0.08450050621493164
0.06146771064913307 0.06601939290488788  0.0712954633535023 0.07620014455853059 0.08450050621493164 0.09014088232217264

cov.inverse():
 3276208.183804908 -5817720.393720975  2083264.148100601  501168.1158603918  24294.09917775596 -67315.48782413366
-5817720.393526904  14825696.80496898 -11147114.54018411  831431.5590844504  1372158.032768337 -63745.83532647664
 2083264.146623549 -11147114.53734066  23798594.87155309 -19248147.36554442  5119896.387440516 -607735.5275500225
 501168.1181659092  831431.5542021426 -19248147.36367868  32580215.55234334 -22306213.82468028  7642243.219794534
 24294.09758544046   1372158.03631991  5119896.387480404 -22306213.82760412   32034690.5514349 -16244777.51327074
-67315.48725428716 -63745.83664525868 -607735.5280892537  7642243.222007441 -16244777.51419548  9341242.727360278

cov*(cov_.inverse()):
     1.000000000034561  -1.26419763546437e-10   4.94765117764473e-10  1.746229827404022e-10 -2.328306436538696e-10 -1.164153218269348e-10
-9.094947017729282e-13      1.000000000101863  4.365574568510056e-11  4.656612873077393e-10 -2.328306436538696e-10                      0
-5.456968210637569e-12  1.837179297581315e-10      1.000000000196451  4.656612873077393e-10 -4.656612873077393e-10                      0
-1.637090463191271e-11   -1.2732925824821e-11 -2.182787284255028e-11      1.000000000582077 -4.656612873077393e-10 -1.164153218269348e-10
  -1.2732925824821e-11   2.79214873444289e-10  1.746229827404022e-10  2.328306436538696e-10                      1 -2.328306436538696e-10
  -1.2732925824821e-11  6.639311322942376e-11 -1.164153218269348e-10                      0 -2.328306436538696e-10                      1
