5
2

0.0001083388966684412
0.0001944746787654492
0.0005465840486004672
  0.08382493125072951
   0.5746709030215494

-0.02498343914206499   0.2416356426605321  -0.6953243638907316   0.6534286559772496  -0.1747657417584496
-0.05504020991113067   0.5519619653353373  -0.4288252937492067  -0.5371077457676319   0.4689698295129546
  0.4959056239570498   -0.629855704575778  -0.3532219287168271 0.004993121391411027   0.4822538142445884
 -0.7722727089823311  -0.2322804941823138  0.05616572139675882    0.257683833726962   0.5292306572367752
  0.3924523896607512   0.4315990830098615   0.4524517402269578   0.4670335871848236   0.4866933373300751

0.3993838486592952
 0.399307418447777
0.3992964526507101
0.3992333334155915
0.3991482695575717

0.001060417530535098
  0.3997000894602553

   1.58009247552938  -1.258321293237799   1.765060166975141   5.424315865024183  -7.510944883460493
  1.459920665256119 -0.4924742329799768  0.1522203735554397  0.5396927924469934 -0.6592578169125507

 3.857162173894414e-08 -3.015899037984572e-07  -7.89433245479338e-07   -0.02393341451012355   -0.08142688124546593
  2.42435113470821e-09   -3.8444533240522e-08  1.987217280559671e-07  -0.008532736268616559     0.1190435375383768

cov:
0.05505500336893654 0.05719823545072986 0.05833566640021139 0.05913208418908266 0.06020663665748609
0.05719823545072986 0.06189685493958046 0.06439820902551735  0.0661476472514993 0.06850655765935169
0.05833566640021139 0.06439820902551735 0.06762785817921309 0.06988617062650788 0.07293085109166957
0.05913208418908266  0.0661476472514993 0.06988617062650788 0.07250011147195783 0.07602400725634161
0.06020663665748609 0.06850655765935169 0.07293085109166957 0.07602400725634161 0.08019378623094427

cov.inverse():
 956523.8838787894 -2363085.051421685  1517779.599736051 -600938.2724247433  489944.6185298282
-2363085.051307066  14357953.82775162 -19828327.45638828  5602866.329695702  2229647.287163885
 1517779.599359053  -19828327.4566325  46471196.74710932 -32625356.03008562  4465638.096411595
-600938.2720894295  5602866.330670538 -32625356.03257746  44004902.99549627 -16381402.56122677
 489944.6184568864  2229647.286547874  4465638.098282222 -16381402.56240842  9195908.270911513

cov*(cov_.inverse()):
     0.999999999992724  1.455191522836685e-10   2.91038304567337e-10  4.656612873077393e-10 -1.164153218269348e-10
-1.455191522836685e-11      1.000000000145519 -4.656612873077393e-10  4.656612873077393e-10 -1.164153218269348e-10
 2.182787284255028e-11  -2.91038304567337e-11     0.9999999994179234  4.656612873077393e-10 -1.164153218269348e-10
-7.275957614183426e-12  -2.91038304567337e-11 -1.164153218269348e-10      1.000000000465661                      0
                     0   2.91038304567337e-11 -1.164153218269348e-10                      0                      1
