5
2

9.972586732093997e-05
0.0001597443061656796
0.0006185707798426457
  0.08615693794800754
   0.6140102844624646

 -0.0282683281960757   0.4748692539902346  -0.6999856534102642   0.4813902014604692  -0.2279992372649768
-0.02732999117254813   0.5014087813929996  -0.2739469835021107  -0.6713964058909463   0.4711923406755566
  0.5738554079309081   -0.533926512582629  -0.4796589560630438  0.04830851327151439   0.3914154102278175
 -0.7224898453208143  -0.2344814962289853  -0.1101110649778633   0.2976540243401934   0.5677186684424346
  0.3836044413197857   0.4278192756811143   0.4390626088473623   0.4759818372943992   0.5004833823748975

0.3983126684524897
0.3963110548673002
0.3958577682496312
 0.394079922807441
0.3929084958069111

0.01352106686581534
 0.4002373600505035

 0.5750415732295721  -1.955925842884875    3.24179028986454   6.499134805638008  -8.358911704688843
  1.356655935013378 -0.6324424336926778  0.4069671626450672  0.6445892477870321 -0.7755372245060413

 1.810208396695509e-08  -2.59945767509032e-07 -1.200878178178674e-06   -0.02319549738348312    -0.1066450535505141
-1.356812303667197e-09  -3.22519748407167e-08  2.481655104893337e-07  -0.008351697280316447       0.13089797049084

cov:
0.05935259122738017 0.06312957775361541   0.064088620470789 0.06724120917804315 0.06933637932961086
0.06312957775361541 0.06941188477909389 0.07100883871312366 0.07625375150050086 0.07973552125921128
  0.064088620470789 0.07100883871312366 0.07276830073363376 0.07854616335018839 0.08238110863292525
0.06724120917804315 0.07625375150050086 0.07854616335018839 0.08607226716654143 0.09106574011862985
0.06933637932961086 0.07973552125921128 0.08238110863292525 0.09106574011862985 0.09682702156890602

cov.inverse():
 970340.0173881906 -2687515.912069488  1563667.345360833 -576813.9549148373  730394.8602588503
-2687515.911970388  33271478.33016638 -38136629.84312157  9725881.271493088 -2174318.406958168
 1563667.345492967 -38136629.84835079  52809948.28083967 -26735027.85456391   10498392.1201898
 -576813.955540968   9725881.28509322 -26735027.86946818  40972081.79424036 -23383924.27687571
 730394.8606536953 -2174318.415229048  10498392.12999568 -23383924.27880524   14327959.7308588

cov*(cov_.inverse()):
     1.000000000050932  2.619344741106033e-10                      0 -4.656612873077393e-10  2.328306436538696e-10
 3.637978807091713e-11     0.9999999993888196  9.313225746154785e-10 -6.984919309616089e-10  2.328306436538696e-10
 3.637978807091713e-11  4.074536263942719e-10      1.000000000349246                      0 -2.328306436538696e-10
 1.455191522836685e-11  7.275957614183426e-10 -5.820766091346741e-10      1.000000000465661 -2.328306436538696e-10
                     0  2.328306436538696e-10  2.328306436538696e-10                      0      1.000000000232831
