6
2

8.642458461073981e-05
0.0001251643136768009
0.0002200107501501217
0.0005328255817945709
  0.07431834226006792
     0.65099424076339

-0.001990998914053574   0.03684696347226032   -0.3345576594159603    0.6882108857505225   -0.6051124200132484    0.2165969658432543
  0.03466281128771255   -0.1703100010839466    0.6447337113510815   -0.2985881606774948   -0.5757995438856625    0.3652552943574846
  -0.2751974567132967    0.7746961600943848   -0.2571835439440867   -0.3883478067578743   -0.1466516337570306    0.2926570063754679
   0.5957561948370416   -0.2837773528611401   -0.4871923128621836   -0.3305132385099146   0.04069039740152224    0.4650740923050897
  -0.6587081764549511   -0.3753645364648637  -0.07332931488234752   0.07581095256426604    0.3082603300203785    0.5648504961685195
   0.3663863805331353    0.3847785637432488     0.404367036941461    0.4140175922168614    0.4290769199318469    0.4457310922467121

0.3984410959965655
0.3974961317956983
0.3964429041508361
0.3959919195442639
0.3951527633958362
 0.394218662648779

0.01353471976966793
 0.4003704362598384

  0.4204237712675487    1.743135874531161   -4.244869612242839    3.998292416441765    9.155015844619054    -11.0714842734804
   1.429034109522328 -0.07620180904485985  -0.6733321195196673   0.4975372866701758   0.8421579201631005   -1.019051602729442

-2.765586221710292e-08 -2.119361799237418e-07 -1.843766105431139e-07 -1.213445123080748e-06   -0.02070358410127471    -0.1030080382110176
-1.257050802459215e-09 -2.157684128746472e-08 -4.327788514405557e-08  1.694654756478975e-07  -0.006305453403053041     0.1420137237754721

cov:
0.05928621563251076 0.06111098961865746 0.06305365331225118 0.06400954340137374 0.06550220285622538 0.06715467556420354
0.06111098961865746 0.06352281866240658 0.06609083559250813 0.06735530411787811 0.06932903929161292 0.07151279174492735
0.06305365331225118 0.06609083559250813 0.06932539722233538 0.07091875879538999 0.07340524842194202 0.07615526342856409
0.06400954340137374 0.06735530411787811 0.07091875879538999 0.07267447107229826 0.07541403660767769 0.07844353503726569
0.06550220285622538 0.06932903929161292 0.07340524842194202 0.07541403660767769 0.07854820144355343 0.08201345332718431
0.06715467556420354 0.07151279174492735 0.07615526342856409 0.07844353503726569 0.08201345332718431  0.0859599689134274

cov.inverse():
  2892060.25433143 -5386509.735158179  1955554.533075868   670210.314478535 -193599.2135590914  62439.34313187187
-5386509.735021939  14715598.47406434  -12288615.2121217  756121.2533116564  886738.8752618253  1316673.019975265
 1955554.533601994 -12288615.21502501  43721695.40237142 -40483812.71024517    4116446.8031101  2977207.714182631
 670210.3121843565  756121.2596984493 -40483812.70184633  72602971.55453922  -43651233.0521331  10106215.19850114
-193599.2109942198  886738.8709598199  4116446.778970534 -43651233.01877639  70636106.27525999 -31792183.98849826
 62439.34219891644  1316673.020929965  2977207.727545172  10106215.17763784 -31792183.98101969  17328280.54106314

cov*(cov_.inverse()):
     1.000000000019099  2.182787284255028e-10 -8.440110832452774e-10  8.149072527885437e-10 -9.313225746154785e-10                      0
 3.001332515850663e-11      1.000000000116415 -1.164153218269348e-10  6.984919309616089e-10                      0 -2.328306436538696e-10
 2.728484105318785e-11 -1.455191522836685e-11     0.9999999999417923 -3.492459654808044e-10                      0 -2.328306436538696e-10
 3.728928277269006e-11  1.455191522836685e-10 -7.566995918750763e-10      1.000000000931323 -9.313225746154785e-10  2.328306436538696e-10
   1.2732925824821e-11  1.164153218269348e-10 -3.492459654808044e-10  4.656612873077393e-10     0.9999999986030161  2.328306436538696e-10
 3.819877747446299e-11  1.455191522836685e-11  2.037268131971359e-10 -1.164153218269348e-10                      0      1.000000000232831
