5
2

0.0001164847082307119
   0.0001814492595124
0.0006275060929961836
   0.0722632526944299
   0.5556032395676574

-0.01210875011716188   0.3033075608582547  -0.7665139772711356   0.5596446068537707 -0.08433349491328522
  -0.124493369771595   0.7115761011644177  -0.1958280524211105  -0.6218131685100451   0.2305658484837078
  0.6184765307291428  -0.3943642191086009      -0.415624429151   -0.272256164653815   0.4637850346065597
 -0.6562776079752859  -0.2377322345567556 -0.06007458090928523   0.1378639601110028   0.7001197462962853
  0.4136922301191965   0.4354586353689382   0.4446966102349093    0.454990556822329   0.4842138305229586

0.4005632218850445
0.4009275752689865
0.4010040743895565
0.4010909754640634
0.4013221622681822

-0.001765731692299037
   0.4005175821562536

-0.1930860571436691  -0.161522959910722 -0.2847781452269157   8.346912335246472  -7.707844644546283
   1.34061273781178 -0.3290472007110647 -0.1066337488106738  0.8083566242792166 -0.7133421897973573

 7.453235502396889e-08 -2.305496774678861e-07 -2.277782741699909e-06   -0.02121924863946845    -0.0652375351678102
 6.489247412930512e-09 -3.448036672911584e-08  1.781010021274697e-07  -0.006178459793657514     0.1192425155924543

cov:
0.05507970325136848 0.05642474245391279 0.05699562935197607 0.05763190257393248 0.05943713975776499
0.05642474245391279 0.05883124959853642 0.05985248174660289 0.06099047994037877 0.06422068640910125
0.05699562935197607 0.05985248174660289 0.06106491811752467 0.06241589639711008 0.06625103543024696
0.05763190257393248 0.06099047994037877 0.06241589639711008 0.06400421891508049 0.06851340325650711
0.05943713975776499 0.06422068640910125 0.06625103543024696 0.06851340325650711 0.07493728788196215

cov.inverse():
 1453057.809089523 -3580711.647662001  771711.4028623386  1424160.663552066 -68198.53921126814
-3580711.648202552  22554109.52911548 -20950395.42283553 -656443.5015193931  2633501.114186973
 771711.4041292568 -20950395.42817892  44904906.43261307 -27629240.89205695  2903190.632575886
   1424160.6627408  -656443.495599049 -27629240.89791337  35014779.77939428 -8153573.622253985
-68198.53912636245  2633501.113069409  2903190.634355906 -8153573.623001345  2685164.818276675

cov*(cov_.inverse()):
     1.000000000020464 -5.820766091346741e-11 -1.455191522836685e-10  1.164153218269348e-10                      0
-9.094947017729282e-13     0.9999999998835847   2.91038304567337e-10                      0                      0
 2.728484105318785e-11 -1.746229827404022e-10      1.000000000291038                      0  5.820766091346741e-11
 2.091837814077735e-11                      0 -3.201421350240707e-10      1.000000000116415  5.820766091346741e-11
                     0   2.91038304567337e-11 -8.731149137020111e-11                      0      1.000000000058208
