4
2

0.0001737206666733448
0.0004332503211741755
  0.07618351498355226
   0.5269538824975919

-0.1001897972910189  0.4522552544085306 -0.7774866095436007  0.4253724971822419
 0.5191830542591017 -0.7010813143778077 -0.2425183001776386  0.4244040773595669
-0.7240075289760722 -0.2718829136604877    0.25313829098359  0.5812175022169868
 0.4429718486257757   0.479614279134436  0.5221306845007797  0.5487491529635058

0.3982356411185646
0.3970606991650107
0.3955638113165582
0.3946251027869235

0.0118709568038597
 0.400769231482697

     1.985944328731579      1.743925848196965 -0.0005470152117280913      -3.72831267525785
     1.970827645319036    -0.7196443782361257     0.5296527705967431    -0.7806896218230167

-3.005115629657769e-08 -3.329420382089612e-07    -0.0236746942095724   -0.09165254236319861
-3.823064097373098e-08  2.004644310355453e-07  -0.009001370589997277     0.1044118936636786

cov:
0.05752996789355365 0.06013716751171885 0.06316074419050324 0.06505638198429953
0.06013716751171885 0.06430390795551588 0.06913766607123603 0.07216492323351743
0.06316074419050324 0.06913766607123603  0.0760732936652424 0.08041453862311954
0.06505638198429953 0.07216492323351743 0.08041453862311954 0.08557737060493413

cov.inverse():
 1768736.768559656 -3440540.756154755  1910329.410719676 -238375.0906623304
-3440540.756051009  9395970.205062637 -10745483.09977049  4789382.145755988
 1910329.410449871 -10745483.09935769  20343436.88620271 -11507016.87982953
-238375.0904962912  4789382.145446959 -11507016.87968653    6955283.5659902

cov*(cov_.inverse()):
     1.000000000025466 -1.164153218269348e-10  1.164153218269348e-10 -5.820766091346741e-11
 7.275957614183426e-12                      1                      0  5.820766091346741e-11
 3.637978807091713e-12                      0      1.000000000232831 -1.164153218269348e-10
 1.091393642127514e-11                      0                      0                      1
