5
2

0.0001144244241212606
0.0001541682705258255
 0.000534826860049341
  0.05491206351484256
   0.5496942107956484

-0.001699558204989051    0.1432825596121643   -0.5997843777432411     0.736421224216117   -0.2782259879164468
 -0.08354020766517017    0.6683427536323966    -0.508164262226066   -0.4159221135048529    0.3392887788657615
   0.5339229250054797   -0.5400998073828107   -0.4260544478315028  -0.05616188790122246    0.4884075737015215
  -0.7285362852822767   -0.2188487964287798   0.00611576943426486    0.2690481136559948     0.590690947307603
   0.4209267589330264    0.4395286954736602    0.4477365158869787    0.4573308768355936     0.469058280924169

0.3996743384426764
 0.399881294024384
 0.399891081276436
0.3999014144483748
0.3999098264943763

-0.0002437580658556028
    0.3998299138141772

 -1.626323178331995   2.685850730234372   2.830726287316969   11.69516553152197  -15.58570475402148
  1.145599850031711 0.07876271100552987  0.2494869603074371  0.9450572149706098  -1.418934609402608

 1.523847781046298e-07 -2.295944998733087e-07 -3.373553346046533e-06   -0.01641976448207277    -0.0600334426835732
 1.244412255358582e-08  -2.48217771285004e-08 -8.102572442687361e-08  -0.004324618222299994     0.1194082578597714

cov:
0.05513768454254775 0.05638380529293843 0.05693357004317273 0.05757631684042062 0.05836141416968648
0.05638380529293843 0.05851815572317699 0.05945974094638307 0.06056040160428936 0.06190558687212526
0.05693357004317273 0.05945974094638307 0.06057432952256817 0.06187714013367669 0.06346960143472959
0.05757631684042062 0.06056040160428936 0.06187714013367669 0.06341628855768459 0.06529779769572949
0.05836141416968648 0.06190558687212526 0.06346960143472959 0.06529779769572949 0.06753292465630605

cov.inverse():
 1290650.245554949 -3375815.755961283  1068696.617161322  1261410.550834842 -244908.6482454232
-3375815.755973441  21381378.78411355 -20048638.31099305 -3530521.752688108  5573651.070495964
 1068696.617848781 -20048638.31637224  38975275.65729405 -24759053.15299989    4763876.4174442
 1261410.549616046 -3530521.742961585 -24759053.16371884   48709899.4379871 -21682173.74846187
-244908.6477018988  5573651.066136354  4763876.423471552 -21682173.75067313  11589768.04320337

cov*(cov_.inverse()):
     1.000000000014552                      0  1.164153218269348e-10 -4.656612873077393e-10                      0
-1.455191522836685e-11      1.000000000291038 -5.820766091346741e-11 -6.984919309616089e-10  2.328306436538696e-10
 1.455191522836685e-11                      0                      1 -4.656612873077393e-10                      0
 -2.91038304567337e-11                      0  1.746229827404022e-10     0.9999999993015081                      0
 1.091393642127514e-11  5.820766091346741e-11  5.820766091346741e-11                      0                      1
