5
2

0.0001732777946872614
0.0002611469174079118
0.0005035846474229568
  0.09196297893288696
   0.5687282670905871

-0.0358723625596091  0.0989829625605127 -0.5588506714953544  0.7740480880119107 -0.2783002535777373
-0.2958635096983231  0.6567741263325276 -0.4762127441627736 -0.2942611058591044  0.4095660563140863
  0.562379430054475 -0.4480722210928795 -0.4931544630929418 -0.1003788836234749  0.4792529776543021
-0.6605784262017779 -0.4304150769026672 0.09867657206804521  0.2878705101501179  0.5345769429394285
 0.3981751834579462  0.4157213806898251  0.4560361377375311  0.4704408657122575  0.4892327563245478

0.3999031623883786
0.3998034437546864
0.3995770518228909
0.3994516280527356
0.3992874274617285

0.00205409388670603
 0.4003505547776304

 0.8669756273215578  0.7140295497633844   1.367514995165238   3.314721219493321  -6.263577530592598
  1.552414408362062 -0.3750087408967173 0.04427055033454291  0.3632597693084075 -0.5849866802083539

 1.076177558318421e-07  -2.71394206156053e-07 -9.741516401824702e-07   -0.02654920190010177   -0.07739723645778868
 9.801232087546926e-09 -7.318739284211066e-08  1.781330930054853e-07  -0.009031112983707065     0.1187457389673209

cov:
0.05497167759133829 0.05594545850185141 0.05818179027207654 0.05898007540834505 0.06002210266020362
0.05594545850185141 0.05746716261130953 0.06096212545588245   0.062210351665893 0.06383914512695876
0.05818179027207654 0.06096212545588245 0.06735037752774906  0.0696329673767582 0.07261068425251867
0.05898007540834505   0.062210351665893  0.0696329673767582 0.07228548654291581 0.07574552599890845
0.06002210266020362 0.06383914512695876 0.07261068425251867 0.07574552599890845 0.07983467882916366

cov.inverse():
 2573597.147709684 -3961169.219057615  1640016.111983393  129188.3097748537 -381578.3386094738
 -3961169.21899715  7443043.763425932 -5557149.621557456 -104746.6977600889  2180038.641143169
 1640016.111794666 -5557149.621465872  14686051.32220255 -12157165.64234616  1388032.596087933
 129188.3098718199 -104746.6976289878 -12157165.64290228  21264350.40892524 -9131451.593522431
-381578.3385781656   2180038.64098094  1388032.596546911 -9131451.593850497  5944947.051799466

cov*(cov_.inverse()):
     1.000000000021828 -1.455191522836685e-11 -1.891748979687691e-10 -1.164153218269348e-10 -5.820766091346741e-11
-1.818989403545856e-11      1.000000000058208 -1.746229827404022e-10                      0  1.164153218269348e-10
  2.91038304567337e-11  -2.91038304567337e-11     0.9999999998690328 -1.164153218269348e-10  5.820766091346741e-11
 7.275957614183426e-12                      0 -3.637978807091713e-10      1.000000000349246  5.820766091346741e-11
 1.455191522836685e-11                      0  -1.01863406598568e-10                      0                      1
