6
2

9.760448435304897e-05
0.0001493026322348007
0.0002371749820040569
0.0006298717180346443
  0.09449986496122069
   0.6622008085776457

-0.004754458105805618   0.08874061238984646   -0.5406979566944118    0.6841383179027573   -0.4345259008805396    0.2070995458914014
  0.06889320555719219   -0.2414330207372072    0.5284711837717663    -0.111409189620195   -0.6769823363521912    0.4323944257086695
  -0.3004273749089002    0.7873560689708839   -0.1393181413894572   -0.4119329323464901   -0.1899552276764388    0.2542293045002212
   0.6474470034493048   -0.1671093165965333   -0.4794521360545466    -0.427993929442166   0.05763144767106066    0.3694757310891756
  -0.5982402672495766   -0.3795684407107929   -0.1464203935277051  -0.03125946339194524    0.3462694756727591    0.5964207793013966
   0.3576247672172517    0.3767066444703581    0.3970404269354293     0.407060260898656    0.4399718578115276    0.4618248992796006

0.3984685823888826
0.3975242432387582
0.3964620620373528
 0.396007345098515
0.3942288918909843
 0.393046785592196

0.01357037938638799
 0.4004002260833845

 0.1547404657868392     1.2112715934437  -3.144408339649279   3.568091111676625     6.4881221119572  -8.276632229768342
  1.393337174648435 -0.1056288063268488 -0.5512115745717087  0.4025662107289943  0.6509925071960665 -0.7898257714467429

 -2.71840244795408e-09 -2.298707908089355e-07 -1.946960918036531e-07 -1.113188954883628e-06   -0.02583675004468204    -0.1105745524913523
 1.057515113370617e-09 -2.222177071882208e-08 -5.148500590216725e-08  3.005068663237013e-07  -0.008671088103110302     0.1425917643038216

cov:
0.05927965514818324 0.06110364858485028 0.06304679499512857 0.06400290418953154 0.06714736886192635 0.06923806760950946
0.06110364858485028 0.06351466324637389 0.06608328163180498 0.06734808985799347 0.07150503908625309 0.07426700706323315
0.06304679499512857 0.06608328163180498 0.06931874075912697 0.07091265346784303  0.0761490259094668 0.07962663247196403
0.06400290418953154 0.06734808985799347 0.07091265346784303 0.07266905293095376 0.07843828940867449  0.0822691638479503
0.06714736886192635 0.07150503908625309  0.0761490259094668 0.07843828940867449 0.08595543138812194 0.09094509971933586
0.06923806760950946 0.07426700706323315 0.07962663247196403  0.0822691638479503 0.09094509971933586 0.09670307669408111

cov.inverse():
 2876424.018272118 -5268209.498391937  1864777.224349138  815823.8908360851 -766886.7692435606  478140.1650113519
-5268209.498653679  14532527.00514882 -12508456.86631023  1993873.979114165  601588.5390091545  648725.8191823792
 1864777.226056361 -12508456.87285548  44141302.20905586 -39933045.14537062  9013370.067136543  -2579388.15020583
 815823.8884862852  1993873.988224349 -39933045.15267818  53165277.88020986 -26492354.92656573  10451122.39384574
-766886.7673958098  601588.5343365408  9013370.068088518 -26492354.92394352  41029138.12021558 -23382708.95726605
 478140.1640679711  648725.8210284213 -2579388.148688665  10451122.39067666 -23382708.95651693  14382606.12725056

cov*(cov_.inverse()):
     1.000000000087311 -2.182787284255028e-10   4.94765117764473e-10 -4.656612873077393e-10 -4.656612873077393e-10 -2.328306436538696e-10
 5.820766091346741e-11     0.9999999998399289  6.693881005048752e-10                      0 -2.328306436538696e-10                      0
 3.637978807091713e-11 -1.455191522836685e-10     0.9999999997380655                      0 -2.328306436538696e-10 -4.656612873077393e-10
 6.548361852765083e-11 -3.637978807091713e-11  5.820766091346741e-11      1.000000000698492 -6.984919309616089e-10 -2.328306436538696e-10
 9.458744898438454e-11 -1.891748979687691e-10  2.037268131971359e-10  4.656612873077393e-10     0.9999999995343387                      0
                     0 -5.093170329928398e-11                      0  2.328306436538696e-10                      0                      1
