5
2

0.0001129289007280693
0.0001435025525626687
0.0002602606344120696
  0.04347871647454373
   0.5524858874543493

-0.006026026593086107    0.1349631687987342   -0.5865037355935491    0.7450565385343969    -0.287493917489151
   -0.301046628513056    0.7745478625670897   -0.3691766682893341   -0.3417406922733147    0.2374203506210388
    0.612464764848064   -0.2620653384114539   -0.5630268664096553   -0.2227752439390726    0.4354085536731065
  -0.5912797214165931   -0.3496953187847686  -0.06556670502838997    0.2665836663985293    0.6728563227486039
   0.4296624457938391    0.4369158890265561    0.4454477641859293    0.4554211162529719    0.4676137132754389

0.3998238346715887
0.3998318058181454
0.3998414402600776
0.3998511594016959
0.3998587451557776

-0.0002328003674233872
    0.3997837579628885

  -2.586208632569305    1.942069729038418    3.984535109968136    12.84665770974126   -16.18723295171215
   2.326616400709477 -0.04473999341367169  -0.5285843109793258   0.1278800173654301  -0.8812182783449695

 1.551517813220528e-07 -1.528330087564859e-07 -9.649808434280351e-07   -0.01300251397007241   -0.06303410686160105
 8.143781839486557e-09 -1.632721323683381e-08  8.955486349415414e-08  -0.003561928648763962     0.1192956453005455

cov:
0.05701135453983112 0.05769257185545849 0.05849393972704364 0.05943070058768701 0.06057567585145315
0.05769257185545849 0.05850025389733409 0.05945026187005292 0.06056077707438281 0.06191826029841951
0.05849393972704364 0.05945026187005292 0.06057513903897612 0.06189001116980852 0.06349744541456528
0.05943070058768701 0.06056077707438281 0.06189001116980852 0.06344383147979528 0.06534347851867889
0.06057567585145315 0.06191826029841951 0.06349744541456528 0.06534347851867889 0.06760057674807408

cov.inverse():
 9941903.486912178 -13756288.76693677  583226.1746960668   2629401.47127995  601774.9677746258
-13756288.76756247  31574752.04140526 -17914138.00218653 -4106905.032864794  4202689.502782129
 583226.1738641148 -17914138.00065442  38271427.19296247 -26286710.17545258  5346258.568042914
 2629401.474366932 -4106905.037596508 -26286710.17418513  49931866.34180665 -22167980.21014011
 601774.9661452669  4202689.505356086  5346258.567475592 -22167980.21051737   12017412.6934552

cov*(cov_.inverse()):
     1.000000000065484  2.037268131971359e-10 -4.656612873077393e-10  2.328306436538696e-10 -1.164153218269348e-10
                     0      1.000000000058208  2.328306436538696e-10  2.328306436538696e-10 -2.328306436538696e-10
-8.003553375601768e-11  1.164153218269348e-10      1.000000000058208  4.656612873077393e-10 -2.328306436538696e-10
 9.458744898438454e-11                      0 -1.164153218269348e-10     0.9999999995343387 -1.164153218269348e-10
-1.091393642127514e-10  1.164153218269348e-10 -5.820766091346741e-11                      0                      1
