6
2

0.0001602863706944316
0.0001738576200878447
0.0002864286029989118
0.0006080475243829609
   0.1126085721320133
   0.6399860961436541

-0.05101145363900702    0.156243085413022  -0.6648096126062407   0.7190712510696063  -0.1045665729805479 -0.05492245938493704
 0.04378472137412841  -0.1548802401373415    0.325560067493167   0.2458124480708287  -0.8224877643592008    0.362209565991657
 -0.4040331743000067   0.7547279270609371   -0.149669410060874  -0.3335679640556517  -0.1834192768723849   0.3159617066968242
  0.5429628679876862  -0.1919452382835136  -0.5127776855792056  -0.3551612648843972 -0.01139586424170383   0.5283351255243254
 -0.6448728001792348  -0.4592714809945606 -0.04380172336679291  0.09646249677917029   0.2946537832078832    0.524561075681912
  0.3486664873664587   0.3663505122628698   0.4059289880439033   0.4192858836822779   0.4381624818324655   0.4600582861737261

0.3993082167885784
0.3992467156536508
0.3990937279106829
0.3990012118064122
0.3988736872832498
0.3987220280132253

0.001641087423918769
  0.3996999204426426

  0.8382116253519255 -0.09695150179693811    1.619666794906847    2.176864770431578  -0.9238192721956318   -3.614054120001262
   1.559777212613047  -0.4551895443509972  0.07896030356544385   0.2199273318799289 -0.07963834557081656  -0.3238440325002567

 1.864545229816248e-08   1.70749672368223e-08 -1.930302128796546e-07 -1.119829589233337e-06   -0.03201836522187427   -0.09851354993050931
-4.861656980078654e-10  5.040676280244304e-09 -9.407186765824414e-08  2.386492029334364e-07   -0.01233054995029887     0.1300284872807959

cov:
0.05506574635743057 0.05607323058556202 0.05832782867898531 0.05908832936815293 0.06016341867177159 0.06141034763424887
0.05607323058556202 0.05764593595983773 0.06116502738973926 0.06235233969988192 0.06403052994506589 0.06597704451899505
0.05832782867898531 0.06116502738973926 0.06751471958177617 0.06965749441515851  0.0726857959048727 0.07619842410844294
0.05908832936815293 0.06235233969988192 0.06965749441515851 0.07212288335419659 0.07560695736039032 0.07964831874602164
0.06016341867177159 0.06403052994506589  0.0726857959048727 0.07560695736039032 0.07973516841398735 0.08452365661555124
0.06141034763424887 0.06597704451899505 0.07619842410844294 0.07964831874602164 0.08452365661555124 0.09017894778890623

cov.inverse():
  2951884.45475853 -4533285.122686821  1775621.778473479  49496.66102282867 -97256.03970948972 -146430.7088511235
-4533285.122643637   8786472.83996455 -6821825.072483445  229230.1230970185  1897070.619696049  442368.0590536162
 1775621.778824469 -6821825.073102408  21693627.78180689 -14858298.17860879  -5802536.11278323  4013265.887423796
 49496.66026821626  229230.1242192443 -14858298.17754252  23822132.28739739 -8858713.914533705 -383753.8658412757
-97256.03935684968   1897070.61935623 -5802536.115632058 -8858713.910933798  23216603.76612143 -10355155.78551682
-146430.7088433123  442368.0589333428  4013265.888938394 -383753.8680073019 -10355155.78475294  6429700.985849002

cov*(cov_.inverse()):
    0.9999999999890861  5.820766091346741e-11  -2.91038304567337e-11  1.928128767758608e-10 -2.328306436538696e-10                      0
-5.456968210637569e-12      1.000000000087311  5.820766091346741e-11 -4.001776687800884e-11                      0                      0
-3.274180926382542e-11  2.255546860396862e-10      0.999999999650754   3.92901711165905e-10                      0 -5.820766091346741e-11
                     0   1.01863406598568e-10 -2.328306436538696e-10      1.000000000181899 -1.164153218269348e-10  5.820766091346741e-11
 2.182787284255028e-11  5.820766091346741e-11 -2.328306436538696e-10  2.364686224609613e-10     0.9999999998835847 -1.164153218269348e-10
-7.275957614183426e-12  8.003553375601768e-11 -1.164153218269348e-10                      0  1.164153218269348e-10                      1
