5
2

0.0001563519971304308
0.0002091980745974431
0.0005556798835554416
  0.08738905353990513
   0.5750610671383763

-0.02668051882076399 -0.06038730149592689   -0.315301067045955   0.8396574145806542  -0.4372667229425404
 -0.1781555191770352   0.7069958514349336  -0.6461718533804484 -0.08967456489680226   0.2069731512781303
  0.4742273058209369  -0.4987945918716892  -0.5219139739261404  0.04459803354083428   0.5019255290959864
 -0.7694525835307613  -0.2527846267790572  0.06781918721065743   0.2555113760587813   0.5236001802068481
  0.3880720873933974   0.4287354982452011   0.4539312003875351    0.468677768471195   0.4897688660849752

0.3985329191574707
0.3987011332134054
0.3987723087185618
0.3988495054769881
0.3988912548410628

-0.000469342035194222
   0.3986566886333313

   0.6704359632385002     4.317411561996632    -5.710967671046232       6.1207550504783    -5.398011990229307
    1.377629280617151 -0.009575561042611536   -0.4922296674436557    0.6226103741661819   -0.4984395456636808

 2.205459108511045e-07  2.169415794006363e-07 -3.987447842291542e-07   -0.02487347421357839   -0.08475643455206315
 2.101748511402898e-08 -4.075861700218393e-09  2.138533597587009e-07  -0.009109852914594836     0.1173171602071764

cov:
0.05432420510348181  0.0565064973727127 0.05785603019936248 0.05864567283654411 0.05977709344012346
 0.0565064973727127 0.06127454913464068  0.0642278591927128 0.06595623191062738 0.06842894551778587
0.05785603019936248  0.0642278591927128 0.06817615128621113 0.07048689562822053 0.07379171867445168
0.05864567283654411 0.06595623191062738 0.07048689562822053 0.07313873220308896 0.07693073186688247
0.05977709344012346 0.06842894551778587 0.07379171867445168 0.07693073186688247 0.08141881687942053

cov.inverse():
 1482762.309709559 -3578186.230373222  2173017.356920423 -482889.8207164415  405491.9069237265
-3578186.230302112  12376292.73073213 -8816823.129019964 -3594878.063981588  3612949.135093518
 2173017.356822808 -8816823.128667826   14489591.4002784 -9581142.739183597  1735492.163493182
-482889.8207564248 -3594878.064237317 -9581142.738634532  29030340.52958003  -15370610.0943752
 405491.9069902165  3612949.135068197   1735492.16319868 -15370610.09412186  9616191.160537831

cov*(cov_.inverse()):
    0.9999999999745341  5.820766091346741e-11  1.455191522836685e-11                      0  1.164153218269348e-10
-3.637978807091713e-12      1.000000000029104 -1.455191522836685e-11                      0                      0
-1.818989403545856e-11  1.164153218269348e-10      1.000000000160071 -4.656612873077393e-10  1.164153218269348e-10
-3.274180926382542e-11                      0 -1.164153218269348e-10      1.000000000232831                      0
-7.275957614183426e-12 -5.820766091346741e-11  5.820766091346741e-11                      0                      1
