4
2

 0.000245957370050581
0.0005663582030609744
  0.08361871741791761
   0.4919463996583905

 -0.145849313305537  0.3957565949259963 -0.7537779150411816  0.5039082755592071
 0.5851270864969673 -0.6907633144404136 -0.2428890879605877  0.3485358331944356
-0.6568748801626548 -0.3769902272140945  0.3124725746584843  0.5733713024582424
  0.452625300074103  0.4733932082116739  0.5245804379045614  0.5439159607142867

0.3943764879825002
0.3946350353162187
0.3952764691526969
 0.395456366078851

-0.002914036559100326
   0.3941766034338001

 0.5651183193314129   1.435987916275446   6.783029513429068  -8.786005976973259
  1.330567004659138 0.05009179462086399  0.1698679489222128 -0.5507179330954075

-5.477437241113634e-07 -1.722818168459245e-06   -0.02678458783684345    -0.0689805938292371
-3.507454277741102e-08  1.638274598816054e-07  -0.008079967788782033     0.1005621002304294

cov:
0.05259785540833519 0.05358704640664826 0.05602755805216355 0.05694739010391942
0.05358704640664826 0.05522888651953895 0.05927571167053215 0.06080309777182225
0.05602755805216355 0.05927571167053215 0.06728053521806623 0.07030518198167479
0.05694739010391942 0.06080309777182225 0.07030518198167479 0.07389645415017208

cov.inverse():
 1419072.557907485 -2214182.357806802  1374204.317897671  -579148.448955083
-2214182.357771123  4076614.255547823 -4408143.489749762   2545947.07882724
 1374204.317767728 -4408143.489581544  9576132.847773533 -6542672.958814045
-579148.4488608101   2545947.07869469 -6542672.958775772  4576191.650869945

cov*(cov_.inverse()):
     1.000000000029104 -5.820766091346741e-11 -5.820766091346741e-11   2.91038304567337e-11
 7.275957614183426e-12     0.9999999999708962 -5.820766091346741e-11                      0
 2.182787284255028e-11 -8.731149137020111e-11      1.000000000116415                      0
 1.455191522836685e-11                      0                      0                      1
