4
2

0.0001594127890560151
0.0002536933362882916
   0.0243522902729165
    0.381633026543453

-0.1002668582163999  0.5715997819490901 -0.7610912210692362  0.2897592097423378
 0.5571281904993374 -0.6104727820172929 -0.3705093178248262  0.4238561161195896
-0.6631051283773288 -0.2326886885745863  0.1751249306222755  0.6895497238079848
 0.4897410797697417  0.4964399721026289  0.5027864927490239  0.5107903401532222

0.3973310268548516
0.3971916555842766
0.3970578130444521
0.3968870909299849

0.004353041439014721
  0.3979825902206184

0.2009623538915803  4.395259685238353  17.23173326388807 -21.82826800000911
 1.839166468141476 0.6791367582553277  0.398551171211289 -1.916850187322421

-4.306819314292079e-07 -1.171858811236496e-06  -0.007822093185888982   -0.02991283960518298
-1.664443015579668e-08  -2.25311679796277e-08  -0.001559415883887571    0.06687140225902716

cov:
0.03519290458161343 0.03550141917925324 0.03579374390264366 0.03616237160143605
0.03550141917925324 0.03592643326249684   0.036329004273415 0.03683670694088861
0.03579374390264366   0.036329004273415 0.03683611905806602 0.03747560888793578
0.03616237160143605 0.03683670694088861 0.03747560888793578 0.03828143386082216

cov.inverse():
 5219075.342710784 -7539524.946642596 -204520.8423469618  2525027.469520772
-7539524.946366234  18647517.08290508 -13604858.14978348  2496884.630686685
-204520.8428423949 -13604858.14905693  24927345.21724503 -11118008.54155922
 2525027.469739842  2496884.630236495  -11118008.5413281  6096092.207574705

cov*(cov_.inverse()):
     1.000000000029104  -1.01863406598568e-10  1.164153218269348e-10                      0
-1.455191522836685e-11      1.000000000014552 -5.820766091346741e-11  5.820766091346741e-11
-1.455191522836685e-11 -7.275957614183426e-11                      1  8.731149137020111e-11
                     0  1.455191522836685e-11                      0                      1
