5
2

0.0001030259796153056
 0.000207339982622505
0.0004563047760635959
  0.06113794708936554
   0.5427598389670013

-0.006054307058353499    0.0882860135642741   -0.5608805589616205    0.7699024669332259    -0.291259532314404
  -0.1576413302436477    0.6390387081831645    -0.551052999341986   -0.3262084320632161    0.3958628439367165
   0.5842110210154809   -0.5302451631867356   -0.4209837896013932  -0.07432814457844876    0.4413451321330014
  -0.6765109416398751   -0.3385849073901649   0.04880542686641026    0.2900361718828905    0.5841149335850168
   0.4196939183865248    0.4336305301258048    0.4496045703686063    0.4595569564091426     0.471682851428589

0.3824958988744638
0.3805629506710826
0.3784084803372358
0.3769907661245641
0.3752558571661306

0.02856755034181557
 0.3863934217625413

  1.121963983282242  -3.072177181823199   4.451368732054277   13.23053014226142  -15.73200353758345
  1.574905841717968 -0.7193126732147886  0.3326594520700176   1.331313585343084  -1.519659572738489

 1.273043468345092e-07 -6.507236351175275e-07 -1.564963274476879e-06    -0.0181418088583194   -0.05900212370248766
 1.282186732262019e-08 -8.284639270477395e-08  8.157758865708195e-08  -0.004886055054976416     0.1159631113147653

cov:
 0.0536004147489761  0.0544688411394878 0.05546425107723081  0.0560847746432779 0.05684040491209135
 0.0544688411394878 0.05582161103499089 0.05737185568466648 0.05833787047878437 0.05951464405978354
0.05546425107723081 0.05737185568466648 0.05955828193767667 0.06092042119402746 0.06258006641308635
 0.0560847746432779 0.05833787047878437 0.06092042119402746 0.06252929930677813 0.06448969122676111
0.05684040491209135 0.05951464405978354 0.06258006641308635 0.06448969122676111 0.06681674615963516

cov.inverse():
 2220828.502984801 -3881385.150285109  1159386.347289234  548440.3408168011 -47245.02015768436
-3881385.150253302   11583926.4017288 -11784425.82128779  1743962.072403532  2337869.335168533
 1159386.347591439 -11784425.82216618  37552580.04255178 -36351270.56725983  9424062.327750683
 548440.3401669047  1743962.074138821 -36351270.56872053  58346016.21641458 -24287571.45614014
-47245.01984179908  2337869.334343428  9424062.328635214 -24287571.45651545  12573023.23927268

cov*(cov_.inverse()):
     1.000000000006821  -2.91038304567337e-11 -2.328306436538696e-10 -2.328306436538696e-10 -1.164153218269348e-10
 9.094947017729282e-13                      1  1.164153218269348e-10 -2.328306436538696e-10  2.328306436538696e-10
-3.637978807091713e-12  -2.91038304567337e-11                      1 -2.328306436538696e-10  2.328306436538696e-10
 2.228262019343674e-11 -5.820766091346741e-11 -2.328306436538696e-10                      1  2.328306436538696e-10
 -7.73070496506989e-12   2.91038304567337e-11                      0 -2.328306436538696e-10                      1
