5
2

0.0001244128645982151
0.0002063617621982769
0.0004665831384299176
  0.07255658339207259
   0.5560951528511431

-0.01037061841020466  0.09285164586754623  -0.4487117165800678   0.7843199906428817  -0.4180561802140915
 -0.2789370429243874   0.7410397641301406  -0.4970022673274447  -0.2329507892564621   0.2679120566878523
  0.5659273048926929   -0.361077609062307  -0.5928407913466173 -0.05354979338806592   0.4416123430729181
 -0.6566343671755002  -0.3576290934768552 -0.01134962855431057    0.333242996586631   0.5742412650625128
  0.4130909945512151   0.4289091180779497   0.4472779043529244   0.4654649362914458   0.4782025386916512

0.3994052717212997
0.3993942367857581
0.3993489194651245
0.3993519099541468
0.3992948945810132

0.0009207488527543993
   0.3997026692256566

 0.4514426513045523   4.372169071948672   -3.34081098734359   5.802400619800759  -7.284714161360081
  1.502384985101352 0.03323971375353821 -0.4071080645165707  0.4882971755277384 -0.6166989693266012

  1.46995264004677e-07  6.264625048021702e-08 -6.248804937615503e-07   -0.02143531787414859   -0.06657222849001847
  1.25527400056365e-08 -2.006083545797655e-08  1.700450604986059e-07  -0.006239419371048859     0.1191095219883899

cov:
0.05504025588880623 0.05602720732461552 0.05717668722647659 0.05830885689482164 0.05910298871957462
0.05602720732461552 0.05756243103355416 0.05934683501461726 0.06111029690704489 0.06234601174561324
0.05717668722647659 0.05934683501461726 0.06186692082999812 0.06436182408266204 0.06610918573510961
0.05830885689482164 0.06111029690704489 0.06436182408266204 0.06758422767388589 0.06984046220251565
0.05910298871957462 0.06234601174561324 0.06610918573510961 0.06984046220251565 0.07245271715538516

cov.inverse():
 3305266.674443483 -5854696.508419694  2014916.590299558  861109.0566385492 -326818.8172208639
-5854696.508518272    14050996.632841  -10356922.3592099  740057.3001026674  1421730.262558633
 2014916.591200921 -10356922.36172566  20422642.61872029   -19872295.939641  7789787.494214488
 861109.0548293903  740057.3057125119 -19872295.94476473  41030062.56351594  -22757613.9999092
-326818.8162145379  1421730.259366125  7789787.497723928 -22757614.00123283   13872544.3126091

cov*(cov_.inverse()):
     1.000000000010914                      0  1.164153218269348e-10 -2.328306436538696e-10                      0
 5.456968210637569e-11     0.9999999999708962  1.746229827404022e-10 -2.328306436538696e-10  1.164153218269348e-10
 7.275957614183426e-12   2.91038304567337e-11     0.9999999999417923  4.656612873077393e-10 -2.328306436538696e-10
-3.637978807091713e-12   2.91038304567337e-11                      0     0.9999999997671694 -1.164153218269348e-10
-1.455191522836685e-11  7.275957614183426e-11                      0                      0                      1
