5
2

0.0001706702177213178
0.0001840126403004584
0.0004533513963107308
  0.07225320431280577
   0.5793927263616018

  0.3832610110485244  -0.8082100876888739   0.4052061650235276   0.1431218617993797  -0.1234161580588674
  0.1033541200156502 -0.02355938203323923   0.2896652792315789  -0.8315020319461873   0.4620186990491359
  0.4623616748073354  -0.2099555557142273  -0.7399584106695493  0.04922856689769337   0.4383816202518983
 -0.6829741777378966  -0.3486330461096302  0.03601071510255816   0.2624032848770665   0.5846785580018242
  0.4027367347268606   0.4249883215586117   0.4506293029884031   0.4656625042145501   0.4871136545993768

0.3985559669285061
0.3986182290140231
0.3986941515492765
0.3987723417037258
0.3988040450708727

-0.0004832566653960458
     0.398573643736054

  1.954147063607412   3.225991577411863  -6.051089427908481    5.41312569530811  -4.542319426372358
  2.328558557692666  -0.658411108676288 -0.8289459207485734   0.559392066381869 -0.4006693469282958

-8.665492816644571e-08 -2.785541526280354e-07  6.122609298005131e-07   -0.02042581838789705   -0.08752224274978512
 3.548402182768823e-08 -2.147413221311378e-08  3.453171749347861e-07  -0.007716609619711245     0.1174090196404675

cov:
0.05688401402766807 0.05870019803072193 0.06079530698152222 0.06202062096918946 0.06377172509250018
0.05870019803072193 0.06126630218913947 0.06422434430586429 0.06595701150597423 0.06843081164388565
0.06079530698152222 0.06422434430586429 0.06817557803833874 0.07049214341605428 0.07379769027757498
0.06202062096918946 0.06595701150597423 0.07049214341605428 0.07315231838861831 0.07694702968121711
0.06377172509250018 0.06843081164388565 0.07379769027757498 0.07694702968121711 0.08143851276689697

cov.inverse():
 6398529.923186815 -11178353.94567609  4551087.140196419 -544160.9648460741  772489.4606389751
-11178353.94474182  22655925.67578728 -10688710.55544255 -3442904.100008298  2655045.136225494
 4551087.140241019  -10688710.5567519  10778895.50717491 -5299446.848065077  657251.2287657178
-544160.9676276337 -3442904.094104104 -5299446.851681518  21133885.47122292 -11846974.32757788
 772489.4624416778  2655045.132565008  657251.2311174232 -11846974.32807201  7762138.108628506

cov*(cov_.inverse()):
    0.9999999999417923 -5.820766091346741e-11  6.548361852765083e-11 -1.164153218269348e-10 -1.746229827404022e-10
                     0      1.000000000087311  2.182787284255028e-11 -2.328306436538696e-10 -1.164153218269348e-10
-6.548361852765083e-11  -2.91038304567337e-11      1.000000000021828  1.164153218269348e-10 -2.328306436538696e-10
-2.182787284255028e-11  5.820766091346741e-11  1.164153218269348e-10                      1                      0
-4.365574568510056e-11  -2.91038304567337e-11 -1.455191522836685e-11                      0                      1
