5
2

8.861830640010881e-05
0.0002184158316870429
0.0004582928120523538
  0.06904025099977938
   0.5540802805169855

-0.0005410296911093804    0.05534576416206666    -0.4862763090559871     0.7933968669437734    -0.3619299883276888
   -0.1601835623412731     0.6078847991054502    -0.6189899241206522    -0.2360678333385044     0.4073582566637861
    0.5870482911143216    -0.5569946663234411    -0.4163492949946059   -0.02726514370769055     0.4135711813981803
   -0.6769901618682741    -0.3641486669705179    0.06151810845056836     0.3150154771937762     0.5532276570619051
    0.4140042974123045     0.4296109954792554     0.4508387871270106      0.463481661615263     0.4753566783539162

0.3978413423729601
0.3975910594589982
0.3973136619474717
0.3970620070621582
 0.396834967342714

0.004074457773270476
   0.398549269833275

  0.870622415354414  -1.686774730337938   4.284761076261217   11.08093576262569  -14.54987887615236
   1.52873777648812 -0.5536932226143878  0.3550200241204517  0.9950821097136928  -1.325195049109302

 9.329773535016816e-08  -5.89635567361897e-07 -1.397317435658625e-06   -0.02035464796344154   -0.06540760152932265
 8.363767445238413e-09 -7.518145354706915e-08  1.014122475896186e-07  -0.005868307185351935     0.1186113967178963

cov:
0.05480517513827445 0.05577914906236125  0.0571036681217621 0.05789262622945036 0.05863331691931978
0.05577914906236125 0.05729470486137256 0.05935559869552597 0.06058306347502381 0.06173578489938329
 0.0571036681217621 0.05935559869552597 0.06241857593716785 0.06424275563503697 0.06595617135158671
0.05789262622945036 0.06058306347502381 0.06424275563503697 0.06642236262612244 0.06846974053238877
0.05863331691931978 0.06173578489938329 0.06595617135158671 0.06846974053238877 0.07083096054393781

cov.inverse():
 2178814.382062733 -3601713.537053554  948200.6103760233  661748.6394479729 -187007.7922380593
-3601713.537077886  9613144.276552645 -10210369.12594623  2655694.425901289  1543217.126067089
 948200.6104890689 -10210369.12550282  38967471.65244102 -46010641.21074781  16305587.61720101
 661748.6393083211  2655694.424860344 -46010641.20845652   81327366.2803207 -38634656.48779968
-187007.7921871516  1543217.126640307  16305587.61546617 -38634656.48668896  20973101.72842336

cov*(cov_.inverse()):
     1.000000000009095 -1.164153218269348e-10 -5.820766091346741e-10  1.396983861923218e-09                      0
 1.091393642127514e-11     0.9999999998399289 -5.820766091346741e-10  1.396983861923218e-09                      0
-9.094947017729282e-12 -7.275957614183426e-11      1.000000000232831  4.656612873077393e-10  2.328306436538696e-10
-3.819877747446299e-11 -5.820766091346741e-11 -9.313225746154785e-10      1.000000000465661                      0
 3.637978807091713e-12 -1.455191522836685e-11                      0                      0                      1
