5
2

0.0001136347808967179
0.0002368876882970192
0.0004628060221601498
  0.07236851491379781
   0.5565396123029184

0.009510100711324264   0.0392863131018689  -0.4871631025607551   0.7957921868759624  -0.3574255872176405
 -0.2429786628113559   0.6796898393233489  -0.5598407874433756  -0.2194855594256617   0.3426185541639441
  0.5658745887272595  -0.4629028758181933  -0.4926011882595923 -0.07622166693307911   0.4658768122660563
 -0.6713391198340831  -0.3727382487992441  0.05739348578914058    0.311619416358369   0.5567488762448582
  0.4122628571870373   0.4280951218652012    0.450888524285516   0.4643538320604125   0.4773352705778599

0.3999334713834892
0.3998369091996276
0.3997699153647364
0.3996416025958145
0.3995245932397805

0.00189049510800429
  0.400355605610997

 0.4305225854827768   1.599425754104153   4.664796941631168  -1.082676264634737  -5.612450828867932
  1.464385575189789 -0.2048566233737975  0.4560265979954889  -0.318285382040881 -0.3973182888328051

-1.370234138378047e-08 -1.859865362983404e-07 -1.140950343832241e-06   -0.02136555023482217    -0.0669858617912015
-4.229714779608094e-09 -4.582556180374572e-08  1.152353882148183e-07  -0.006289664209254225     0.1189944297415984

cov:
0.05500345283190858  0.0559751192752618 0.05737336888069244 0.05819899481349738 0.05899482867844375
 0.0559751192752618 0.05749166081033254 0.05967428172629798  0.0609634324896399 0.06220617585407406
0.05737336888069244 0.05967428172629798 0.06298686486005646 0.06494373629972168 0.06683029308813496
0.05819899481349738  0.0609634324896399 0.06494373629972168 0.06729531699875577 0.06956242872652105
0.05899482867844375 0.06220617585407406 0.06683029308813496 0.06956242872652105  0.0721965297301123

cov.inverse():
 2554180.850821358 -4137002.332568381  763869.6956153484  1335037.253051826 -516014.2272842539
-4137002.332653987  9352562.730692295 -7198501.302553012 -72630.81652488925  2055568.464898673
 763869.6966547227 -7198501.305952524   25097357.3872039   -27657815.122019  8995001.863620622
  1335037.25125907 -72630.81002857033 -27657815.12970206  49928589.53410754 -23533212.39835586
-516014.2264452957  2055568.461716288  8995001.868943574 -23533212.40133541  12998726.12059776

cov*(cov_.inverse()):
     1.000000000040018 -4.365574568510056e-11 -2.328306436538696e-10  2.328306436538696e-10 -1.164153218269348e-10
  2.91038304567337e-11     0.9999999998835847  2.328306436538696e-10 -2.328306436538696e-10  1.164153218269348e-10
  2.91038304567337e-11 -5.820766091346741e-11      0.999999999650754  4.656612873077393e-10 -1.164153218269348e-10
 2.182787284255028e-11  8.731149137020111e-11 -3.492459654808044e-10      1.000000000232831 -1.164153218269348e-10
 1.455191522836685e-11   2.91038304567337e-11                      0                      0                      1
