4
2

0.0001672948118446312
0.0006785913358025375
  0.06203233170659886
   0.4959625756011297

-0.04915918242876283   0.6190412013473364  -0.7603285850185473    0.190451591279978
  0.4870955101376567  -0.5973452373123758  -0.3920390311936823   0.5022171138906726
 -0.7379484886049114  -0.1242738775941602   0.1103666490022894    0.654069747275812
  0.4644925908476893   0.4944923273847431   0.5059891734142327   0.5326339527225081

0.3994958845317199
0.3990250039905283
0.3987754716127028
0.3982028652494569

0.005276173556382022
  0.4003658343107054

 0.8060896577631439  -2.497681010894098    10.6883812174326  -8.996583622925964
  1.328454319751501 -0.6224127344848602   1.240511518576166 -0.9465002614816955

-3.197827028776137e-07 -3.142302747951879e-06   -0.01919852507824948   -0.06010300536957132
-4.405419301732015e-08  2.634066426316691e-08  -0.005330060910574246     0.1064660751715011

cov:
0.05516638320299293 0.05685115905120958 0.05749849029409755 0.05899908114924506
0.05685115905120958 0.06020701330632693 0.06149314119744422 0.06447383784154208
0.05749849029409755 0.06149314119744422 0.06302371134272278 0.06657071581887068
0.05899908114924506 0.06447383784154208 0.06657071581887068 0.07143026719557631

cov.inverse():
 601731.2653538455 -1719162.930840408  920777.8655166606   196591.713922629
-1719162.930877863  14467113.87212107 -16308734.04205848  3560994.361456754
 920777.8655702719 -16308734.04215441  20989364.23671922 -5601482.277847205
  196591.713906467  3560994.361515222 -5601482.277889509  1843839.965265656

cov*(cov_.inverse()):
     1.000000000005457  1.455191522836685e-10 -1.164153218269348e-10                      0
 5.456968210637569e-12     0.9999999999708962                      0  1.455191522836685e-11
 1.091393642127514e-11  2.328306436538696e-10      1.000000000058208  5.820766091346741e-11
 5.456968210637569e-12                      0 -5.820766091346741e-11                      1
