5
2

9.794922042986107e-05
0.0001218351698688575
0.0002358249971666472
  0.05987820502652322
    0.591307906935046

  -0.346577166604964   0.7563073758249981  -0.5373535744698934   0.1379424059126671 -0.01031743748386317
  0.3153006867403526  -0.3174000482710145  -0.4598264387596169   0.7217368868562062  -0.2598041544459578
  0.5000023156737453 -0.07626706422379308  -0.5448553087780827  -0.4084689882687506    0.529591160570699
 -0.5992103226381879  -0.3731893875910699 -0.07941269842064901    0.279571686418627   0.6459179249067462
  0.4140222434771689     0.42681304869269   0.4434378175663053    0.463746176887621   0.4844776452489121

0.4001356656421892
0.4001796055737726
0.4002323984565238
0.4002999248698121
0.4003693159968966

-0.0008879558083313637
    0.3998954621871058

  -2.84556031393761   9.169492176974183 -0.3229333710517719  -2.566416759097807   -3.43466964515461
  3.126036012501466 0.03707111137711774  -1.548659161030579 -0.7697203325234522  0.1552010561810666

 7.460438151851719e-08 -6.856425378585186e-08 -1.510924588853345e-07   -0.01659048647172589   -0.09155589853324739
-3.175403721601676e-09  1.618170958965947e-08  1.557505862560374e-07  -0.006736783609837439     0.1194294521595994

cov:
0.06122156620307024 0.06258756579088506 0.06436301934728113  0.0665316362069801 0.06874570131867067
0.06258756579088506 0.06419396682095938 0.06628184240959452 0.06883218692699701 0.07143582371560588
0.06436301934728113 0.06628184240959452 0.06877581946856828 0.07182231801841822 0.07493231646767945
 0.0665316362069801 0.06883218692699701 0.07182231801841822 0.07547509628334401 0.07920381709135103
0.06874570131867067 0.07143582371560588 0.07493231646767945 0.07920381709135103 0.08356407151644901

cov.inverse():
 23712647.76879139 -34748578.13971091  4745575.582597447  6675061.515416416 -384574.6235874566
-34748578.15153413  66511861.26943681 -31780532.27960573 -3998393.249496915  4015633.537274948
 4745575.613900445 -31780532.32939468  49679060.54379039 -26081899.04796284  3437475.594777164
  6675061.48632886 -3998393.191102899 -26081899.08007507   40075815.8345596 -16670247.36826372
-384574.6139799617  4015633.516847224  3437475.608403154 -16670247.37106952  9601590.282499185

cov*(cov_.inverse()):
    0.9999999999781721  2.328306436538696e-10 -4.074536263942719e-10  4.656612873077393e-10 -1.164153218269348e-10
-5.820766091346741e-11      1.000000000407454  5.529727786779404e-10 -4.656612873077393e-10                      0
 1.455191522836685e-10  4.656612873077393e-10     0.9999999997671694                      0  1.164153218269348e-10
-2.255546860396862e-10  6.402842700481415e-10 -4.074536263942719e-10                      1  1.164153218269348e-10
-8.003553375601768e-11  3.492459654808044e-10                      0 -2.328306436538696e-10                      1
