5
2

0.0001521121786163422
0.0002423205518656478
0.0005506296252294783
  0.07343423485500837
   0.5446757508718845

 -0.06763176090951964    0.6518840196837774    -0.710510777421967    0.2329373696620462   -0.1067135735478738
   -0.154000802687966    0.3361111218870447 -0.003954421864274445   -0.7399752087780168    0.5619022330058359
   0.6636720810888236   -0.4158602334119138   -0.5176766815165755  -0.06785177051788228    0.3376486719970832
  -0.5982966955170753   -0.3217367600313871   -0.1882460421702522    0.4157544619380869    0.5746635331771642
   0.4162813118605234    0.4308390211388089    0.4378733592446264    0.4698097879195566    0.4781561373637722

0.3673244062335784
0.3634955332047079
0.3617314387729515
0.3531481210433031
0.3509410079490387

0.05700599727481036
 0.3749436816320162

0.9562317805926399 -6.413166740197736  10.57313184319364  3.736528124542323 -8.853287376437143
 1.599456599620191 -1.225230905537201   1.16575770576611 0.1933233949549142 -0.733540276078624

-2.300505617304917e-07  -5.92138296420377e-07 -1.641695785084828e-06   -0.02174987854393061   -0.06321613876260923
-3.729528571573269e-08 -7.151850029834509e-08  2.142839716571098e-07  -0.006057820856083627     0.1152508006454663

cov:
0.05334073275559185 0.05424608685012625 0.05468411436888376 0.05667959579726276 0.05719773193893667
0.05424608685012625 0.05562714722519547 0.05629464043746749 0.05932868845182327 0.06011976317036213
0.05468411436888376 0.05629464043746749 0.05707296107912089 0.06060842391893636 0.06153128106386349
0.05667959579726276 0.05932868845182327 0.06060842391893636 0.06641389172491403 0.06793340583432271
0.05719773193893667 0.06011976317036213 0.06153128106386349 0.06793340583432271  0.0696099127021183

cov.inverse():
 2054384.213853258 -3697194.388642643  954021.8667415313   1111270.09732356 -422730.2623704087
-3697194.388559652  20860247.36636072 -19330224.03519402  2420081.064957255 -253310.1694005398
 954021.8666524786  -19330224.0350643  22702084.29042616 -6987224.523097534  2662526.453551791
 1111270.097282943   2420081.06494719  -6987224.52302329  11685365.33753198 -8230876.856290542
-422730.2623237315 -253310.1694371765  2662526.453518183 -8230876.856266978  6245259.863780394

cov*(cov_.inverse()):
    0.9999999999818101  7.639755494892597e-11 -1.455191522836685e-10  1.746229827404022e-10 -1.164153218269348e-10
 -2.91038304567337e-11     0.9999999999745341 -8.731149137020111e-11  1.164153218269348e-10 -1.164153218269348e-10
-1.455191522836685e-11  4.365574568510056e-11     0.9999999999708962  5.820766091346741e-11 -5.820766091346741e-11
-4.001776687800884e-11  2.037268131971359e-10 -1.746229827404022e-10      1.000000000116415  5.820766091346741e-11
-1.455191522836685e-11 -6.912159733474255e-11   2.91038304567337e-11                      0      1.000000000058208
