5
2

9.914014798029547e-05
0.0001185879747648027
0.0002275490828690486
    0.054329473035549
   0.5792396508407339

 -0.1682757968168365    0.527545183352603   -0.708089210784385   0.4304867542735861 -0.08167104562124271
 -0.3530306033792645   0.6180254725330776    0.124101853796759    -0.64305630324936   0.2539512337308363
  0.5415845994918681  -0.1687984929886586  -0.5317495930408395   -0.358013175140633   0.5169740100668643
 -0.6155670006647123  -0.3546428969163976 -0.04273188270627354   0.2483567984808954   0.6571138183055452
   0.418110079487704   0.4306693386500108   0.4456733736226939   0.4596794669335394    0.479351555646805

0.3996187699902327
0.3995244181623553
0.3994046628000385
0.3993003247523144
0.3991494286452475

0.001895717986164457
  0.4001007737570984

 -2.711949626489651   4.568220553399079   3.755239721944775   3.534548080783455  -9.146113781878766
  2.892909729929424  -0.727297942008297 -0.6103099249595798  0.1960645804979278 -0.7514273021484592

 2.433408884801139e-08 -4.906199373500876e-09 -5.297168793607189e-07    -0.0154768333598148   -0.08466317495479304
-2.875527096660415e-09 -2.620549552093057e-08  8.053600325009634e-08  -0.005731737442964908     0.1188607848267284

cov:
0.05977250809647182 0.06106025181858575 0.06259833656170198 0.06403427226747728 0.06605126975825887
0.06106025181858575 0.06260191797261538 0.06444344956864649 0.06616258301738866 0.06857726396156724
0.06259833656170198 0.06444344956864649 0.06664770431707863 0.06870532972942707 0.07159535445457303
0.06403427226747728 0.06616258301738866 0.06870532972942707 0.07107890118640196 0.07441256918516412
0.06605126975825887 0.06857726396156724 0.07159535445457303 0.07441256918516412 0.07836930884430965

cov.inverse():
 17408144.96562741 -26311945.58993198  3445751.402392634  5027857.400482678  430469.2712225991
-26311945.58436943  56025669.16183333 -30818316.05072873 -3987264.936218873  5091294.131315406
 3445751.392861404 -30818316.03118199  57568580.26504842 -33011408.95408677  2815647.923640597
 5027857.403032674 -3987264.952365797 -33011408.93538053  50734867.79446045   -18763837.556792
 430469.2726412094  5091294.133478136  2815647.914950123 -18763837.55168288  10426262.49747261

cov*(cov_.inverse()):
    0.9999999997198756  4.656612873077393e-10 -2.619344741106033e-10                      0  1.164153218269348e-10
  -1.2732925824821e-10      1.000000000174623  1.164153218269348e-10 -2.328306436538696e-10  2.328306436538696e-10
-2.619344741106033e-10  6.402842700481415e-10     0.9999999993888196 -4.656612873077393e-10  1.164153218269348e-10
-1.091393642127514e-11  1.746229827404022e-10                      0     0.9999999997671694  1.164153218269348e-10
-1.236912794411182e-10  5.820766091346741e-11   2.91038304567337e-11  2.328306436538696e-10                      1
