5
2

7.021172010968936e-05
0.0001612471100953645
0.0003078693526174609
    0.113684746673291
   0.5808681969464198

-0.02363266524339668  0.09787298416100214  -0.5091057617098697   0.7813983929536128  -0.3465404031108613
 -0.3519745544824118    0.721091335064883  -0.4404455708887876  -0.2468300581785955   0.3181569124744165
  0.5728693576913526  -0.3220993933642252    -0.58655547400206  -0.1216301524466393   0.4574182569014066
 -0.6323553131962834  -0.4522215431792185  0.00626879505313745   0.2892805855940818   0.5584799716766604
  0.3840610199188779   0.4027354244969883   0.4502581488491503   0.4795980845283006   0.5074983621114688

0.4000777256943051
0.4001847362929531
0.4003617832810257
0.4004490064680891
0.4005278552250488

-0.0006195710141088649
    0.4001792536180429

 0.5424427591751037 -0.5275274147128463   2.057647520867012   4.445830317792702  -6.518527453076704
  1.483958187320552 -0.4151220729881923 0.08405412692335687  0.4232229056676023 -0.5761492902966865

   2.2779522943941e-08 -1.208738724837973e-07 -4.027068007155685e-07   -0.03161177963586689   -0.08556008662773891
 2.030405114911204e-09 -2.980836391858188e-08  5.871882494763771e-08   -0.01227119238598305     0.1184889563269954

cov:
0.05493671176697516 0.05588440063206846 0.05829553499294493 0.05978460945303751  0.0612000132404758
0.05588440063206846 0.05736922822031802 0.06114719395213423 0.06347997945308027 0.06569786588101542
0.05829553499294493 0.06114719395213423 0.06840405271667964 0.07288429261876185  0.0771446951429992
0.05978460945303751 0.06347997945308027 0.07288429261876185  0.0786901878561618 0.08421146356755389
 0.0612000132404758 0.06569786588101542  0.0771446951429992 0.08421146356755389 0.09093202900367466

cov.inverse():
 8340467.365948585 -12177461.24182589  4857880.693753282 -1139751.226734062  118955.8406754638
-12177461.24213329  23036210.85241401 -20329558.53961718  9081559.317859491  389049.8535103335
 4857880.705345372 -20329558.55665246  63668004.22049024 -75763780.99941407  27568243.91662361
-1139751.249358332  9081559.351443499  -75763781.0120935  126357799.3396197  -58536994.7370326
 118955.8520153122  389049.8366538199   27568243.9238599 -58536994.73875211   30461251.2588132

cov*(cov_.inverse()):
     1.000000000048203   -1.2732925824821e-10 -4.656612873077393e-10                      0  2.328306436538696e-10
-1.055013854056597e-10     0.9999999998944986  2.328306436538696e-10 -9.313225746154785e-10  6.984919309616089e-10
-8.913048077374697e-11 -1.346052158623934e-10                      1 -1.862645149230957e-09                      0
-1.909938873723149e-10  1.418811734765768e-10 -4.656612873077393e-10      1.000000000931323                      0
-5.093170329928398e-11  4.365574568510056e-11                      0                      0                      1
