5
2

0.0002266856022283197
0.0002354805397491457
0.0004439840131672902
  0.08205516455603526
   0.6011348982102465

 0.04552086793153376 -0.06591043935790904  -0.4564131781122301   0.8178839090965332  -0.3410814956177997
-0.09738990078692673   0.7203244585785814  -0.6247701700888031     -0.2007107875732   0.2025470214965902
  0.5048863358859859   -0.497750207088025  -0.4483263930396483  -0.0948519070695745    0.536042050784055
 -0.7647108419917705  -0.2065634088662971 -0.01803302146516862   0.2482643552164203   0.5573046799763876
  0.3856814408074793   0.4316998700700345   0.4472443413321147   0.4692004013712689   0.4946802309549325

0.3993202095620569
0.3991487106562028
0.3990480227093966
0.3989073765599971
0.3987454108687828

0.001710716814902465
  0.3997820593897528

  0.2818309360457401    2.571256001854747    1.751246217620539  0.09646542848827241   -4.700975065484275
   1.661544136989912  -0.2348849067762785 -0.02762180397656272  0.02138977961475272  -0.4204868235585146

 3.732591544575198e-08 -1.336179536059202e-08 -8.775371412237695e-07   -0.02271834307911396    -0.1005583381689421
 1.359877823585209e-08 -2.235871994510655e-08   1.46020153555325e-07   -0.00976705016741963     0.1189256411325286

cov:
0.05769025558580208 0.06122997888901625 0.06242572758256337 0.06411468134030961 0.06607469220281027
0.06122997888901625 0.06763273270158306 0.06979541128034121 0.07285017720417632 0.07639518592129166
0.06242572758256337 0.06979541128034121 0.07228483245428863  0.0758009099584608 0.07988133429036683
0.06411468134030961 0.07285017720417632  0.0758009099584608  0.0799687768132675 0.08480544581355125
0.06607469220281027 0.07639518592129166 0.07988133429036683 0.08480544581355125 0.09051992228087087

cov.inverse():
 1504620.990343694 -2598367.310508322   -455310.89116209  834068.0919565305  715010.6678632488
-2598367.310674303  10698618.23991333 -6398450.772213195 -3416838.815856724  1715055.768488544
 -455310.890647392 -6398450.773367302  12112831.76636282 -4787290.967235901 -471779.6297695166
 834068.0914085945 -3416838.814418198 -4787290.967886755  13789879.74650531 -6419829.477857145
 715010.6680624675  1715055.768038138 -471779.6297580637 -6419829.477617413  4461534.687145293

cov*(cov_.inverse()):
     1.000000000007276  5.820766091346741e-11  1.455191522836685e-11  5.820766091346741e-11  5.820766091346741e-11
-3.637978807091713e-11     0.9999999999854481  9.458744898438454e-11 -5.820766091346741e-11  1.164153218269348e-10
                     0                      0     0.9999999999854481  1.746229827404022e-10  5.820766091346741e-11
 -2.91038304567337e-11  5.820766091346741e-11  5.093170329928398e-11      1.000000000116415  5.820766091346741e-11
 7.275957614183426e-12 -5.820766091346741e-11  7.275957614183426e-12                      0                      1
