6
2

0.0001034036200485094
0.0001651986412519031
0.0002793001424176318
0.0005657784932681338
  0.07254800377582586
   0.6005966879031618

-0.01240973432674677   0.0381436036217506  -0.4428741882495642   0.7677805596925221  -0.4503534478899247  0.09974117259622395
 0.03857433288132478  -0.3653546096966893   0.6328935296468213 -0.01204836132825435  -0.6058600749810475   0.3118689094484921
 -0.2551301845430801   0.6715443645629875  -0.1492942139639688  -0.3801773741162079  -0.3375983157206842   0.4507111430486829
  0.6017891788424287  -0.3458559454913358  -0.4584404852789956  -0.2887697293381979  0.01755181587538481   0.4736768390274416
 -0.6553487745560698  -0.3772476069402702 -0.08490813974622435   0.1053049609213208   0.3655445109209119   0.5256243052708689
  0.3763434285167304   0.3900732612291614   0.4045273791133953   0.4139515937654413   0.4268628152407299   0.4347393347947434

0.3672821422756154
0.3634451324599575
0.3594515510485886
0.3567672839782934
0.3530767362699468
0.3508530045067694

 0.057068399977403
0.3749060076334386

 0.9513655826613577  -3.641733927394715   5.060722411084347   7.913558257819488  -1.236108141882101  -9.048348725143114
  1.591783787385892 -0.8776676919255392  0.5113935682030115  0.8531192921357078 -0.3107451826299251 -0.7680921439262862

 3.569189347210154e-08  6.554614735947865e-08 -7.889228117501006e-07 -2.266629941403079e-06   -0.02133645963621223   -0.07242958592302229
 4.689958004666142e-09  1.757964267004283e-08 -1.277367138302266e-07  1.316864255123703e-07  -0.006226267097977421     0.1263084584111944

cov:
0.05335041599135645 0.05425484614063897 0.05520868622361794 0.05583199968190762 0.05668716883428409 0.05720435130691362
0.05425484614063897 0.05563469150401532 0.05708797917567474 0.05803632236211277 0.05933626545548011 0.06012667548697161
0.05520868622361794 0.05708797917567474 0.05906652116314338 0.06035665594821171 0.06212430861019662  0.0632020467378875
0.05583199968190762 0.05803632236211277 0.06035665594821171 0.06186929688062222 0.06394138553867006 0.06520616220092863
0.05668716883428409 0.05933626545548011 0.06212430861019662 0.06394138553867006 0.06643011026245528 0.06795085613715783
0.05720435130691362 0.06012667548697161  0.0632020467378875 0.06520616220092863 0.06795085613715783 0.06962899466728531

cov.inverse():
 2034769.257217026  -3407152.10869786  1035011.728511254 -207639.7184849281  803408.3319711052 -258580.2192300129
 -3407152.10875075  11182042.79728073 -10842695.88113712 -60532.74238460466  3579169.669115473 -451178.3651679932
  1035011.72892087 -10842695.87937817  33963453.73903606 -30939642.29370835  5224103.214288537  1560288.782026776
-207639.7189855264 -60532.74625727045 -30939642.28461429  57250502.22913212  -30441495.4155253  4400557.390687596
 803408.3320215774   3579169.67218456  5224103.203356395 -30441495.40638078   33880917.2530487 -13049165.68124264
-258580.2191366078 -451178.3661764635  1560288.786034461   4400557.38626268 -13049165.67991034  7799421.029187045

cov*(cov_.inverse()):
    0.9999999999890861  7.275957614183426e-12 -1.455191522836685e-11 -2.619344741106033e-10 -3.492459654808044e-10  5.820766091346741e-11
 1.818989403545856e-12      1.000000000050932  2.764863893389702e-10 -6.984919309616089e-10                      0 -5.820766091346741e-11
-7.275957614183426e-12  4.729372449219227e-11       1.00000000007276 -7.566995918750763e-10                      0 -5.820766091346741e-11
 7.275957614183426e-12 -7.275957614183426e-12  2.619344741106033e-10     0.9999999995343387 -1.164153218269348e-10 -1.164153218269348e-10
-2.546585164964199e-11  1.382431946694851e-10 -4.365574568510056e-10 -1.746229827404022e-10     0.9999999997671694 -1.164153218269348e-10
 3.637978807091713e-12  2.546585164964199e-11                      0 -5.820766091346741e-11                      0                      1
