4
2

0.0002937146950201321
0.0004894609919166706
  0.09329072498445258
   0.5112062997091426

-0.2073695144567717   0.452797244693384 -0.7234759074392504  0.4780744199672218
 0.5868450801197443 -0.6412643292236958 -0.3212541656238111  0.3757508124726853
-0.6421289102689949 -0.4064819582206215  0.3078949799038452  0.5724015737119296
 0.4475278751206084  0.4674688576841161  0.5278058864528822  0.5501023671201829

0.3995004876350217
0.3990576564467682
0.3976775153480491
0.3971030832412405

0.006775052678565049
  0.4005445043271578

  1.524707820810203  0.4096657917512898   3.540304335833254  -5.475901565542567
  1.591554706004485 -0.4181244615328451  0.3928204958703611 -0.5662761067749761

-4.580757954690551e-07 -6.139869620587164e-07   -0.02776267339128969   -0.07052241876573867
 -9.26766622974935e-08  2.067867272921295e-07  -0.009183687907946013     0.1078328708247696

cov:
0.05592851833009927 0.05694357277031371 0.06000792210201117 0.06113743723390262
0.05694357277031371  0.0585462248466606 0.06338993859093363 0.06517797824831452
0.06000792210201117 0.06338993859093363 0.07362671154907746 0.07741077984013001
0.06113743723390262 0.06517797824831452 0.07741077984013001 0.08193391134498558

cov.inverse():
 1936027.140331695 -2659203.877224934   952120.537587681 -228801.4610347842
  -2659203.8772618  4093097.426679448 -2937423.899651485   1503472.34575779
 952120.5377241098 -2937423.899820751  6498116.268393046 -4513138.703177428
-228801.4611343501  1503472.345890198 -4513138.703210277  3238727.766048164

cov*(cov_.inverse()):
    0.9999999999909051  1.455191522836685e-11                      0                      0
-7.275957614183426e-12     0.9999999999708962 -5.820766091346741e-11                      0
-3.274180926382542e-11 -1.455191522836685e-11                      1                      0
-1.455191522836685e-11  1.455191522836685e-11                      0                      1
