6
2

0.0001413637326324458
0.0001667071049869652
0.0002733170596798823
0.0006452492218110155
   0.1186347695365027
   0.6305139206385968

  -0.1024769493796868    0.4202704804303506   -0.6225071385857536    0.5020748349076364   -0.3759876929811358    0.1786341944131793
   0.1248605440122491   -0.4017660068367565    0.3901822388168183    0.1860742187638194    -0.693431674655155    0.3940566437806747
  -0.4217737310888516    0.5964765564795076    0.2899044251055685   -0.5010384955313101   -0.2373167372177389    0.2737138174626843
    0.573319408860491  -0.04400275448425084   -0.4282528789527841   -0.5385118189542717 -0.005196945245140886    0.4426579913398027
  -0.5862873708382234    -0.409748050771125    -0.201511120547985   0.03376061900989125    0.3507675776187344    0.5688490564955846
   0.3515497310163218    0.3692462715948537    0.3901164533700548    0.4136700529531431    0.4454229807717617    0.4672842666255347

0.3977608273922142
 0.397867194102923
0.3979543365838796
0.3980392263472925
0.3981727268648236
0.3982223150026265

-0.0006041549786513671
    0.3978656565113077

  0.305539302771169   1.219385779318523    2.84276314212176  -3.868662773406133   3.490449199281387   -3.98964527549406
  1.474236781886318 -0.2108231197286451  0.1243669793004788 -0.3660159100401519  0.3435982658314664 -0.3653481669931904

-1.050321642109709e-07 -1.126923020553353e-07  1.076146750414787e-07 -3.317339587885147e-07   -0.03416375010388902   -0.09670252032866315
 -1.38950122742065e-08 -3.697197946925138e-09 -5.301207277574435e-08  3.475739290292463e-07    -0.0127042972310923     0.1271575696686198

cov:
0.05396974433185532 0.05498607237012023 0.05618449294830737 0.05753493636736159 0.05935698153296971 0.06061285468129153
0.05498607237012023 0.05656578740045412 0.05842848341292659 0.06052918272873871 0.06336215516339767 0.06531359733727568
0.05618449294830737 0.05842848341292659 0.06107473932915788 0.06406039556436476 0.06808580076381537 0.07085769940704904
0.05753493636736159 0.06052918272873871 0.06406039556436476 0.06804572516666307 0.07341809344958568 0.07711677500599361
0.05935698153296971 0.06336215516339767 0.06808580076381537 0.07341809344958568 0.08060581443430102  0.0855535280393864
0.06061285468129153 0.06531359733727568 0.07085769940704904 0.07711677500599361  0.0855535280393864 0.09136074082333953

cov.inverse():
 4257340.220973761 -7388533.976793425  2718717.103465908  348693.5443868547   145360.985887006  -81502.3727167864
-7388533.976699722  19414082.98723998 -16372354.20851476  3925230.952957505  222998.7042754163  198820.7639370918
  2718717.10339348 -16372354.20884347  26435180.42803244 -14418085.29087689   1061050.57734122  574773.0985132876
 348693.5440314159   3925230.95593798  -14418085.2954946  17917140.78307018 -12490771.81914266  4718039.360539808
 145360.9865945684  222998.6986195886  1061050.586813236 -12490771.82396348  25130204.05691662 -14068283.16558507
-81502.37309015846  198820.7670347054  574773.0932581068  4718039.363367696 -14068283.16588188  8657762.229403304

cov*(cov_.inverse()):
      1.00000000003638  1.873559085652232e-10 -1.818989403545856e-10 -1.164153218269348e-10  1.164153218269348e-10 -2.328306436538696e-10
 1.455191522836685e-11      1.000000000194632 -6.548361852765083e-11                      0 -1.164153218269348e-10 -1.164153218269348e-10
-7.639755494892597e-11  2.837623469531536e-10     0.9999999996944098  1.746229827404022e-10 -2.328306436538696e-10  1.164153218269348e-10
-7.548806024715304e-11  1.000444171950221e-10  1.455191522836685e-11     0.9999999997089617                      0 -1.164153218269348e-10
 5.911715561524034e-11  -1.01863406598568e-10   1.01863406598568e-10 -5.820766091346741e-11                      1                      0
 1.091393642127514e-11 -2.546585164964199e-11                      0                      0                      0                      1
