5
2

0.0001872408625505023
 0.000255741550661235
0.0004792744464035593
  0.09222702265635294
   0.5694540080339044

-0.05190724980393978   0.1180557080798447  -0.5618466345630804   0.7697898192799286  -0.2740811569055299
 -0.3089643092960557   0.6652634341315964  -0.4514048151804688  -0.3085911452475936   0.4036964412715481
  0.5539461757073911  -0.4303338919708733  -0.5121462961015891 -0.09742127294968615   0.4859749405130308
 -0.6608961634826215  -0.4309542583377435   0.1004817788719568    0.285280251763771   0.5348020927248177
  0.3977519183009822   0.4154257835510073   0.4562582991751257   0.4704459721776943    0.489615953114812

0.3993178979302712
0.3992841277881715
0.3992125023290299
0.3991458904110759
0.3990528732474007

0.001133164943718234
   0.399640765320697

   1.283504809838856   0.5658203311004276   0.4891464836532853    3.363706274348147   -5.702317085893396
   1.601931634623333   -0.398239466526664 -0.05039473291675625   0.3738823872683035  -0.5271917776914352

 1.359451244314545e-07 -2.342079024090407e-07 -6.619824265817562e-07   -0.02664847276866621   -0.07807098264133694
 1.158536281770604e-08 -6.967641470237975e-08  1.819125230847405e-07  -0.009079398911604258     0.1188508805844249

cov:
0.05501817741576508 0.05600503454445857 0.05828426358690841 0.05907542914823318 0.06014539751603862
0.05600503454445857  0.0575432013194663 0.06109580141855674 0.06232964048058463 0.06399741005934653
0.05828426358690841 0.06109580141855674 0.06759141844745048 0.06984841243907039 0.07289788907558048
0.05907542914823318 0.06232964048058463 0.06984841243907039 0.07246126127974005 0.07599116187726744
0.06014539751603862 0.06399741005934653 0.07289788907558048 0.07599116187726744 0.08016996267838801

cov.inverse():
 2872314.530333746 -4355207.466246496  1729183.511986999  83089.28745704421 -329330.0828216125
 -4355207.46627383   7970575.95953266  -5523986.69124971 -364244.1372043636   2272868.34634446
 1729183.512053849 -5523986.691423121  13261369.35520794 -9989352.600202506  522578.3895600424
 83089.28744649446 -364244.1370335223 -9989352.600553345  18399531.28057497 -8128802.574521412
-329330.0828505688  2272868.346319691  522578.3898043158 -8128802.574711964  5662635.690974605

cov*(cov_.inverse()):
     1.000000000003638 -1.164153218269348e-10  1.673470251262188e-10  -2.91038304567337e-10                      0
 7.275957614183426e-12     0.9999999999126885  8.731149137020111e-11 -1.746229827404022e-10                      0
-6.184563972055912e-11 -8.731149137020111e-11                      1                      0 -5.820766091346741e-11
 1.091393642127514e-11 -1.164153218269348e-10  2.473825588822365e-10     0.9999999997671694 -5.820766091346741e-11
-1.091393642127514e-11  -2.91038304567337e-11  7.275957614183426e-11                      0                      1
