4
2

0.0001700152497170559
0.0009024515290372791
  0.09505000200208827
   0.5336905595262541

-0.04498852959946914    0.392011557575845   -0.799664746034663   0.4525917198543906
    0.43348070893364  -0.7611192328263897  -0.1354010831605519   0.4630966800605529
 -0.7957546357924175  -0.1809928268828893     0.25075234341084   0.5207104939462905
  0.4205295076468995   0.4840103808449446   0.5285131057052787   0.5563836639679035

0.3960412655531037
0.3951633472220156
0.3944050901700406
0.3939356849355738

0.005847506712588931
  0.3969984094063413

-0.5288833646517903   6.028938306196632 -0.6279220390984749  -4.871005985112354
  1.184743488834665 -0.1744314749338802   1.168436046545193  -1.178953324260826

 1.979303718173313e-08 -5.691750401471883e-06   -0.03039360403674586   -0.09865092327032728
-4.594827914920452e-08 -4.711435253056015e-08   -0.01113140710294579      0.106916797696555

cov:
 0.0560910347732548 0.05927452268808243 0.06150125069246921 0.06289893226328998
0.05927452268808243 0.06702140314796934  0.0724501019000228 0.07585050972159078
0.06150125069246921  0.0724501019000228 0.08012732206052911  0.0849342650119765
0.06289893226328998 0.07585050972159078  0.0849342650119765 0.09062119955023738

cov.inverse():
 300815.1080084273 -1015228.525786751  1172522.444219873 -457979.8121567109
-1015228.525807943  6027765.436448586 -10718502.04968344  5705241.219769467
 1172522.444274967 -10718502.04978676  22145321.66587573 -12597970.35001134
-457979.8121906059  5705241.219851586 -12597970.35005957  7349950.587779382

cov*(cov_.inverse()):
                     1  1.746229827404022e-10 -1.164153218269348e-10  1.164153218269348e-10
 1.455191522836685e-11     0.9999999998835847  1.164153218269348e-10 -2.328306436538696e-10
 7.275957614183426e-12 -5.820766091346741e-11                      1                      0
                     0                      0                      0                      1
