5
2

0.0001885369663439395
0.0002098993258007841
0.0005035877041854459
  0.08952699254057891
   0.5632795925969277

   0.247257685811575  -0.6310784575667221   0.6013655167518358  -0.3874475031239698   0.1698457087686057
 -0.1781377539018526   0.4563495859973065 -0.04963563524170346  -0.7190282891156488   0.4904555221021221
   0.604043453359315  -0.2725696894910963  -0.6567915718185582 -0.03290437530274855   0.3583007174127952
 -0.6150717518764147   -0.375873828282274 -0.09829708441508461   0.3306708144610572   0.6011656185405657
  0.4049059445591515   0.4217933917671642   0.4414276082887786   0.4716533327816326   0.4907405740700889

 0.399846457790624
0.3998813504779256
0.3998835887977428
0.3999143074474679
0.3998845738943044

0.0003513061233751329
   0.4000729641727622

 0.4012233063741345   3.609191057688158   -3.43576458060007   6.085314374436095  -6.659574441274516
  1.489666929548283  -0.012111020239777 -0.4509504346690092  0.5707668936625783 -0.5972668268450185

 -2.74895287980866e-07 -2.597477070079411e-07 -2.716524539197673e-07   -0.02610454040661484   -0.07291668834699186
 -7.74184788057588e-09 -4.193590354098082e-08  2.451108496060968e-07  -0.008317195273794457     0.1190150046566428

cov:
0.05505063021860784 0.05604080582321992 0.05719476033114698 0.05896320770482193 0.06008190452275996
0.05604080582321992 0.05758029447484105 0.05937165182138825 0.06212433899308904 0.06386382711040281
0.05719476033114698 0.05937165182138825 0.06190297847172521 0.06579823924196843 0.06825838993540141
0.05896320770482193 0.06212433899308904 0.06579823924196843 0.07145840504941856  0.0750316303815529
0.06008190452275996 0.06386382711040281 0.06825838993540141  0.0750316303815529 0.07930700681941937

cov.inverse():
 3878974.630890591 -6884098.881344296  2819378.694038416  133767.0127345476  51769.82695970469
 -6884098.88110744  16223856.23485636 -10484699.86845313 -533688.9052078628  1679605.725218696
 2819378.693593265 -10484699.86777258  11930743.01795805 -5659508.533081049  1392919.312740999
 133767.0130302039 -533688.9059028131 -5659508.532624452  15962039.28020087 -9902056.369637387
 51769.82687238127  1679605.725469898  1392919.312519795 -9902056.369580038  6777629.695704616

cov*(cov_.inverse()):
    0.9999999999968168 -5.820766091346741e-11  1.746229827404022e-10                      0                      0
 6.093614501878619e-11      1.000000000029104                      0                      0 -5.820766091346741e-11
-1.864464138634503e-11 -1.455191522836685e-11     0.9999999999708962 -1.164153218269348e-10 -1.164153218269348e-10
 3.956301952712238e-11 -2.619344741106033e-10   2.91038304567337e-11      1.000000000116415 -5.820766091346741e-11
 4.547473508864641e-12                      0                      0                      0                      1
