5
2

9.103238463805613e-05
0.0001870378944649996
0.0005233859214891978
  0.06808729213234052
   0.5557752001959614

0.006702348034815479  0.06107730438927985  -0.5091430825206991   0.7861905388416078  -0.3448222724486086
 -0.1340364392584924   0.6080807097253975  -0.6140089926528355  -0.2657757737229044   0.4057441046450378
  0.5710966132195864  -0.5747720098522728  -0.3972782721152445 -0.02894065454762522   0.4299048825949504
 -0.6963646642421324  -0.3317180329084424  0.05490571517104297   0.3098839347541634   0.5531696940913613
  0.4134177357658781   0.4314020128396817   0.4504682179793077   0.4630357008196737   0.4750309499696481

0.3999902951265439
0.4000634731189852
0.3999453654309807
0.3998596721788529
0.3997867450242079

0.001317337640634573
  0.4003416084437324

-0.6661855389713647  0.9830436311225591   5.793448502001268   5.922911719937748  -12.03329523856477
  1.293486678654842 -0.1590668006437303  0.3967168294151419  0.5843802688101944  -1.115536796096671

 4.899019920995036e-08 -3.262800706182912e-07 -2.353542825825131e-06   -0.02023621998644539   -0.06648142059590392
 5.312434801582336e-09 -3.923797098261091e-08  4.822285109562388e-08  -0.005851324213164148     0.1190790847363869

cov:
 0.0550411615242109 0.05616037757107214 0.05734702303121424 0.05812879720423048 0.05887525655842201
0.05616037757107214 0.05799629665147148 0.05994234007705258 0.06122485170617174 0.06244908298487904
0.05734702303121424 0.05994234007705258  0.0626936950095773 0.06450722495992277 0.06623814968059157
0.05812879720423048 0.06122485170617174 0.06450722495992277 0.06667099275205822 0.06873609992203333
0.05887525655842201 0.06244908298487904 0.06623814968059157 0.06873609992203333 0.07112012376834946

cov.inverse():
 1709705.730094755 -3478672.283387647  1112502.772346928  1593788.347013728 -937292.9361467643
 -3478672.28314046  12225899.08400259 -13591747.15591669  1235461.981204139  3609145.589670746
 1112502.771437732 -13591747.15358637  42634495.88663419 -43596437.46162171  13440812.11723273
 1593788.347976755  1235461.977701083 -43596437.45781556  76609354.22070009 -35841740.80693367
-937292.9364477514  3609145.591090634  13440812.11484771 -35841740.80566753  19728923.51618279

cov*(cov_.inverse()):
     1.000000000029104                      0 -1.164153218269348e-10  4.656612873077393e-10 -4.656612873077393e-10
                     0      1.000000000145519 -4.656612873077393e-10  4.656612873077393e-10 -4.656612873077393e-10
 2.182787284255028e-11  1.455191522836685e-10      1.000000000232831 -4.656612873077393e-10 -2.328306436538696e-10
  2.91038304567337e-11  5.820766091346741e-11 -5.820766091346741e-10      1.000000000931323 -6.984919309616089e-10
 1.455191522836685e-11                      0                      0                      0                      1
