4
2

0.0002099520740424149
0.0006138195351366116
   0.0877133256066205
   0.5130944914312835

-0.2178614381007172  0.7377343224968476 -0.6295010068083667  0.1096035840018816
 0.4807189371541252 -0.4222653961989096 -0.5718464056787453  0.5134130178975653
-0.7262639395065643  -0.207099294521128  0.1208138832755131  0.6442472956785674
 0.4404388577572386  0.4843035068961887  0.5119806405982975  0.5561830179339435

0.3988593314489683
0.3989302776061711
0.3989401444902627
0.3989622194193043

0.0001630090128975536
   0.3990632062888722

 0.9051322814517768   5.316001921514461  -4.775922859539617  -1.445713335958864
  1.392070241595988  0.1153745887596492 -0.4047950446407191 -0.1027172473409887

2.897192233978687e-07 6.751678762480439e-08  -0.02513277197978681  -0.07267389611791009
1.119544107036962e-09 3.011256721307434e-07 -0.008847553005525402    0.1065230217687867

cov:
0.05512817656301575 0.05731333552887469 0.05869030694941527 0.06089113637552039
0.05731333552887469  0.0620790722044043 0.06508542465700667 0.06988709690333064
0.05869030694941527 0.06508542465700667 0.06912080899454061 0.07556499352996492
0.06089113637552039 0.06988709690333064 0.07556499352996492 0.08463194771843498

cov.inverse():
 1690172.625468329 -4184935.652404093  2381643.159593075  113286.0810998486
-4184935.652377887   12820203.9067531 -9894634.851751201  1258941.525113257
 2381643.159550452 -9894634.851682594  9857769.796800105 -2344457.028196944
  113286.081116266  1258941.525070855 -2344457.028170958  972185.9866182003

cov*(cov_.inverse()):
    0.9999999999881766 -1.455191522836685e-11                      0  7.275957614183426e-12
 2.637534635141492e-11      0.999999999825377   2.91038304567337e-11  -2.91038304567337e-11
-6.366462912410498e-11  4.365574568510056e-11     0.9999999998835847   2.91038304567337e-11
 2.364686224609613e-11  4.365574568510056e-11   2.91038304567337e-11                      1
