5
2

9.696706859685683e-05
0.0001562917451805813
0.0003650728727269961
   0.1088878904022549
   0.5678246798688794

-0.08985255358481817   0.3915308747261916  -0.7319093312914946   0.5394555588402346  -0.1092086239966347
 -0.3388268681253486   0.7236527481474286 -0.01877817839019284  -0.5665425297045404   0.2004993655535307
  0.6396347977926582  -0.1360127805669795  -0.5044085334369731  -0.3983064229151477   0.3991138607411243
 -0.5556364612996049  -0.3620515804297383  -0.1372092296504435   0.1306502646314971   0.7240793545138774
  0.3990718235829899   0.4164726291913858   0.4366941372167449   0.4607599851208973   0.5140921078838644

0.4000243335982179
 0.400120037860542
0.4001963807250399
0.4002682438865404
0.4004000410919716

-0.0004673040611615039
    0.4001458893107828

 0.4297094152984706 0.08077068934174335  -1.789141342005206   5.951520063836328  -4.672984263611077
  1.463298409951483 -0.3025429946327524 -0.2727046397970657  0.5246540580428287 -0.4127434018136708

  4.72332122547379e-08 -1.065576465034738e-07 -4.090643957822242e-07   -0.03116574145345815   -0.07619088791872447
 2.611685936191779e-09 -2.661611128031042e-08   9.87559693210351e-08   -0.01062848040148505     0.1187888147041598

cov:
0.05500940212464904 0.05597297391436366 0.05709361594946253 0.05842555408978409 0.06137841909050027
0.05597297391436366 0.05747860835309911 0.05922878605439467 0.06131053042324714 0.06592461732129229
0.05709361594946253 0.05922878605439467 0.06171024788546606 0.06466296670449205 0.07120672708642765
0.05842555408978409 0.06131053042324714 0.06466296670449205 0.06865314053964576 0.07749538974941962
0.06137841909050027 0.06592461732129229 0.07120672708642765 0.07749538974941962  0.0914302079495133

cov.inverse():
 8628278.975884736 -14432000.58450513   4833915.72531935  791793.6426750316   177909.668101417
-14432000.58667509  37880616.06956606 -30518719.59102824  6085940.798428223  984948.4852046698
 4833915.733342593  -30518719.6040918  58896036.31837136 -40048826.53752967  6836277.158962737
 791793.6350016893  6085940.812709245 -40048826.54413752  45280435.20931812 -12108596.25301203
 177909.6699213118  984948.4818175373  6836277.160530263 -12108596.25301236  4109367.202470701

cov*(cov_.inverse()):
    0.9999999999345164 -1.455191522836685e-10 -5.238689482212067e-10 -1.164153218269348e-10   2.91038304567337e-11
                     0       0.99999999965803  1.164153218269348e-10 -4.656612873077393e-10 -5.820766091346741e-11
 5.638867150992155e-11 -2.764863893389702e-10     0.9999999997089617 -4.656612873077393e-10  5.820766091346741e-11
-1.346052158623934e-10                      0  1.164153218269348e-10      1.000000000116415                      0
 5.093170329928398e-11 -1.164153218269348e-10                      0 -2.328306436538696e-10                      1
