6
2

8.790127701118368e-05
0.0001402308264299701
0.0002260910655577437
0.0005229803187659038
    0.069697224611579
   0.6053697341662477

-9.026465279159042e-05    -0.0240791738389051   -0.09283959608486057     0.5474696248262036    -0.7622363937538987     0.3317735441050657
   0.01541040360570348    -0.2482246278593292     0.7331862914783761    -0.4790480013015195    -0.3029455034057717     0.2816415274568648
   -0.1890070005352764      0.737794677678866    -0.2498974676123334    -0.4605062691870627    -0.1764577427342593     0.3380580779790386
    0.6331302856905014    -0.3538944751747587    -0.4618588649677244    -0.2847228000252119    0.04618238414970869     0.4211784006487317
    -0.647469670831631    -0.3367531729079516    -0.1250423868852124    0.08630493746944523     0.3379936883158485     0.5745053975366116
    0.3794310632464127     0.3934713993129373     0.4030145374557884     0.4125631870335581     0.4239219516435815     0.4345956792066888

0.3978318250565486
 0.397584744474976
0.3975003248418597
0.3972957463538593
0.3970429715435569
0.3968133489215073

0.004120823020029786
  0.3985474724147491

 0.7768467245874051  -1.520139546326871 -0.3281683968034581    5.18900744788301   10.03335350647489  -14.15107907325067
   1.51052059603132 -0.4593581445837371 -0.1636656054145268  0.5015583985369046  0.9075007884444913  -1.296561583977722

-7.290014968466902e-08 -1.841042286649862e-07 -5.178318498782681e-07  -1.58438274961803e-06   -0.02060084907444044   -0.07016990759376016
 -6.34501725416518e-09 -1.697170558299634e-08 -7.222502306012306e-08   1.49754816943753e-07  -0.005818197062234857     0.1299469394471347

cov:
0.05479683310927469 0.05577170638616595 0.05643280493420449 0.05709585421512376 0.05788374169598418 0.05862411464819432
0.05577170638616595 0.05728812020028971 0.05831784885546257 0.05934897909462854  0.0605751264601813 0.06172732321327758
0.05643280493420449 0.05831784885546257 0.05959875406970883 0.06088061598450673 0.06240531211028238 0.06383804701677802
0.05709585421512376 0.05934897909462854 0.06088061598450673 0.06241291695609213 0.06423576271961338 0.06594867021094968
0.05788374169598418  0.0605751264601813 0.06240531211028238 0.06423576271961338 0.06641366128919431  0.0684601985319386
0.05862411464819432 0.06172732321327758 0.06383804701677802 0.06594867021094968  0.0684601985319386 0.07082028455541363

cov.inverse():
 2176622.407257151 -3741422.668784864   430538.766745693  661826.4859019746  530816.1793214707 -58255.44095446301
-3741422.668864736  14315163.29241639 -11974845.50346251 -1937442.020660559  3592798.064295273 -254733.7059283569
 430538.7666791109 -11974845.50157023  30453537.94828965 -21707082.09994311 -1351814.897432311  4150499.169399139
 661826.4865269428   -1937442.0282763  -21707082.0867671  54905916.05881152 -45086541.99646611  13162800.97674199
 530816.1785360589  3592798.074005947 -1351814.917682708 -45086541.98360922  80479009.13097857 -38164301.14179082
-58255.44064756931 -254733.7099953907  4150499.178299284  13162800.97006991 -38164301.14025849  21164089.69648715

cov*(cov_.inverse()):
    0.9999999999727152  9.094947017729282e-11  3.201421350240707e-10  4.656612873077393e-10 -9.313225746154785e-10  2.328306436538696e-10
  7.73070496506989e-12      0.999999999996362  -2.91038304567337e-11  3.492459654808044e-10 -4.656612873077393e-10                      0
 8.640199666842818e-12 -7.275957614183426e-11      1.000000000523869 -1.164153218269348e-10 -4.656612873077393e-10 -2.328306436538696e-10
 3.274180926382542e-11  1.782609615474939e-10                      0      1.000000000349246 -9.313225746154785e-10                      0
 1.500666257925332e-11  8.731149137020111e-11                      0 -1.164153218269348e-10      1.000000000465661 -6.984919309616089e-10
-2.091837814077735e-11  5.820766091346741e-11  5.820766091346741e-11 -1.164153218269348e-10 -4.656612873077393e-10                      1
