6
2

0.0001408702167347047
0.0001760107538269115
0.0002672765063271944
0.0005756761938054436
   0.1124050543479529
   0.6322415384838449

-0.005631207290968685  -0.03448542906715026  -0.03418618218828336    0.5522017211309234   -0.7767639241906891    0.2988668848999795
   0.2178652524753196   -0.6461050066519589    0.6714134697622157   -0.2349363127742116   -0.1246770148774582    0.1163940533975133
   -0.297850360981243     0.496792197478441    0.2432070745019847   -0.5858737591508598   -0.2829410893703765    0.4266488863039673
   0.6127313996739518   -0.1529569021133509   -0.5437174635472092   -0.3262968805068614  -0.03453408966909156    0.4448297204610931
  -0.6018177668827915   -0.4155376367938933   -0.1993019795070349     0.115680221249996     0.326469514593704    0.5526828306443378
   0.3551954265604566    0.3721414335833914    0.3918362123130077    0.4204504235240901    0.4396166974475727     0.460184686582389

0.3998588534154332
0.3998909503057907
0.3998896616365574
0.3999141180366275
0.3998799887294114
0.3998398808217596

0.0004115974955849763
   0.4000932438302542

 0.3426814846332282   2.497726553641721  -2.647495068021309   4.824650886086884  -1.750696797750873  -3.266746412495605
   1.48502123977374 -0.1083152454451274 -0.3876803101622954  0.4534823515353983  -0.144736556432237 -0.2977124197854489

  6.05290305125748e-08  -1.42883200305834e-07 -2.307515191025608e-07 -5.632325303168556e-07   -0.03203435538988066   -0.09216708346530683
 5.605842328903308e-09  3.122038205083824e-10 -6.730490451772222e-08  2.856271674197308e-07   -0.01176019917277915      0.130028972165348

cov:
0.05500766921019576 0.05599706324628667 0.05714906767425042 0.05881673266373352 0.05993523128746297  0.0611354955506317
0.05599706324628667 0.05753994349502722 0.05933434499355356 0.06193711068365835 0.06368149913165205 0.06555342122762027
0.05714906767425042 0.05933434499355356 0.06187468491639823 0.06556323580992296 0.06803437414035378 0.07068619513368564
0.05881673266373352 0.06193711068365835 0.06556323580992296  0.0708327272907435 0.07436196520398604 0.07814931627883749
0.05993523128746297 0.06368149913165205 0.06803437414035378 0.07436196520398604 0.07859950761779556 0.08314694496935825
 0.0611354955506317 0.06555342122762027 0.07068619513368564 0.07814931627883749 0.08314694496935825 0.08851018036123925

cov.inverse():
 3908509.104265876 -6888067.442452847  2712109.887143542  30577.19911333138  459467.3198516222 -222730.0209263878
-6888067.442635882  17060348.86021719 -12001097.02350267  16406.89924366466  1998350.946859276 -185130.0800641784
 2712109.887302534 -12001097.02403189  16330245.67453551 -7502246.271485019 -2270561.865021537  2730415.329138413
 30577.19962566175  16406.89931610839 -7502246.273030167  22273712.50647804 -18314679.84357448  3496712.308257692
 459467.3191167437  1998350.947544611 -2270561.863490385 -18314679.84578642   32030647.3181177 -13903054.78735727
-222730.0206798197 -185130.0804757068  2730415.328782162   3496712.30950914 -13903054.78808748  8083610.290345352

cov*(cov_.inverse()):
    0.9999999999727152  2.455635694786906e-10 -8.731149137020111e-11 -4.365574568510056e-10  6.984919309616089e-10 -5.820766091346741e-11
-3.274180926382542e-11      1.000000000129148 -8.731149137020111e-11 -2.328306436538696e-10  3.492459654808044e-10                      0
 2.000888343900442e-11 -1.346052158623934e-10     0.9999999999126885 -2.328306436538696e-10  2.328306436538696e-10                      0
-3.637978807091713e-12  1.127773430198431e-10 -8.731149137020111e-11     0.9999999995343387  2.328306436538696e-10                      0
 2.182787284255028e-11  5.275069270282984e-11  2.619344741106033e-10 -4.074536263942719e-10      1.000000000698492                      0
-3.274180926382542e-11  8.731149137020111e-11                      0                      0                      0                      1
