4
2

 0.000151678559373824
0.0003006580868146503
  0.09376908471022775
   0.5103287605966629

-0.1870320273954124  0.5136463074785651 -0.7324587422778052  0.4058209979816385
 0.5998381084871268 -0.6035375248016016 -0.3695851528553327  0.3732874422637912
-0.6385073192767547 -0.3926521913222097  0.2313051091884748  0.6201859449739149
 0.4444340981123756  0.4666199563026198  0.5228852188702836   0.557974189996416

0.3983691477261169
 0.398572222637351
0.3989931342654977
0.3992323834369657

-0.00191871436253728
  0.3983055612776958

 0.5566750620553168 -0.3040063089728169    7.57227105389368  -7.824847720846344
  1.519146886009658 -0.4492655366560256  0.6025441086509771 -0.6724311552923441

-2.066463770860439e-07  -4.70247321119264e-07   -0.02934480668231766   -0.07841307358001227
-2.827756441353201e-08  6.406217516807866e-08  -0.009419047728974787     0.1055770365222701

cov:
0.05502636245009895 0.05621395576641426 0.05922347519737697 0.06110169088795466
0.05621395576641426 0.05806134975885296  0.0627447418720955 0.06566628851123037
0.05922347519737697  0.0627447418720955 0.07167583086059275 0.07724502647181028
0.06110169088795466 0.06566628851123037 0.07724502647181028 0.08446465547164578

cov.inverse():
 5500896.909961492 -8180602.529724855  3502094.091024134 -822162.2057950508
-8180602.528690073  15497421.92315909 -13885476.18386625  6568125.331210083
 3502094.088328914 -13885476.18051684  24830503.19139162 -14446386.53853271
-822162.2041346977  6568125.328895531 -14446386.53787846   8700012.97547151

cov*(cov_.inverse()):
     1.000000000130967 -5.820766091346741e-11                      0                      0
 6.548361852765083e-11                      1 -1.164153218269348e-10  1.164153218269348e-10
 2.182787284255028e-11  5.820766091346741e-11      1.000000000232831                      0
 7.275957614183426e-11                      0                      0                      1
