4
2

0.0001387844520571944
0.0003092623212180291
  0.03404610680029907
   0.3752095763397625

-0.07535452174467142   0.5537735903839622   -0.774565832840391   0.2961490794214283
  0.4742594679069851   -0.651064687350946  -0.3212025743125652   0.4980177067536653
 -0.7333295705772955  -0.1522794228606826   0.2035595522494227   0.6305570767013495
  0.4812768372466462   0.4962464718777239   0.5054109076180167   0.5164028074473547

0.3973039268631476
0.3970382057471303
0.3968717737279275
 0.396672287241965

0.004281745435479851
   0.397936619136759

-3.473457201577681  11.86028459758669  10.99962350049163 -19.38649876434971
 1.728855224260162 0.3003475905384789 0.2989898239156881 -1.328233315612579

-1.431404540816042e-07 -2.157428975989742e-06   -0.01071518653150216   -0.03350374850448572
-1.134277720499593e-08 -1.273391070260239e-08  -0.002422854584629718    0.06283303790327889

cov:
0.03323239373428701  0.0337527028365368 0.03407118442294477 0.03445301808218822
 0.0337527028365368 0.03469603568780122 0.03527344292418731 0.03596595642892213
0.03407118442294477 0.03527344292418731 0.03600948998498441 0.03689230564838456
0.03445301808218822 0.03596595642892213 0.03689230564838456 0.03800355906255615

cov.inverse():
 2646950.814677564 -5394799.120567072  1437449.957083431  1310477.857597388
-5394799.121107304  20353424.23936274 -20082948.73705913  5124336.515557948
 1437449.958073815 -20082948.73878454  32227095.50076541 -13581724.98051176
 1310477.857147235  5124336.516743139  -13581724.9812468  7146977.144862944

cov*(cov_.inverse()):
    0.9999999999781721   2.91038304567337e-11 -5.820766091346741e-11  5.820766091346741e-11
-2.182787284255028e-11     0.9999999998835847 -5.820766091346741e-11  5.820766091346741e-11
                     0                      0     0.9999999998835847  1.746229827404022e-10
-7.275957614183426e-12   2.91038304567337e-11                      0                      1
