4
2

0.006829889778194792
 0.02076745992004487
  0.0764295120917101
  0.4654782179215691

  0.4945877626130049  -0.8282624582904489   0.2497849663086393  0.08349680153345264
  0.4740276093496694  0.06495130920894591  -0.8243538268333844   0.3025225961666913
 -0.5535460420247971  -0.2663270063886457 -0.05029819264933634   0.7874812993607875
  0.4735689495800803   0.4887049757131283   0.5054882101568307   0.5304541130948978

0.4114218380583589
0.4089068836976785
 0.408906934378696
0.3987689003246395

0.03176592259731092
 0.4155606987807135

  8.861715927017439  -6.015064950664877  -1.683886957169412   -1.18043788157272
   2.07309436823537 -0.6274442030089837 -0.2918125256990101 -0.1608544400675583

0.0004126324157622415  0.002087871404246992  -0.02423199503649356  -0.04773495165877747
6.804429156701576e-05 0.0004890131880268352 -0.006381456225354966    0.0958297326138427

cov:
0.05049026933324315 0.05100046778121544 0.05186709112073835 0.05194636222965198
0.05100046778121544 0.05219599884938193 0.05357048831011976 0.05494869360623131
0.05186709112073835 0.05357048831011976 0.05567392353552052 0.05775955969068964
0.05194636222965198 0.05494869360623131 0.05775955969068964 0.06462918474578394

cov.inverse():
 5818.452894488481 -8684.114717099532  1748.216593189655  1144.329404468206
 -8684.11471709945  14729.50052545066 -4555.848634464785 -1471.700932597647
 1748.216593189532 -4555.848634464624  2914.800442542782 -136.6743500848875
 1144.329404468247 -1471.700932597729 -136.6743500848474  469.1153736804286

cov*(cov_.inverse()):
    0.9999999999999787  4.263256414560601e-14 -3.552713678800501e-15  -1.77635683940025e-14
 4.973799150320701e-14     0.9999999999999716 -2.930988785010413e-14  3.552713678800501e-15
  -1.4210854715202e-14 -2.842170943040401e-14     0.9999999999999689 -3.552713678800501e-15
 5.684341886080801e-14 -5.684341886080801e-14  3.552713678800501e-15     0.9999999999999964
