6
2

0.0001025782960776537
0.0001246932370983364
0.0002071412126131723
0.0005126923021500488
    0.061803754042859
   0.5932828359335345

0.002765117514072308 -0.03371642382660627   -0.102467176600042   0.6023856612729376  -0.7421842238423514   0.2732217553222756
 0.03577004548384267  -0.4375093447920031   0.7914744816550678  -0.2899911758569306   -0.264117737603151   0.1643811441835858
 -0.1591354152287243   0.6507155675130504 -0.02046438693699214  -0.5413100434466266  -0.3222186296670423   0.3924091872557867
  0.6411461292115439  -0.3620473195278442  -0.4262046548017503  -0.2917782398326211 0.001774151508619058   0.4371101494951584
 -0.6438078231169132  -0.3087505693904399  -0.1348790938043082  0.07536406053337223   0.3145470385924755   0.6061127137271541
  0.3844891487177686   0.3970048494715995   0.4034935609840625   0.4113463103296182   0.4202815320205505   0.4311679917148158

0.3823522525124263
0.3804204988573733
 0.379513125235613
0.3782662113490536
0.3768493773088386
0.3751153455316599

0.02855448712606086
 0.3862473380456817

  1.138673238750368  -3.892798161647133   1.601692038069121   3.695911645007002   13.03935695792137  -15.58310559218537
  1.572923655011287 -0.7281942516280446 0.02009221895381619  0.3263963577525809   1.328007545337072  -1.519308000730274

-1.235172074055244e-07 -6.321532410392706e-08 -6.463667556326458e-07 -1.684890781988936e-06   -0.01838158551540748   -0.06329231722961332
-1.238765014208193e-08 -4.732781308037814e-09 -8.261179963038308e-08  1.331528768688825e-07  -0.004847558421093827     0.1271031997410335

cov:
0.05361787539073033 0.05448754542258209 0.05493810768420819   0.055483858525657 0.05610495972753906 0.05686133383663828
0.05448754542258209 0.05584146027572662 0.05654311616128481 0.05739248841639513 0.05835899382438284 0.05953638435497242
0.05493810768420819 0.05654311616128481 0.05737511030888571 0.05838203959826709 0.05952779300134414 0.06092366665220821
  0.055483858525657 0.05739248841639513 0.05838203959826709 0.05957955331176792 0.06094207901550736 0.06260218974312289
0.05610495972753906 0.05835899382438284 0.05952779300134414 0.06094207901550736 0.06255126979474254 0.06451202199022336
0.05686133383663828 0.05953638435497242 0.06092366665220821 0.06260218974312289 0.06451202199022336 0.06683929017686299

cov.inverse():
 2237198.003983017 -4311798.377151283  830240.8072506433  787057.6831366776  396665.7802401266  60686.80159873019
 -4311798.37690422  22786069.71725792 -21665900.78971593 -1577667.419821357  4920962.188754799 -151935.5754363497
 830240.8062926432 -21665900.78516457  41987814.92051572  -19896493.6978617 -6066375.256737739  4811052.960434426
 787057.6839501751 -1577667.424132774 -19896493.69059485  47047146.21499765 -33499798.58332152  7139934.924114902
 396665.7804187011  4920962.186095384 -6066375.259791572  -33499798.5748945  59255785.60388044 -25007674.52968897
 60686.80131757667 -151935.5727697883   4811052.95981487  7139934.919456688 -25007674.52679665   13148090.9134254

cov*(cov_.inverse()):
    0.9999999999845386  3.055902197957039e-10  -2.91038304567337e-10 -2.328306436538696e-10 -4.656612873077393e-10                      0
 4.547473508864641e-13      1.000000000096406 -2.328306436538696e-10 -1.746229827404022e-10 -2.328306436538696e-10 -1.164153218269348e-10
 -1.13686837721616e-11  1.364242052659392e-10     0.9999999999417923 -4.656612873077393e-10 -4.656612873077393e-10  1.164153218269348e-10
 7.275957614183426e-12  8.185452315956354e-11 -5.820766091346741e-11     0.9999999995925464 -9.313225746154785e-10  2.328306436538696e-10
 2.228262019343674e-11  2.382876118645072e-10                      0  -2.91038304567337e-10     0.9999999988358468  1.164153218269348e-10
 3.319655661471188e-11  1.782609615474939e-10 -5.820766091346741e-11 -1.164153218269348e-10                      0      1.000000000116415
