5
2

0.0001510411890808913
0.0002029582680825804
 0.000461311497477949
  0.04705501386811197
   0.5994510318872289

0.09002651472580174 0.04436801151543315 -0.4821474820612232  0.7642130672697357 -0.4164599615289523
-0.2802850061816253  0.7836712687573387 -0.4771711008316166 -0.2121849878587726  0.1859702376525472
 0.6477049993500352 -0.2607400803890508 -0.5657903502429258 -0.2075651166315925  0.3863817364024631
-0.5531158217848693 -0.3515860856294531 -0.1516435627112398  0.3462375608425439  0.6538913468100459
 0.4334474171849578  0.4385118663718233  0.4435392378734884  0.4560616104881821  0.4638010688779408

0.4026995387081385
0.4028816232727118
0.4028773090098112
0.4028708886281811
0.4028655757351973

7.270007790640807e-05
    0.402895411115886

-5.428967508963424  1.717303164086252  8.752274833021799  13.70935163175828 -18.75021231893969
0.8323748577419812 0.1585095928921206 0.5873009264202015  1.280715879349743   -1.8589516270216

 3.114749503567608e-07 -3.173754742192606e-07 -4.044722729956699e-06   -0.01426386010649001   -0.05828388660502763
 3.540010962181788e-08 -4.147151239282071e-08 -1.742011574142761e-07  -0.003049605147388847     0.1482972600369205

cov:
0.06818938030928964 0.06873124692039644 0.06926939134751323 0.07061011821400458  0.0714388755183972
0.06873124692039644 0.06937247945279823 0.07000899603722117 0.07159461851246934 0.07257464633456719
0.06926939134751323 0.07000899603722117   0.070743202472647 0.07257181092754096 0.07370197603254622
0.07061011821400458 0.07159461851246934 0.07257181092754096 0.07500569526448071 0.07650985868583704
 0.0714388755183972 0.07257464633456719 0.07370197603254622 0.07650985868583704 0.07824523327537297

cov.inverse():
 4233917.854151763 -5950787.138371753 -377821.2101866389  3827688.693244653 -1733010.486616898
-5950787.138207018  15315012.30021282 -9322530.673339177 -2296262.426365699  2254598.509285028
-377821.2106888813 -9322530.672695758  17221724.88933365 -13141364.51939061  5620013.613991518
 3827688.694021332 -2296262.427404152  -13141364.5192582   26895386.5173603 -15285442.72181846
-1733010.487056075  2254598.509844811  5620013.614000273 -15285442.72194781  9143810.491120143

cov*(cov_.inverse()):
     1.000000000014552 -1.746229827404022e-10  2.328306436538696e-10                      0                      0
 1.455191522836685e-11      0.999999999825377  1.164153218269348e-10 -2.328306436538696e-10 -1.164153218269348e-10
  2.91038304567337e-11 -1.164153218269348e-10      1.000000000174623                      0                      0
 5.820766091346741e-11 -2.037268131971359e-10  3.492459654808044e-10                      1                      0
                     0                      0  5.820766091346741e-11                      0                      1
