5
2

0.0001050645127935067
0.0001455510112053612
0.0005757140558469559
  0.08247267003796643
   0.5753237589700354

 -0.02023975978655607    0.3084888130817947   -0.7279471976105807    0.5925765434573189   -0.1528755113229294
 -0.05066576271408036     0.570299960946443   -0.3422565827208945   -0.6079781120883248    0.4305972385406322
   0.4591761460734757   -0.5990552859958848    -0.384281796690411 -0.007387883431123512    0.5315665067593113
  -0.7955704871144185   -0.1754746401326237   0.04056875054629346    0.2487482342395862    0.5222592681271003
   0.3914692829865718    0.4358142055263753    0.4512593337390604    0.4661388103417144    0.4856927032043862

0.3999213129533478
 0.399771725913823
0.3996490126276946
0.3995376058181033
0.3993884681406846

0.001871556686351128
  0.4003489477874216

 0.7728333662464133   2.831138676105173  -3.610658922668414   8.087101734663756   -8.08057534628202
  1.362209168933824 -0.1397718901211565 -0.3820512577620824  0.9281264599877352 -0.7685427605369197

 1.050169251169251e-07 -1.183196219870385e-07 -1.428117946573767e-06   -0.02357904882420809   -0.08205991073619195
 9.657646989990543e-09 -1.934586343191513e-08  1.460526097065185e-07  -0.008469630934191431     0.1189288415292468

cov:
0.05502987222056067 0.05742021547427211 0.05825248892927316 0.05905404502713299 0.06010778755259705
0.05742021547427211 0.06307723429456048 0.06504733412007124 0.06694520627298509 0.06943937995251345
0.05825248892927316 0.06504733412007124 0.06741390837984261 0.06969377947263329 0.07268986189183821
0.05905404502713299 0.06694520627298509 0.06969377947263329 0.07234177944133112 0.07582150370785055
0.06010778755259705 0.06943937995251345 0.07268986189183821 0.07582150370785055 0.07993673827263062

cov.inverse():
 794503.8513884444 -2759437.773548889  1620885.096493453  357242.2265635579 -13145.11114090328
-2759437.773828583  25056313.84324541 -28862523.73150589  207094.1891024536  6358521.555332799
 1620885.097561428 -28862523.73956712  53980008.93728917 -29247211.72307218  2508685.206774006
    357242.2253962  207094.2019518245   -29247211.738491  49259128.23154484 -20576007.48001351
-13145.11076183497  6358521.550265041  2508685.215199471  -20576007.4837503  11721859.00759647

cov*(cov_.inverse()):
     1.000000000001592  2.328306436538696e-10 -1.455191522836685e-10                      0 -1.164153218269348e-10
 -7.16227077646181e-12     0.9999999997089617  2.619344741106033e-10 -2.328306436538696e-10 -1.164153218269348e-10
-4.240519047016278e-11  5.820766091346741e-11      0.999999999825377  2.328306436538696e-10 -2.328306436538696e-10
-2.307842805748805e-11  2.328306436538696e-10  1.746229827404022e-10                      1  1.164153218269348e-10
-5.456968210637569e-12                      0  5.820766091346741e-11                      0                      1
