6
2

8.851627409943124e-05
0.0001153463567613317
0.0002037570543072054
0.0007050461411886296
  0.09322935616885436
   0.6320428261700126

-0.004263248947979207     0.116664161822546   -0.4686596829309762     0.715761721745078   -0.4878028969519135    0.1283077981243906
-0.004026232074449913    0.3918773293444571   -0.6517856236818952  -0.04208730350108279    0.5848644623972717   -0.2788434479622927
  -0.1134079820925728     0.647063083538735  -0.09151743957844308   -0.4942655518918975   -0.3704270278149547    0.4225611613118478
   0.5894032746593051   -0.4354353987883261   -0.4148883294822162   -0.2541064619378563    0.0411186211072482    0.4739268217373431
  -0.7160497165305558   -0.2700279690346011   -0.1213036187210843   0.07144872728087485    0.3071714163473938    0.5478904377973832
   0.3563436922954862    0.3893737374740909    0.4003888943942773     0.414656925847013     0.432111896841113    0.4499277066684001

 0.399847317502271
0.4001820341281281
0.4002346952991431
0.4002930605207523
0.4003703275951212
0.4004510661404036

-0.001056963226529537
   0.3998938221649532

  0.3336469541198274  -0.4895170643754328    2.921845044822159    3.009704649119542   -1.546714085190544   -4.229302879165348
   1.352988522487172  -0.4033831220440018   0.1992342971296724   0.3345690302470684 -0.06207079731704476  -0.4214296778559686

 7.350825384897813e-09 -2.593854576902589e-08 -1.379929242630254e-07 -1.807020779489253e-06   -0.02640904183914504   -0.08991334766626888
 5.443515293874267e-10  -3.01025222563679e-09  -3.12680867090696e-08  2.998188392877365e-07  -0.009648751252616954     0.1306813934445832

cov:
0.05518271463869676 0.05710838279317623  0.0577508011035153 0.05858229341238275 0.05960005391660836 0.06063812188679173
0.05710838279317623 0.06119951282114434 0.06256379251558232 0.06433069974370174 0.06649245492569376 0.06869859291843582
 0.0577508011035153 0.06256379251558232 0.06416883380544772 0.06624769000005039 0.06879096006764367 0.07138665259636878
0.05858229341238275 0.06433069974370174 0.06624769000005039 0.06873083343100343 0.07176852574594776 0.07486907241680471
0.05960005391660836 0.06649245492569376 0.06879096006764367 0.07176852574594776 0.07541094664973391 0.07912896868752908
0.06063812188679173 0.06869859291843582 0.07138665259636878 0.07486907241680471 0.07912896868752908 0.08347756536552108

cov.inverse():
 1012243.251561116 -2465866.135274511  210311.3297809844  672114.3859892435  1149025.178080818 -577810.0433111881
-2465866.134149688  23745671.27764557  -27238809.7364522  1937174.111793174  4153869.549251061 -131857.0802893452
  210311.327887682  -27238809.7316993  60511187.56158728  -39449987.2660146  1308415.388021434  4658428.695696387
 672114.3857509169  1937174.117099188 -39449987.27652508  71534231.63596609 -42023336.72034881  7330441.067484658
 1149025.179993915  4153869.531442693  1308415.415031862  -42023336.7327902  59388354.65648113 -23976910.72788737
 -577810.044217493  -131857.071414866  4658428.682055711  7330441.074483312 -23976910.72921341  12697926.33759725

cov*(cov_.inverse()):
     1.000000000014552 -2.291926648467779e-10  5.820766091346741e-11 -5.820766091346741e-10 -4.656612873077393e-10  1.164153218269348e-10
                     0     0.9999999998581188 -6.984919309616089e-10   2.91038304567337e-10  6.984919309616089e-10 -1.164153218269348e-10
 -2.91038304567337e-11 -1.200533006340265e-10      0.999999999825377 -7.566995918750763e-10                      0  1.164153218269348e-10
-7.275957614183426e-12  1.000444171950221e-10 -3.492459654808044e-10      1.000000000116415 -4.656612873077393e-10                      0
 1.455191522836685e-11 -1.218722900375724e-10  1.746229827404022e-10 -1.164153218269348e-09      1.000000000232831  1.164153218269348e-10
                     0 -9.094947017729282e-12                      0  2.328306436538696e-10 -2.328306436538696e-10                      1
