5
2

 0.000145286840234537
0.0002780988654453266
0.0007058267132456946
   0.1001080388370617
   0.5644711791841983

 -0.1537409559312925   0.5891993984713992  -0.7284085217390288   0.3133872330746547 -0.02042681850041595
 -0.4787251495408798   0.5868143338468317   0.3361937797126071  -0.5498252201157935   0.1055326423251658
  0.5020615283686578 -0.01445069587596142  -0.3872950951816029  -0.5945080341896578   0.4942551017976941
 -0.5777395219364926  -0.3642493014329424  -0.1159011338512419   0.1775689615422155    0.698981889799029
  0.4016680422825726   0.4190544478073875   0.4392769107986252   0.4631523838340884   0.5055510049141914

0.3994958978269257
0.3995475306722932
0.3995643597524323
0.3995739055346866
 0.399592687629499

0.0001798584158847085
   0.3997058579304256

 0.2101386643171359   1.598585721361715   4.331485002641712  -4.968355710715938  -1.172262731904582
  1.472733093311374 -0.2229804801551483  0.2953289423823194 -0.4407346315493912 -0.1043939228424099

-7.975938578338259e-08  3.790930884207746e-07  3.881755130510668e-07   -0.02913614833815502   -0.07542638029393084
-1.496381115854655e-08 -3.907820352326601e-08  4.178173667797424e-07  -0.009571597022746138     0.1181905827192298

cov:
0.05475169762919987 0.05574059946831014 0.05689073505326254 0.05824719874486239 0.06065481113356957
0.05574059946831014 0.05728281683804665 0.05907638056990987  0.0611929905026217 0.06495082319541906
0.05689073505326254 0.05907638056990987 0.06161845877056409 0.06461933878914204 0.06994787767300246
0.05824719874486239  0.0611929905026217 0.06461933878914204 0.06866506272979794 0.07584947890928492
0.06065481113356957 0.06495082319541906 0.06994787767300246 0.07584947890928492 0.08633189224038748

cov.inverse():
  4589049.13392443 -7938301.547605141   2834003.10879473   521720.164727035 -6410.071712408464
 -7938301.54749397  20899368.19590657 -17770087.81700044  4593048.177092886  216196.2403028206
 2834003.108642709 -17770087.81671504  26898601.67059206 -12742361.70428581  779402.6403453632
 521720.1647379429  4593048.176919019 -12742361.70407604  9271070.057079716 -1643329.822401394
-6410.071682458209  216196.2403024409  779402.6402689825 -1643329.822354581  654171.0902470694

cov*(cov_.inverse()):
    0.9999999999841407 -1.182343112304807e-10  6.548361852765083e-11   2.91038304567337e-11                      0
 8.122924555209465e-11     0.9999999996052793 -1.455191522836685e-11  8.731149137020111e-11                      0
 8.196820999728516e-11 -4.201865522190928e-10      1.000000000363798 -8.731149137020111e-11  1.455191522836685e-11
 -1.55750967678614e-11 -2.000888343900442e-10 -1.164153218269348e-10      1.000000000087311 -1.455191522836685e-11
 7.742073648842052e-11 -5.820766091346741e-11  5.820766091346741e-11  8.731149137020111e-11                      1
