4
2

0.0003410844794909109
0.0007749171083837152
   0.1119330463998262
   0.5493219701142853

-0.1018908039774923  0.3909938258664892 -0.7749988658636711  0.4859206212017863
 0.5168782583326492 -0.7327946211642686 -0.1858286381973653  0.4016424112085726
-0.7510748512239266   -0.31347637746121  0.2648593208651546  0.5171737317223323
 0.3979217234416639  0.4602916815463851  0.5428572697188331  0.5788746450016887

0.3989663891785686
0.3970505733795642
0.3945042143971769
 0.393408479818558

0.01273002825322624
  0.400873903991968

-2.325249007361417  6.491044880016956 0.9916434914553811 -5.170007919727126
-1.498994319096624  3.991738306113942 0.7578278309867466  -2.24882554517233

-5.885059922220912e-08 -4.935627241264665e-06   -0.03382204716992905    -0.1182753664997012
 3.887147119697625e-09 -2.848738556476818e-06   -0.01362873373077626     0.1057607095152988

cov:
0.05484828269949946 0.05821904553363597 0.06269100180497685 0.06464161088026758
0.05821904553363597 0.06516381333651336 0.07436003788445114 0.07837149839670877
0.06269100180497685 0.07436003788445114 0.08980428882382757 0.09654139102366649
0.06464161088026758 0.07837149839670877 0.09654139102366649  0.1044679657018922

cov.inverse():
 534186.4890796964 -973171.8662882852  518786.1579714873 -79891.23827929262
-973171.8662898345  2208310.532961385 -2377872.485315083  1142952.371226001
 518786.1579765888 -2377872.485322869  5220228.585425177 -3361277.976670945
-79891.23828284226  1142952.371232236 -3361277.976673629  2298243.851887499

cov*(cov_.inverse()):
     1.000000000004547 -1.455191522836685e-11                      0                      0
 5.456968210637569e-12     0.9999999999563443                      0  -2.91038304567337e-11
-1.818989403545856e-12 -1.455191522836685e-11                      1 -5.820766091346741e-11
                     0                      0                      0                      1
