4
2

0.0001594847999627163
0.0009175036249362213
  0.09447948932654426
   0.5297292877763499

-0.04905957538850642   0.6255531903816184  -0.7573424087941933   0.1808558539497318
  0.4703126254108396  -0.5932100549725371  -0.3964177166116185     0.51938507777474
 -0.7711773759599784  -0.1310098519820429  0.08899110104021947   0.6166055930874896
  0.4262448207888805   0.4895114455929514   0.5112397223748256   0.5633185987079298

 0.400281350322381
0.4002722286575139
0.4001960180541528
0.4000166834160215

0.001094688022742959
  0.4006100724455736

-0.2354819372513745   5.538090567391825  -0.873316358187076  -4.429537898600772
  1.288102748355626 0.01110536112885444 0.05217160054456307 -0.3517163442309949

 8.485795558751449e-08 -4.504068536101816e-06   -0.02992960781265366    -0.0929192341817692
-4.053601903780264e-09  3.332444377136474e-07   -0.01077447309292841     0.1074824465896107

cov:
0.05629192607830306 0.05945202162880503 0.06053657159384155 0.06313407965778375
0.05945202162880503 0.06739443853876687 0.07012170822849918 0.07665797883865633
0.06053657159384155 0.07012170822849918  0.0734135819095447 0.08130364363481614
0.06313407965778375 0.07665797883865633 0.08130364363481614 0.09244041295313203

cov.inverse():
 357452.0018738108 -1537970.000409994  1239273.673673007 -58710.21527444907
-1537970.000380797  15802757.39286282 -18346580.31304286   4081923.63421513
 1239273.673631633 -18346580.31296607  22736648.10209377 -5629582.944880297
-58710.21526227324  4081923.634167525 -5629582.944844866  1606453.288711137

cov*(cov_.inverse()):
     1.000000000005457   2.91038304567337e-11                      0 -4.365574568510056e-11
 1.182343112304807e-11                      1   2.91038304567337e-10 -1.309672370553017e-10
-5.456968210637569e-12  1.746229827404022e-10     0.9999999997089617  1.455191522836685e-11
 4.547473508864641e-12                      0  5.820766091346741e-11                      1
