6
2

9.484774012893474e-05
0.0001174594985980826
0.0001700700831938141
 0.000412591048912415
  0.07911689266661676
   0.6349200529471021

0.008112233117308935  0.09991014594859973  -0.4756893494246567   0.7206216712222338  -0.4782129022756301   0.1252542387159824
 0.01977223897149304  -0.4292884836687706   0.6498673743489505  0.06708345893447669  -0.5667757431118284   0.2593413169351228
 -0.3112799412938569   0.7004171351153157  0.03944986598213167  -0.3827230109044183  -0.3858635542937588   0.3399952315121239
  0.6271924645297402  -0.2083675097199306  -0.4007327491387507  -0.3966927937461725  -0.1053069699488351   0.4839123128914748
  -0.610163892544465  -0.3494939399039819  -0.1759918873821429  0.04928461767927312    0.324590766296201   0.6056341525017411
  0.3701049649222429   0.3867585347814026   0.3978389950948875   0.4122295080129301   0.4298119019994453   0.4477642753933976

0.4000715162223619
0.4002733128961015
0.4003306788772174
0.4004020193512766
0.4004903154096242
0.4005844845549112

-0.001163338003776337
   0.3999563701948293

  0.3597738659358598  -0.7883768494295379    4.479443278233271      2.0264301123754   -2.716500402682423   -3.360754843662915
   2.178788980916132  -0.5970571021182536   -0.128896521110438 0.001481118775293583  -0.1500577219543587  -0.3042926183796664

 1.185095658034195e-09  5.602305273493553e-08 -3.926332723952993e-08 -6.041944666966145e-07   -0.02221866477868419   -0.09139455865041435
  4.86242549109496e-10   3.06089393995409e-09 -3.319329100583809e-08  2.401188460288133e-07  -0.008331309770066299     0.1306306415065525

cov:
0.05754939524382052 0.05903839666515363 0.06002890665565734 0.06131554566575807 0.06288735492781572 0.06449247785170988
0.05903839666515363 0.06106467671185636 0.06241267181754506 0.06416348686449112 0.06630250173097622 0.06848664672306423
0.06002890665565734 0.06241267181754506 0.06399862800785151 0.06605837331406628 0.06857490398407579 0.07114443694618439
0.06131554566575807 0.06416348686449112 0.06605837331406628 0.06851928855496975 0.07152602298672933 0.07459599513996895
0.06288735492781572 0.06630250173097622 0.06857490398407579 0.07152602298672933  0.0751318401174442 0.07881338667244514
0.06449247785170988 0.06848664672306423 0.07114443694618439 0.07459599513996895 0.07881338667244514 0.08311934965166415

cov.inverse():
 5696521.704363833 -8830717.787348235 -1398606.735089297  3403285.185950737  2521185.447641945  -1391590.17718497
-8830717.786899617  31683314.76155732 -24057918.90673766 -2866559.354103858  3109188.603149469  962545.3673253084
 -1398606.73661046 -24057918.90176663  56761029.26647162 -34532884.68174586 -1688611.913834114   4917199.93429534
 3403285.188989126 -2866559.366681955 -34532884.67431317   64039390.6984593 -35711321.65130534  5667819.909781391
 2521185.444333157  3109188.616164563 -1688611.918234327 -35711321.66023676  53916997.73552504 -22147185.65639651
 -1391590.17584203  962545.3623659713  4917199.934712719  5667819.916605674 -22147185.66002178  11991109.38732367

cov*(cov_.inverse()):
                     1 -2.110027708113194e-10   2.91038304567337e-10 -1.746229827404022e-10  4.656612873077393e-10  1.164153218269348e-10
 7.275957614183426e-11     0.9999999996216502  6.402842700481415e-10 -9.895302355289459e-10  2.328306436538696e-10                      0
 -2.91038304567337e-11  1.891748979687691e-10      0.999999999650754  1.164153218269348e-10  4.656612873077393e-10 -1.164153218269348e-10
 -2.91038304567337e-11 -3.492459654808044e-10  4.656612873077393e-10     0.9999999991268851  2.328306436538696e-10 -1.164153218269348e-10
-7.275957614183426e-11  7.275957614183426e-11  1.746229827404022e-10 -5.820766091346741e-10      1.000000000465661 -1.164153218269348e-10
                     0  -2.91038304567337e-11 -2.328306436538696e-10 -1.164153218269348e-10  2.328306436538696e-10                      1
