5
2

6.632824353637708e-05
0.0001262981479676634
0.0003595199221562369
   0.1046548959551434
    0.586213743301925

 -0.0110323589492323   0.1998723919442995  -0.6121665848386681   0.7094446449102826  -0.2861287860554476
-0.09839451747980353   0.6313474590799772  -0.4890941874373355   -0.441187864641107   0.3973147980526343
  0.5731633675735356  -0.5428947750790158  -0.4311724770149611 -0.03455112432520706   0.4354831020100727
 -0.7198807628031426  -0.3006930477181768 -0.03231045656389459   0.2723978085644916   0.5622373579599773
  0.3787509041621706   0.4198813726489658   0.4461897328305413   0.4760748025244244   0.5044946879965135

0.4001597680663917
 0.400362298554363
0.4004534003366308
0.4005435751400807
0.4006255856134249

-0.0006642769404480247
    0.4002535516875855

 0.4908051950866179  -1.182625008719643   3.123620335514756   4.028023841114615  -6.460016014266403
  1.352699525310441  -0.467315417292217  0.3069657220528277  0.3794999935278488 -0.5718871470955474

 1.122776365498471e-08 -1.063381779120768e-07 -4.363462764770366e-07    -0.0288435464583686    -0.0887793984054082
 6.010796976119185e-10 -1.551929158691976e-08  8.201285503851021e-08   -0.01162452012842877     0.1186406869485152

cov:
0.05497288483615326 0.05702106897772554 0.05832919223134442 0.05981645302943653 0.06123024884869024
0.05702106897772554 0.06157535598382741 0.06448750295535347 0.06779609537984091 0.07094224439732331
0.05832919223134442 0.06448750295535347 0.06842643307739869 0.07290089981008782 0.07715596535233321
0.05981645302943653 0.06779609537984091 0.07290089981008782 0.07869923313727539 0.08421348658262887
0.06123024884869024 0.07094224439732331 0.07715596535233321 0.08421348658262887 0.09092544265401438

cov.inverse():
 3176278.031516901 -6803037.645362851  2640096.349503276  789163.6102359773  197756.1274716837
-6803037.642800289  36349407.17339259 -45358843.75055958  14913992.81935203  897319.8334337547
  2640096.34110667 -45358843.72914924  101615765.9077047 -85073917.62385319  26178735.66194947
 789163.6198303103  14913992.78676886 -85073917.59725055  126615555.7702894 -57246132.90410257
 197756.1237113219  897319.8471692122  26178735.64836115 -57246132.90048979  29972746.94689626

cov*(cov_.inverse()):
     1.000000000027285 -6.039044819772243e-10  9.313225746154785e-10 -4.656612873077393e-10                      0
 6.730260793119669e-11     0.9999999995416147                      0  4.656612873077393e-10                      0
-4.001776687800884e-11  1.600710675120354e-10     0.9999999993015081                      0 -4.656612873077393e-10
 3.637978807091713e-12 -2.328306436538696e-10  1.862645149230957e-09     0.9999999990686774  4.656612873077393e-10
                     0 -1.309672370553017e-10                      0                      0                      1
