5
2

0.0001028800622486362
0.0001685101559680091
0.0003327553847284471
  0.05131975716223756
   0.5572170301691332

-0.01823381491987592   0.4461007687066869  -0.7751917357901081   0.4376871155577808 -0.09038469887210064
 -0.2956077295035247   0.6258936294752899 -0.03181022111975425  -0.6367167953521971    0.338309129626678
  0.5061013383988897  -0.3708781346523802  -0.4450398981881307  -0.2694875487291883   0.5793330601720009
 -0.6934094686519946  -0.2861646579076634 -0.02112082295674359     0.34214837288183   0.5654922626528983
  0.4187222734771222    0.435672430322269   0.4467205865564739   0.4618794901328575   0.4711361218294448

0.3632669589950491
0.3592696141438282
0.3565827223714811
0.3528894748891414
0.3506522765477221

0.05712569966831052
 0.3747410518621049

 -2.114319190879449   4.152819762129217   8.669629526910663  -1.401589019107064  -9.307122489401207
  1.857923375770482 -0.3680602034019694   0.819062924884768 -0.5573480989387473 -0.7516760946539289

-4.870615533942949e-08  1.965492966995535e-08 -1.271445506344835e-06   -0.01487541583478306   -0.07309832222542648
-1.067960667427792e-08 -2.002075547481155e-08  4.728171074552737e-08  -0.004782930706350748     0.1154786987772003

cov:
0.05570420671379991 0.05716410117944546 0.05811643229903832 0.05942382884487712 0.06021943708068919
0.05716410117944546 0.05915011129822467 0.06044484887212471 0.06222162864625082 0.06330544526588472
0.05811643229903832 0.06044484887212471 0.06196252818260366 0.06404488276798509 0.06531633986225002
0.05942382884487712 0.06222162864625082 0.06404488276798509 0.06654617237620193  0.0680748745508442
0.06021943708068919 0.06330544526588472 0.06531633986225002  0.0680748745508442  0.0697616673209954

cov.inverse():
 5422224.553277489 -8979368.230551817 -367565.3802864138  4642556.386594476 -718357.6098275329
-8979368.231069162   33840131.4479041 -31882785.93690899  5315550.676858508  1706945.262881479
-367565.3794516581 -31882785.94103023  58599206.69654801   -30259657.009098  3912251.607962192
 4642556.386374712   5315550.68476549 -30259657.02010572  33032482.07106718 -12733460.94350758
-718357.6099251903   1706945.25857773  3912251.615684512 -12733460.94682837  7833757.171194017

cov*(cov_.inverse()):
    0.9999999999854481 -2.037268131971359e-10   4.94765117764473e-10 -1.164153218269348e-10  5.820766091346741e-11
-1.455191522836685e-11     0.9999999998544808   2.91038304567337e-10 -1.164153218269348e-10  5.820766091346741e-11
-4.365574568510056e-11  5.820766091346741e-11      1.000000000145519  3.492459654808044e-10 -1.164153218269348e-10
-2.182787284255028e-11  2.182787284255028e-10  1.164153218269348e-10      1.000000000232831  1.164153218269348e-10
 1.455191522836685e-11 -4.365574568510056e-11  1.164153218269348e-10  2.328306436538696e-10                      1
