5
2

0.0001407386383614028
0.0002377994631417331
0.0005673052120495341
   0.1004876338763839
   0.5872084817987155

 0.01847005751251423  0.06312143843383601   -0.557359099606644   0.7726011932066819  -0.2968379546601321
 -0.1111564543990329   0.6091750093971777  -0.5909227210125292  -0.3162307383686154   0.4090947426616153
  0.5355634558210753  -0.5964721763685674  -0.3646149315553398 -0.04594348890829542    0.471527173258297
 -0.7464781538641186  -0.3039146394202667  0.04240447133763924   0.2741723271284296   0.5229126634508129
  0.3784775425484642   0.4204501476990889   0.4532317115717854   0.4751886438356525   0.4987516330616198

0.3998596730904552
0.3998771170504464
0.3998902234220539
0.3998491766127797
0.3998009424307617

0.0004953833232939071
    0.400104073387977

  1.350611457929708 -0.8784475305651804   4.792703846876819  -2.023979473282342  -3.240923311349688
  1.441007974170321 -0.4618423164301919  0.4508140583413182  -0.131953565876053 -0.2979661976543803

-6.543283596683457e-08 -2.376836101856699e-07 -6.228729220719998e-07   -0.02814889012775955   -0.09108248835017051
-5.294543635075257e-09 -4.456509338752527e-08  2.408669418959832e-07    -0.0111902630531102     0.1186906860607414

cov:
0.05501980588512393 0.05716127302685899 0.05882898413509909 0.05994750083704675 0.06114771090603174
0.05716127302685899 0.06188841336405429 0.06557809563168673 0.06805003330183555 0.07070270053416548
0.05882898413509909 0.06557809563168673 0.07084952669103319 0.07438014763202985  0.0781690195922147
0.05994750083704675 0.06805003330183555 0.07438014763202985 0.07861949260598278 0.08316893365147984
0.06114771090603174 0.07070270053416548  0.0781690195922147 0.08316893365147984 0.08853472530338539

cov.inverse():
 1127003.697125874 -2131145.501177237  35081.16247564295  1265573.200899847  -296319.750935252
-2131145.501542054   7869028.34764951 -7466187.242802362 -859384.8420619312  2587140.483642523
 35081.16351885814 -7466187.246427571  22271638.50160903 -18383604.65595261  3543548.778391463
 1265573.200097307  -859384.836920611 -18383604.66267963  31910883.42021133 -13933424.02156334
-296319.7508110901  2587140.481761607  3543548.782536247 -13933424.02395125  8098909.634127606

cov*(cov_.inverse()):
                     1  8.731149137020111e-11 -5.820766091346741e-11 -3.492459654808044e-10 -5.820766091346741e-11
 3.637978807091713e-12     0.9999999999708962  2.328306436538696e-10 -1.164153218269348e-10 -1.164153218269348e-10
 2.182787284255028e-11  -2.91038304567337e-11      0.999999999825377  2.328306436538696e-10 -2.328306436538696e-10
 -2.91038304567337e-11                      0 -1.746229827404022e-10      1.000000000232831 -2.328306436538696e-10
-7.275957614183426e-12   2.91038304567337e-11                      0                      0     0.9999999998835847
