5
2

0.0001278955580276773
0.0001673138776463212
0.0005062285352461103
  0.04327210212913547
   0.6024986472980374

  0.01358849488303882    0.1187545135522567   -0.5931865738503116     0.744062530302852   -0.2832196284172884
  -0.1358677638160795    0.7024429180483065   -0.4933647108542941   -0.3844759021053553    0.3112610486767186
   0.5657039307341156    -0.482043366178363   -0.4524412235971328   -0.1113421300678119    0.4801178242236964
  -0.6898396702913698   -0.2559150506440611 -0.006372966713956358    0.2826088806572363    0.6154025690676543
   0.4306455568175497    0.4411496258323562    0.4471881876487573    0.4541854052534246    0.4622442584862226

0.4027989746596724
0.4029836758008036
 0.402983325387176
0.4029837349405414
0.4029826151535228

9.551011987648998e-06
   0.4029867754320116

-4.472500779599627  5.410808641494957  8.473898360020881  8.487775813567275 -17.90014947053804
0.9120437210014063 0.3344354533641886 0.6990186654742127 0.8430423215180047  -1.78856472865936

 1.135242282532697e-07 -2.409503398259924e-07  -4.74389895104178e-06   -0.01305204816235219   -0.06130296866857057
 1.261625687905271e-08 -3.120502419967065e-08 -2.342586989745265e-07  -0.002961584656064749     0.1484835125029088

cov:
0.06821239155683066 0.06929379537438274 0.06991545488317549 0.07063607354632505 0.07146609526516155
0.06929379537438274 0.07076812201560709 0.07161552564793119 0.07259753963641805 0.07372854489316863
0.06991545488317549 0.07161552564793119 0.07259281586017677 0.07372518132495302 0.07502934655742573
0.07063607354632505 0.07259753963641805 0.07372518132495302 0.07503175060138396 0.07653649525540585
0.07146609526516155 0.07372854489316863 0.07502934655742573 0.07653649525540585 0.07827231540317782

cov.inverse():
 1919751.121212152 -4374637.998681656   903002.971646514  2238270.091035261 -686353.7032851526
 -4374637.99863559  19395108.29651515 -15835353.33401346 -4036207.604491802  4850994.615219828
  903002.971302305 -15835353.33297883  31005390.72271862 -20010401.82832666  3937474.955987191
 2238270.091557681 -4036207.606243921 -20010401.82696788  39174956.44509287 -17366589.93102681
 -686353.703509438  4850994.615983396  3937474.955318837 -17366589.93089774  9264412.276157638

cov*(cov_.inverse()):
     1.000000000007276                      0  -2.91038304567337e-10                      0 -1.164153218269348e-10
 3.637978807091713e-11     0.9999999997671694                      0  4.656612873077393e-10  1.164153218269348e-10
-4.365574568510056e-11                      0     0.9999999994761311 -4.656612873077393e-10  1.164153218269348e-10
-7.275957614183426e-12  5.820766091346741e-11 -5.820766091346741e-11      1.000000000232831  1.164153218269348e-10
-7.275957614183426e-12  5.820766091346741e-11 -1.164153218269348e-10                      0                      1
