5
2

0.0001150473122642541
0.0001923927173978917
 0.000501577159321281
   0.0579460373051429
   0.5480217939351399

0.002201781524626796  0.05013228474623544  -0.5247673505274679   0.7887120897888847  -0.3162821105049607
 -0.2173231077849087   0.6886331101130102  -0.5411380402860343  -0.2678109797279476   0.3376418323776525
  0.5846483654401226  -0.4570793356188396   -0.477970512501414  -0.1071207949963793   0.4575304298043056
 -0.6574188772261654  -0.3547315520125024  0.04086331038219558   0.2907555839699653   0.5964539597725731
  0.4227913523662799    0.434183372135837   0.4490692911116454   0.4584722938495142   0.4699704238331326

0.3996564931393253
 0.399853663102856
0.3998725800716932
0.3998823840408128
0.3998911390847288

-0.0002520409805859642
    0.3998103463436047

 -1.915276754918405   2.056982271633295   3.670063170238263   11.71790346724815  -15.52987161799748
  1.149333244919076 0.03201649485466734  0.2812323369469488  0.9704405851148017  -1.433055068608696

 1.631567253407299e-07 -3.159222314592296e-07 -3.062924200020566e-06   -0.01738093495480287   -0.05850043317050344
 1.423124895758495e-08 -4.159254396869301e-08 -5.955386048778061e-08   -0.00445924721310764     0.1193949356634897

cov:
0.05513567181410414 0.05591385953021887 0.05693076785486158 0.05757315308264079 0.05835840618687486
0.05591385953021887 0.05703896180628384 0.05850882519302882 0.05943727120195443 0.06057243037134265
0.05693076785486158 0.05850882519302882 0.06057076989426218 0.06187316251375426 0.06346576473311087
0.05757315308264079 0.05943727120195443 0.06187316251375426 0.06341184739442797 0.06529346333142241
0.05835840618687486 0.06057243037134265 0.06346576473311087 0.06529346333142241 0.06752868078866835

cov.inverse():
  2635118.19312411 -5096920.771189679  1979080.255766357   1454584.71510148 -971840.9161189566
-5096920.771203008   13831815.7893865 -11186651.77855041 -1800485.011389088  4252278.920620446
 1979080.256451192 -11186651.78136553   29624842.8330222  -27151553.9963118  6734359.402182708
  1454584.71389834 -1800485.006327526 -27151554.00226181  48981810.54460331 -21484580.89506714
-971840.9155872883  4252278.918360609  6734359.406002492 -21484580.89715875  11469891.52554216

cov*(cov_.inverse()):
    0.9999999999708962 -5.820766091346741e-11 -5.820766091346741e-11 -2.328306436538696e-10                      0
-3.637978807091713e-11      1.000000000029104 -1.164153218269348e-10  2.328306436538696e-10  1.164153218269348e-10
-5.820766091346741e-11                      0     0.9999999994761311  4.656612873077393e-10 -2.328306436538696e-10
-4.365574568510056e-11 -1.746229827404022e-10 -1.746229827404022e-10      1.000000000232831 -1.164153218269348e-10
                     0 -5.820766091346741e-11 -5.820766091346741e-11                      0                      1
