6
2

0.0001036458916769093
0.0001389129616505241
0.0002611767550961419
0.0005861937511147761
  0.09202301076963634
   0.6214721197917602

0.008141858932772247  0.03387684345147067  -0.3660004455297022   0.7425598488587853  -0.5453182372101889   0.1267384492241105
 0.02087974071786298  -0.1557770052700348   0.6045228762943093  -0.2284242201427851  -0.6346963904993207    0.393487637204529
 -0.3308939027446684   0.7725480067042954  -0.2686234525292594  -0.3264010329345606  -0.1504941099214265   0.3038653185098494
  0.5857192581615047  -0.2493233729190347  -0.5088489460070688  -0.3205878625260423  0.01041066939470654   0.4826578465603209
 -0.6431276953015438  -0.4129085832722625 -0.08104479341862075   0.1147431448305415   0.3035355029867494   0.5513848202452886
  0.3651392745815453   0.3809197015388588   0.4036603749037099   0.4170695929093978   0.4299975015292509   0.4469752747291476

0.3999140296789107
0.3998279372198774
0.3997580661634254
0.3996330887699384
0.3995199364382128
 0.399369515869479

0.001870931947231083
  0.4003363971087657

 0.4739198048585003  0.8129888806554418   1.684604715571741  -2.789443033164252   7.841957053663085  -8.024261537160726
   1.47253077170255  -0.250214675068774   0.021493741519864 -0.3392286378779639  0.8833153314030177 -0.7879291163750772

-8.540091433195599e-08 -1.272798498136967e-07 -1.834429249622039e-07 -1.264324719959581e-06   -0.02660060939538948   -0.08314632311317413
-9.000047505539248e-09 -1.370984712121794e-08 -6.466358205673749e-08  2.238997516838335e-07  -0.008897660730974328     0.1302359037798437

cov:
0.05499714607044043 0.05596860792563153 0.05736824329796741 0.05819305053672869 0.05898810265967107 0.06003268395669547
0.05596860792563153 0.05748539571123299 0.05967061002626342 0.06095878729525788 0.06220061223251579 0.06383176014767407
0.05736824329796741 0.05967061002626342 0.06298830429779589 0.06494444899512454 0.06683034153082483 0.06930707536047878
0.05819305053672869 0.06095878729525788 0.06494444899512454 0.06729469129176836 0.06956056311788776 0.07253617400050269
0.05898810265967107 0.06220061223251579 0.06683034153082483 0.06956056311788776 0.07219287575029888 0.07564954652670448
0.06003268395669547 0.06383176014767407 0.06930707536047878 0.07253617400050269 0.07564954652670448 0.07973785894372916

cov.inverse():
 2632317.906477107 -4315360.350341735  812426.7416363317  1352500.003817699 -352314.4917881128 -129521.0046721636
-4315360.349867057  10294766.07997609 -8707395.925078528  721648.0027142244  1692031.821693475  314364.4141255054
   812426.73893229 -8707395.919046449  33219400.70742144 -30695204.70693401 -727073.3333405623   6097633.24351515
 1352500.007711837  721647.9906429127 -30695204.68538561  55893400.24083362 -29470873.43168998  2198471.406152162
-352314.4935954335   1692031.82985561 -727073.3608666916 -29470873.40490231  48890211.74898507 -20031659.05610418
-129521.0045295679  314364.4124772414  6097633.252820753  2198471.392736006 -20031659.05048797  11550575.40357287

cov*(cov_.inverse()):
    0.9999999999763531 -7.275957614183426e-12  3.492459654808044e-10 -6.984919309616089e-10                      0  1.164153218269348e-10
 3.637978807091713e-12      1.000000000029104 -1.746229827404022e-10   2.91038304567337e-10 -6.984919309616089e-10  2.328306436538696e-10
-1.455191522836685e-11  7.275957614183426e-12      1.000000000058208 -3.492459654808044e-10  4.656612873077393e-10 -1.164153218269348e-10
 3.637978807091713e-12 -3.637978807091713e-11 -5.820766091346741e-11     0.9999999999417923 -2.328306436538696e-10  2.328306436538696e-10
 2.182787284255028e-11 -1.091393642127514e-10  4.074536263942719e-10  2.328306436538696e-10     0.9999999995343387  4.656612873077393e-10
  2.91038304567337e-11  -2.91038304567337e-11 -5.820766091346741e-11   2.91038304567337e-11 -2.328306436538696e-10                      1
