4
2

 0.000112270217995246
0.0003496618993912587
  0.08563979543055553
   0.5179277598509868

-0.04490113014991045   0.5023245112586291  -0.7948664881872927   0.3374036749308467
  0.4804186686342527  -0.6903943512244501  -0.2627602622214777   0.4727690633093102
 -0.7592641416315853  -0.1871374192870205   0.1781632131032983     0.59729006272644
  0.4366918302091359   0.4858037787921617   0.5171094468783271   0.5530757216593783

0.3990932987145658
0.3995427547165627
0.3997944975088612
0.4000663206217325

-0.002228003965588725
   0.3989858875555221

 0.6005655718586385 -0.7750441757227626   8.089605319138258  -7.915041422358629
  1.373852504397204 -0.4538779404282265  0.7525996280829746 -0.6725628467470646

 -1.19958121760155e-07   -6.1669736125598e-07   -0.02638288619440823   -0.08279865223572175
-1.405189934347678e-08   5.59549623578392e-08  -0.008990296693808127     0.1064017664967921

cov:
0.05538309795291995 0.05795018049380816 0.05958321751538442 0.06146248968696158
0.05795018049380816  0.0635651348905109 0.06714335978263587 0.07125505142066467
0.05958321751538442 0.06714335978263587 0.07196323009509444 0.07749989204480187
0.06146248968696158 0.07125505142066467 0.07749989204480187 0.08467201091516927

cov.inverse():
 2047773.862133042 -4502217.642837128  1799036.898427356  655698.4268117861
-4502217.642743425  23917380.59347145  -30193647.6301268  10776734.16883852
 1799036.898251951 -30193647.62982346  50690272.40153898 -22293246.50263469
  655698.426893473   10776734.1686289 -22293246.50250674  10859876.62511639

cov*(cov_.inverse()):
    0.9999999999708962                      0 -2.328306436538696e-10                      0
-1.455191522836685e-11      1.000000000232831 -4.656612873077393e-10  1.164153218269348e-10
-1.455191522836685e-11 -1.164153218269348e-10                      1                      0
-7.275957614183426e-12 -1.164153218269348e-10                      0                      1
