4
2

0.0002502896604419343
0.0003328670818905262
  0.06824129093664792
   0.5246646769753648

-0.1071598697794874   0.436500777522908 -0.7745098966259324  0.4451047669473189
 0.5665457641013181 -0.6894485132890793 -0.2516375176047688    0.37465344578162
-0.6771313188124156 -0.3216338082155515  0.2617657710309669   0.607884488708738
 0.4572043706823631  0.4802910702460916  0.5179687836914115  0.5403637574745811

 0.403339209047345
0.4031986971980961
0.4030390778524729
0.4028991234217706

0.001797640361549053
  0.4038196062917598

  6.486951033459375  -6.086597356842371    4.34366178612262  -4.743612447572898
  2.892646942920639  -1.851335419490085  0.4060774951453215 -0.4472557807936544

-5.530016667515236e-07  5.541477427221471e-07   -0.01947229244534264    -0.0745634867440923
-1.022159359463663e-07  2.931190590800342e-07  -0.007119579722172405     0.1106612988405405

cov:
 0.0596771713928181 0.06146169357364255 0.06436405389923917 0.06609120612918401
0.06146169357364255 0.06398165702839309 0.06808918464634678 0.07053161654801172
0.06436405389923917 0.06808918464634678 0.07417259633551265 0.07778758073956558
0.06609120612918401 0.07053161654801172 0.07778758073956558 0.08209864574304845

cov.inverse():
 3080271.265747729 -4271919.394016384  38158.50237357353  1154200.279706574
-4271919.394098777  7331544.195070291 -3830893.782547536  770129.6435953911
 38158.50259487502 -3830893.782853443  10147153.22048181 -6353884.474292185
 1154200.279567676  770129.6438189083  -6353884.47437684  4429468.000937046

cov*(cov_.inverse()):
     1.000000000058208 -9.458744898438454e-11                      0 -5.820766091346741e-11
  2.91038304567337e-11     0.9999999999854481                      0 -5.820766091346741e-11
 7.275957614183426e-11 -7.275957614183426e-11      1.000000000058208 -5.820766091346741e-11
  2.91038304567337e-11  -2.91038304567337e-11                      0                      1
