5
2

 0.000137314741605419
0.0001718279167716587
0.0005274671830903676
  0.05850884862482757
   0.5460970034316555

0.01791613559246816  0.1579350887975454 -0.5185136912694347  0.7401745963562335 -0.3975180985653056
-0.1751428063475181  0.7347278815829572  -0.485286524440064 -0.3463707146665117  0.2720739874145085
 0.6443758565862988 -0.3860583663469705 -0.5319128303782126 -0.1033765380032363  0.3769890256913143
-0.6108895056197406 -0.3098716449965654 -0.1291401342771868  0.3318082836101942  0.6356254118561639
 0.4249679715490219  0.4360847958273286  0.4427551329583178  0.4597667335164859  0.4709720978958197

0.3996821079464301
0.3998830436874377
0.3998930827456003
0.3999168513484082
 0.399928166793062

-0.0002851137586957662
     0.399831581428355

   -2.0370861013908   1.379161131205749   3.043091010819882   13.33985281027369  -15.72527778166482
  1.134789662087287 0.01033376746088821   0.195030441672938   1.117833224868812  -1.458014784004953

 2.777078245286939e-07 -2.658904694544259e-07  -2.99673348680287e-06   -0.01761289253136185   -0.05662265294310687
 2.503642315492491e-08 -3.158200445148563e-08 -1.160486698427674e-08  -0.004373125251133681     0.1193975178143354

cov:
0.05513585742350106    0.05591505288545 0.05638244186034992 0.05757452174129953 0.05835935627730588
   0.05591505288545 0.05704161385491043 0.05771736253234076 0.05944071837891567 0.06057565218724036
0.05638244186034992 0.05771736253234076 0.05851825638829185 0.06056060068636258 0.06190576770529897
0.05757452174129953 0.05944071837891567 0.06056060068636258 0.06341668755619456 0.06529814546247985
0.05835935627730588 0.06057565218724036 0.06190576770529897 0.06529814546247985 0.06753313390333905

cov.inverse():
 2548497.557341064  -5102450.32986136  1154143.969054016  2518510.397825019 -1118660.468166124
-5102450.330128559  20142371.49324682 -15681451.01285599 -2276236.985019255  2917749.154406332
 1154143.970145892 -15681451.01674371  23252274.99694042 -14463715.22018631  5738855.089747091
 2518510.395908148  -2276236.97632959 -14463715.22780524  33157772.61196113 -18936597.43554943
-1118660.467073917  2917749.149337108  5738855.094570245 -18936597.43639556   11398807.7585827

cov*(cov_.inverse()):
     1.000000000014552 -8.731149137020111e-11  2.328306436538696e-10                      0                      0
-1.455191522836685e-11      1.000000000174623   2.91038304567337e-10                      0  2.328306436538696e-10
 1.455191522836685e-11  1.746229827404022e-10                      1  2.328306436538696e-10 -1.164153218269348e-10
                     0  8.731149137020111e-11                      0      1.000000000232831 -1.164153218269348e-10
  2.91038304567337e-11   2.91038304567337e-11  5.820766091346741e-11  2.328306436538696e-10                      1
