4
2

0.0002749957843160946
0.0004569377659134446
  0.07239628156961307
   0.5347505339032728

-0.05157652415461485   0.5436855130240987   -0.784880411709738   0.2927604215022984
  0.3707681423495644    -0.67317741469673  -0.2752319520059101   0.5775902748106975
 -0.8185222737732715 -0.07537475745544554   0.2004140431509047   0.5330798669838082
  0.4357661461286501   0.4955369584687735   0.5177299713337793   0.5445242560827069

0.3937933041369817
0.3929347921038382
0.3925792351694519
0.3921301125024983

0.005087228129896706
  0.3949589510153391

  1.083599231217065   2.690843558505837    2.88795870501247  -6.662261228803559
  1.863330287552048 -0.7040542008682703   0.255221211494953 -0.4142878566089861

 -2.12504593032369e-07 -1.263728273940765e-06   -0.02129247126573443   -0.09350023655945884
-6.053545629005249e-08  1.785763997777074e-07  -0.008605079684034539     0.1057007822786744

cov:
0.05781273603279949 0.06207260113470127 0.06365497828135966 0.06556674411715863
0.06207260113470127 0.07024888048406044 0.07328463055043058 0.07694995923353046
0.06365497828135966 0.07328463055043058  0.0768600345667363 0.08117622821196292
0.06556674411715863 0.07694995923353046 0.08117622821196292 0.08627798842614894

cov.inverse():
 693706.2997294886 -1566206.962330587  46526.75724036506  825919.0216641931
-1566206.962348573  6079227.853935084 -4755471.246117905  242541.2914138597
 46526.75727325445 -4755471.246190949  8509019.234449945 -3799895.925650073
 825919.0216492893  242541.2914689181 -3799895.925690227  2731239.560624306

cov*(cov_.inverse()):
     0.999999999992724   2.91038304567337e-11                      0                      0
-1.455191522836685e-11      1.000000000025466                      0                      0
                     0  6.912159733474255e-11      1.000000000116415 -5.820766091346741e-11
                     0  3.637978807091713e-12                      0                      1
