5
2

0.0001118812821893238
0.0001444512131587716
0.0003612797712469237
  0.06648506243645898
   0.5794180393565009

 -0.04820341627645576    0.3315395146632224   -0.7114977139170726     0.594783606968222   -0.1666176606749851
  -0.1373795977008148    0.6366700051933454   -0.2804093779775554    -0.595853792248728    0.3769708073945747
    0.549628069785034   -0.4767475428569884   -0.4630726581506824   -0.1049461758098665     0.495147229357438
  -0.7155451029658122   -0.2655529421859811 0.0001663952710144122    0.2563728887008559    0.5930849473471795
   0.4058416776538165    0.4323497079681832    0.4480014167599189    0.4630874229200619    0.4829192810535981

0.3998920691866748
0.3998094009342292
0.3996888203429961
0.3995770395429573
0.3994242242270352

0.001913113857453742
  0.4003975943884565

  1.450576774414135    3.45228702656987  -6.158554993681473   9.069347510192374  -7.813622012856271
  2.220516706692869 -0.3972227760701331  -1.424744483317168   1.351562360602688 -0.7501181574738655

 1.521196053667967e-07 -9.648317140664476e-08 -3.677382960858084e-07   -0.01885131719464435   -0.08433066857717729
 2.132769530404115e-08  -2.60106614753407e-08  2.031374025551906e-07  -0.006992914764192285     0.1191141609662294

cov:
0.05755969397478184 0.05974809233605471 0.06104021917602427 0.06228537801755791 0.06392254940980947
0.05974809233605471 0.06306762065722253 0.06502755502024653 0.06691653985666382 0.06939988344245365
0.06104021917602427 0.06502755502024653 0.06738186571707352 0.06965103942713367 0.07263407033853246
0.06228537801755791 0.06691653985666382 0.06965103942713367 0.07228681412385692 0.07575162418372137
0.06392254940980947 0.06939988344245365 0.07263407033853246 0.07575162418372137 0.07984969729262389

cov.inverse():
 3404694.138690294 -7475990.316993666   2636101.81849951  1190589.795558311  244662.3133012754
-7475990.317254056  29948752.90429822 -25709365.30724172 -2043850.077120946  5280486.024971988
 2636101.816886499 -25709365.30009021  45853131.45862599 -25428155.72756298   2648039.18471106
 1190589.799062731 -2043850.090726188 -25428155.71559511  45361609.80346108 -19079943.89732765
 244662.3116702745  5280486.031165279  2648039.178281738 -19079943.89546061  10906682.82060635

cov*(cov_.inverse()):
     1.000000000060027 -1.746229827404022e-10   2.91038304567337e-11 -2.328306436538696e-10  1.164153218269348e-10
-5.456968210637569e-11      1.000000000058208 -3.783497959375381e-10  2.328306436538696e-10 -1.164153218269348e-10
 2.182787284255028e-11 -1.164153218269348e-10     0.9999999999417923 -2.328306436538696e-10  1.164153218269348e-10
 1.818989403545856e-11 -2.328306436538696e-10  -2.91038304567337e-11     0.9999999995343387                      0
-6.184563972055912e-11 -5.820766091346741e-11 -5.820766091346741e-11                      0                      1
