5
2

 0.000100011880446218
0.0001540645952566908
0.0003392653576321745
  0.07257849255694662
   0.6191035733893545

-0.07313788630395184   0.5427753967280429  -0.6961992603271107   0.4212441073763751  -0.1946938884874697
 -0.1095059391439124     0.50719073291673  -0.1485939551617706  -0.7066556792316647   0.4575189583335504
  0.6651193968973999  -0.4080746464885948  -0.5234265941441131 -0.06885540391793013   0.3352235144765961
 -0.6161131285852067  -0.3193603340907892  -0.1728884300249592   0.3086327480078149   0.6271116387175558
  0.4008492229442235   0.4238354504436064    0.435155854511421   0.4724361472397718    0.497118577884546

0.3974780962928418
0.3963739592623235
0.3958993176537884
0.3940536455891829
0.3928169134539458

0.01402808016207915
 0.4004412801581994

 1.438550195151171 -3.489126337651015  3.809164203836473  6.754061149298405 -8.511834617881911
 2.453935274534111 -1.465785453140842  0.202066674585394 0.5382376933451962  -0.72829107295509

-1.486864369538424e-09 -2.649002930537856e-07 -3.374308396088201e-07   -0.01940559563458898    -0.1092842291027675
-7.474008691761371e-09 -4.167394638014722e-08   2.12170463611246e-07  -0.007213107975523525     0.1313043997176636

cov:
0.06358657454809349 0.06615502220081644 0.06741892754998068 0.07158399354481995 0.07434264925171934
0.06615502220081644 0.06939001235781318 0.07098261456745275 0.07622878367854849 0.07970270595003325
0.06741892754998068 0.07098261456745275 0.07273737497449839 0.07851681458574597  0.0823435436611777
0.07158399354481995 0.07622878367854849 0.07851681458574597 0.08605036937545182 0.09103760290342884
0.07434264925171934 0.07970270595003325  0.0823435436611777 0.09103760290342884 0.09679268974870819

cov.inverse():
 4883508.575741175 -8666784.959168075  2751547.157893155 -217913.1234662174  1249881.506057282
-8666784.960593199  41738001.55439084 -39098426.57888723  8002882.159672377  -1977216.69804066
  2751547.15871199 -39098426.57324582  51768380.59623181  -24583023.6607213    9162682.9624763
-217913.1212875158  8002882.139936888 -24583023.64075746  38819922.87881482  -22020987.0398212
  1249881.50448505 -1977216.685372543  9162682.948973799 -22020987.03741511    13584921.662832

cov*(cov_.inverse()):
     1.000000000101863   4.94765117764473e-10 -4.656612873077393e-10 -4.656612873077393e-10  1.164153218269348e-10
  1.01863406598568e-10      1.000000000552973 -9.313225746154785e-10  6.984919309616089e-10                      0
 2.328306436538696e-10 -3.201421350240707e-10      1.000000000349246                      0                      0
  1.01863406598568e-10  9.895302355289459e-10 -1.164153218269348e-10      1.000000000232831 -2.328306436538696e-10
  2.91038304567337e-11   2.91038304567337e-11  1.164153218269348e-10                      0                      1
