7
2

8.794783866537704e-05
0.0001144692408467399
0.0001630758061149638
0.0002881742902901211
 0.000694122678275497
    0.102295518424894
   0.6736767408403252

 0.007112847178531371 -0.008732584876384475   -0.1047508509183107    0.4626665818296829   -0.7183375782179101    0.4919001332368048   -0.1298669522933406
 0.003041367126879278  -0.02418263201397499    0.4168686551541199   -0.6527389063799844  -0.04185380493125212    0.5696384473913555   -0.2707742474997875
  0.07415431721313691   -0.4242991671671252    0.6897247889491269   0.05186799091627792    -0.352361798631371   -0.3444561531517441     0.305371744646578
  -0.3459164854006391    0.7289637666163266   0.07845227221321288   -0.2502582728409151   -0.3680805306081733   -0.1788553207171654    0.3357039576565023
   0.6371997723939403   -0.1064926268083399   -0.4060789547960042   -0.3887928054882903   -0.2363597003370811   0.04358545699527171    0.4569575553199429
  -0.5962780291454288   -0.3915987545523009   -0.1864783445379172   -0.0498338576464488    0.1272820156997667    0.3439063099485666    0.5651310286110346
   0.3364699717319378    0.3510423362510872    0.3656479858630892    0.3753782140475232    0.3879827948778721    0.4034052415355003    0.4191462097112233

0.3999075500334006
0.4000561718294722
 0.400275435845203
0.4003394238586132
0.4004124756521653
0.4005082361735381
0.4006072866534187

-0.001291743264593444
   0.3999236924137424

 0.4241225645038493 -0.1280642450768303 -0.4510046203602036   2.885760120552132   3.055378631266578  -1.591334675694813  -4.195195904943114
  1.482511974250148 -0.3821810288828374 -0.1023357783140361  0.2753954672542287  0.2404287469618934 -0.1376678702501571 -0.3762454482824444

-8.092409191253254e-09 -2.575676942845808e-08 -5.013315906429724e-08 -2.695608176329247e-07 -1.620547987442955e-06   -0.02921299055669446    -0.0902360723599919
-3.058940394484248e-10 -2.558756278421537e-09  1.691423055196099e-09 -8.790679853515165e-08  3.300778784203641e-07   -0.01002841565125632     0.1409909745176227

cov:
0.05510098011432246 0.05604884087752229 0.05699922095598173 0.05763245850372613 0.05845212772758736 0.05945560688354311 0.06047905300578691
0.05604884087752229  0.0575318357273473 0.05901818019064578 0.06000841276509613 0.06129073678794038 0.06286010346440597  0.0644613704967822
0.05699922095598173 0.05901818019064578 0.06104173619313619  0.0623897580897936  0.0641357815664611 0.06627230484735663 0.06845268961054719
0.05763245850372613 0.06000841276509613  0.0623897580897936 0.06397617360236234 0.06603111392076966 0.06854548687775423  0.0711116996902668
0.05845212772758736 0.06129073678794038  0.0641357815664611 0.06603111392076966 0.06848645842929323   0.071490560344547 0.07455685549284398
0.05945560688354311 0.06286010346440597 0.06627230484735663 0.06854548687775423   0.071490560344547 0.07509371805405753 0.07877172130874012
0.06047905300578691  0.0644613704967822 0.06845268961054719  0.0711116996902668 0.07455685549284398 0.07877172130874012 0.08307443440100369

cov.inverse():
 2497659.287762629 -4374035.996773196  1059844.077360976  946837.0334382982 -432200.8191632823  426711.0700223275 -124819.5486981773
-4374035.997021847  13246520.16315316 -10877138.30375296  -2256063.25110138  3331355.770207064  2309463.380898516 -1380030.354208797
 1059844.077038837 -10877138.30220021  32985794.88692424 -25595683.98811627 -890515.9039034741  2321539.286749174  996281.3537395751
 946837.0350872007 -2256063.260750371 -25595683.96593049  61360275.48159639 -40270450.02305432  878867.0068728952  4935733.940736458
-432200.8197320926  3331355.783222412 -890515.9435332798 -40270450.00163404  73262265.04020578 -42167230.11502013  7167486.494069751
 426711.0687340714  2309463.375380696  2321539.308535176  878867.0067811831 -42167230.13681502  60897403.02694371 -24667381.51862402
-124819.5479193046 -1380030.353858476  996281.3506277582  4935733.933593608  7167486.510102026  -24667381.5255307  13072961.65771238

cov*(cov_.inverse()):
    0.9999999999490683  1.164153218269348e-10   1.01863406598568e-10 -5.820766091346741e-10  1.746229827404022e-10                      0 -2.328306436538696e-10
-1.909938873723149e-11      1.000000000014552 -1.527951098978519e-10                      0  5.238689482212067e-10                      0 -1.164153218269348e-10
-9.094947017729282e-12 -8.731149137020111e-11     0.9999999998399289   2.91038304567337e-10  4.074536263942719e-10 -2.328306436538696e-10  1.164153218269348e-10
 1.455191522836685e-11  -2.91038304567337e-11 -2.328306436538696e-10      1.000000000698492  2.328306436538696e-10 -4.656612873077393e-10 -1.164153218269348e-10
-3.456079866737127e-11  1.600710675120354e-10 -7.275957614183426e-11  8.149072527885437e-10      0.999999999650754  1.164153218269348e-09 -3.492459654808044e-10
-2.546585164964199e-11   2.91038304567337e-11  1.600710675120354e-10  3.492459654808044e-10  6.984919309616089e-10     0.9999999997671694                      0
 2.546585164964199e-11 -1.455191522836685e-10  8.731149137020111e-11 -2.328306436538696e-10                      0                      0                      1
