5
2

9.825832084747299e-05
0.0001817977961725286
0.0006552681641595866
   0.0868366028068394
   0.5963752914059701

-0.01798736768267345   0.3633253760447211  -0.7738979098306772   0.5117014922855067 -0.08315487765792767
-0.07688028883551812   0.6685667280731677  -0.1596599169877037  -0.6787845536490875   0.2467147987798768
  0.5884132244260043  -0.4373740357745939  -0.4179940159438388  -0.2215494332881672   0.4885393345429525
 -0.7041018064532352  -0.2091918677556082 -0.06690451489620255   0.1302722988040391   0.6625951423494035
  0.3895849063584208   0.4312260619798687   0.4431653467824782   0.4597369783845954    0.504493875407822

0.4005806629618286
0.4001309142139559
0.4000562256699663
0.3998324535989021
0.3992387082989181

0.003463537664700397
  0.4012115493973227

 0.8789070398969028 -0.1365503752835549  -2.286057149440455   7.016638923843551  -5.472823566821425
  1.403684315055513 -0.3806586878801884 -0.2068839222385265  0.6355075330653456 -0.4515462339646915

 5.550746327906099e-08 -1.952251291605419e-07 -1.157504067074334e-06   -0.02374925578126845    -0.0941704680908164
  3.46887408582127e-09 -2.882514351909386e-08  3.080854659334909e-07  -0.008379621110163974     0.1263972887367123

cov:
0.05771979324537705 0.06086172897530916 0.06176060400200258 0.06300995855719226 0.06638541511561193
0.06086172897530916 0.06646781390468924 0.06807448386690022   0.070305020907032 0.07632962962340029
0.06176060400200258 0.06807448386690022 0.06988455230751583 0.07239701750981534 0.07918281345916575
0.06300995855719226   0.070305020907032 0.07239701750981534 0.07530036461032424 0.08314146485408834
0.06638541511561193 0.07632962962340029 0.07918281345916575 0.08314146485408834 0.09383203180018548

cov.inverse():
 1018768.785235523 -2831440.099504285  1240409.931437037  321998.8709784625  250455.8294439921
-2831440.100089319  27642401.83582325 -31927236.93578344  5751097.607393079  1363775.215030569
 1240409.932492012 -31927236.93692313  63212039.77672522 -37522045.82222774   4998077.23421153
 321998.8704908664  5751097.607452838 -37522045.82138563  41175397.56959687 -9726282.981246216
 250455.8294616719   1363775.21552548  4998077.233284635 -9726282.980831936  3113793.024525842

cov*(cov_.inverse()):
                     1 -2.182787284255028e-10 -4.656612873077393e-10 -2.328306436538696e-10  -2.91038304567337e-11
 7.275957614183426e-12     0.9999999999854481  1.746229827404022e-10 -1.164153218269348e-10  5.820766091346741e-11
 7.275957614183426e-12 -3.201421350240707e-10     0.9999999999417923 -2.328306436538696e-10  1.164153218269348e-10
                     0 -1.891748979687691e-10 -2.328306436538696e-10     0.9999999998835847                      0
 1.455191522836685e-11 -1.309672370553017e-10  1.164153218269348e-10 -2.328306436538696e-10                      1
