5
2

0.0001446340936610008
0.0002104411417342784
0.0004572691011762723
  0.03854151786695718
   0.5678592362789256

 0.02974224154677109  0.07205804949960574  -0.5691695086498205   0.7631900150559463  -0.2958210741517784
 -0.1241019549957696   0.6915545419089631  -0.5397806048013007  -0.3414071054293749   0.3137341348562341
  0.6053230804867351  -0.4890466674936907  -0.4294743497311989  -0.1270597880957822   0.4402555149176264
 -0.6551221273353822  -0.2874122822981446 -0.02461502256914419   0.2819319402711192    0.638840872188543
  0.4337200368205448   0.4413473576049636   0.4467984475023931   0.4531582290825768   0.4605629233011448

 0.401079207201018
0.4012674951573344
0.4012683501395263
0.4012707788614526
0.4012719158540442

-1.970014364507527e-05
    0.4012621652394138

-4.917274194400886  5.456054365894041  8.439154751548278  10.12851076997006 -19.10637114403444
0.7163339902101713 0.7153928268896338 0.6430485984651467 0.8276631644251977 -1.902439102431209

 1.846237036919929e-07 -4.262103072987996e-07 -3.966076274399167e-06   -0.01174222162949188   -0.05287510801531743
 1.885425880473662e-08 -3.634511618900695e-08 -2.373525247755507e-07  -0.002484767451435071     0.1330511799737173

cov:
0.06129732380147595 0.06200609448021022  0.0625127519517886 0.06310394733921891 0.06379230308421495
0.06200609448021022 0.06293475305300707 0.06359830256771556 0.06437251948454015 0.06527392894265692
 0.0625127519517886 0.06359830256771556 0.06437409903728714 0.06527913743023428 0.06633287545501897
0.06310394733921891 0.06437251948454015 0.06527913743023428 0.06633686562252994 0.06756832328070737
0.06379230308421495 0.06527392894265692 0.06633287545501897 0.06756832328070737  0.0690067936119995

cov.inverse():
 2142739.450668458 -3251150.949479891 -539899.4637236184   1673861.67514291 -25531.27344364255
-3251150.949242711   12191286.4467094 -9385204.124111103 -2405334.844301079  2850404.283861894
-539899.4645672024 -9385204.120961504  22947423.91834912 -16342780.59961114  3320488.248473352
 1673861.676095487 -2405334.849296077 -16342780.59449536  30552762.70405002 -13478515.72844534
-25531.27378981334  2850404.285944456  3320488.245663606 -13478515.72737199  7333129.974769029

cov*(cov_.inverse()):
     0.999999999979309                      0  3.201421350240707e-10 -3.492459654808044e-10  1.164153218269348e-10
 5.115907697472721e-11     0.9999999999417923  1.746229827404022e-10  2.328306436538696e-10                      0
-4.774847184307873e-12  8.731149137020111e-11      1.000000000116415  2.328306436538696e-10                      0
 2.182787284255028e-11 -1.164153218269348e-10  4.656612873077393e-10     0.9999999998835847  5.820766091346741e-11
-2.819433575496078e-11                      0                      0                      0                      1
