6
2

9.009988043453819e-05
0.0001296537966683383
0.0001879183665169794
0.0005920660819494864
  0.06878037500295936
    0.607100966804471

-0.009511951580688339 -0.007650168524153705   -0.1030598168028485    0.5552780167553104   -0.7589441874460993    0.3238822568609023
  0.02030834754609898   -0.3763159649400996    0.7787267672332535   -0.3609325733360717   -0.2752028221087994    0.2134234564286415
  -0.1418264114106384    0.6739338942118573   -0.1170319539789053   -0.5587662217218311   -0.2359348709419086    0.3796273740696711
    0.627469876598425   -0.3952613565507477   -0.4356384545623307   -0.2696079011651716   0.04197895825650927    0.4310666973668609
  -0.6648429400451726   -0.3029297878954779   -0.1312979506275071   0.08079415916631659    0.3338490119911001    0.5753219949522898
   0.3790089469354278    0.3951491861417122    0.4027987127219368    0.4122598628898021    0.4235380360428353    0.4343038951460724

   0.3999742573738
0.4000472918286633
0.3999934793540454
0.3999290506623033
 0.399843262029801
0.3997702998468276

0.001318737641274833
  0.4003259722545441

-0.6720282670667206   1.180942485238061 -0.4005040509128928   6.033616691548321   5.913315604563238  -12.05539341682024
  1.292132538020711   -0.10936543366577 -0.1015294104820631  0.4543864163298538  0.5895540658355516  -1.125193745129088

-4.061783615104712e-08 -1.201575049141034e-07 -2.968096486851021e-07 -2.555150796646449e-06   -0.02049574874790937   -0.07118998136590124
-4.550526808173627e-09 -9.717236557097066e-09 -3.761672563673375e-08   1.10575548989334e-07   -0.00580187150124434     0.1304618244361702

cov:
0.05503569261875715 0.05615183566086718 0.05668059196146429 0.05733520465134201  0.0581148335605256 0.05885933915188705
0.05615183566086718 0.05798402477084462 0.05885212460907847 0.05992608197688997 0.06120595938248298 0.06242781428061395
0.05668059196146429 0.05885212460907847 0.05988119238763696 0.06115401910927638 0.06267115020338214 0.06411940721734423
0.05733520465134201 0.05992608197688997 0.06115401910927638 0.06267268299321521  0.0644830500134544 0.06621114079441112
 0.0581148335605256 0.06120595938248298 0.06267115020338214  0.0644830500134544 0.06664329141552432 0.06870524871151301
0.05885933915188705 0.06242781428061395 0.06411940721734423 0.06621114079441112 0.06870524871151301 0.07108585047814618

cov.inverse():
 1728551.029245206 -3859812.839398765  751793.2632022259  674855.3002125476  1579455.866164828 -874802.4755411383
-3859812.839850185  21738867.38038389  -19077948.2081508 -2803065.479785366    2325944.6927273  1675893.884275347
 751793.2642347292 -19077948.21274873  38312072.28904796 -21582694.80226364 -2384033.962848983  3981209.726735722
  674855.300615511 -2803065.480964462 -21582694.80203889  54779957.22904266 -42302626.96892779  11232985.91744814
 1579455.863959967  2325944.706278624 -2384033.974729484 -42302626.97048935  77039875.85168552  -36258202.5919086
-874802.4743203563  1675893.876049699  3981209.734825973  11232985.91845831 -36258202.59400411  20242792.35402974

cov*(cov_.inverse()):
    0.9999999999490683 -5.820766091346741e-11  2.328306436538696e-10 -2.328306436538696e-10                      0 -2.328306436538696e-10
 -2.91038304567337e-11     0.9999999998544808  3.201421350240707e-10 -1.164153218269348e-10                      0  2.328306436538696e-10
-2.182787284255028e-11  -3.92901711165905e-10     0.9999999999417923 -5.820766091346741e-10  4.656612873077393e-10 -4.656612873077393e-10
-4.365574568510056e-11  5.820766091346741e-11  1.164153218269348e-10     0.9999999995343387                      0 -2.328306436538696e-10
-7.275957614183426e-11 -2.037268131971359e-10  4.656612873077393e-10  1.164153218269348e-10     0.9999999990686774  2.328306436538696e-10
 -2.91038304567337e-11 -1.455191522836685e-11                      0 -1.164153218269348e-10                      0                      1
