5
2

9.434485802723187e-05
0.0002339124110343648
0.0004792172029634205
  0.07976019164992008
   0.5607026342111217

-0.01562427893450802  0.08198702630256094  -0.5443669877590391    0.778658788097138  -0.3006477736207046
 -0.2238010599520611   0.6561591766127585  -0.5298809901792511  -0.2931714595641879   0.3906979038270634
  0.5905199668719955   -0.479134053238792  -0.4647255655190263 -0.09102068295219587   0.4443670912437163
 -0.6590847725444576  -0.3912802630956554  0.05598700346560887   0.2877610901977177   0.5714595600066364
  0.4081205689470073    0.424338988550064   0.4514269853262757   0.4654565256382565   0.4826364300989647

0.4000063184990814
0.4001593232401452
0.4004502325946015
0.4005270008763178
0.4006272005198328

-0.001350776754301876
    0.400015318901056

 0.4152396467143835 -0.6108986462451595   4.439125971546219   5.079492122776665  -9.323236179411023
  1.487342477746342 -0.4548287293508586  0.3825577186415537  0.4041887659440191 -0.8193476396280575

 3.814159649939081e-08 -4.365009268684395e-07 -1.407828120517322e-06   -0.02323469470979418    -0.0695644119917775
 2.601567441442697e-09 -6.963213205347688e-08  1.188582006160357e-07  -0.007206617409712087     0.1192772292379306

cov:
0.05512868079041616 0.05608660230989568 0.05768688183601443 0.05851522777742563 0.05953009405154499
0.05608660230989568  0.0575837801473441 0.06008412081534373 0.06137879318235528 0.06296449188584677
0.05768688183601443 0.06008412081534373 0.06408786983035752 0.06616148219486637 0.06870067903961344
0.05851522777742563 0.06137879318235528 0.06616148219486637 0.06863877050212323 0.07167209119033363
0.05953009405154499 0.06296449188584677 0.06870067903961344 0.07167209119033363  0.0753103241781781

cov.inverse():
 2461372.849434479 -4059811.125912362  1927927.633037826 -401737.4657556999   72255.8863407976
-4059811.126062264  9623724.585201157 -10399091.99096181  3846341.690559078  988939.2882284825
 1927927.633948501 -10399091.99264557  39364556.13297314  -44598057.9589543   13704205.6557015
-401737.4669016672  3846341.692968224 -44598057.96071801  69724322.98720993 -28570301.27253236
 72255.88672599902  988939.2873531968  13704205.65669212 -28570301.27303291  13804701.49001673

cov*(cov_.inverse()):
     0.999999999994543  1.164153218269348e-10  1.164153218269348e-10                      0  2.328306436538696e-10
 2.273736754432321e-11     0.9999999998835847  2.328306436538696e-10                      0  2.328306436538696e-10
 1.091393642127514e-11  1.455191522836685e-11      0.999999999650754                      0  1.164153218269348e-10
-3.637978807091713e-12  -2.91038304567337e-11  1.164153218269348e-10      1.000000000698492  1.164153218269348e-10
-4.547473508864641e-12  1.455191522836685e-11  1.164153218269348e-10                      0                      1
