5
2

0.0001573225515687331
 0.000210502318317269
0.0005087523851521876
  0.04393271410265984
   0.5976456571695432

0.06948229743409082   0.108961681055152 -0.7187028844641623  0.6706458165182079 -0.1303837223522748
-0.3304909315917421  0.8179538544256548 -0.2691451436384174 -0.3596163845157959  0.1412946701382612
 0.6405371844158511 -0.1548155147231214 -0.4497659443865573   -0.44389599971586   0.407935299389443
-0.5350767504164603 -0.3184994746844428 -0.1036333341597949  0.1442756152321964  0.7620338802768488
 0.4351470337980925  0.4400784988142445  0.4449694178701957  0.4506119539693129  0.4646816737922205

0.4026861524824678
0.4028703940612676
 0.402867147442948
0.4028648318091798
 0.402859934886164

5.010274238087968e-05
    0.402878976725496

 -5.284901713196502  0.6809452144406893   6.071685855424573   12.60171203683579  -14.06962416161693
 0.8347971747168643 0.07188795420829433   0.384378113217613   1.115976070361397  -1.407073407177771

 1.393195995239487e-07 -2.592346716484649e-07 -4.543686064168752e-06   -0.01335944308171948   -0.05634157436845472
 1.785658990984153e-08 -4.079648712117312e-08 -1.860108565491035e-07  -0.002741954977498039     0.1482167270341501

cov:
0.06818585403293716 0.06872851450601657 0.06926675445526857 0.06988772957593815 0.07143667646196193
0.06872851450601657  0.0693706155279835 0.07000729170730395  0.0707418302269418 0.07257363967134627
0.06926675445526857 0.07000729170730395 0.07074171091076634 0.07158889226441298 0.07370139817695215
0.06988772957593815  0.0707418302269418 0.07158889226441298 0.07256611444758494 0.07500253628207611
0.07143667646196193 0.07257363967134627 0.07370139817695215 0.07500253628207611 0.07824644787337018

cov.inverse():
 4245311.973306806 -6177778.993141589 -1123266.920880414  3466310.854181112 -410534.0904751726
-6177778.993638561  15671198.57117941 -7863223.469907343 -3420308.876091299  1790068.293078146
-1123266.919835374 -7863223.471786814  23286071.54069512 -16518597.01301873  2218961.350304175
 3466310.853585961 -3420308.874501092 -16518597.01411189  21851910.30461128 -5379189.396753573
 -410534.090428105  1790068.292870453  2218961.350562905 -5379189.396851677   1780639.47151366

cov*(cov_.inverse()):
    0.9999999999272404   2.91038304567337e-10  4.074536263942719e-10  -2.91038304567337e-10  1.455191522836685e-11
-5.456968210637569e-11     0.9999999999854481  4.365574568510056e-10  -2.91038304567337e-10  1.455191522836685e-11
-1.818989403545856e-11 -8.731149137020111e-11       1.00000000061118  -2.91038304567337e-10                      0
-1.455191522836685e-11   2.91038304567337e-11  4.074536263942719e-10      1.000000000058208  -2.91038304567337e-11
 1.091393642127514e-11  -2.91038304567337e-11  -2.91038304567337e-11  1.746229827404022e-10     0.9999999999417923
