4
2

0.0002063510655854065
0.0004997744621017958
    0.065945039514546
   0.4986146278853355

-0.3183269968706445   0.762986103406924 -0.5522128509318112  0.1076155023079716
 0.5333308470294534  -0.312779024548377 -0.6549286425451094  0.4345065736941532
-0.6268704385636695 -0.2883532309489573  0.1025801944847876  0.7164936644212239
 0.4703823805428465  0.4866969303496601  0.5055756561972157  0.5350324942691025

0.4021421739712219
0.4021746049593733
0.4021536967062747
0.4021623519550933

0.0005207806744676909
   0.4023917135914566

  1.163308503102162   5.434810667893138  -3.974208655187883  -2.623296317128046
  1.556619912462251 0.07110099737531245 -0.3673970020292697 -0.2601330517278878

 2.422280859812713e-07  9.579280066459378e-08   -0.01993309295376847   -0.05482154684656198
-1.134258136503643e-08  2.336750006570577e-07  -0.005307092970036496     0.1098598238096164

cov:
0.05671778171567504 0.05770272447699411 0.05884474207986377  0.0606161130117199
0.05770272447699411 0.05925240876707418 0.06104651480323457 0.06384092283624211
0.05884474207986377 0.06104651480323457 0.06359394683159206 0.06757017886738378
 0.0606161130117199 0.06384092283624211 0.06757017886738378 0.07340145041874067

cov.inverse():
 3518647.483023557 -6371781.282766634  2729805.583447841   123161.219905477
-6371781.282944689  14063311.34928531 -9074735.501213977  1384159.850694876
 2729805.583739237 -9074735.501603546  8878705.732634706 -2534915.158355912
 123161.2197920885  1384159.850906459 -2534915.158454099  1027964.346584616

cov*(cov_.inverse()):
     1.000000000006366 -1.455191522836685e-10  8.731149137020111e-11  7.275957614183426e-12
 2.455635694786906e-11     0.9999999998399289  5.820766091346741e-11 -1.455191522836685e-11
 1.455191522836685e-11                      0      1.000000000058208  1.455191522836685e-11
-3.819877747446299e-11  -2.91038304567337e-11                      0                      1
