6
2

0.0001146298220837675
0.0001446915549782928
0.0001929943351955568
0.0005653469079931867
  0.05866856613219801
   0.5989581352132267

-0.005765570024619183   0.03277784162971457   -0.1723094043884711    0.5976860250636703   -0.7309928798869617    0.2786084446994286
  0.01686858168175076   -0.3429131560715292    0.7697809266396036   -0.3161820120236213   -0.3649875407222512     0.237437094231714
  -0.2221108983348484    0.7315077086370672   -0.0852249094115857   -0.5029849069989031   -0.2364556895643934    0.3152694499394973
   0.6425717931951265   -0.2900093934561641   -0.4326828512143739   -0.3409661106857703  -0.02488432347474014    0.4459870787043184
  -0.6224840168305703   -0.3226995456110408   -0.1426841959852563   0.06898547230686862    0.3163994253222714    0.6189929567735664
   0.3872519817582635    0.3974823362934807     0.403621455621467    0.4108401757642576    0.4192784106600974    0.4295921086953516

0.3996767705737452
0.3998772437043647
0.3998869571091005
0.3998983620433881
0.3999103289028801
 0.399921362864969

-0.0002809336433127518
     0.399827097951669

  -1.922796653222197    1.183385259861443    1.860976795459713    2.642159097035907    11.65255114444641   -15.41650897184454
   1.146108005786328 -0.01126040813723303  0.09163529969366502   0.2420255816584105   0.9588871757478586    -1.42742143633961

-1.511718303085491e-07 -1.623471223564325e-07 -2.909164043396077e-07 -3.340113024110036e-06   -0.01763708350659112   -0.06268965848886629
-1.283439578239848e-08 -1.406237174802538e-08 -3.982063073711432e-08  -1.37186122210778e-08  -0.004427622050003815     0.1308035349193789

cov:
0.05513360915065401 0.05591236649973698 0.05637953449277865 0.05692890991141422 0.05757116441038418 0.05835577358238059
0.05591236649973698 0.05703832045098888 0.05771377529540482 0.05850802399494152 0.05943645916753637 0.06057103002061422
0.05637953449277865 0.05771377529540482 0.05851434869021666 0.05945563042341013 0.06055593089644078 0.06190068071282444
0.05692890991141422 0.05850802399494152 0.05945563042341013 0.06056986386821278 0.06187226748359894 0.06346418834987171
0.05757116441038418 0.05943645916753637 0.06055593089644078 0.06187226748359894 0.06341097082262714 0.06529183671238213
0.05835577358238059 0.06057103002061422 0.06190068071282444 0.06346418834987171 0.06529183671238213 0.06752612634699642

cov.inverse():
 2632583.822891425 -5235808.275347321  334202.4674863222  1796892.642080433  1386613.725599146 -914437.4020435935
-5235808.275409441  20328073.11823043 -14319528.09143732 -2899180.280477681 -466509.0997478761  2592910.630289527
 334202.4674669901 -14319528.09066008  31344317.68287682 -17850868.33210169 -3259715.362131361  3751658.923506192
 1796892.641348792 -2899180.277918945 -17850868.33270806  39117618.47066616 -24518026.17258352  4353681.270964369
 1386613.727170956  -466509.106609981 -3259715.358689595 -24518026.16914875  48532146.43258105 -21674836.22361487
-914437.4028023144  2592910.633753602  3751658.921428661  4353681.268750315 -21674836.22202865  11891178.36185958

cov*(cov_.inverse()):
     0.999999999992724  2.037268131971359e-10 -8.731149137020111e-11                      0 -4.656612873077393e-10 -1.164153218269348e-10
-3.637978807091713e-11      1.000000000203727 -1.164153218269348e-10 -2.328306436538696e-10                      0  1.164153218269348e-10
 7.275957614183426e-12   2.91038304567337e-11     0.9999999997671694  1.164153218269348e-10 -6.984919309616089e-10  1.164153218269348e-10
 1.455191522836685e-11  8.731149137020111e-11  -2.91038304567337e-10      1.000000000174623 -6.984919309616089e-10                      0
                     0  5.820766091346741e-11 -2.328306436538696e-10 -5.820766091346741e-11                      1 -1.164153218269348e-10
 7.275957614183426e-12  -2.91038304567337e-11 -5.820766091346741e-11 -5.820766091346741e-11 -2.328306436538696e-10     0.9999999998835847
