4
2

0.0002983718487179482
0.0005256950574041891
   0.1045779146994025
   0.5127466202168712

-0.1193516518469907  0.3575196249523006 -0.7631564248376157  0.5249068224022528
 0.6136423052948725 -0.6975309958320933  -0.216255993133437  0.3002115528086057
-0.6486132531873415 -0.4187776672037368  0.2931212972032893  0.5639202234066367
 0.4341648905007443  0.4585362505613392  0.5337654183148256  0.5624409595582677

 0.403438479004857
0.4028640229391247
   0.4009758902445
0.4002094740133027

0.008711625472284445
  0.4047638298082725

  1.159720405790371  0.0859117757376891   6.125994836925445  -7.372257795731879
   1.59438688402108 -0.4562373668780606  0.5021126209472176 -0.6402762415620966

-7.702989621179646e-07 -7.976422606716077e-07   -0.03444893886235245   -0.08773592187159686
-9.549636251263338e-08  2.752000618400711e-07   -0.01155952124880513     0.1027759520509946

cov:
0.05415924032926409  0.0553105454632648 0.05884782420311398 0.06020015835282094
 0.0553105454632648 0.05719622041053639 0.06300473808880862 0.06522135878363775
0.05884782420311398 0.06300473808880862 0.07584398668260642  0.0807360671787701
0.06020015835282094 0.06522135878363775  0.0807360671787701 0.08664655474534635

cov.inverse():
  1522629.46518738 -2028136.052024606  542910.0562862827 -37129.79231128718
-2028136.052012625  3196378.281853466 -2518941.258090369  1350213.955299544
  542910.056242803 -2518941.258036721  6711249.044240926 -4734572.017396457
-37129.79227978964  1350213.955257877 -4734572.017386282  3421072.608067506

cov*(cov_.inverse()):
    0.9999999999986358  1.455191522836685e-11                      0 -5.820766091346741e-11
 3.637978807091713e-12      1.000000000014552                      0  -2.91038304567337e-11
 5.456968210637569e-12 -4.365574568510056e-11     0.9999999999417923 -5.820766091346741e-11
 2.273736754432321e-12  1.455191522836685e-11                      0                      1
