6
2

0.04139268552916273
 0.2850054638747195
  1.357041566228587
  1.387136568185078
  8.857583546929561
  59.35038177069126

   -0.4388287398298319     0.8156896959808858    -0.3769345468806496 -2.260896829049302e-06  1.279292796575681e-05  6.456841442532706e-05
    0.5516943749377595   -0.07572835801928339    -0.8061323828483906    0.07100818655797179     0.1092605487978699     0.1518851003062858
    0.1989936634329893     0.1628309158248978     0.1207821730064213    -0.8052851894085028    -0.1639939442366795     0.4938836213340125
 -0.005654304602003698   -0.00323812681646338 -0.0003846926831590895     0.4140542820919825    -0.8134345880738716     0.4084612806522937
   -0.6624678014890908    -0.5006121897287804    -0.3120033241612933   -0.08959953727148415     0.1716172961185524     0.4191624980734356
     0.156743792555218     0.2275490684305576      0.310058660738165     0.4086619330913719      0.519653531850284     0.6248776385266129

10.47471464757916
16.70308283261505
23.96086378561369
32.57254700998514
42.31985274629638
51.58821060153376

 0.4837270485555487
-0.4981841916835803

 -0.03542402206586204 6.009002157344686e-05   0.03503943509712094 6.377480061774132e-05 0.0001056981917027431 0.0001583713085142641
    1.618078737420624    0.3344827434224028   -0.9419312797323064 -0.001970012749871599 -0.003501851966138149 -0.005275199011651358

 4.088974482924395e-06  -0.003878973560069009  -0.005152148660317128  0.0003689369365325233     0.9872673058406908      19.39262828213939
-0.0001408022096744599     0.1320243343284671     0.4829282426286028   -0.01922557121208552     -74.38653795294492      111.8732631668453

cov:
121.0720253003009 151.7105865453688 187.4159534733016 229.9929730064074 277.9475118530036 323.4078841729105
151.7105865453688 202.1010858902138 260.8176695416923 330.8312016644972 409.7348211743546 484.5422564764575
187.4159534733016 260.8176695416923 346.3546354434081 448.3381924437968 563.3068463124729 672.3126635422913
229.9929730064074 330.8312016644972 448.3381924437968 590.4226108149094 746.4298322575514 896.1577216967275
277.9475118530036 409.7348211743546 563.3068463124729 746.4298322575514 954.8408875683706 1148.672010691595
323.4078841729105 484.5422564764575 672.3126635422913 896.1577216967275 1148.672010691595 1389.982008740558

cov.inverse():
    116.1681263271066    -209.4090418182201     91.08196455033085    0.3954018578092999    0.7220554021921749     1.063708918447605
   -209.4090418181877     388.4198238307404    -178.6858606197403    -0.138578780957767   -0.1099652603828009  -0.07051415446325809
    91.08196455028607    -178.6858606196848     90.93433844502394   -0.7567159185419051    -1.098379110660801    -1.490859921742097
   0.3954018578131941   -0.1385787809654803    -0.756715918537937    0.5034617056551874 -0.007951854602533242  0.004297803430844498
   0.7220554021961761   -0.1099652603899842    -1.098379110657735 -0.007951854602458487    0.5059031876524622  -0.01134699930218216
     1.06370891845211  -0.07051415447164186     -1.49085992173825  0.004297803430919248  -0.01134699930222384    0.5055185665248877

cov*(cov_.inverse()):
     1.000000000001478  2.760458528427989e-12  4.604316927725449e-12 -1.154631945610163e-14   8.43769498715119e-15                      0
 2.273736754432321e-13      1.000000000016392 -9.094947017729282e-13 -7.105427357601002e-15  4.884981308350689e-14  2.842170943040401e-14
-1.034550223266706e-11  1.970335006262758e-11      0.999999999994543 -2.442490654175344e-14  3.286260152890463e-14  5.684341886080801e-14
-5.798028723802418e-12  1.879385536085465e-11   6.59383658785373e-12     0.9999999999999618  7.638334409421077e-14   1.13686837721616e-13
  -1.2732925824821e-11   3.33528760165791e-11 -9.322320693172514e-12  1.598721155460225e-14      1.000000000000139   1.13686837721616e-13
-5.456968210637569e-12  8.526512829121202e-14  1.818989403545856e-12    1.4210854715202e-14 -5.329070518200751e-15                      1
