5
2

  0.04163720463561
0.3353055960335219
 1.358709625732128
 8.683814294345996
 50.74152200294009

   -0.4389692610084357     0.8157048901564204    -0.3767379964679338 -3.266675398443462e-05  3.185625199067133e-05
   -0.5519558153939108    0.07058149789569065     0.7959424178540611    -0.1014764677923281    -0.2157341511042433
    0.1954409932168418     0.1603162790357373     0.1194981471046962    -0.8713648771671781     0.4031686403039345
   -0.6558063343172406    -0.4819417857442522     -0.279308144957805   -0.03899735537187981     0.5080515066971605
    0.1853958893350916      0.267721105181269     0.3636637216945534     0.4784401556419612     0.7299297836441069

10.52007268177537
16.77659063331308
24.06794500353197
32.71832962830299
51.82121033495464

 0.4859271663371896
-0.5025477346454004

 -0.03562284339341128 0.0001887624367813048    0.0352015368125825 6.921714139366056e-05  0.000166626487869961
    1.625736850719784    0.3284046726735863   -0.9466233314005683  -0.00212883743547751  -0.00550390612828416

  4.38537899966708e-06   0.005357392647825021   -0.00501863500422981      1.019569437837951      16.48445457092743
-0.0001545352815182287    -0.1828345200575848     0.4742619142476086     -72.59996846605985      103.0839669835606

cov:
121.0337139952465 151.6803014353404 187.3977038828411  229.998691408987 323.4580304244175
151.6803014353404 202.1048783446784 260.8660854438913 330.9483652130139 484.7958297121179
187.3977038828411 260.8660854438913 346.4883917345514 448.5958926872945 672.8209688030634
 229.998691408987 330.9483652130139 448.5958926872945 590.8796622936354 897.0171969737697
323.4580304244175 484.7958297121179 672.8209688030634 897.0171969737697 1391.564294852028

cov.inverse():
    113.885023461633   -206.8652650413117    91.49921725765245   0.4145778260014976    1.089361797199425
  -206.8652650412695    383.8596002875479   -176.7475556762974   -0.154446359588179 -0.08860498726890141
    91.4992172575943   -176.7475556762259    87.51195218659164  -0.7674914182665326   -1.509885066008486
  0.4145778260086339  -0.1544463596012414  -0.7674914182606583   0.5029886217868286 0.004291070107111421
   1.089361797208168 -0.08860498728520917   -1.509885066000869 0.004291070107059727   0.5056364831970315

cov*(cov_.inverse()):
     1.000000000002728  3.840483486783342e-12  4.149569576838985e-12  4.440892098500626e-15  5.684341886080801e-14
-3.296918293926865e-12     0.9999999999913172  5.570655048359185e-12  9.325873406851315e-14  5.684341886080801e-14
-6.366462912410498e-12 -2.948752353404416e-12      1.000000000001364   1.20348175869367e-13  5.684341886080801e-14
-6.707523425575346e-12 -2.444267011014745e-11   7.73070496506989e-12      1.000000000000105   1.70530256582424e-13
-3.637978807091713e-12  2.401634446869139e-12  6.366462912410498e-12  4.973799150320701e-14                      1
