5
2

0.283807776389561
1.330381152510831
1.387205288212611
7.601499264074562
57.80229332998335

   -0.5084685465026906     0.8377000742006755   -0.07135146801717267    -0.1089169538176031    -0.1508787197868273
   -0.2933353800479012    -0.1777390223706087     0.7916937513765132     0.1517693687197196    -0.4822346498217394
  0.004752396832177827 -0.0001715755941945751    -0.4062081576363455     0.8150037698722055    -0.4132083893750758
   -0.7937812470043252    -0.4073075668608879    -0.1652657462539144       0.12556347547363     0.4011644608190529
    0.1590686602011911     0.3174396669457072     0.4192995800474897     0.5339530172314678     0.6426595185264177

 10.4746669226952
23.97055731576063
32.58850390418006
42.34245126387957
51.61751069094638

 0.4840763761338434
-0.5062008570730929

 -0.03539276166079674   0.03506859992311633 6.401107624051097e-05 0.0001053767428473209 0.0001581064884897954
    1.798502066340406   -0.7881725999219663 -0.001844599351414088 -0.003403363628722032 -0.005201598451235745

  0.003812538360059173   0.007326233791574498 -0.0003457414174431613     0.8018219591245154      19.00086541457674
   -0.1267361950261153    -0.6848571697088895    0.01694824185203646     -64.06942782430301       100.081245668366

cov:
 121.120886963271 187.4480108338958 230.0115030225514 277.9513131312232 323.4037120167159
187.4480108338958 346.3748571130347 448.3446955362334 563.2996486689212 672.3043375854071
230.0115030225514 448.3446955362334 590.4123213377793  746.404726902781 896.1343414930933
277.9513131312232 563.2996486689212  746.404726902781 954.7994721369073 1148.634528794868
323.4037120167159 672.3043375854071 896.1343414930933 1148.634528794868 1389.955167092711

cov.inverse():
    3.269351520347587    -5.253086191320855    0.3204971019756009    0.6627205103662925     1.025874882693514
   -5.253086191320815     8.732964066444469   -0.8203293865964767    -1.148901689058874    -1.523465370146813
   0.3204971019755807   -0.8203293865964447    0.5036071605484732 -0.007960886283010537  0.004104830283958087
   0.6627205103662174    -1.148901689058765 -0.007960886283004336    0.5058256266572584  -0.01135967632867734
    1.025874882693572    -1.523465370146915   0.00410483028396373  -0.01135967632863839     0.505649595833174

cov*(cov_.inverse()):
    0.9999999999998863 -2.273736754432321e-13  1.287858708565182e-14 -9.769962616701378e-15 -5.684341886080801e-14
-4.547473508864641e-13                      1 -1.643130076445232e-14 -3.552713678800501e-14 -2.273736754432321e-13
                     0 -4.547473508864641e-13       1.00000000000004 -8.881784197001252e-14  -1.70530256582424e-13
                     0 -4.547473508864641e-13  1.030286966852145e-13      1.000000000000021  -1.13686837721616e-13
                     0                      0  3.108624468950438e-14 -7.105427357601002e-15     0.9999999999998863
