5
2

2.442680282878142
2.725658747726208
4.195563805412748
5.929061964844486
13.75628022627425

 0.6201792119048991 -0.6744281736022167  -0.271480952113022  0.1358577252559141  0.2614673113425307
 0.1104653032806581  0.1666798064755655 0.02256153537355022 -0.7777670638928433  0.5954700918849527
0.05648141468502607  0.4740149263554176 -0.8545118885117793  0.1710269879266568  0.1126006269086179
 -0.756293946546956 -0.4170548706668809 -0.1953451955529927  0.1373970336594861  0.4438997758339122
 0.1673453856661065  0.3445860780852082   0.396785529887105  0.5731429990448313  0.6060728525550561

86.23952143650395
157.9210660697599
183.7517121505474
218.6865529964337
259.6743540229852

 2.495724638802516
-2.506952615236042

-0.01951118606007294 0.003356304293329494 0.006404141765449615 0.004742020223083926 0.004860930247301869
   1.694891895959949  -0.1196426468648421   -0.228058749687575  -0.1688881599322762  -0.1728814301949498

-0.08465181180831163 -0.01667890277252668 -0.06381243782915692    0.524308578193986    1.153660018074782
   6.716061645012527    1.415631876160944    3.266110579452079   -45.25470393225468   -9.397625224581896

cov:
27.84844137417667 20.11269969654061 15.92316879778961 14.53165020044456 8.959292811698793
20.11269969654061  35.4597076038018 22.72787447690727 35.27625608080627 33.63739370494542
15.92316879778961 22.72787447690727 44.43132492771869 39.16840199395385 40.44171748717652
14.53165020044456 35.27625608080627 39.16840199395385 67.94517192702374  64.9882105265597
8.959292811698793 33.63739370494542 40.44171748717652  64.9882105265597 79.70303383273624

cov.inverse():
  0.08270415555594754  -0.05682374624394265  -0.02607066862223921 0.0006561135348293644    0.0273783172795953
 -0.05682374624394264   0.09831151310319547   0.01122165715943848  -0.02878696205159157  -0.01732496697644932
  -0.0260706686222392   0.01122165715943845   0.05581983785432853  -0.01640753716771207  -0.01675025547608869
0.0006561135348293733  -0.02878696205159159   -0.0164075371677121   0.08845268126174974  -0.05172190100704396
  0.02737831727959529  -0.01732496697644931  -0.01675025547608868  -0.05172190100704396   0.06745288110960244

cov*(cov_.inverse()):
                     1 -3.885780586188048e-16 -1.665334536937735e-16  1.665334536937735e-16                      0
 2.220446049250313e-16     0.9999999999999993  2.220446049250313e-16  4.440892098500626e-16                      0
 4.440892098500626e-16 -8.881784197001252e-16                      1  4.440892098500626e-16 -4.440892098500626e-16
 6.661338147750939e-16 -2.220446049250313e-16 -2.220446049250313e-16     0.9999999999999996  8.881784197001252e-16
 4.440892098500626e-16 -4.440892098500626e-16                      0  8.881784197001252e-16     0.9999999999999991
