5
2

0.1801672781315631
 1.306370268880349
 1.387455900139297
 6.580130611873364
 58.60331221770664

    0.5937716352878181     -0.795000021466823    0.03910503463699608    0.06682628178515401    0.09703223858178195
    0.3123139598868047     0.2326213245353496    -0.7950335302866083    -0.1705755911270717     0.4326349075871083
  0.002523105863782177 -0.0001638976787333503    -0.4009650316085387     0.8156980358774979    -0.4169620663407009
   -0.7052206359130687    -0.4645575054179173    -0.1861951542564204     0.1547657564958785     0.4777332979706723
    0.2292438095273694     0.3131271028457986     0.4134620780006836     0.5264242496848641     0.6335024172454756

16.69152196157377
23.95635629319162
32.57642124456628
42.33317805289371
51.61029528755028

0.4841994382476433
 -0.52659755789926

 -0.06356196754285967   0.06247501883128394 0.0002045940183350958 0.0003579858517268526 0.0005350239193702912
    3.243214008976938    -2.198427515112845 -0.008262417382041651  -0.01481527985400641  -0.02215247845580519

 -0.002834594302907438  -0.009062952348584601 -0.0003536757965292836     0.6960120888253755      19.24408618188281
    0.1191296218311954     0.8550286845999344    0.01734104859074736     -55.30134877604923      102.5171086199906

cov:
202.1959921682012 260.8197270942268 330.7804360563193 409.6440290926174  484.401376832503
260.8197270942268 346.1901640396011 448.0606629008724 562.9273297202631 671.8206126459023
330.7804360563193 448.0606629008724 589.9942183125933 745.8622896548738  895.439690263476
409.6440290926174 562.9273297202631 745.8622896548738 954.1028705399535 1147.745193216052
 484.401376832503 671.8206126459023  895.439690263476 1147.745193216052 1388.827174097323

cov.inverse():
    10.93009070507345    -14.49219769726181    0.5723608668292185     1.189772029432971     1.845828215211399
   -14.49219769726186     19.50746022797607    -1.064039539196878    -1.661608140400751    -2.322526108533484
   0.5723608668290933      -1.0640395391967    0.5018496100314139  -0.01053393433525581 0.0002199815101537244
    1.189772029433403     -1.66160814040134  -0.01053393433519137    0.5008961882395035  -0.01835599147376846
    1.845828215211146     -2.32252610853313 0.0002199815101432003  -0.01835599147386105    0.4954325620313542

cov*(cov_.inverse()):
     1.000000000000227 -4.547473508864641e-13 -9.117706589734098e-15  3.730349362740526e-14   1.13686837721616e-13
                     0      1.000000000000682 -7.513434319150747e-14 -7.815970093361102e-14 -5.684341886080801e-14
 2.273736754432321e-13  4.547473508864641e-13      0.999999999999867 -1.101341240428155e-13   1.13686837721616e-13
 9.094947017729282e-13 -4.547473508864641e-13  1.576516694967722e-14      1.000000000000007  2.273736754432321e-13
 1.364242052659392e-12 -9.094947017729282e-13 -3.796962744218035e-14 -1.669775429036235e-13      1.000000000000114
