5
2

0.04214654737972965
 0.4166648820340277
  1.368556510093945
   7.61645420613309
   54.7605291071903

  -0.4390670757945095     0.815708544546779   -0.3766160770787368 3.168910223628725e-05 -5.28039595937556e-05
  -0.5039453547968464    0.1006661482721562    0.8055639858259166   -0.1556011703980821   -0.2505201518475881
   0.1337341190406918    0.1056905474678942   0.07286045837815157   -0.8312690033954886    0.5240495121447435
  -0.7048225556127727   -0.4796263074542946   -0.2171768337998758   0.09964511332030425    0.4648535732349309
   0.1964676381387754    0.2885723658272212    0.3959199056522325    0.5242623104437348    0.6682237013168391

 13.1177909854466
20.85416822542208
29.87072405669851
40.57521937828996
52.66239878864764

 0.6008946043628791
-0.5130749696363293

 -0.03613450719404368 0.0008059546410436602   0.03513874164356349 7.299871798168833e-05 0.0001203074525861665
    1.644913563197128     0.303932660211699   -0.9427607282749292 -0.002196045623569259 -0.003995862557983933

 5.842491692155762e-06   0.008082562020360094  -0.004091722977028613      1.015978463804303      21.48311304530722
-0.0002118238521680492    -0.2702168098209168     0.3430215598046238     -63.95509265012331      101.3556166440243

cov:
 144.645043374779 189.6400915385761 242.0842132548325 304.6006424085251 374.8310713264719
189.6400915385761 263.0837199772599 348.6784132894839 450.7287966406468 565.4105986438517
242.0842132548325 348.6784132894839 472.9153341795124 621.0404656446038 787.5293912980555
304.6006424085251 450.7287966406468 621.0404656446038 826.0742962221456 1052.401455593208
374.8310713264719 565.4105986438517 787.5293912980555 1052.401455593208 1352.055861896559

cov.inverse():
    110.0079377655448    -201.9026535331018     90.76009285551709    0.3833070441937474    0.7720638565073914
   -201.9026535331097     374.6495624182539    -172.4726915710567   -0.1233541361470337   -0.1437171093584854
    90.76009285553108     -172.472691571076     83.59136412084555   -0.7613633101821159    -1.132505940734684
   0.3833070441881763   -0.1233541361365785   -0.7613633101870388    0.5086657745795862 -0.007140438264177138
   0.7720638565068492   -0.1437171093575262    -1.132505940735062 -0.007140438264217028    0.5120069337746092

cov*(cov_.inverse()):
                     1 -9.485745522397337e-12  9.663381206337363e-13 -5.062616992290714e-14  2.842170943040401e-14
-1.875832822406664e-12     0.9999999999965752  1.250555214937776e-12 -4.529709940470639e-14                      0
 2.728484105318785e-12 -1.833200258261058e-11      1.000000000004434 -7.371880883511039e-14  5.684341886080801e-14
-1.921307557495311e-11 -2.290789780090563e-11 -7.275957614183426e-12     0.9999999999999565   1.13686837721616e-13
 9.777068044058979e-12  3.041122909053229e-12 -4.320099833421409e-12 -9.592326932761353e-14                      1
