5
2

0.06138053884119751
  1.068592362335682
  2.406929371870658
  4.782652600777783
  9.580803379842685

   0.1743273026103993   -0.7785935634139083    0.6028278580929425  0.000584253181387409 0.0005354720437452913
  -0.4938123418018854    0.4157020704359533    0.6801609058948267   -0.2165309396874566   -0.2717290083332932
   0.3115988718416198    0.1251409217279696   0.07190644233194804   -0.8197329177977989    0.4583811730492136
  -0.6972806242529348   -0.4518108079829111    -0.381462004057964   -0.4007643069600205  -0.05950995343808115
   0.3774456739150512  -0.03450500173303936   -0.1526300056039031   -0.3471886008380007   -0.8441020820586332

48.73343736462129
111.2485212457093
129.1202351002628
155.1700381283055
221.0141803332836

 2.266813258055005
-2.507589562824736

   -0.0352025816057025    0.03144447733535982   0.003704115684370552  3.954812181474962e-05 -1.546664021200017e-05
     1.783159886957154    -0.6513271378205763    -0.1299855405844862  -0.001099631927471922  8.428768874890746e-05

-0.0001069473117773833    0.03764814427831381   -0.03943651758919511     0.2038330438944215     -1.371193916375996
  0.002786544412449235     -1.415372526217938      2.698037698862584     -20.56502467806222      65.69266539801049

cov:
  25.0394304300223  6.001637772823119 0.5426924365418375 -6.994551490472181  -27.3152741165138
 6.001637772823119  5.068913965857894  4.798909346817955  4.544310909840525  3.491846394681077
0.5426924365418375  4.798909346817955  6.026393740656617  7.851380706714996  12.32518472249512
-6.994551490472181  4.544310909840525  7.851380706714996  18.68479988726247  25.33662018695119
 -27.3152741165138  3.491846394681077  12.32518472249512  25.33662018695119  66.78498748769654

cov.inverse():
    8.319325785950179    -36.18530818527879      27.6138666419208   0.08737195456804507    0.1652839261987064
   -36.18530818527871     161.0645247029259    -124.3216382438569   -0.2092278134516946   -0.1981869049248145
     27.6138666419207    -124.3216382438567     96.86775096804496  -0.03840623264880269  -0.06809073942908148
  0.08737195456805874   -0.2092278134517557  -0.03840623264875524    0.1654744971677919 -0.009014305773379376
   0.1652839261987193   -0.1981869049248724  -0.06809073942903647  -0.00901430577337939    0.1089232361528856

cov*(cov_.inverse()):
    0.9999999999999059  2.309263891220326e-14 -3.497202527569243e-13 -2.775557561562891e-16 -4.440892098500626e-16
-5.007105841059456e-14     0.9999999999999519 -2.503552920529728e-13                      0  5.551115123125783e-17
-2.842170943040401e-14  1.918465386552271e-13     0.9999999999997996 -1.665334536937735e-16 -2.220446049250313e-16
 6.217248937900877e-15   8.08242361927114e-14   5.81756864903582e-14                      1                      0
-5.329070518200751e-15  9.414691248821327e-14  6.217248937900877e-14 -4.440892098500626e-16     0.9999999999999991
