5
2

0.0414717054001491
0.3033561681627449
 1.380741327281023
 8.817917637073304
 54.17440612830761

  -0.4388116338835882    0.8156871945071101   -0.3769598717880194 1.003612491483568e-05 7.514234549358781e-05
   -0.564059332451594   0.06407724355925028    0.7952268106738387   -0.1254722244173368   -0.1720529477149156
  0.08519550276251911   0.07169102842727611   0.05605081506332543   -0.7985805048563481    0.5888375040248364
  -0.6729121192890626   -0.5133885202823982   -0.3274931365640104    0.1487297951191354    0.3927457199046722
   0.1709164283081708    0.2486787712295888     0.339296516753825    0.5695659277961092    0.6851415699595219

10.52310732697263
16.78301732892626
24.07756716181637
42.52886516321198
51.84317040849662

0.4861481937615377
 -0.50421272939367

  -0.0354565612178562 5.215027328298559e-05   0.03514071167072541 0.0001080960653085127 0.0001589420214328369
    1.619449631536845     0.333832208981733   -0.9444913023608109 -0.003579542713232683 -0.005331636497262138

 4.049793403562753e-06   0.004408628250650522  -0.001982833560270812     0.9643674691858251      17.74551209065062
-0.0001415407347972145    -0.1510859410823263     0.2071967703620514     -74.21350021137215      98.76767125525083

cov:
120.9866116554078 151.6110580943838 187.3003002334224 277.7987309220714 323.2336048433939
151.6110580943838 202.0006605112794 260.7167869441749 409.6443818764013 484.4444972276182
187.3003002334224 260.7167869441749 346.2719077536285 563.2861625217541 672.3063370326386
277.7987309220714 409.6443818764013 563.2861625217541 955.0235580415577 1148.929987153653
323.2336048433939 484.4444972276182 672.3063370326386 1148.929987153653 1390.339404327123

cov.inverse():
   115.4243107887168   -208.4975094074371     91.3076923254871   0.7295699015278492    1.058367577639075
  -208.4975094074331    386.9015235838678   -178.2203534971715  -0.1135708806317997 -0.06455579659341104
   91.30769232548259   -178.2203534971666     89.4951992066694   -1.110497839983748   -1.487514688724811
  0.7295699015255799  -0.1135708806277447   -1.110497839985493   0.5059840726357127 -0.01118306798437513
   1.058367577641699 -0.06455579659818041   -1.487514688722708 -0.01118306798433334   0.5056951163726064

cov*(cov_.inverse()):
     1.000000000001137  3.883116050928948e-12 -5.115907697472721e-13  7.638334409421077e-14                      0
 1.364242052659392e-12      1.000000000013426  6.821210263296962e-13  8.970602038971265e-14                      0
-3.979039320256561e-12  5.272227099339943e-12     0.9999999999979536  1.536548666081217e-13  5.684341886080801e-14
-2.273736754432321e-13  3.215916422050213e-11  3.183231456205249e-12      1.000000000000041  -1.13686837721616e-13
-6.139089236967266e-12  4.661160346586257e-12  3.183231456205249e-12  3.197442310920451e-14     0.9999999999998863
