5
2

0.1264651073829471
 1.345165645160407
   1.3872074642635
 8.368756645437863
  56.4319165189182

 -0.6305895780798031   0.7714820894415271 -0.03182053939750753 -0.04660201037681681 -0.06314962857660565
 -0.2416357018050437  -0.1975008959623994    0.789281840972112    0.148794323686851  -0.5074445865880133
0.005626845893610835 0.003232062392272412  -0.4135875095111416   0.8135634642057765  -0.4086780567437524
 -0.7192625858984708  -0.5560449314695014  -0.1431037766526897   0.1212428717948166   0.3718828335113173
   0.163090903370651   0.2379335405628141   0.4295210237790857   0.5469032433766086   0.6581774229103436

10.48069019776454
16.71375121826016
32.59637975547758
42.35183305723835
51.62767807475585

 0.4841264765310355
-0.5014135687779641

 -0.07022943248251586   0.06855001674441713 0.0003720152400460397 0.0005519472276377967 0.0007653783338260676
    2.553040751302643    -1.505908329987898  -0.01027029196700274  -0.01552209560327844  -0.02163447124981582

 0.001552724154899938  0.006185879535730059 -0.000367977688511628    0.8890960739576969     18.54042436027962
 -0.04429036058153991   -0.5770854308179425   0.01916525063936191    -70.55517516505945     98.50456199324049

cov:
121.0494537335102 151.6652513579946 229.9411076328337 277.8834502872118  323.324290177003
151.6652513579946 202.0198520690644 330.7419478843975 409.6259247398843 484.4059100759524
229.9411076328337 330.7419478843975 590.4049838091131 746.4238163687567 896.1521656684067
277.8834502872118 409.6259247398843 746.4238163687567 954.8556217361728 1148.694039030588
 323.324290177003 484.4059100759524 896.1521656684067 1148.694039030588 1390.017187026066

cov.inverse():
      24.902600061507     -30.3859319982134      1.14950403383871     1.818718464435509     2.552650427368002
   -30.38593199821358     37.24032970344086    -1.620617212917656    -2.263758490134467    -2.994380527942813
    1.149504033838639    -1.620617212917554    0.4968310493765943  -0.01740539455776481 -0.008538576280811084
    1.818718464436293    -2.263758490135423  -0.01740539455770017    0.4922830659688713  -0.02974251447556606
    2.552650427367463    -2.994380527942131 -0.008538576280845625  -0.02974251447567525    0.4805542378881232

cov*(cov_.inverse()):
    0.9999999999995453  3.410605131648481e-13 -3.552713678800501e-15    1.4210854715202e-14  1.989519660128281e-13
 2.273736754432321e-13      1.000000000001137 -2.131628207280301e-14  2.486899575160351e-14    1.4210854715202e-13
                     0  1.364242052659392e-12      1.000000000000116  8.881784197001252e-14  2.273736754432321e-13
-9.094947017729282e-13 -4.547473508864641e-13  -1.77635683940025e-15      1.000000000000092  2.273736754432321e-13
-1.364242052659392e-12  1.818989403545856e-12 -7.460698725481052e-14  -1.56319401867222e-13      1.000000000000114
