4
2

2.034903424472129
2.919219683290982
4.126477439462771
13.05404982440641

 -0.5279496543450499   0.7779273323400374 -0.02469139681102809  -0.3398360825438884
-0.09673459779760248  -0.2097406648485683   0.8894100187269717  -0.3944630396956156
 -0.8002357416509881  -0.3216416234187134  0.06000647085498964   0.5025620830548178
  0.2674590395746084   0.4973777087805292   0.4524813553806807   0.6901751226977985

52.08058357560319
155.4521903355361
186.9588755391851
221.5359870030964

2.148378944061036
3.217919277077052

-0.01597688524495411 0.005309070829028349 0.005268516923586875 0.004979163547779449
   1.336071417667994 -0.05376404036638627  -0.1565935343031159  -0.1272427910527754

0.04448444361856781 0.02687589425622977  0.2366209220507628  0.7136443222002592
 -2.898974726964101  -1.764457132279401  -19.16009667230382   29.29792334778388

cov:
24.32818625275177 25.52410165929151 19.12596482824506 25.67632822860474
25.52410165929151 46.79874717826583  36.3531792519862 55.35523666451223
19.12596482824506  36.3531792519862  41.6943159162668 50.77547132134585
25.67632822860474 55.35523666451223 50.77547132134585 87.27745903543784

cov.inverse():
   0.1064383292780907  -0.08090723746074421 -0.009057780625965987    0.0252712086677047
 -0.08090723746074424    0.1588366151997067  -0.02634177456697767  -0.06161409464264639
-0.009057780625966036  -0.02634177456697763   0.09438634079394644  -0.03553936217548552
  0.02527120866770472  -0.06161409464264642   -0.0355393621754855   0.06377727844927243

cov*(cov_.inverse()):
                     1  1.110223024625157e-15  5.551115123125783e-16 -2.220446049250313e-16
 6.661338147750939e-16                      1  2.220446049250313e-16 -4.440892098500626e-16
                     0  8.881784197001252e-16                      1                      0
 4.440892098500626e-16                      0                      0                      1
