6
2

0.1323472250061003
0.1888854799848863
0.1896636130049485
 0.190272107745201
 3.374297842306348
 22.18458496759306

  -0.7284530201018811    0.4997848854954725    0.3523877566604623    0.1639676513832086  -0.02983127477631183   -0.2600362263909167
-0.005304810224152289    0.1759629601527471   -0.4870509584733859    0.6618012501141076   -0.5148902059606115     0.169403189598566
-0.002160378430603419    0.4256151825306819   -0.6658479377970525   -0.1098955220965522    0.5642321073006324   -0.2122702904554412
 0.006953148715029421    0.4944382201227667  -0.06053287126495227   -0.5924773922085043    -0.365233678863202     0.517100736072827
  -0.6475775451470085   -0.4621232178846886   -0.2727152821943686  -0.05397963699208157    0.2015617638872919    0.4991701949233031
   0.2234241840139343    0.2829784430971126    0.3423636997279971    0.4112340299420982    0.4915460457625936    0.5848598031676816

104.5439214141624
130.4083158493846
156.1832334143532
186.1311268460776
220.9896536728028
261.5023709979335

  4.701520538177705
-0.8702051309814458

-0.04111466943908601 0.001601189101938304 0.004448235039610528 0.007637366685711119   0.0115279031218293  0.01581511567093945
   1.892968672171486 -0.01789625043271699 -0.08481554037244804  -0.1639399755005224  -0.2593193051390819  -0.3654995874593468

 0.0005099501814611722  4.683907232950827e-06  4.190303105276105e-06 -1.161368992818823e-05     0.3925585324719282      5.338350313457987
  -0.02350396073083184 -0.0003129982779977091 -0.0002139450688480974  0.0004449551142501363     -16.17147825448597      -9.75360632111329

cov:
29.35165871694214 34.51719941357432 39.65257352245812 45.61473959687835 52.56434069473809 60.63382639222006
34.51719941357432 41.86265436436102 49.10450651097011 57.54967727548991 67.39541782082789 78.83144207460475
39.65257352245812 49.10450651097011 58.56054037591682 69.45246102377075 82.19386060706408 96.99612994519973
45.61473959687835 57.54967727548991 69.45246102377075  83.2925720796718 99.35408204599418 118.0566949651959
52.56434069473809 67.39541782082789 82.19386060706408 99.35408204599418 119.4017955596018 142.6191240722214
60.63382639222006 78.83144207460475 96.99612994519973 118.0566949651959 142.6191240722214 171.1978442900557

cov.inverse():
 30.33435822562897 -20.71558923890839 -14.53878419104128 -7.021481006084112  1.201918853636763  10.87323031631959
-20.71558923890667  26.93574648803412 -1.040914293580516 -1.446848231477808 -1.710746391017075 -2.053520993433937
-14.53878419103786 -1.040914293582065  26.17121330170225 -2.709384658573891 -3.408940435587488 -4.491098710225534
-7.021481006090772 -1.446848231472665 -2.709384658568371  23.84330204043918 -5.577323314819321 -7.107754515639329
 1.201918853634645 -1.710746391015928  -3.40894043558963  -5.57732331481398  20.02030183131026 -10.53868327396749
 10.87323031632321  -2.05352099343694 -4.491098710227065 -7.107754515640642 -10.53868327396524  13.32581873108864

cov*(cov_.inverse()):
                     1   1.84741111297626e-13  -1.70530256582424e-13 -2.842170943040401e-13   1.13686837721616e-13                      0
                     0      1.000000000000114 -2.842170943040401e-13 -2.273736754432321e-13  -1.13686837721616e-13  2.273736754432321e-13
                     0  -1.13686837721616e-13     0.9999999999996021 -3.410605131648481e-13  -1.13686837721616e-13                      0
                     0  1.989519660128281e-13  -1.13686837721616e-13     0.9999999999994316 -2.273736754432321e-13  2.273736754432321e-13
                     0  5.684341886080801e-14 -4.547473508864641e-13 -3.410605131648481e-13                      1                      0
                     0   1.13686837721616e-13 -3.410605131648481e-13 -2.273736754432321e-13                      0                      1
