5
2

0.04277781829002927
  1.121127837459132
  3.430883397860158
  4.156556804563077
  10.66199189866837

   -0.4806559736414809     0.8122096436188719    -0.3305828476058879 -0.0001682676196010519 -0.0005313850359125756
    0.4496801378499262   -0.06250677588951815    -0.8079682161206487      0.252041177666438     0.2784659460158479
    0.3297027004432519     0.2195853020142849    0.05985302146550524     -0.811631976521058      0.425146533526611
   -0.6271662476539811    -0.4124925876449419    -0.1026072033672825   -0.03247585593831179     0.6518661239394369
    0.2543938594975998     0.3435703102098296     0.4730662958256429     0.5259981653163048     0.5628298286604257

54.88609517706445
86.17804800074602
131.4005041868307
 158.337876583464
 185.109685545646

  2.431430874095917
-0.2725686226114504

  -0.05448781380241335    0.03826458995041112    0.01616080203649846  1.438658122985019e-05  2.603889747476457e-05
     2.126029986392778    -0.6800657940712026    -0.4442068142475558 -0.0004914764420379247  -0.000714748409868772

9.502203401783801e-05  -0.05020221888451194   -0.1011804871107507    0.2893433702009637    0.7903542170539786
-0.002612054066135988     1.705806976214926     6.181323302594476    -17.41039947701904     10.95839420807819

cov:
15.68663282455403 15.22143458855511 14.56830843422328 12.55581663292788 11.02051575521314
15.22143458855511 16.93198764397136 19.42520561375041 18.65739142574757 18.41352076681004
14.56830843422328 19.42520561375041 26.48501344587334 27.51653419115479 29.12858809720085
12.55581663292788 18.65739142574757 27.51653419115479 39.30392122153006 29.31485202863894
11.02051575521314 18.41352076681004 29.12858809720085 29.31485202863894 45.57719904027675

cov.inverse():
   126.4434602442396   -213.3369974903031    86.54891887832004   0.1139904066603254   0.2287035601619847
  -213.3369974903031    360.5129049010953   -146.6822148097364 -0.09999438305054756  -0.2556318161744955
   86.54891887831999   -146.6822148097364    60.24274509623574  -0.1333624006285876 -0.08237286111869399
  0.1139904066603051 -0.09999438305051341  -0.1333624006286016   0.1090137596433528  0.02795151535595816
  0.2287035601620149  -0.2556318161745466 -0.08237286111867312  0.02795151535595818   0.1045843376380777

cov*(cov_.inverse()):
      0.99999999999977  3.996802888650564e-14 -1.332267629550188e-14  1.110223024625157e-16  2.220446049250313e-16
-3.730349362740526e-14      1.000000000000632 -4.352074256530614e-14  2.220446049250313e-16  2.220446049250313e-16
-3.286260152890463e-13  4.174438572590589e-13     0.9999999999996128  4.440892098500626e-16  4.440892098500626e-16
-1.829647544582258e-13  3.081979116359435e-13 -9.192646643896296e-14                      1 -4.440892098500626e-16
-3.659295089164516e-13 -7.318590178329032e-13 -7.283063041541027e-14  2.220446049250313e-16      1.000000000000001
