5
2

0.05763832568287453
  1.017958368388024
  2.403357360593292
  3.651734924300539
  7.500775010968189

   0.1759537643034435   -0.7792641192066175    0.6014870493037939 0.0007797321619849262 0.0006533621923170399
  -0.5284437276598967    0.4011979195227247    0.6749008941764952   -0.2069032516988297   -0.2479662951769226
   0.3773779629787815    0.1568060374789594   0.09339908521955571    -0.820619493592361    0.3884044249033468
  -0.7302724808719375   -0.4239624418696371    -0.335463102028718   -0.3406881129980846    0.2415658676306636
   0.1186401123713748   -0.1656966396214921   -0.2479177900373495   -0.4095188553073323   -0.8539907633490088

49.90310295742284
111.5097023489742
129.2784804245013
 155.179310361757
222.2169777513678

  2.235269949426098
-0.6074725444846221

  -0.03450640806097095    0.02825758829905883   0.006194355970708458  1.665253678434508e-05  6.958510238987831e-06
     1.769924851725589    -0.5931975652391387     -0.175428010661288 -0.0007107384808026362 -0.0001403517034014312

-8.094753887180021e-05    0.03496995110028793   -0.04634424946348627     0.1485131498867023    -0.5808722904196698
  0.002219759448583299     -1.338313319860994      3.229187432111257     -13.09481573749768      19.81408270645829

cov:
 9.015603759144739  3.144323931437873  1.446389075838149 -1.091239223922396 -7.070310445637169
 3.144323931437873  4.252436971055404   4.57137576451454  4.914520691884056  6.844191697304694
 1.446389075838149   4.57137576451454  5.482288168799497  6.648718268780163  10.86717119190879
-1.091239223922396  4.914520691884056  6.648718268780163  14.91728484402017   16.7907756558258
-7.070310445637169  6.844191697304694  10.86717119190879   16.7907756558258   42.7448679985779

cov.inverse():
     9.65349387310965     -41.4439598390056     31.53657437845795    0.1109893617710467    0.1714043040439058
   -41.44395983900559     182.9611190738492    -140.8121750764917   -0.2732435830175696    -0.243880741200085
    31.53657437845792    -140.8121750764917     109.3510972160312  0.003522104176341591  -0.03924077026569223
   0.1109893617710455    -0.273243583017564  0.003522104176337297    0.1697657513875969 -0.005472311869686683
   0.1714043040439083   -0.2438807412000963  -0.03924077026568349 -0.005472311869686668    0.1029215651013722

cov*(cov_.inverse()):
     1.000000000000008  4.929390229335695e-14 -2.986499936241671e-14  1.387778780781446e-17  -3.33066907387547e-16
 3.064215547965432e-14       1.00000000000002  1.226796442210798e-14  1.249000902703301e-16                      0
-1.332267629550188e-14  1.096900348329655e-13     0.9999999999999185  6.245004513516506e-17 -2.220446049250313e-16
-2.131628207280301e-14  4.440892098500626e-14 -6.339373470609644e-14                      1                      0
-6.927791673660977e-14  1.154631945610163e-13  -1.34559030584569e-13  1.942890293094024e-16                      1
