4
2

0.2394971418661248
 2.329113486239775
 4.637572834581588
 12.18099702873067

 -0.6318085082667737    0.769269678236009 -0.05282293117971264 -0.07906901396859077
 -0.2498959924806251  -0.1963895511965076   0.8259285658209939  -0.4656448660554885
 -0.7145706639283614  -0.5521408599614621  -0.1139900352425057   0.4141684547130677
  0.1666096278034923   0.2545501465105049    0.549598047638337   0.7780664758661632

42.24578954466924
66.04740248233239
130.9690493296085
 186.317871417018

 1.845752281911477
0.4206157737250755

  -0.0771799223554442   0.07686912750711061 6.005725846237051e-05 0.0001848855921398711
    2.726809905519566    -1.718204169062612  -0.00685626140789116 -0.006336421697038542

0.006187774522755986   0.0225354251515137   0.2748099646617373    1.021572041768691
 -0.1745844238998355    -1.88073389978974   -21.54257789253537    1.223412580250484

cov:
15.46217434198321 15.01656611638314 14.22070370984055 13.50359895773122
15.01656611638314 16.41399242982979 21.22931380781511 24.96140154728208
14.22070370984055 21.22931380781511 48.79853508189985 60.34796400150066
13.50359895773122 24.96140154728208 60.34796400150066 94.69119706902764

cov.inverse():
   6.994815769118055   -8.445833848534802   0.5482024236230333   0.8795090316417778
  -8.445833848534804    10.33879563121531  -0.7344669986363113   -1.052875992740208
  0.5482024236230348  -0.7344669986363132   0.1770343458379927 0.002608031980902322
   0.879509031641777   -1.052875992740206 0.002608031980902037   0.1610216603352819

cov*(cov_.inverse()):
     1.000000000000014                      0  1.665334536937735e-15  8.881784197001252e-16
-3.552713678800501e-15                      1 -5.412337245047638e-16   1.77635683940025e-15
 7.105427357601002e-15    1.4210854715202e-14     0.9999999999999986  3.552713678800501e-15
  -1.4210854715202e-14  2.842170943040401e-14  -3.33066907387547e-15     0.9999999999999982
