5
2

0.03171731763006927
   0.80471864467701
  2.956816439146461
  4.014413406290133
  8.670207044461103

   -0.4382671639561143     0.8157550828275635    -0.3774460163990333  5.947091051612157e-05 -0.0001975008123788075
   -0.4861431169685845     0.1074256068321832     0.7967475066705246    -0.2334298342782853    -0.2506562026041267
    0.2198191603068194     0.1434709432744603    0.05442490608344003    -0.7931752489714443     0.5468149405556119
   -0.6640169006298339    -0.4123094460454482     -0.120376721948672     0.1433411297494209     0.5950170096011509
    0.2869631601127363     0.3638961293767281     0.4530731615638954     0.5439088654115407     0.5330287123223045

46.07382033450575
72.39433467778773
102.9301483051992
  133.48358927299
155.7524361037502

   2.04384373772344
-0.2921879402935524

  -0.03609100031903505  0.0001996021606874023    0.03585132159252548  2.086325404411418e-05  2.174989562780038e-05
     1.635705043983223      0.337377300888855    -0.9718082824941913 -0.0007558957954683782 -0.0006878693459390073

 2.463046771461747e-06    0.02986664873646326   -0.05209206443164447     0.3155901924745613       0.44968631649766
-7.530154622250289e-05    -0.9926507992348895      3.106268840465879     -17.86846710608707      11.35701011796331

cov:
13.87161278820411 12.50353150247985 10.91565795558511  8.74830945248952 6.260886092060707
12.50353150247985 12.88209626630718 13.31704269173267 12.91502949722362 11.29580174622373
10.91565795558511 13.31704269173267 16.10170049746315 17.74887250349752 17.13080015221083
 8.74830945248952 12.91502949722362 17.74887250349752 28.10550752027075   19.414413060264
6.260886092060707 11.29580174622373 17.13080015221083   19.414413060264 29.71842965831491

cov.inverse():
    191.3336823167975    -355.4491649782243      163.847430644949    0.1255580067288483    0.2654811559022668
   -355.4491649782249     661.5276504570817     -305.932343939961 -0.004549285747649265   -0.2054041881173667
    163.8474306449496    -305.9323439399617     142.6017121321449   -0.3122465515232372   -0.2321234093382776
   0.1255580067287698 -0.004549285747503446   -0.3122465515233045    0.1613179371666664    0.0498823011524868
   0.2654811559021685   -0.2054041881171837   -0.2321234093383625   0.04988230115248688    0.1570097041070472

cov*(cov_.inverse()):
     0.999999999999476  7.380762667708041e-13 -2.686739719592879e-14  1.110223024625157e-16  6.661338147750939e-16
-4.818367926873179e-13      1.000000000000898 -4.987121826616203e-13  2.220446049250313e-16  8.881784197001252e-16
-4.627409566637652e-13  5.289102489314246e-13     0.9999999999997677                      0   1.77635683940025e-15
-6.066258606551855e-13  8.983924715266767e-13 -6.128431095930864e-13                      1  8.881784197001252e-16
-1.234568003383174e-13  8.846257060213247e-13 -2.655653474903374e-13  2.220446049250313e-16      1.000000000000002
