5
2

0.03275872874864892
 0.6770703480544854
  2.350821553556297
   4.91276943749817
  19.93776933645301

   -0.4381226057544786     0.8156515248483216    -0.3778373723509973  0.0003038925241266272 -6.613742224211942e-06
   -0.5541512508852071    0.06905930015305971     0.7915627224385394    -0.1118793173294572     -0.221491938914971
    0.1854500549699697     0.1539930413293843     0.1166922839608577    -0.8595575462371918     0.4352449378274934
   -0.6598078540558758    -0.4849177580951716    -0.2817477679987849     -0.014338878576719     0.4999209491499613
    0.1767111946286429     0.2666164176885155     0.3710370366854008      0.498435700237341     0.7152497533368949

43.14802526818617
 67.7722461189276
96.36309793968134
132.0773208141277
186.1285281391054

  1.912576875641029
-0.2388110607806631

  -0.03600957114151857  8.429528861082065e-05    0.03591082609681633  2.999883971241749e-07   2.13417624819346e-05
     1.637223449379304     0.3334197347997471    -0.9702285128436403    -1.763561165803e-05 -0.0006680438416711357

  2.44343077654426e-06    0.02217924441673402    -0.0136249619888097     0.3285150624197014        2.7821417590213
-8.452188017148943e-05    -0.7573583460723524      1.334471144127922     -23.38488963771205      7.049352279684485

cov:
23.25138804813951 26.59059372803979 30.46902736820564 34.38859269254992 42.78418628924568
26.59059372803979 34.06630916056768 42.74547390065955 52.25894842767921 70.31747759999595
30.46902736820564 42.74547390065955 57.00378385214477 73.01819810480642 102.2948989492099
34.38859269254992 52.25894842767921 73.01819810480642 102.8515953083047 139.4871998621286
42.78418628924568 70.31747759999595 102.2948989492099 139.4871998621286 210.4627326576542

cov.inverse():
    179.564098924558   -333.0664716178761    153.3125014331327  -0.0170577485393446   0.2717003298188516
  -333.0664716178774    619.9725613373882   -287.0524492037266   0.1907946063483201  -0.0358298446834759
   153.3125014331344   -287.0524492037287    134.4047783585141  -0.3176966366819656  -0.3761001299257517
-0.01705774853952824   0.1907946063486568  -0.3176966366821172   0.1617175064512517 -0.01304349862769575
  0.2717003298185762 -0.03582984468296102  -0.3761001299259925 -0.01304349862769428    0.152936875114142

cov*(cov_.inverse()):
     1.000000000000846  1.214806033544846e-12  1.598721155460225e-13 -1.332267629550188e-15  -1.77635683940025e-15
 9.769962616701378e-13     0.9999999999990834  1.758593271006248e-12 -4.440892098500626e-15 -3.552713678800501e-15
 2.025046796916286e-13  3.282707439211663e-12      1.000000000000675 -2.442490654175344e-15                      0
-1.989519660128281e-13  2.629008122312371e-12 -3.126388037344441e-13     0.9999999999999951 -7.105427357601002e-15
 4.618527782440651e-13 -8.162359677044151e-13  4.689582056016661e-13 -1.332267629550188e-15                      1
