5
2

0.3352208654899964
  2.48120263154454
 3.666176430479968
 5.141585544390477
 11.62892343905488

 -0.6389250912224997   0.7647951627339705 -0.02491862545008512 -0.04252220067044588 -0.06658837301556945
 -0.6616022052455819   -0.514579749119879   0.4340456404625501   0.3229297533183872  0.06936108582689632
  0.2933338962353589   0.2270528014315184   0.5302950205503154   0.3906237227394054   -0.654677438968407
  0.0274806038637788 0.004025477538574042   0.6205746617982146  -0.7820750221869334  0.04974294670813215
  0.2593401078722093   0.3142083094813504   0.3803389598959135   0.3601110992129847   0.7481163803250217

130.6809369811756
156.7217456133613
187.6324195571999
218.2226084364075
260.6681603711168

  2.95753987855241
-0.250290295438096

   -0.101987781481647   0.09941885475996814 0.0005208390578381153 0.0007963081783177797  0.001302264197532894
    5.462623727263655    -4.339910921921328  -0.02462084315424935  -0.03832126054441037  -0.06335302821339409

 0.01585179529406806   0.1039807702487755  -0.1022640536282504 -0.06971814075142475   0.8449027003413284
 -0.7644612007939905   -8.670069491326693    8.473569436833447    3.811677640548103   -2.369027250617769

cov:
13.01243022257041 13.95873589412195 14.11438054921013 12.28914924997113 23.41446061618176
13.95873589412195 15.74024818954364 16.46818503764969 15.38366688780828 29.57009952240005
14.11438054921013 16.46818503764969 34.68278164511727 9.338890779303105 34.81387243956917
12.28914924997113 15.38366688780828 9.338890779303105  36.3992675226071 32.10466313682624
23.41446061618176 29.57009952240005 34.81387243956917 32.10466313682624 81.54262382869688

cov.inverse():
    3.710796775031447    -4.287573099057441    0.1079834893862264    0.2154691913907161    0.3583496299483461
   -4.287573099057441     5.252666577294022   -0.1959360415466735   -0.3090759168959071   -0.4683022159004921
   0.1079834893862273   -0.1959360415466746     0.072687189397367   0.03026245486759474 -0.002901738485344503
   0.2154691913907171   -0.3090759168959082   0.03026245486759471   0.06847783351419298    0.0103295634410608
   0.3583496299483455   -0.4683022159004914 -0.002901738485344614   0.01032956344106066   0.07635973850223256

cov*(cov_.inverse()):
     1.000000000000005 -5.329070518200751e-15 -2.220446049250313e-16  1.665334536937735e-16                      0
 1.243449787580175e-14      1.000000000000004  1.804112415015879e-16 -7.216449660063518e-16  4.440892098500626e-16
  1.77635683940025e-15   1.06581410364015e-14     0.9999999999999997 -2.220446049250313e-16                      0
 7.105427357601002e-15 -7.105427357601002e-15   3.33066907387547e-16                      1  4.440892098500626e-16
  1.06581410364015e-14  7.105427357601002e-15  3.608224830031759e-16 -2.220446049250313e-16                      1
