5
2

0.6331446422360125
 1.365778460675334
 2.139930702540339
 3.376021625012811
 5.744366134873965

 -0.5205449890745004   0.8131557959730313 -0.04521794334923149   -0.215473919847701   -0.139057158354492
-0.06770233010038668   0.1895612470785438   -0.163337555948954   0.9627597332896596   -0.076794966486425
   0.498875780182246   0.2737835748474975  -0.7858661094049866  -0.1361918897828229   0.2000793276111586
 -0.6883934054952779  -0.4217812738615531  -0.5000503383312866 -0.02528889863762966   0.3122902608644721
 0.04107047682430066   0.2235783894855293   0.3219321320392285  0.08646922333737508   0.9149910903744302

  79.507234385833
129.1504358829295
154.6882777040775
187.5962526509894
222.2966557596691

2.201064932185868
1.270936216487338

 -0.04413041300761019   0.04387032243135888 4.313184193549405e-05 0.0001008097578950576 9.228534201099082e-05
    2.569557709742105    -1.560032842519747 -0.001377732432154069 -0.004091922547671042 -0.003529330107486905

 0.02349462180006981  0.02124031738992994 -0.04594772962157963   0.1354037829819769   0.2673820805977206
  -1.044145788384009  -0.8825539543941522    3.918567594534009   -12.66474070899297   -8.159791841021699

cov:
   6.713636948045364    4.044125123981726    2.594426964179448 -0.07215094887527225  -0.7143990986415737
   4.044125123981726    4.352427761225377    3.721187513042189   0.8589469570326534    5.427524801052397
   2.594426964179448    3.721187513042189    9.148547311330088     1.26338215133673    7.246023617147262
-0.07215094887527225   0.8589469570326534     1.26338215133673    2.086566228008018    2.270036720041221
 -0.7143990986415737    5.427524801052397    7.246023617147262    2.270036720041221    28.93961240874382

cov.inverse():
  0.7743784479375658    -1.00720865235347 0.009634822942791645   0.2316546455270099   0.1874312075359124
  -1.007208652353469    1.702215352778885  -0.1346202044348969  -0.3458646136293455  -0.2832718810382563
0.009634822942791627  -0.1346202044348969   0.1793473789289483 -0.03467248944468945 -0.01670063528262239
  0.2316546455270099  -0.3458646136293455 -0.03467248944468944   0.6170603778387367  0.03086325368944851
  0.1874312075359124  -0.2832718810382563 -0.01670063528262239   0.0308632536894485  0.09406892827557653

cov*(cov_.inverse()):
     1.000000000000001 -1.110223024625157e-16 -1.214306433183765e-17  -7.28583859910259e-17  -9.71445146547012e-17
                     0      1.000000000000001 -4.163336342344337e-17 -1.110223024625157e-16 -1.110223024625157e-16
 4.440892098500626e-16                      0     0.9999999999999999 -3.885780586188048e-16                      0
-1.110223024625157e-16   3.33066907387547e-16 -2.775557561562891e-17                      1 -2.775557561562891e-17
                     0  3.552713678800501e-15                      0  -3.33066907387547e-16                      1
