5
2

0.03401596372943302
 0.4682858713601806
  1.962547504483666
  4.960678782684476
  9.490782324231763

   -0.4383565965536111     0.8157530169759344    -0.3773466656224216 -4.200859757219137e-05  4.161146461675905e-05
   -0.5679267986957612    0.06120468689808152     0.7920588752258758    -0.1312137179856663    -0.1707010135095609
   0.08568342008964605    0.06798776761693062    0.04759368315842007    -0.8060354026957829     0.5797221626785292
   -0.6427838599930593    -0.4768841488735504    -0.2841959733702148     0.2198319726281423     0.4799135030566946
    0.2545386148215704     0.3142613142020263      0.383692223224726     0.5336326375505185     0.6359767338027986

34.00983441250305
53.43697929908973
76.01106479959294
131.2406736598744
156.1448371152813

  1.509204847637564
-0.2335965662872917

   -0.0353473957119555 -0.0009845513941868452    0.03625778016328995  3.456360603401034e-05  4.145843865619239e-05
     1.616449763998039     0.3664227112506467    -0.9804243081893004 -0.0009608878869377391  -0.001581294829813076

 1.168495969737801e-06    0.01068414359087775  -0.005291345101575978     0.3177780459375329      0.418844513530973
-4.594922662974119e-05    -0.3666021695006093     0.4491380788769625     -23.03602089572709      13.41231812137535

cov:
16.10262961667684 14.76292085831028 13.20974397291164 8.507959204232868 7.202773066433366
14.76292085831028 14.51160261840584  14.2190728098924 12.31294738199357 12.52021415824676
13.20974397291164  14.2190728098924 15.39482237990203  16.7349474161095  18.7003307823394
8.507959204232868 12.31294738199357  16.7349474161095 29.34543742500526 31.37079092568048
7.202773066433366 12.52021415824676  18.7003307823394 31.37079092568048  43.4008325213951

cov.inverse():
   167.5596138793323   -309.1879079459095     140.914311414848   0.3335697800738021   0.4284794649691214
  -309.1879079459118    575.1398103744934    -265.803105705151 -0.08286466974263265 -0.01515480406987203
   140.9143114148509   -265.8031057051545    125.9259325805117  -0.4704564260192757  -0.6257945101562699
  0.3335697800735025 -0.08286466974207359  -0.4704564260195355   0.2523204697529596 -0.01112757304310659
  0.4284794649687378 -0.01515480406915882  -0.6257945101565989 -0.01112757304310697     0.23398505424557

cov*(cov_.inverse()):
    0.9999999999995977 -5.278000259067994e-13 -1.332267629550188e-14 -8.326672684688674e-16 -1.554312234475219e-15
-4.014566457044566e-13       0.99999999999919  2.335909243811329e-13 -4.996003610813204e-16 -2.664535259100376e-15
 6.039613253960852e-14 -6.598055435347305e-13      1.000000000000368  7.771561172376096e-16 -8.881784197001252e-16
-4.956035581926699e-13  1.041333685947166e-12 -4.227729277772596e-13      1.000000000000001  8.881784197001252e-16
-4.973799150320701e-14  -4.68070027181966e-13  1.918465386552271e-13 -1.110223024625157e-15     0.9999999999999982
