5
2

0.04115168534729747
 0.3023872908960022
  1.383561463225079
  5.123717101405238
  52.40775279907358

  -0.4383805824445905    0.8157406376669785   -0.3773455655266097 5.578655151363835e-06 -3.37712165829013e-05
  -0.5672261391079113   0.06227569449071604    0.7936142217164712   -0.1243133324965972   -0.1705840187162396
  0.08882658069366611   0.07481005366186858   0.05846493846264997   -0.7994260664179226      0.58652630779489
  -0.6736363433596816   -0.5183667234093495   -0.3380346265383007    0.1320687020348028    0.3818382722708731
   0.1562078343603257    0.2374623040975842    0.3318150591797082    0.5727320644130888    0.6936047256988747

9.983242040616899
15.73034614145622
22.40402429470856
 39.3654919467143
47.91709331804038

 0.4462336129925257
-0.1377221238257264

   -0.0351082899758925 -0.0006805821956942792    0.03552495553500973  0.0001134275533754957  0.0001573393646478244
     1.608100461281795      0.356073913597384    -0.9551953817876637  -0.003822637753944644  -0.005438713384309001

 2.422369139429529e-06    0.00439123355816971  -0.002088232918432828     0.3168517655580693       17.3473730812258
-9.154368925191145e-05    -0.1505651821094844     0.2172674655854728     -24.87538298938993      35.27188515171045

cov:
78.97666132381262 111.0559174778228 148.3077300568386 243.2576917766657 290.9374136469901
111.0559174778228 161.9410248765874 221.0247368437064 371.6276830460935 447.2609772133756
148.3077300568386 221.0247368437064 305.4652026875683 520.6912349944755 628.7842705695084
243.2576917766657 371.6276830460935 520.6912349944755 902.6189408643776 1091.503294465136
290.9374136469901 447.2609772133756 628.7842705695084 1091.503294465136 1325.830574489116

cov.inverse():
   117.0222424112832   -211.5375578262386     92.7704782677298   0.7292680380290631    1.084399724997164
  -211.5375578262656    392.9980391629757   -181.2179476254302  -0.1157792148063461  -0.1170048968792223
   92.77047826776533   -181.2179476254731    90.97619909604799    -1.10623748774323   -1.459936004760443
  0.7292680380235971   -0.115779214796276   -1.106237487747809   0.5036486630516092 -0.01096465531160596
   1.084399724993891   -0.117004896873067   -1.459936004763353 -0.01096465531157994   0.5036782521408067

cov*(cov_.inverse()):
    0.9999999999996021   8.15703060652595e-12 -1.477928890381008e-12  2.176037128265307e-14  5.684341886080801e-14
-1.193711796076968e-12      1.000000000003681  5.684341886080801e-13  -1.77635683940025e-15  2.842170943040401e-14
 2.046363078989089e-12  9.649170351622161e-12     0.9999999999968168  1.509903313490213e-14   1.13686837721616e-13
-6.821210263296962e-12  1.760724899213528e-11                      0      1.000000000000089  2.273736754432321e-13
-1.818989403545856e-12 -1.460875864722766e-11 -5.456968210637569e-12  7.105427357601002e-15      1.000000000000114
