5
2

0.03167690735048133
 0.7265248094869922
  2.751562984451025
  4.539880684826659
  12.48239569755134

  -0.4367461004290794    0.8158149739173836   -0.3790761967947192 -5.78039623797916e-05 7.599029605871816e-05
  -0.5373340807970745   0.08170121525174449    0.7948938947359731   -0.1683156793028093   -0.2107380488964001
   0.1230069262043463    0.0881313193991764   0.04818402288782216   -0.8167922895009684    0.5546447713598605
  -0.6832355844721932   -0.4872705211916994   -0.2614130684546154    0.1388989887851701    0.4562092215684714
   0.1964264788429887    0.2873519609766006    0.3921561432830247    0.5340667144521928    0.6631981549521014

46.91784519652204
73.71118452323509
104.5976495309332
155.6365421536802
185.5765796793979

 2.076453077231006
-0.159880411349124

  -0.03614578678440501  0.0002188370282960508    0.03588779323963936  1.832463784206097e-05  2.037408801916323e-05
     1.639504385513427     0.3324735075867764     -0.970971575313091 -0.0005017217382940788 -0.0005788527578573996

 2.368943636954035e-06    0.02531504679064892   -0.02045214642550707     0.3136870526610322      1.099990557194191
-7.700102403072925e-05    -0.8579541958748159      1.395165393003819     -21.20165477708649      5.633266869029802

cov:
15.90004355804682  15.7146895739587 15.50280076292396 13.67635383701051 14.44939041590181
 15.7146895739587 17.82203215917319 20.24922375141605 21.96421869580776 25.47228822261297
15.50280076292396 20.24922375141605 25.72119301034567 31.51554603914128  38.1786124563242
13.67635383701051 21.96421869580776 31.51554603914128 49.90496328530962 53.08155410035162
14.44939041590181 25.47228822261297  38.1786124563242 53.08155410035162 75.17242755249519

cov.inverse():
   190.6676966793167   -355.1525402449727    164.1954521178525   0.1793015746074505   0.1761781519218058
  -355.1525402449727    663.3070869657893   -308.0695011371017 -0.08485571733412144  0.02605714415784401
   164.1954521178525   -308.0695011371019    144.4097398067951   -0.237252151125291  -0.3466542928146776
  0.1793015746074871 -0.08485571733418999  -0.2372521511252589   0.1445600084621892  0.01270623936181991
  0.1761781519217392   0.0260571441579684  -0.3466542928147356  0.01270623936181999   0.1376955796226067

cov*(cov_.inverse()):
     0.999999999999694   -3.9013237085328e-13  6.838973831690964e-14 -1.082467449009528e-15  4.440892098500626e-16
-1.012523398458143e-13       0.99999999999955  3.552713678800501e-13 -8.881784197001252e-16  4.440892098500626e-16
-2.877698079828406e-13 -1.552979966845669e-12      1.000000000000425 -1.054711873393899e-15                      0
-2.930988785010413e-13 -1.019184736605894e-13 -1.307398633798584e-12     0.9999999999999986                      0
-6.483702463810914e-13 -1.127098414599459e-12  4.973799150320701e-14 -2.220446049250313e-15      1.000000000000005
