5
2

0.1405915393469266
0.9098843491861238
 3.375893308270645
 6.022292763509191
 10.03940307021427

   -0.450943561337694    0.8149430681758372   -0.3640296980149724 0.0002770246935321653 4.838055523236439e-05
  -0.6470105163018067  -0.02360564734731502    0.7485590270493869  -0.08973106489589364   -0.1114804208088063
   0.5062137186290906    0.4260309632591631    0.3262018084332418   -0.5438567258848714   -0.4000719076626691
    -0.08210465661847  -0.06684538963241098  -0.04836401427380539   -0.6860814013858636    0.7181530143654532
   0.3391663201383921    0.3864451853430551    0.4454156084874095    0.4748267385396122    0.5583644240928849

131.0156199669303
155.6390143703397
186.1968778826257
222.3838524902652
259.3778338019468

  3.513454223439281
-0.2259467953909946

 -0.05986925740541395 -0.004766734463450247   0.06447363275595458  0.000170956637374077 0.0002086583755629241
     3.02354976007522    0.5445091009565569    -2.562577077940694 -0.007215089912330906 -0.009085616233565692

-7.060816906562542e-06    0.07208622833801015    -0.1308615804851407    0.07792304637986804     0.6820964597904456
 0.0002598305831390434      -3.21693191485432      10.64654715487692     -5.885704958447728      8.667739026737296

cov:
15.10971279049403 15.87267788436427 16.85448296325569 15.18515648967884 14.70052243488757
15.87267788436427 17.29607424695664 19.02936224264862 17.51879665441615 18.06675035544079
16.85448296325569 19.02936224264862 21.76020611968131 20.44249858431464 22.25071647190954
15.18515648967884 17.51879665441615 20.44249858431464 43.17327139018907 11.34030673224355
14.70052243488757 18.06675035544079 22.25071647190954 11.34030673224355 51.96267072697813

cov.inverse():
     10.8173452022569    -18.55338976698485     7.736104256466165   0.04280048069141368   0.06850306765826758
   -18.55338976698486     33.61796333509548    -15.01614375493224 -0.003265308853607012 -0.008964930359268174
    7.736104256466181    -15.01614375493227     7.392527901585124  -0.09878806606625144   -0.1116303099140172
  0.04280048069141359 -0.003265308853606757  -0.09878806606625161    0.0508981846432531   0.02022044482015992
  0.06850306765826823 -0.008964930359269237   -0.1116303099140167   0.02022044482015991   0.04636952972434561

cov*(cov_.inverse()):
     1.000000000000027 -7.963074644123935e-14  2.353672812205332e-14  2.775557561562891e-16   3.33066907387547e-16
 1.687538997430238e-14     0.9999999999998518  6.261657858885883e-14  4.440892098500626e-16  1.110223024625157e-16
   1.4210854715202e-14 -2.731148640577885e-14      1.000000000000004  1.665334536937735e-16  4.440892098500626e-16
  5.88418203051333e-15 -5.201394870368858e-14    1.4210854715202e-14                      1   3.33066907387547e-16
  1.77635683940025e-15 -3.363975764614224e-14  3.286260152890463e-14  4.440892098500626e-16     0.9999999999999998
