4
2

0.2014806008203092
 0.203371310706303
 2.414126239404393
 14.35163584869982

-0.6258292155600674  0.7537478732298172 0.06171510866359942  -0.190769971210457
-0.2347294975586356 -0.3390985504670364  0.8634602027553038 -0.2904319443601115
-0.6810165284731383 -0.4033234913111673 -0.1437130743347881  0.5940481475168569
 0.2990925339652199  0.3926913266539678  0.4795563323381867  0.7255087195970542

129.3454125021929
158.2063185088026
 185.302415749156
261.7150160395236

 5.010008229502854
0.3153885190045986

-0.02793242538310912 -0.01332810423681984 0.001045988127471032  0.04031792434657905
   1.268090345928737   0.7318164692065291   0.2143790903340557   -1.221037562432106

-7.794064158002416e-06  1.115314777340034e-05     0.2809008141962335      3.329373648162271
 0.0001690697341745251 -0.0002514676132551965     -11.16012605229164     -23.97735970232712

cov:
 21.1463850924834 25.77624816364897 30.10299433138759 42.34409291825067
25.77624816364897 32.73768345344152 39.11526145001464 57.28278241828023
30.10299433138759 39.11526145001464  47.5190349175062 71.15296410613105
42.34409291825067 57.28278241828023 71.15296410613105 110.4763078925606

cov.inverse():
 11.06034688693566 -9.648066436053101 -5.834338915973745  4.520953416383771
-9.648066436052462  16.80425092298665 -5.922505145407073 -1.200726510279898
 -5.83433891597461 -5.922505145405987  18.12473019841488 -6.366260131856322
 4.520953416383998 -1.200726510280355  -6.36626013185609   2.99904630107904

cov*(cov_.inverse()):
    0.9999999999999716  -1.20792265079217e-13  2.273736754432321e-13   -1.4210854715202e-14
                     0     0.9999999999998153   1.13686837721616e-13                      0
                     0  -1.56319401867222e-13      1.000000000000114 -2.842170943040401e-14
                     0                      0                      0      1.000000000000057
