6
2

0.03316157688560571
 0.4358433621156721
  1.241893528956373
  1.862853334095348
  4.048733522282307
  5.327888963959467

    0.4400889850680897    -0.8156888642163037     0.3754641790390383 -1.525452836509034e-05  6.566416986748328e-05  8.791650931048012e-05
     0.505444843833558    -0.1016446513459892    -0.8133174228923451       0.16223635134906     0.1672061667090226     0.1357575354446158
   -0.1144791547483612   -0.07031552451255368   -0.01842407794694358     0.8441939313138237    -0.5030424371580666    -0.1260782147851632
    0.1818426479438713     0.1011426830220612   0.006551043568759832    -0.2848072200379551    -0.6916638203901635     0.6301956044479808
   -0.4216793206899257    -0.2155263476613397    0.02580091954773235     0.2774313890773409     0.4079759306320495     0.7291479417074895
    0.5717180424677485     0.5125371399163728     0.4432757263924478     0.3208311770542628      0.272299833839393     0.1920180898651305

37.60590948460008
59.04611702226253
84.13999657968881
112.9453390476195
131.8050207175008
155.3657690240899

  1.674714323734223
-0.4640032993826135

 -0.03529978872384187  -0.00114640331742354   0.03634420377026627 3.798641057301227e-05 4.449513507678231e-05 4.345244891993294e-05
    1.607756054889142    0.3854679387141003   -0.9895524087623868 -0.001175461389739424 -0.001683667490529006 -0.001573560795488343

-1.049090113882463e-06  -0.008978516898484088   0.005330646855684851   -0.02190083764234504     0.2644127789912379    -0.1313140754037263
  2.37446330946303e-05     0.2996772758262069    -0.2974699640370674      1.129109569698563     -12.92901629792421      19.21667014836623

cov:
 12.37688773962574   9.87383594629595  6.945065349761733  2.975896072919643  1.267527219163494 -1.490832140599207
  9.87383594629595  8.264211929122713  6.377766872860912  3.492998764083033  2.328910351133189  0.449879125077848
 6.945065349761733  6.377766872860912  5.715134502761668   4.09882699032421  3.571634055964174   2.72148127027167
 2.975896072919643  3.492998764083033   4.09882699032421   5.56919624908236   4.36905591747402   4.28189766989499
 1.267527219163494  2.328910351133189  3.571634055964174   4.36905591747402  6.888911359973201  4.950020814728234
-1.490832140599207  0.449879125077848   2.72148127027167   4.28189766989499  4.950020814728234  11.16788337426357

cov.inverse():
   177.5060781444836   -326.6775424990302    148.1042623476885   0.3473138501227143   0.4672657887145973   0.4238994553004975
  -326.6775424990292    605.1051516177856   -278.0545040863003  -0.1201392032847826    -0.13584800089783  -0.1198577136177698
   148.1042623476871   -278.0545040862984    131.6831366436117  -0.7050040281354173  -0.6838811621236165  -0.5443911974945065
  0.3473138501229155  -0.1201392032851548  -0.7050040281352467   0.6323340562742578 -0.06579427902689425 0.009722823315251599
  0.4672657887148073  -0.1358480008982199  -0.6838811621234363  -0.0657942790268945   0.4618806570833285   0.0550064226679885
  0.4238994553006205  -0.1198577136179975  -0.5443911974944017 0.009722823315251459  0.05500642266798866    0.255511245603623

cov*(cov_.inverse()):
    0.9999999999995556 -1.333377852574813e-13 -5.806466418789569e-14 -4.198030811863873e-16  5.551115123125783e-17  -3.33066907387547e-16
-2.964573031505324e-13      0.999999999999881 -7.138734048339757e-14  3.937822290467352e-16  -4.85722573273506e-16 -4.163336342344337e-17
-6.437073096776658e-13 -2.813860255912459e-13     0.9999999999997373 -4.336808689942018e-16  -3.05311331771918e-16 -6.661338147750939e-16
-1.578737141016973e-13 -1.199040866595169e-14 -2.264854970235319e-14     0.9999999999999993                      0                      0
-7.815970093361102e-14 -1.951772077291025e-13 -6.084022174945858e-14  3.469446951953614e-17                      1 -4.440892098500626e-16
 2.220446049250313e-14  5.329070518200751e-14 -4.707345624410664e-14  5.689893001203927e-16  1.110223024625157e-16                      1
