5
2

0.04328364122944026
 0.1095929790817974
  2.018852575054678
  3.871480391004841
  14.87550107354335

    0.4682664075788129    -0.8416417216033735     0.1500192489657239     0.2232929217045328 -0.0005291938737798819
    -0.162053295520458   -0.09307420911758148     0.8103189444002092    -0.5553906173751263 -0.0006256883427900054
    0.5606909625971387    0.09898427180831038    -0.2913783266446708    -0.6058441007588508     0.4731589106567938
   -0.6203612862136397    -0.3894528742479276    -0.1928693193359748   -0.03585575557113546     0.6519157336333337
    0.2350379117790255     0.3485756398950628     0.4458447372197189     0.5228277188677467     0.5925587312455456

64.03662876757876
100.3342701580876
131.2968311099385
155.8914730262261
187.0496411478775

  2.820385537815413
0.04733769133248997

  -0.05578725138906847    0.03827963237296074   0.006664621444915607    0.01082146519491411 -1.055939817225932e-05
     2.167818948891697    -0.6952016635833882     -0.173078767510893    -0.2991657981842711  0.0004151674009842295

-0.0001029002522638495  5.846766505771178e-05    -0.1467005416055953     0.2700878794173951      1.959244291583696
  0.002824187531034647  -0.003131075785192961      5.618598488544388     -15.43356885088073      7.491863057291088

cov:
19.27444545213224 21.97603623756562  24.3140998198402 26.14207971605278 25.83821610040415
21.97603623756562   29.201388645402 35.39647677253723 40.29242045857842 42.09132399609223
 24.3140998198402 35.39647677253723 44.89710966664884  52.3982925226133 56.01344537274391
26.14207971605278 40.29242045857842  52.3982925226133 62.00583880233309 67.03535614505492
25.83821610040415 42.09132399609223 56.01344537274391 67.03535614505492  84.9797598548752

cov.inverse():
  119.3306721297657  -209.0787012168471   26.53178973833575   63.22337704971282 -0.0850895869465782
 -209.0787012168817   378.8345590128933  -73.67563069006744  -96.02145901581815  0.2380698344342791
  26.53178973841321  -73.67563069019569   66.70674883531954  -19.54535459421033 -0.1256099156859997
  63.22337704966982  -96.02145901572436  -19.54535459426112   52.38706185607617 -0.1046323721327679
 -0.085089586946653  0.2380698344343658 -0.1256099156859164 -0.1046323721328632 0.08505320671261725

cov*(cov_.inverse()):
      1.00000000000057  2.806643806252396e-13 -7.993605777301127e-15 -2.211564265053312e-13  4.440892098500626e-16
  3.47277762102749e-13     0.9999999999973994  5.808686864838819e-13  4.023448241241567e-13                      0
 1.598721155460225e-13 -2.108535568368097e-12      1.000000000000155  3.952393967665557e-13 -8.881784197001252e-16
 1.572075802869222e-13 -1.101341240428155e-13 -4.618527782440651e-14      1.000000000000436                      0
 -5.03597163969971e-13 -4.618527782440651e-14 -6.483702463810914e-13  3.392841563254478e-13                      1
