5
2

2.048586059511775
2.217325310092737
3.481138384780667
4.188674727986999
  10.650313930976

 -0.5181805837854111   0.6507311475598988   0.3091503797533409  -0.4565968467198835 -0.06311274393506149
  0.3174465497656528 -0.09754896102138599 -0.07541554941186428   -0.644919194640065   0.6841809815664625
 0.09342097382660211  -0.4411796023872948   0.8744600611221984  -0.1250492436233751  -0.1277316259117544
 -0.7823134423379428  -0.4742672524319098 -0.08549827267474935   0.1013030364067644   0.3814236376949518
 0.09987377141342778    0.384010814310094   0.3560171126182938   0.5913534758790725    0.605073389239049

46.43072249561579
133.4702197869664
154.6787117864599
184.3381896286489
219.2841894736441

 2.087161987986467
-0.918936485895297

-0.01604981772381243 0.003798050347144595 0.004562974300518058 0.003217361553221269 0.003718146973126956
   1.364363876895492 -0.08649203911508171  -0.1036431107973373 -0.07277209879142237 -0.08442811118024054

   0.04404508552348575    -0.0262573616098209 -0.0007528720497603859     0.2124468904432382      0.638876651252118
    -3.175878383178883      2.156066884384443      1.149679986352238     -18.54599877853727     -3.172350111088071

cov:
 13.5972934632139 8.793125431114426 5.406681426444567 5.153574928517463 2.679802007410724
8.793125431114426 24.85572975444373 12.42409853159517 24.64618115327915 23.36438265353134
5.406681426444567 12.42409853159517 24.20090028200463 22.05009207148163 22.17321853796349
5.153574928517463 24.64618115327915 22.05009207148163 42.95543524349004 39.40940258006523
2.679802007410724 23.36438265353134 22.17321853796349 39.40940258006523 46.59638489006326

cov.inverse():
  0.1201687263980754 -0.06856219057504194 -0.03217413334072645 0.009776535933024704  0.03450914733266006
-0.06856219057504193   0.1330180892999729  0.02111329392131805 -0.05418680167904132 -0.02697275000097407
-0.03217413334072645  0.02111329392131808  0.08856561118248552 -0.03140385450146697 -0.02432069099133247
0.009776535933024688 -0.05418680167904131 -0.03140385450146693   0.1392318822797929 -0.07620502731586619
 0.03450914733266007 -0.02697275000097409  -0.0243206909913325 -0.07620502731586615   0.1090253370168421

cov*(cov_.inverse()):
    0.9999999999999998  4.163336342344337e-17                      0 -2.775557561562891e-17 -5.551115123125783e-17
 2.220446049250313e-16     0.9999999999999996                      0  4.440892098500626e-16 -4.440892098500626e-16
-2.220446049250313e-16 -1.110223024625157e-16                      1 -2.220446049250313e-16 -4.440892098500626e-16
-2.220446049250313e-16 -6.661338147750939e-16  6.661338147750939e-16                      1  -1.77635683940025e-15
 2.220446049250313e-16 -4.440892098500626e-16  2.220446049250313e-16 -1.332267629550188e-15                      1
