7
2

 0.029071703510025
0.4526812919743438
0.7188252837295875
0.9112348173058934
 1.052284134711546
 1.531042795971931
 2.113881617085331

    0.4241460022435711    -0.8167742403798579     0.3911242313533673  0.0003841276254724284 -0.0007690413274093126 -0.0005299657819454493  0.0009082062616955852
    0.5489207891481287   -0.09663760484647649    -0.7974332439255981    0.03287178409397218     0.1005997533477187   -0.04669648258075965     0.2001647721360348
  -0.02484204810667593   -0.02835285186995993   -0.03194547035567095    -0.8797458681974824    -0.2075471208102778     0.3397060987378659     0.2552050976637852
  -0.06127807335925984    0.05422472961599563     0.1772582831813482   -0.05480381390079172    0.04920716842062017    -0.6464617551870228     0.7338573247610987
    0.0113713599607106   -0.02506049000851914   -0.06294464052885933    -0.4680847035394585      0.389497059259788    -0.5711136141302079    -0.5461672153629842
  -0.06692641413358423    0.01324029799855965     0.1019335653580397  -0.001147522060792761     0.8903185165987405     0.3701546493195831     0.2351005224051226
      0.71400669020458     0.5647950729422102     0.4053745990808758   -0.05346439126492978  -0.002631587087375958     0.0363441680864604   -0.05182799827794789

45.84931310869346
78.43210032119049
113.4648932594731
158.2559012201488
187.5264808514331
218.3252802437899
259.0372657332463

 2.463037003133797
-9.402136805763002

  -0.03595362000072604  -0.001035001214548542    0.03702377481416576  0.0003471248119853573 -3.136530080287711e-05  0.0001321145678041525 -0.0004445442531175503
     1.586685305358384     0.4652298437523547     -1.056932993838277  -0.009636652280108689   0.006336528741417991   -0.02167650019682396    0.01326849042236199

 6.453444929522884e-08   -0.01009162126588954 -0.0003243267379779135     0.0068733046515472  -0.003012646857419204    0.01425811636460187   -0.05021617380796174
-0.0001017397068789348     0.3427965310442925  -0.008090466239267062    -0.1949344071639604    0.09414713488814688    -0.4852738542236104      4.317606495138933

cov:
   2.354040788833878     1.78604791170276    1.178409706977612  -0.1585151333521176  -0.1316904437696814  0.07397571660780343   -0.227219359429812
    1.78604791170276    1.431861660031981    1.051959090222824  -0.1122094153467927  0.01344696607315508  0.08590237640750982  -0.0830111555804922
   1.178409706977612    1.051959090222824   0.9201001742322985 -0.06341173271391072   0.1750490532797576   0.1009584878245938  0.07145292076350217
 -0.1585151333521176  -0.1122094153467927 -0.06341173271391072   0.6580138365450334  -0.1108630132071573   0.1610182179361569   0.1467778966040227
 -0.1316904437696814  0.01344696607315508   0.1750490532797576  -0.1108630132071573    2.052444118290375   0.4619579315361845   0.2624471784330589
 0.07397571660780343  0.08590237640750982   0.1009584878245938   0.1610182179361569   0.4619579315361845    1.095335150881476   0.1899219042722935
  -0.227219359429812  -0.0830111555804922  0.07145292076350217   0.1467778966040227   0.2624471784330589   0.1899219042722935   0.9609179023473862

cov.inverse():
   214.4501391724438   -410.0705035606452    194.1995004184911   0.3138515902128281  -0.1319601750402014  -0.3703002592783806   0.9049364095071176
  -410.0705035606454    789.4608666957798     -377.54344408311  -0.3382023137186465   0.7062502158403029   0.4929386206229924  -0.9310359467546557
   194.1995004184915   -377.5434440831105    184.1918863045017   0.1142470756592882  -0.7077011012952907  -0.1706879714717643  -0.1811779644652802
  0.3138515902128256  -0.3382023137186413   0.1142470756592854    1.705424439102139   0.2008535597019581  -0.3026371000158852  -0.2190398805142755
 -0.1319601750403867   0.7062502158406594  -0.7077011012954609    0.200853559701958   0.6115316361645877  -0.2575245086866076 -0.06437180470536419
   -0.37030025927837   0.4929386206229718  -0.1706879714717543   -0.302637100015885  -0.2575245086866077      1.0909179357538  -0.1313390279012689
  0.9049364095070724  -0.9310359467545687  -0.1811779644653222  -0.2190398805142756 -0.06437180470536406  -0.1313390279012688    1.264693854667786

cov*(cov_.inverse()):
     1.000000000000009 -1.226796442210798e-14  8.298917109073045e-15  6.938893903907228e-18 -3.816391647148976e-17 -2.081668171172169e-17  1.110223024625157e-16
 1.476596622751458e-14      1.000000000000063   1.13463058393215e-13 -4.163336342344337e-17 -3.703634621210483e-16  1.422473250300982e-16  1.387778780781446e-16
 5.853650897336138e-14 -7.287226377883371e-14      1.000000000000056  2.775557561562891e-17 -4.683753385137379e-17 -1.214306433183765e-17                      0
-8.326672684688674e-17 -4.940492459581947e-15 -2.248201624865942e-15     0.9999999999999999 -6.418476861114186e-17  -7.28583859910259e-17                      0
 8.243405957841787e-15 -1.001976279724204e-14 -4.787836793695988e-16  6.938893903907228e-18                      1 -6.245004513516506e-17  5.551115123125783e-17
-2.775557561562891e-17    2.3037127760972e-15 -6.869504964868156e-16  6.245004513516506e-17    2.8796409701215e-16     0.9999999999999996  8.326672684688674e-17
 4.440892098500626e-16 -2.331468351712829e-15 -9.742207041085749e-15 -2.775557561562891e-17 -2.567390744445674e-16  2.775557561562891e-17                      1
