5
2

0.1264748568138841
 1.344511245970663
 1.391112708839054
 4.859935301246719
 54.62454686152454

   0.631549392468074  -0.7707299218355169   0.0316808401348255  0.04643044130668179  0.06293878731787489
  0.2535038705519245   0.2072446719745339  -0.7855218251660414   -0.152946893958442   0.5023426553356162
 0.00651213074763249 0.003958177650125931  -0.4157244365625181   0.8130872061796213  -0.4074362686048094
 -0.7172950847854469  -0.5579529503645527  -0.1646223209911181   0.1085985105193592   0.3678071797377048
   0.149420567473707   0.2273716594801753   0.4266432594480278   0.5491329715183074    0.665134671506533

9.940149481900288
15.66221191411622
30.22171512753997
39.19406933570369
47.70883563605251

 0.4442871226394681
-0.1366410868592478

 -0.07023944106023286   0.06858482150705615 0.0003706866455108859 0.0005537698150213689 0.0007521776965308379
    2.551105792857512    -1.504327536499874  -0.01027054874206085  -0.01569731020283808  -0.02150056813888278

 -0.001553764778094193  -0.006489970293636267 -0.0003797671013892931     0.2926644181324184      18.08676547724361
   0.04427937518267415     0.6048947617786147    0.02114255429833736     -23.58292066870106       35.3396670449656

cov:
78.89362952263879 110.9129730386163 192.6418171689702 242.9301909931432 290.5428533332424
110.9129730386163 161.6982661789278 291.3238165022294 371.0714862149685 446.5918058087878
192.6418171689702 291.3238165022294  545.222094451457 698.2066961803403 844.9245642434897
242.9301909931432 371.0714862149685 698.2066961803403 901.3686524624044 1090.003630751668
290.5428533332424 446.5918058087878 844.9245642434897 1090.003630751668 1324.036349292408

cov.inverse():
    24.99218406294318     -30.3839113529291     1.144286732977351     1.811182846976212     2.542886019232972
   -30.38391135292886     37.17304450860574    -1.613462816499681    -2.255553002367905    -2.984459941472382
     1.14428673297694    -1.613462816499188    0.4946018076687751  -0.01692847258840374 -0.008575429099811873
    1.811182846976209    -2.255553002367924   -0.0169284725883629    0.4899371517043197  -0.02918706554939389
    2.542886019233156    -2.984459941472628 -0.008575429099769424  -0.02918706554937506      0.47889742101947

cov*(cov_.inverse()):
    0.9999999999993179 -4.547473508864641e-13 -4.884981308350689e-15 -3.375077994860476e-14  5.684341886080801e-14
-6.821210263296962e-13     0.9999999999990905 -1.865174681370263e-14 -3.375077994860476e-14  8.526512829121202e-14
-1.818989403545856e-12  1.364242052659392e-12     0.9999999999999716  -1.06581410364015e-13                      0
-1.364242052659392e-12  4.547473508864641e-13  7.105427357601002e-15     0.9999999999998401   1.13686837721616e-13
-4.547473508864641e-13 -1.364242052659392e-12   -1.4210854715202e-14 -4.973799150320701e-14                      1
