4
2

0.2494387363216707
 2.067584504612927
 4.666293092266337
 10.31020660636225

 -0.6210252348392363   0.7733434618613843 -0.07642990029586215  -0.1021078744754057
 -0.1188557532208424 -0.09501583257203541   0.7928048624336623  -0.5901743399949638
 -0.7539342075707961  -0.5516496148521755  0.07970854777279197   0.3477246906677687
  0.1782811775644695    0.297648423463553   0.5993875773272742   0.7213568949428767

40.65437048913173
62.90286514797017
131.1762216312335
156.3014454701587

1.715434440938791
 1.86914825485991

 -0.07608248191086342   0.07562595939040215 0.0002087748526244824 0.0002999151195353456
    2.696767842990754     -1.68060641756573 -0.009238108623854005 -0.009622794919820567

0.006575836674595117 0.007890162254135694   0.3432299679007901   0.9872492898731022
 -0.1849640756782908  -0.6946167966699122   -24.17299250749508   -3.393700761567577

cov:
15.83992898710498 14.71532710763027 9.650811126868902 8.266119085099328
14.71532710763027 16.11973465232408 17.68156014065781 18.88184308661681
9.650811126868902 17.68156014065781 41.01570134334494 44.56513454184919
8.266119085099328 18.88184308661681 44.56513454184919 59.43641187292749

cov.inverse():
  6.228266955743738    -7.6966307682311  0.7390627259204212   1.024734609251078
 -7.696630768231102   9.628993859020131 -0.9679279730113738  -1.262795682555209
 0.7390627259204215 -0.9679279730113743  0.2445871039023002 0.02131734351382293
  1.024734609251078  -1.262795682555209 0.02131734351382288  0.2594928066818462

cov*(cov_.inverse()):
    0.9999999999999973   -1.4210854715202e-14  1.665334536937735e-16 -4.440892098500626e-16
 -1.06581410364015e-14      1.000000000000007  1.609823385706477e-15 -8.881784197001252e-16
                     0   -1.4210854715202e-14      1.000000000000003                      0
  -1.4210854715202e-14   -1.4210854715202e-14  1.998401444325282e-15      1.000000000000002
