5
2

0.283089891233086
1.328569068072766
1.391096889523186
4.423444935379027
55.95666203212033

  0.5123677211102955  -0.8356769474108917   0.0706785619833262   0.1081543457418265   0.1497682753569091
  0.3101553944859928   0.1883399903859911  -0.7868138083948732  -0.1564313321992261   0.4741149106684735
0.005554303697922531 0.000438044865656893  -0.4080544536878019   0.8145727085691653  -0.4122278776441134
 -0.7873904505212839  -0.4121102247146824  -0.1896795791924872   0.1137906866405169   0.4015654093478971
  0.1458368189923297   0.3103821167363354   0.4164634339987551   0.5360549019379509   0.6493057169675376

 9.93953762792165
22.30665743153104
30.22228959988859
39.19471570402303
47.71006307984423

 0.4443063024013233
-0.1377017724864388

 -0.03543241844264667   0.03510305617857403 6.765638475874931e-05 0.0001118832595271143 0.0001566552045403936
    1.798606689341782   -0.7879328343070785 -0.001996485328342722 -0.003659847615547368 -0.005306524969328427

 -0.003802549287233946  -0.007721780191837732 -0.0003531142389754311     0.2640670757294358       18.5297544765793
    0.1265147255658332     0.7220579270437077    0.01870481331675929     -21.39948271206876      36.02046964404186

cov:
78.91647080083087  148.149938379445 192.6625949165932 242.9567354544592 290.5712509925585
 148.149938379445 305.0873034676277 406.0038418585292 519.9900862814111 627.9384174613986
192.6625949165932 406.0038418585292 545.1912551465309 698.1725471858209 844.8778047005158
242.9567354544592 519.9900862814111 698.1725471858209 901.3321126140864 1089.953059919754
290.5712509925585 627.9384174613986 844.8778047005158 1089.953059919754 1323.968135055392

cov.inverse():
    3.361987909075798    -5.293137510912517    0.3201029195126042    0.6617722874032368     1.023528242126446
   -5.293137510912642     8.743018911256588   -0.8170278878140864    -1.146654805221175    -1.519640220650678
     0.32010291951275   -0.8170278878143107    0.5010047768661607 -0.007679323554358884  0.003861708733327749
   0.6617722874033184    -1.146654805221278 -0.007679323554387301    0.5034612365393701  -0.01097037199318816
    1.023528242126344    -1.519640220650478  0.003861708733276707  -0.01097037199323714    0.5034313850935108

cov*(cov_.inverse()):
    0.9999999999999432   1.70530256582424e-13 -8.659739592076221e-15  1.332267629550188e-14 -2.842170943040401e-14
 -1.13686837721616e-13      1.000000000000341  3.419486915845482e-14  -1.06581410364015e-14                      0
                     0 -2.273736754432321e-13      1.000000000000005  9.769962616701378e-14  5.684341886080801e-14
                     0 -4.547473508864641e-13  6.483702463810914e-14      1.000000000000147                      0
-2.273736754432321e-13                      0  3.375077994860476e-14  6.927791673660977e-14                      1
