5
2

1.836835298267007
2.189062755053874
3.477728514354844
3.742089374049806
10.76169758625848

  0.7138920948930452  -0.5784236800074883  -0.3082616424195122    0.182231872501336    0.165983215155315
 -0.1737689295446096  -0.1303591766405753   -0.027586512278609   0.7682253602806233  -0.6015643143941638
  0.1589186569787828   -0.373667592169897   0.8824688237615399  -0.1437376177305893   -0.188959422533171
 -0.6361601162241778  -0.6025320738185181 -0.02134789669469799   0.1185030702121077   0.4666440787180459
  0.1738033456635421   0.3817854921996035   0.3535629880923095   0.5847374283093248   0.5975847959641386

73.30522126490997
133.4710966475748
  154.67902335433
184.3387572316032
219.2866053124536

  2.087270747453759
-0.9243220792294375

-0.01899219532893674 0.004159687560759839 0.005410779379481744 0.004086931612863085 0.004914620189577542
   1.675686500405561  -0.1481288233013726  -0.1926687059463775  -0.1452800150036589  -0.1747829780288473

-0.05422588231409829  0.01337905977379491 -0.01589012285017554    0.171370382302924    0.640097402339604
   4.338402209519167   -1.308319447256453    2.485847670324823   -15.00330246220609    -2.64430905691294

cov:
11.33523300121992 11.04957309038019 8.283635200043994 10.23741023219434 8.409237141903237
11.04957309038019 24.86390043540567  12.4439543920401 24.66905033285137 23.39147284103841
8.283635200043994  12.4439543920401 24.22687424512124  22.0829498006051 22.22026666521998
10.23741023219434 24.66905033285137  22.0829498006051 42.98558593342996 39.45930890750141
8.409237141903237 23.39147284103841 22.22026666521998 39.45930890750141 46.66632948436165

cov.inverse():
  0.1886020613752753 -0.09462486177830676 -0.05112853498458579 0.004305857082779053  0.03414879591441665
-0.09462486177830674    0.141438672586855  0.02841788053422665 -0.05087031692336701 -0.02436191816809953
-0.05112853498458578  0.02841788053422663  0.09382336556393538 -0.02995529579804829 -0.02437622692485934
0.004305857082778999 -0.05087031692336692 -0.02995529579804826   0.1386634403893661 -0.07826255556775477
  0.0341487959144167 -0.02436191816809961 -0.02437622692485936 -0.07826255556775472   0.1052692272375305

cov*(cov_.inverse()):
                     1 -1.110223024625157e-16  1.387778780781446e-16                      0                      0
 6.661338147750939e-16     0.9999999999999996  2.220446049250313e-16 -4.440892098500626e-16  8.881784197001252e-16
 1.110223024625157e-16  1.110223024625157e-16     0.9999999999999996                      0                      0
 6.661338147750939e-16  1.110223024625157e-16 -2.220446049250313e-16                      1 -8.881784197001252e-16
 2.220446049250313e-16 -4.440892098500626e-16                      0                      0                      1
