4
2

2.015897832511971
2.684393618347049
3.845612917625704
12.81694972501502

 -0.6741866319088006   0.7129130486859329 -0.08145171080797452  -0.1749085165886761
 -0.0976582136067858 -0.09213992302461033   0.8986494297303189  -0.4176150264843485
 -0.6656295728147872  -0.4770522241241512   0.1376633952400493   0.5571420257560784
  0.3047499474405249   0.5056544225620392   0.4084649444723609   0.6961303495866555

 79.3902990572214
155.7124670431429
187.0382948622451
221.6428047301645

2.172834551032926
2.473228199784058

-0.01779499473203076 0.005621950246180096 0.008862832232566087 0.004935610498762637
   1.587279242545043  -0.1371835714369364  -0.3653891852233854  -0.1697566973260155

0.05860037180179875 0.05132966973657919  0.1942180576912283  0.7352461176248883
 -4.504644922594752  -2.881195821653277  -16.79964607069832   24.13751853726524

cov:
23.72475318032773 28.12197820063065 18.68442545380393 30.13875370753878
28.12197820063065 47.49488731427626 32.12567965300428 53.66464878240335
18.68442545380393 32.12567965300428 33.53465654311226 45.19836092673927
30.13875370753878 53.66464878240335 45.19836092673927 85.57845509740496

cov.inverse():
   0.1436950375192945  -0.09461286025090031 -0.004104491050715493   0.01089167638915096
 -0.09461286025090028    0.1431883628576342  -0.02896302936816003  -0.04117342444298923
-0.004104491050715564  -0.02896302936815999    0.1159993419102901  -0.04165750684887715
  0.01089167638915101  -0.04117342444298926  -0.04165750684887713   0.05566993274403163

cov*(cov_.inverse()):
                     1 -4.440892098500626e-16  6.661338147750939e-16 -4.440892098500626e-16
-2.220446049250313e-16                      1  4.440892098500626e-16 -4.440892098500626e-16
-4.440892098500626e-16  4.440892098500626e-16                      1 -4.440892098500626e-16
-1.110223024625157e-16  4.440892098500626e-16                      0                      1
