5
2

0.07657124903634344
 0.4371042907149179
 0.8346765186234483
  1.802769776949276
   4.53999551103372

  -0.2836222494168177    0.8110621226504154   -0.5115207627683144 -0.003619911315242597 -0.008370085814290006
  -0.6242785969550433    0.2103800528418786     0.685182691723583  -0.07455575183823729   -0.3016331970794187
   0.2088901940617671  -0.06507115495673332   -0.2037602692622357   0.05005530313992102   -0.9529464050591645
  -0.6956505596920108   -0.5410823197537816   -0.4721000326382473   0.01521140286820893  -0.01379834974931921
  0.04764282364234944  -0.03023465909372832  -0.06689170406331373   -0.9958370428741121  -0.02549726871881557

70.97751964427033
113.2447482425401
133.7678773395376
222.3170990341268
259.1458649026067

 3.515407390904572
-9.171443085039943

 -0.08160760630837365   0.07822722720453208  0.002965258076608326  0.000121718645481661 0.0002788895414799713
    2.834260412598347    -1.721232197135518  -0.09726216388841605 -0.004455792900040084 -0.005239747245686657

0.0004987980903120229   0.01324847008573091  -0.01602461682799085   0.04238333940229598    -0.135621264149529
 -0.01260621936561289   -0.4196083696410247    0.5076325495488383    -3.231793743629326     4.084178658855726

cov:
   1.724878467700108    1.157703924552571   0.8911322503298639  -0.9961123618628738 -0.09653389599474488
   1.157703924552571   0.9856014340187713   0.9062224900692605   0.5885566235953217  0.07119089339084249
  0.8911322503298639   0.9062224900692605   0.9367339275452075    1.332808584483145   0.1521402727460111
 -0.9961123618628738   0.5885566235953217    1.332808584483145    20.44386603367215   0.4937334732462461
-0.09653389599474488  0.07119089339084249   0.1521402727460111   0.4937334732462461   0.6640664538335838

cov.inverse():
   15.97128378724375   -39.82520142230997    22.54513108023324   0.4281656473020426    1.107629829349497
  -39.82520142230995    112.5237051578406   -69.90749384527794  -0.5885913241148727    -1.39864395371143
   22.54513108023322   -69.90749384527791     47.2123320411303  0.03482235493891336 -0.07069135211563059
  0.4281656473020425   -0.588591324114873  0.03482235493891382  0.08310910168810851  0.05557156523276615
   1.107629829349501   -1.398643953711442  -0.0706913521156229  0.05557156523276618    1.791706218789422

cov*(cov_.inverse()):
     1.000000000000002 -1.157407503171726e-14  8.213915658750182e-16  6.331740687315346e-17  2.775557561562891e-17
 8.049116928532385e-16     0.9999999999999969 -3.447762908503904e-15  5.377642775528102e-17  2.498001805406602e-16
 -9.71445146547012e-16  1.226796442210798e-14     0.9999999999999946 -8.500145032286355e-17  5.551115123125783e-17
-2.442490654175344e-15 -5.995204332975845e-15  7.355227538141662e-16     0.9999999999999999  2.220446049250313e-16
                     0  1.998401444325282e-15 -1.311450947838466e-15  -4.85722573273506e-17     0.9999999999999999
