7
2

0.03888717851096466
 0.1045317465503991
  1.019481205785275
   2.02836067671031
  3.868435896120859
  5.179667503720522
  12.64211259532214

    0.4882949690381068    -0.8364270274047965     0.1454903307457781     0.2019659057477044 -6.252483953160962e-05  0.0001924627060292543   0.000382965527551654
   -0.1490261333051265   -0.08485017985091511     0.8035719249103587    -0.5699682157930593  0.0001779937694984818 -0.0001026745466975992 -0.0001040628814841011
    0.5455686412313712    0.08649090544514304    -0.3782771337124807    -0.6888890429445644    0.05480710248479273     0.1474466517882748     0.2290592586975592
  -0.03383373603814766   -0.03967924256309101   -0.04546747099561992   -0.04898279850072858     0.8836439817091576     -0.458390320794393   -0.04319557776925037
    0.1937968995801298     0.1569477235606593     0.1197835829687283    0.09477727754300222    -0.3304169052373472     -0.735320663295331     0.5144001609245999
   -0.6243114948913923    -0.4723028544362944    -0.3196807566761976    -0.2172617875134084   -0.04286858693449765    0.01349707247370002     0.4855376543833603
    0.1150968716970951     0.1908732080502596     0.2672076933940812     0.3181087254558739     0.3242782948377574     0.4767170043747536     0.6673166423753253

61.68757885914125
96.42425936717548
131.3298044065418
154.6641940466035
185.9688579800137
222.5397863188931
262.6536871326978

 2.699209189060107
0.4515382021680683

  -0.05075871804167519    0.03167576071597287   0.007545257007678488    0.01148173108645875  3.395199884225712e-07  1.297873333545993e-05  3.080601748527319e-05
     2.020979810938323    -0.4981059677096716     -0.200686131633303    -0.3207274654537559   0.000285560238327872 -0.0004518563987288941 -0.0009975393302108122

-7.237902602372573e-05  4.803035057483311e-05   -0.03711235166954615  -0.001859492345127239   -0.04290777633976698     0.3175797691051002     0.9428484622338035
  0.001980226101138045  -0.002593775086675948      1.409433624848031   -0.09576099554071286      3.872458514223273     -23.96172949715908      -3.02164498123333

cov:
13.45090974963313 11.93128906709502 10.40787346961684 9.382844271866761 5.632994860438808 6.558088768343453 5.770526886935934
11.93128906709502 12.19151051596452 12.45604307024266 12.62615731340313 9.520240449158928 12.73271511910119 15.44048639690366
10.40787346961684 12.45604307024266 14.53219421707819 15.89345851445783 13.43715061422568 18.95257472116197 25.17417606472373
9.382844271866761 12.62615731340313 15.89345851445783 18.08054052265173 16.05058163121274 23.10202740006111 31.67124141604991
5.632994860438808 9.520240449158928 13.43715061422568 16.05058163121274 21.70514091825845 26.66914250098522 31.33917737930085
6.558088768343453 12.73271511910119 18.95257472116197 23.10202740006111 26.66914250098522  45.3046224235719 45.47505210419607
5.770526886935934 15.44048639690366 25.17417606472373 31.67124141604991 31.33917737930085 45.47505210419607 81.51787231960283

cov.inverse():
    160.0071982176609    -268.8670038065838     35.83046390823029     72.63379789987046 -0.004162267779193124    0.1352203234100047    0.2415152715718057
   -268.8670038065886      463.316726093887    -86.73662614372593     -107.336009915022   0.02691654906217473  -0.09634587591343528   -0.1938931930737344
    35.83046390824234    -86.73662614374514     73.23637386373291    -22.22958353752491  -0.02423038847869425  -0.04288211841702806  -0.05425062409912865
    72.63379789986318    -107.3360099150075    -22.22958353753211     57.16473147946802  -0.06558237262822235  -0.06502920780740747  -0.09407924423330977
-0.004162267779194389   0.02691654906217439  -0.02423038847868733  -0.06558237262822789    0.2007035788149926  -0.07350463250317892 -0.007995657336305466
   0.1352203234100313  -0.09634587591348173  -0.04288211841701848  -0.06502920780739706  -0.07350463250317896    0.1095747217062743   0.01431674941059796
   0.2415152715717977   -0.1938931930737182  -0.05425062409913727  -0.09407924423330928 -0.007995657336305594   0.01431674941059801   0.08028887743043796

cov*(cov_.inverse()):
    0.9999999999997556 -3.419486915845482e-14 -1.521005543736464e-14  1.535438443056591e-13 -7.632783294297951e-17  8.326672684688674e-17  3.885780586188048e-16
 8.304468224196171e-14      1.000000000000191 -8.260059303211165e-14  1.816324868286756e-13  -1.52655665885959e-16  4.163336342344337e-16  2.220446049250313e-16
 6.341593916658894e-13  7.371880883511039e-14      1.000000000000018  2.113864638886298e-13  1.942890293094024e-16 -2.220446049250313e-16                      0
-4.902744876744691e-13  6.341593916658894e-13 -3.952393967665557e-13     0.9999999999999116 -1.665334536937735e-16  5.551115123125783e-17                      0
 2.042810365310288e-13  4.920508445138694e-13  8.149037000748649e-14 -5.639932965095795e-14                      1  2.220446049250313e-16  8.881784197001252e-16
-2.700062395888381e-13 -3.748112931134528e-13  1.643130076445232e-14   7.72715225139109e-14  2.775557561562891e-16                      1 -4.440892098500626e-16
 1.953992523340276e-13 -1.195488152916369e-12   1.77635683940025e-14  1.190159082398168e-13  4.440892098500626e-16 -2.220446049250313e-16      1.000000000000002
