5
2

0.286843141622789
1.269310446951826
1.602686405647683
3.365021532299688
3.924096600222882

 -0.5851283680798661   0.7974048998201063   -0.122086889894552 -0.05444286261413442 -0.06245786289437869
 -0.3586100627795747  -0.1474842050747391   0.8849507988835649 0.005353135912538017  -0.2578384370452637
  0.0336908291270312 -0.01482294857739382  -0.1988822240650343   0.6777681052466911   -0.706909799542672
 -0.3629965965264587  -0.1712509944435264  0.00279285708957009   0.6683309793683808   0.6262846555505638
  0.6293822484661944   0.5593274640976729   0.4029825502071259   0.3016146816272234   0.1940732368905438

58.95958777257107
84.88403312342741
113.8648393221614
 154.262764030076
183.3833576257378

1.725128802666472
-2.32777765861549

 -0.06651252433027305    0.0662767728485438  0.000107084360137008 9.743410516238854e-05 5.718631144351624e-05
    3.363122124847515    -2.353270226369988 -0.003999300050229138 -0.004139113891282159 -0.002069530441197565

 0.007548754719741718   0.02281036494727466 -0.008268243655479575    0.1460158617988736  -0.07249235373107341
  -0.3162413061354055    -1.388821699819895     0.379233219577029    -9.306401455133122     12.27538789320655

cov:
  7.830021007840011    6.17019830113833   3.371416577512612  0.2342284152085293 -0.6025681061941387
   6.17019830113833     5.2373947422547   3.254682724580959   1.271118124290121   0.541150410536264
  3.371416577512612   3.254682724580959    3.86530945686872   1.554699228963682   1.218225655431786
 0.2342284152085293   1.271118124290121   1.554699228963682     7.6388226950399   4.408313909241944
-0.6025681061941387   0.541150410536264   1.218225655431786   4.408313909241944   6.412387852202979

cov.inverse():
  4.278772750154316  -5.609774167674935  0.6850231845553946  0.3857726559268552   0.480143103441929
 -5.609774167674933   7.764523905612938   -1.24846726656485 -0.5311849851551225 -0.5800493308775805
 0.6850231845553933  -1.248467266564848  0.6931745664902644 0.03930332437577702 0.01102198843424016
 0.3857726559268557 -0.5311849851551231 0.03930332437577727  0.2602362801504323 -0.1052927981971931
 0.4801431034419288 -0.5800493308775806 0.01102198843424033 -0.1052927981971931  0.3203095850049774

cov*(cov_.inverse()):
     1.000000000000004 -1.221245327087672e-15 -1.063385490773783e-15  -3.33066907387547e-16  5.551115123125783e-16
 1.554312234475219e-15     0.9999999999999888  4.952635523913784e-16  1.387778780781446e-17  5.828670879282072e-16
-2.664535259100376e-15  9.992007221626409e-16                      1  -6.38378239159465e-16                      0
-8.881784197001252e-16 -4.440892098500626e-16  7.632783294297951e-17                      1                      0
 -1.77635683940025e-15  2.664535259100376e-15 -6.938893903907228e-17  2.220446049250313e-16     0.9999999999999996
