5
2

0.1187059945394126
0.1278124562895638
 1.857570721895901
 4.556912888021469
 10.54317453616987

    -0.395077258599386     0.7564730890387624     0.1401917164799009    -0.5020046864346005 -5.220981122396464e-05
  0.007001851328333249     0.4172481532484013    -0.8186072626366685     0.3946353256063679 -0.0002490598940933383
    0.6624005156680386 -0.0002189706707821287    -0.2843174713674697    -0.6010740650874827     0.3451073059918887
   -0.5958960033623532    -0.3677605050241582    -0.2702325199817933    -0.1607431003820212     0.6409338537985146
    0.2236033180323156     0.3440997052703948     0.3954319066646205     0.4529082451667654     0.6856417998119063

73.37005994536138
131.5608275074104
156.3712683580063
184.1393982558664
263.5979103521143

  3.21295466795549
0.4762564118058589

  -0.03590024582016372   0.008228860069527586    0.01182768599154865    0.01582635679052347  9.038017003732898e-06
     1.809232381174673    -0.1742905645656155    -0.2671892810416859    -0.3673001619772053 -0.0002038667339156197

 0.0001989879324857917 -4.157255995671791e-06    -0.1264794141172835     0.2623124053549294     0.7397892458255252
 -0.009859608252752347  0.0002241151819209927      5.159102531306635     -18.33389554703824      8.051080378291696

cov:
14.44762314039387 13.09876469782863 12.52176891263266 11.87525595273442 9.899761284637368
13.09876469782863 15.98107174522739 17.18493701323177  18.5489090315236  21.3306446605288
12.52176891263266 17.18493701323177 19.18802404422913 21.39329587284019 26.20264885431259
11.87525595273442  18.5489090315236 21.39329587284019 24.59078734386668 31.66322642848569
9.899761284637368  21.3306446605288 26.20264885431259 31.66322642848569 61.19747421940708

cov.inverse():
   11.22462446787806   -21.01944730398259   -4.327498606724877    14.13415636298505  0.05059345687848617
  -21.01944730398289    51.27557394191753   -13.37639987832907    -16.8659215008735 -0.01841475544036505
  -4.327498606724293   -13.37639987833034    42.44397609356413   -24.71658341346141 -0.02237655411449204
   14.13415636298476   -16.86592150087253   -24.71658341346208    27.52537426318753 -0.06644060658566643
 0.05059345687849025 -0.01841475544037553  -0.0223765541144884 -0.06644060658566366  0.05853157283427368

cov*(cov_.inverse()):
    0.9999999999999796 -2.725597525454759e-14  1.640354518883669e-14  2.953193245502916e-14  1.110223024625157e-16
 3.397282455352979e-14     0.9999999999999256  1.601496713021788e-13  3.352873534367973e-14 -2.220446049250313e-16
 -1.13242748511766e-14  1.426636586643326e-14      1.000000000000008 -1.865174681370263e-14 -4.440892098500626e-16
-1.287858708565182e-14   1.77635683940025e-14 -4.518607710224387e-14     0.9999999999998899                      0
  6.17284001691587e-14 -1.145750161413162e-13 -5.062616992290714e-14  1.731947918415244e-13                      1
