6
2

0.04270331782028854
 0.7915140340617157
    2.7973525870449
  3.643653692051226
  4.705982758486369
  13.84743713868588

   0.4813902415474585   -0.8122941752893812    0.3293037260572153 0.0002618375178664077 0.0006085037604705905 0.0004746608739425115
   0.4769683516715916  -0.05546517735508815   -0.8347215331300303    0.1077425004322971    0.1600536665818862    0.1882528755371256
  -0.2377343451002246     -0.17285255884328  -0.07931442718345623    0.7409567421340935    0.3263365839169112   -0.5017979035280333
  0.02611689503556952   0.03345729283504412   0.04363041653736372   -0.5145608894613818    0.8145335142267297   -0.2608776520532057
  -0.6764963017580568   -0.4974741727346745   -0.2390070812155504   -0.1080439599897859    0.1328883945395723    0.4565249101690587
   0.1609896565239685    0.2421235982124491    0.3598336305239497    0.4036436362364439    0.4321605214876275    0.6605205149109816

 54.8812540984106
86.17313480642736
131.3927364924945
158.3388167238304
185.1187832862398
219.9607796431474

  2.431339878112967
-0.2747957612324137

   -0.0544665529308582    0.03834122666181044    0.01602515934381681  1.743625211349329e-05   3.18724069462875e-05  3.242453335862167e-05
     2.125048236634217    -0.6815642058127739    -0.4406566184246951 -0.0005760635064731654 -0.0008788965247607762 -0.0009210744178313832

-9.49841700473546e-05  -0.02598002794144836    0.0395736244378706  0.007541035560630133    0.3091548777510997     1.212518554957685
 0.002610440019499885    0.8888911921713678    -2.759846575444238    0.1764561748403838    -22.00634647636286     3.318106507673726

cov:
15.69919914569343 15.24332635291069 14.60237867508988 12.55455180059548 11.07304773914652  14.4499780253601
15.24332635291069 16.97377426515686  19.4945671257252 18.69600858810149   18.514941795569  26.1930471940641
14.60237867508988  19.4945671257252 26.60433811769583  27.6084768240382 29.30067186244208  43.2204623804293
12.55455180059548 18.69600858810149  27.6084768240382 39.31886163784261 29.46946365826857 48.91683875798579
11.07304773914652   18.514941795569 29.30067186244208 29.46946365826857 45.86081836496328 51.99553959966958
 14.4499780253601  26.1930471940641  43.2204623804293 48.91683875798579 51.99553959966958 91.17050926499093

cov.inverse():
     127.469483357684    -214.4524182224873     86.30480297595065    0.1312640962012176     0.270478966961042    0.2699651830415142
   -214.4524182224873     361.8493508370625    -146.6037664674105   -0.1408991191147911   -0.2928176716655145   -0.2270939058678853
    86.30480297595059    -146.6037664674103     60.58254020310775   -0.1035474151935959   -0.1046199263280977   -0.1645658307952121
   0.1312640962012199   -0.1408991191147951   -0.1035474151935941    0.1100472803300998   0.02720491036561771 -0.005797027264948114
    0.270478966961044   -0.2928176716655178   -0.1046199263280966   0.02720491036561774    0.1064474340145632   0.01554804926997352
   0.2699651830415783    -0.227093905867994   -0.1645658307951676 -0.005797027264948099   0.01554804926997346    0.1056815942399111

cov*(cov_.inverse()):
     1.000000000000083 -5.231370892033738e-13 -3.952393967665557e-14  1.249000902703301e-16 -2.498001805406602e-16  4.440892098500626e-16
 1.483257960899209e-13     0.9999999999983809  2.433608869978343e-13  4.718447854656915e-16  4.996003610813204e-16  1.332267629550188e-15
-4.067857162226574e-13 -8.313350008393172e-13      0.999999999999905  5.551115123125783e-17  2.220446049250313e-16                      0
-1.314504061156185e-13 -8.135714324453147e-13 -1.456612608308205e-13     0.9999999999999993  -3.33066907387547e-16 -8.881784197001252e-16
-2.309263891220326e-14 -3.907985046680551e-13 -1.900701818158268e-13  7.771561172376096e-16      1.000000000000001  8.881784197001252e-16
  1.13686837721616e-13 -4.192202140984591e-13 -4.565237077258644e-13                      0  1.332267629550188e-15                      1
