6
2

0.1187116508608218
0.1278248647391462
 1.838570138367899
 2.119744433886978
 4.675762341361798
 11.42411899918563

     0.395095737717751    -0.7569945890484513    -0.1392469167010666     0.5014665514490829  0.0003683679685524196 -9.198196897702569e-05
  0.007454162748379786     0.4163457585531967    -0.8187538330978467     0.3952755360584885 -0.0001267457865215225 -0.0002002729329856726
    0.6571678296384157  -0.009932291987884961    -0.2961168185679349    -0.6151042508875997     0.2160530484997625     0.2351902714811369
   0.09467567693898001    0.03474126144469168   0.009467507906903922   -0.01879512866500931    -0.8637953118271615     0.4931980633044834
   -0.6041371418847328    -0.3952090298203997    -0.3059019726854453     -0.205614986947159     0.2272017916035515     0.5397721210712656
    0.1950104283745182     0.3100316412298056     0.3590287399905754     0.4138895132672839     0.3944083336239971     0.6403805238275379

73.36781363110953
131.5612654043795
156.3714689084175
184.1391058460523
220.9271808383849
263.5979013652502

 3.213025664981461
0.4731459922284385

  -0.03589909883394745   0.008227935822325776    0.01182774624334923    0.01582200130146494  1.084536284064143e-05   4.78199577526317e-06
     1.809170974037278    -0.1742114699714963     -0.267204574673658    -0.3671702364843515 -0.0003840612546646034   -5.0029996169286e-05

-0.0001990538707473269 -4.442568648386273e-06    -0.1247499731943816   -0.01485189184961854      0.252949832196125     0.8290839523445669
  0.009861288634602051   0.000238471622585386      5.055421336186596      0.763461586420178     -18.95539182074908      6.618264363607778

cov:
14.44503952650806 13.09909853453922 12.52333510954892 11.87806813897902 7.149633732090435 9.901173955753098
13.09909853453922 15.97603088365751 17.17759637791275 18.53860020044188 13.85349617657445 21.31659098790004
12.52333510954892 17.17759637791275 19.17688052638033  21.3773855467682 16.70829581712078 26.18196605673197
11.87806813897902 18.53860020044188  21.3773855467682 24.56798857955708 19.90710364514724 31.63426814096034
7.149633732090435 13.85349617657445 16.70829581712078 19.90710364514724 24.94095683382994 33.90192184059512
9.901173955753098 21.31659098790004 26.18196605673197 31.63426814096034 33.90192184059512 61.17044030130703

cov.inverse():
    11.22703435601772    -21.02295315979574    -4.325828319187544     14.12575602223928   0.02838291215574247   0.03948598271492447
   -21.02295315979512     51.28020353101873    -13.37584740469529    -16.85838723415965  -0.03350066176032646 -0.005276182592586411
    -4.32582831918872    -13.37584740469279     42.43471014933786    -24.70428701730024   -0.0201288295087941   -0.0144097063581708
    14.12575602223985    -16.85838723416156    -24.70428701729891     27.52190973266039  -0.02654515073248181  -0.05602311665253717
  0.02838291215573797  -0.03350066176032371  -0.02012882950878127  -0.02654515073249297    0.1834286363062159   -0.0722365045697952
  0.03948598271492143 -0.005276182592575573   -0.0144097063581792  -0.05602311665253654  -0.07223650456979523   0.08697000847833354

cov*(cov_.inverse()):
     1.000000000000002  4.191091917959966e-15 -2.350897254643769e-14  4.074518500374325e-14 -1.110223024625157e-16 -1.110223024625157e-16
-1.010302952408892e-14       0.99999999999992  5.229150445984487e-14  4.174438572590589e-14 -2.220446049250313e-16 -2.220446049250313e-16
 4.884981308350689e-14 -2.220446049250313e-15      1.000000000000093  1.050270981295398e-13 -2.220446049250313e-16  4.440892098500626e-16
-1.354472090042691e-14  1.054711873393899e-14  8.310019339319297e-14     0.9999999999999842 -4.440892098500626e-16  4.440892098500626e-16
-7.438494264988549e-14  9.134359935103475e-14   6.38378239159465e-14 -3.996802888650564e-14     0.9999999999999991                      0
-6.350475700855895e-14   4.96269692007445e-14  8.337774914934926e-14  1.341149413747189e-13  8.881784197001252e-16                      1
