5
2

0.7896489282538172
 2.721257176381905
 3.638507079391496
 4.060230509807193
 13.44895320316712

-0.4415681352463281  0.8558376798488626 -0.1081364826428185 -0.1600921179902484 -0.1877137783036516
-0.4129237980602802 -0.1643686146863956  0.7097383503616133  0.3092602414062396 -0.4506733546737356
 0.1019219990110999 0.07757704534145428 -0.4736257814004622  0.8150010414084414 -0.3082947126527295
 -0.774929572944141 -0.3173607345855431 -0.2965581190041158  0.1222000398181442  0.4425909549924401
 0.1536475903642673  0.3657715003064153  0.4151022481186502  0.4467315408770138  0.6860937847928221

54.88268337805516
131.3923260856821
158.3389094496385
185.1188626465686
219.9597355042881

  2.431372452547911
-0.2741546195530676

  -0.03174777381209945    0.03156352094398588  3.135216546130753e-05  6.310061329588886e-05  5.502410547421517e-05
     1.721123313680129     -0.716808500656125 -0.0008235213170282513   -0.00143565023778234  -0.001308832487313335

 0.02557049740156708  0.05878522582930409 -0.01016175608451762   0.2408203149617283    1.220182391668635
 -0.8560657460304961   -4.393607560192951    1.581180529001601   -18.24567464606763  0.06821703338300755

cov:
15.69153689103443 14.59106836949624 12.54508567332733 11.05207856541527 14.42679982277574
14.59106836949624 26.59580245002189 27.60614439252556 29.29099954149449 43.20724830155682
12.54508567332733 27.60614439252556 39.32353210416053 29.46975697657601  48.9261487029526
11.05207856541527 29.29099954149449 29.46975697657601 45.86085209313986  51.9898078544568
14.42679982277574 43.20724830155682  48.9261487029526  51.9898078544568 91.15561033207617

cov.inverse():
   0.3730668391958061   -0.5810761047589377   0.04764841693175005   0.09703546363000443    0.1354653898359884
  -0.5810761047589376     1.185618957929628   -0.1604015185885206   -0.2232696703386419   -0.2565797998023788
  0.04764841693175019   -0.1604015185885209    0.1100082657857272   0.02707352404946185 -0.005997809822288949
  0.09703546363000451    -0.223269670338642   0.02707352404946177    0.1062004254481243   0.01536947526606224
   0.1354653898359883   -0.2565797998023785 -0.005997809822289028   0.01536947526606217    0.1056014949757917

cov*(cov_.inverse()):
     1.000000000000001  4.440892098500626e-16 -6.938893903907228e-17                      0 -2.220446049250313e-16
 8.881784197001252e-16                      1  3.885780586188048e-16  7.771561172376096e-16                      0
 8.881784197001252e-16 -3.552713678800501e-15     0.9999999999999999  1.665334536937735e-15 -8.881784197001252e-16
 4.440892098500626e-15 -3.552713678800501e-15  5.551115123125783e-17      1.000000000000002  8.881784197001252e-16
                     0  7.105427357601002e-15 -8.881784197001252e-16  1.332267629550188e-15     0.9999999999999982
