5
2

0.03894580708452074
  0.104564594094899
  1.644321352754171
  4.487674103328141
  8.992360708400726

    0.487693997566024   -0.8365349301510421    0.1462459850870692    0.2024252508287877 7.104982752004107e-05
  -0.1491138437159336  -0.08445558089269616    0.8034233945840985   -0.5702132631750992  1.58331482528743e-06
   0.5480721994427656    0.1026212538765756   -0.3462285806861987    -0.646353985696398    0.3891504047809404
  -0.6143718223706176   -0.4197317978530368   -0.2239964536713019  -0.09277751355179913     0.622567589479158
   0.2491661181326768    0.3261451542137732    0.4038246148262608    0.4555213611672165    0.6789488595898482

61.68545350779026
96.41379851017302
 131.318212814932
154.6602531978509
222.5378959060038

2.698604373884181
0.461268241058453

  -0.05081461901862165     0.0316699557100293    0.00759141308297696    0.01154195744654421  5.118406038331566e-06
     2.023248496964702    -0.4988507262171293    -0.2018257909664999    -0.3224264581608891 -9.827867804829138e-05

-7.254498092804443e-05  4.832938431955911e-05   -0.09378546274758777     0.3052720008001705     0.4847227990538525
  0.001985836906521854  -0.002600739453775841      3.612090788349528     -19.30509979223824      9.136347470458622

cov:
   13.43463162923 11.91615936363742 10.39357470675296 9.369136857365751 6.553265356878606
11.91615936363742 12.17903893966595 12.44650147690054 12.61861553271021 12.75123860422408
10.39357470675296 12.44650147690054 14.52828407785262 15.89336333492284 18.99782339301434
9.369136857365751 12.61861553271021 15.89336333492284 18.08549769696667 23.16549398634491
6.553265356878606 12.75123860422408 18.99782339301434 23.16549398634491 45.49056086530705

cov.inverse():
   158.9740854173425   -267.7874479082763      36.003816493399     72.7362111417559  0.08480589828730459
  -267.7874479082814    462.0335474946309   -86.87057100902237   -107.2581973552742 -0.03466455340069981
   36.00381649341165   -86.87057100904262    73.18610101933338    -22.2961401836084 -0.04639875452325419
   72.73621114174829    -107.258197355259   -22.29614018361599     56.9102520317429 -0.08267195450908151
 0.08480589828731622 -0.03466455340072639 -0.04639875452323416 -0.08267195450908658   0.0809590467839857

cov*(cov_.inverse()):
    0.9999999999998584  9.844902670863576e-14 -1.089683898669591e-13 -2.430278200904468e-13 -1.110223024625157e-16
 2.597921877622866e-13     0.9999999999994458   1.84074977482851e-13  5.906386491005833e-14 -2.220446049250313e-16
-2.644551244657123e-13 -1.679767436257862e-13      1.000000000000244  2.153832667772804e-14 -2.220446049250313e-16
 1.576516694967722e-13 -4.432010314303625e-13 -1.687538997430238e-14       1.00000000000002 -2.220446049250313e-16
-4.574118861455645e-14 -1.071809307973126e-12   2.62456723021387e-13  1.940669847044774e-13                      1
