5
2

 0.123247234419196
0.1342000302462051
 2.239698850381526
 4.094541056025763
 17.59645664673184

   -0.4144230803288807     0.7435525635264375     0.1675670765844152    -0.4972963957823165 -0.0008156904168723618
  0.002007491221122391     0.4373857150250671     -0.816322084177789     0.3772372498302861 -0.0001359967696462546
    0.6926368506500044    0.05848778002220929      -0.22934675758807    -0.5676580401914975     0.3768259371374331
   -0.5428850973781929    -0.3292826568983842    -0.2331994160742955    -0.1196955834729573     0.7267322082791475
    0.2319039556282576     0.3794409480001975     0.4455980552639681     0.5232835453035157     0.5743359876450639

76.32121502649302
 131.544465632571
156.3156456730619
 185.416598985703
221.9950574501515

 3.357986947399611
0.1368383534192964

  -0.03826222462666642   0.008035842604916788    0.01236762596425049    0.01781773649646724 -4.600632980686793e-05
     1.860371088660361    -0.1664210369491735    -0.2782914273500657    -0.4147125830364495   0.001031470901159671

0.0002285100148189439 1.143714426466223e-06   -0.1956338912255564    0.2192170269410227     2.781844477891889
 -0.01116641182933127 3.016179864499803e-05      7.91793555052181    -14.08084405477977      8.62472979388007

cov:
24.00227821547046 30.44155388634303 33.32101194189568 36.69498703463179 35.93539640829341
30.44155388634303 46.42668623129506 53.56811539134581 61.97128849570883 63.57637558091017
33.32101194189568 53.56811539134581 62.66845814814069 73.31316304829582 75.96799876216174
36.69498703463179 61.97128849570883 73.31316304829582 86.64902024692424 90.52659959979559
35.93539640829341 63.57637558091017 75.96799876216174 90.52659959979559  111.703560607274

cov.inverse():
   11.42025363290747   -20.21844819756199    -4.68648186666793    13.53559390433184  0.05116823296914003
  -20.21844819756541    47.02733099594035   -11.62040458601281   -15.18488861561726 -0.05240741041986464
  -4.686481866661644   -11.62040458602549    38.86426115451776   -22.55655732609418 -0.02934481094156319
   13.53559390432896   -15.18488861560796   -22.55655732610058    24.24855803620518 -0.02300496034059947
 0.05116823296914387 -0.05240741041987274 -0.02934481094156245 -0.02300496034059592  0.06091972208110884

cov*(cov_.inverse()):
     1.000000000000118  2.509104035652854e-13  -1.48769885299771e-13  1.245670233629426e-13 -4.440892098500626e-16
  1.35003119794419e-13      1.000000000000165  3.108624468950438e-15 -9.481304630298837e-14 -4.440892098500626e-16
 1.540989558179717e-13  7.851497230149107e-13     0.9999999999993072   3.04867242562068e-13                      0
 7.815970093361102e-14 -8.348877145181177e-14 -2.149391775674303e-13     0.9999999999998792 -8.881784197001252e-16
 1.660893644839234e-13  1.101341240428155e-13 -2.335909243811329e-13 -9.015010959956271e-14     0.9999999999999982
