5
2

0.05496930920112152
 0.5063173161047071
 0.9745951654860897
  2.387292554587116
  4.003440088562814

   0.2716354372295053   -0.8036298826018441    0.5295189506150932 0.0007527152654324431  0.001521640463834103
   -0.597296493498522    0.2467196567090223    0.6817068251519592   -0.3092528093850348   -0.1483401977767727
   0.2182101726149103  -0.05938061800524837   -0.2009360807841894   -0.9498338924468619   0.07936328477966662
  -0.7182016332501926   -0.5342803868801815   -0.4424998643348828  -0.03450483445391361   0.04164335066775278
   0.0776004037336966  -0.06577866814710209   -0.1367627397481719  -0.03141856880482494   -0.9848655597125889

79.75271088431816
113.0145711802186
129.4702323026045
187.3490470154765
221.4615462061545

 2.352039389765663
-4.334279427566925

 -0.06472579304695654   0.05285117808373286   0.01171799689381838 2.527171670131147e-05 7.975846304614058e-05
     3.29560605502098    -1.830348134874104   -0.4600724667887374 -0.000516352935243632 -0.003419113723949929

-0.0001627131843180066     0.0152964524558795   -0.01864945906097185    0.07446564029065886     -0.163178849195036
  0.006413408535335916    -0.7006254405049559     0.8743107118523095     -6.756549652387735      7.091262920342404

cov:
   3.173130902271535    2.054332999523895     1.49552470685178 -0.04735555660517343   -1.356207702642187
   2.054332999523895    1.717112066918457    1.544740069077174   0.1722000374568496   0.8976497332046088
    1.49552470685178    1.544740069077174    1.574043859633803   0.2831233835584225    2.012706949522024
-0.04735555660517343   0.1722000374568496   0.2831233835584225   0.9040508555457338   0.4279117253598703
  -1.356207702642187   0.8976497332046088    2.012706949522024   0.4279117253598703    15.56757518565977

cov.inverse():
  25.95192547935131  -72.76549940772922   46.02284283210361  0.5741932737008862   0.490630855022435
 -72.76549940772922   214.0245211494792  -140.1199141786994 -0.4350742735882369 -0.5522816863215171
  46.02284283210362  -140.1199141786994   94.68537802496105 -0.4865761095253781 -0.1394288574151733
 0.5741932737008864 -0.4350742735882372 -0.4865761095253778   1.323352679878589  0.1016424597886885
 0.4906308550224379 -0.5522816863215257 -0.1394288574151675  0.1016424597886885   0.154056637238553

cov*(cov_.inverse()):
    0.9999999999999971  2.176037128265307e-14  9.270362255620057e-15 -2.498001805406602e-16  2.775557561562891e-17
-2.564615186884112e-14      1.000000000000068 -5.220823773299799e-14 -2.775557561562891e-17  2.775557561562891e-17
-1.210143096841421e-14  1.199040866595169e-14     0.9999999999999984  2.775557561562891e-17                      0
-2.414735078559715e-15  2.026157019940911e-15 -5.204170427930421e-15                      1                      0
 1.598721155460225e-14 -3.019806626980426e-14  3.197442310920451e-14                      0                      1
