6
2

0.1300078592299982
0.1603736100758856
0.1610164176997074
 2.516767559631001
 4.798969470411433
 21.72786454653959

   0.5980384480914809   -0.6225120458005144   -0.3381953387194185  -0.01087095662304234    0.3746117088954675 0.0007550937471377763
 0.003078170384710959    0.5362554772743191   -0.8202029440072082    0.1316053254564151    0.1495582848202714 0.0002763248323440065
-0.001379943279856194   -0.2432534112556249   -0.1123026494986433    0.8358380929828347   -0.4791541155430163  -6.6795503089592e-05
   0.6458913961778084    0.2591630263442627   0.02368756281927164   -0.2569043858985275   -0.5871718459632899    0.3229970422487032
  -0.4195706587499253   -0.3195439315873689   -0.2587558239807626   -0.1867432696851448   -0.1017860260361488    0.7808099114310388
   0.2216379973912302     0.310584602646078     0.364367234187805    0.4278593585114519    0.5025719339259375      0.53479729049989

90.67936296677389
131.7216666262353
156.5324505019976
185.8525551834449
220.3455015141521
263.2909475434823

   3.99195203490274
0.08904866418665931

  -0.04107898314898993   0.004621374705743574   0.007578693439022022    0.01195740119976277    0.01685578244730485 -3.291559616724719e-05
      1.91334206582748   -0.08419191399437695    -0.1631513385592802    -0.2679728670493145     -0.396671718473657   0.000752380688726401

-0.0004026470935423051  5.923071127845001e-06 -1.684596604974302e-08    -0.2415524679024343     0.2262345288026615       4.08924505432087
   0.01869628735164954 -8.632626645871574e-07  5.825378275834282e-05      9.577998467799919     -14.80047353352631      11.73885821801379

cov:
29.89385818200101  36.6398292397654 40.71940705239066 45.52249143640569 51.17191470731236 49.73534681830505
 36.6398292397654 48.33257520132452 55.36213919183614 63.68494328452974   73.476942070243 73.19986943107251
40.71940705239066 55.36213919183614 64.24274037948005 74.66857061249215 86.96588216061448 87.39012694458772
45.52249143640569 63.68494328452974 74.66857061249215 87.66409921897707 102.8990237002601 104.1413675293129
51.17191470731236   73.476942070243 86.96588216061448 102.8990237002601  121.673677293884 123.8566635004824
49.73534681830505 73.19986943107251 87.39012694458772 104.1413675293129 123.8566635004824 149.7259224292967

cov.inverse():
   21.23421391551582   -21.91658083147785   -12.05111960207113  -0.4359737145419764    13.24035972050149  0.04571589065914736
   -21.9165808314767    36.40596956061043   -3.586817313805294   -4.705536682924979   -6.205494293329505 -0.01868885183842871
  -12.05111960207139   -3.586817313803408    33.41305802345438    -7.59844473221832   -10.19023637722001 -0.03078362602496762
 -0.4359737145445893   -4.705536682924028   -7.598444732214375     27.6393275591876   -14.89802806443591 -0.02017216750772435
   13.24035972050316   -6.205494293331177   -10.19023637722231   -14.89802806443361    18.08330556982136 -0.01324644961810267
 0.04571589065914555 -0.01868885183842725 -0.03078362602496662 -0.02017216750772307 -0.01324644961810459  0.04358583257203009

cov*(cov_.inverse()):
    0.9999999999997518  2.929878561985788e-13  4.485301019485632e-13  1.081357225984902e-13 -1.084687895058778e-13                      0
 -1.06581410364015e-13      1.000000000000034  4.649614027130156e-13  2.111644192837048e-13 -1.521005543736464e-14 -4.440892098500626e-16
-1.501021529293212e-13  3.805844528415037e-13       1.00000000000075  2.844391389089651e-13 -1.529887327933466e-13 -4.440892098500626e-16
-8.526512829121202e-13  3.244071677954707e-13  4.756195437494171e-13      1.000000000000151  -2.41140440948584e-13 -8.881784197001252e-16
 1.509903313490213e-14   1.84297022087776e-13  2.642330798607873e-13 -1.239008895481675e-13      1.000000000000007                      0
-2.229327833447314e-13  9.769962616701378e-14  5.941913627793838e-13  2.842170943040401e-13 -3.448352714485736e-13                      1
