5
2

0.0413141129604401
0.3342164041163946
 1.358905884639282
 5.073764298456875
   48.899847802687

   -0.4384382093434011     0.8157469904033982     -0.377264868656484  4.994184949406888e-07 -5.579343046617536e-05
   -0.5560393630481155    0.06834881416743771     0.7940206800004372    -0.1003473984372807    -0.2135655068157404
    0.2031009663999357     0.1667411322075232      0.124445196059285    -0.8708137746272647     0.3964141210587069
   -0.6549610782777552    -0.4867464725523176    -0.2913859289140865   -0.06211969654735573     0.4953173135787367
     0.168428461720255     0.2552656528750641     0.3561039345723241     0.4772367471673784     0.7429040144460289

9.983688749193179
15.73156544270898
22.40630292372548
30.35774583769649
 47.9236610023094

 0.4462973608937064
-0.1387292599800268

  -0.03533277915385264 -0.0004611088860267353    0.03556891228793902  7.082102032899325e-05  0.0001610966416699406
     1.616868797377342     0.3466286821702034    -0.9559862914668318  -0.002224562660445362  -0.005573369343590097

 2.895138751740016e-06   0.005341058279658017  -0.005215678548518286     0.3366462317947413       16.1428540793391
-0.0001117570806516298    -0.1824082508053431     0.4929469775411575     -24.50144019191703      36.29002027176947

cov:
78.98792496834358 111.0716217252507 148.3298063893091 192.9318793982066  291.011645863712
111.0716217252507 161.9637022350149 221.0572980017905 291.8100145228364 447.3750948498695
148.3298063893091 221.0572980017905 305.5124825223723 406.6307205116584 628.9498558138331
192.9318793982066 291.8100145228364 406.6307205116584 546.1072252998432  846.349780756961
 291.011645863712 447.3750948498695 628.9498558138331  846.349780756961 1326.326896920692

cov.inverse():
   115.4280880597116   -209.8495297962498    92.97614790474977   0.4052331268203299    1.108498687763285
  -209.8495297962953    389.9309711533729   -179.8012016566044  -0.1385678682672978  -0.1308360806792702
   92.97614790480912   -179.8012016566756    89.04253478644748  -0.7713375765340711   -1.484573835897672
  0.4052331268170967  -0.1385678682613845  -0.7713375765367252   0.5010432686059433 0.003874648879657205
   1.108498687752564  -0.1308360806592821   -1.484573835906965  0.00387464887968387   0.5031866350538494

cov*(cov_.inverse()):
    0.9999999999973284  6.643574579356937e-12 -2.046363078989089e-12  1.532107773982716e-14 -2.842170943040401e-14
-2.842170943040401e-12      1.000000000003929 -2.273736754432321e-13  1.443289932012704e-14 -5.684341886080801e-14
-5.911715561524034e-12   1.63424829224823e-12     0.9999999999977263  2.131628207280301e-14                      0
 3.637978807091713e-12  7.958078640513122e-13  9.094947017729282e-13      1.000000000000015 -5.684341886080801e-14
-2.955857780762017e-12  3.410605131648481e-13  5.229594535194337e-12  3.463895836830488e-14                      1
