5
2

0.1041319622092437
 1.582620274959437
 2.049625086733098
 4.060046647970863
 9.482465021104112

    -0.197379930048119     0.7846457990759993     -0.587683673483118  0.0001635549255849605 -7.986088669119829e-05
   -0.5887791708475583     0.3339942220413238      0.643638672993024    -0.2657459589142394    -0.2385273392456387
   -0.1460310297634926   -0.01739105220529272    0.02613093118010509     0.8371971454237808    -0.5261089276750019
    -0.745727285695282    -0.3741592250514913    -0.2491161509440611     0.1617649638431576      0.464401689801031
      0.19221343581036     0.3639797456555208     0.4214445115595222     0.4497911679186604     0.6713011014330615

61.68501411344209
131.3214664840772
154.6608980002447
185.9579848669111
222.5393332691302

 2.698919553978044
0.4533762569917152

  -0.03245961344196935    0.01353923398102255    0.01889829707363829  5.726579362289215e-06  5.977603308085673e-06
     1.734116485310886    -0.2951221029602723    -0.4387556228982105  6.611228995735338e-05 -0.0001561705963837243

6.423841523113225e-05   0.08965350909032985   0.02100535588570432    0.2379630717193176    0.5988486420070214
-0.003426497914862825    -3.511473771791402    -1.089855466298956    -17.69581565347031     3.679029119781071

cov:
13.44725650354332 10.40658271135729 9.382266643101843 5.663664758372198 6.568115393882119
10.40658271135729   14.507362388447 15.86102809193148 13.43959333950059  18.9449921283624
9.382266643101843 15.86102809193148  18.0378851069555 16.04408912709195 23.08969609059269
5.663664758372198 13.43959333950059 16.04408912709195 21.74401099371243 26.69682358402593
6.568115393882119  18.9449921283624 23.08969609059269 26.69682358402593 45.38110006393615

cov.inverse():
   3.770468353064063   -14.34284462167293    10.55736851664037  0.02403328074699445  0.05623848691530674
  -14.34284462167294    56.83245958356081   -42.43239514251933 -0.02891846368550694 -0.04323168745478832
   10.55736851664038   -42.43239514251933    32.02201302700993 -0.07228286813423096 -0.06411146336853175
 0.02403328074699497 -0.02891846368550885 -0.07228286813422961   0.1988779053525705 -0.07162479944198241
 0.05623848691530507 -0.04323168745478172 -0.06411146336853669 -0.07162479944198241   0.1066988667113449

cov*(cov_.inverse()):
    0.9999999999999956 -2.337019466835955e-14  3.114175584073564e-14 -5.551115123125783e-17                      0
 3.819167204710538e-14     0.9999999999999739  1.645350522494482e-13                      0                      0
 -3.68594044175552e-14  1.988409437103655e-13      1.000000000000024  4.440892098500626e-16 -4.440892098500626e-16
 1.354472090042691e-14  1.332267629550188e-14  8.570921750106208e-14      1.000000000000001 -8.881784197001252e-16
 -4.75175454539567e-14  2.688960165642129e-13 -1.998401444325282e-14  4.440892098500626e-16                      1
