4
2

0.03482044087020278
 0.5399721096804683
   4.50651437457404
   8.54525706947986

   -0.4383321385925609     0.8157954472512234    -0.3772833138769591 -0.0001599720873638919
    0.5621185362546339   -0.05753243994828201    -0.7775945302986882     0.2757888975323476
   -0.6079474798384451    -0.4078715744807609    -0.1758946936286508     0.6581046248446761
    0.3496963672014672      0.405966236685219     0.4712378425730108     0.7005988589520197

31.45803153025271
48.97843180752218
69.30179074666336
132.1488273265655

1.359830506410396
0.614949126361919

  -0.03537214119558418 -0.0009824240808779189    0.03630031185832359  5.723941978401153e-05
     1.617260296966128     0.3661392441979446      -0.98125257821152  -0.002115453635610304

 1.221893755618085e-06    -0.0140064201347714      0.315957121988073     0.3196762493753026
-4.848867074988664e-05     0.4812245178797564     -19.52358282899861      18.27761074718759

cov:
16.52806060848595 15.39244630256832  14.0776690208156 9.809861978015672
15.39244630256832 15.41486350156394 15.43914772671145 15.31278981757474
 14.0776690208156 15.43914772671145 17.02030899336064  21.6945251351875
9.809861978015672 15.31278981757474  21.6945251351875 44.65963943066257

cov.inverse():
   159.570314527451  -295.0248003111943   134.9046297949736  0.5731823010786788
 -295.0248003111955   548.9228027736593  -253.6922696701712 -0.1713765032116329
  134.9046297949753  -253.6922696701732   119.4779625146199 -0.6869078198267596
 0.5731823010783094  -0.171376503210945 -0.6869078198270782  0.2889309506036118

cov*(cov_.inverse()):
     1.000000000000102 -9.121592370320286e-13 -2.886579864025407e-13                      0
 2.131628207280301e-14     0.9999999999988813 -4.867217739956686e-13  8.881784197001252e-16
 8.704148513061227e-14 -9.019451852054772e-13     0.9999999999997105                      0
  1.49213974509621e-13  9.086065233532281e-13 -3.410605131648481e-13                      1
