5
2

0.1935234522354308
0.1938724418459236
0.1944167434171183
 2.570137014051726
 24.74465310641641

 0.4742291631347372 -0.7639031560696412  0.3477664414066913 -0.2148241910923275  0.1564216677197317
-0.1601933324903342  0.3263789235260586  0.2657409517573331 -0.8090903215340977  0.3775837558245452
 0.4522857035334638 0.04833711747460687 -0.7782635170579357 -0.1334829934594598  0.4118122799616351
-0.6784484816355042 -0.4271593028893932 -0.1576831660864642   0.167648616897287  0.5516090536846742
  0.290843767689609  0.3537332603164512  0.4217607923218965  0.5032888338031215  0.5992502542102975

130.2047436596484
156.9801881025342
186.0523952488223
220.8424798736484
 261.820528930761

  4.803389348252033
-0.4774120751055625

 -0.02726654402333865  -0.01528999006187118 -0.002070188761635968   0.01323773487080745   0.03141014866874978
    1.279126442744294    0.8076597439971971    0.2814544811759129   -0.3257640903391778    -1.048038006187674

 3.706980416118992e-06 -8.685168402732775e-07 -1.104140971266262e-05     0.2966051807317352      6.902395071461991
-0.0002414931651307974  5.036661678619455e-05  0.0003936208849870057      -12.4840804801413     -9.528540888880965

cov:
54.85196344888531 64.89352062954354 75.80637244987687 88.87463991544185 104.2517669662181
64.89352062954354  77.8463672133765 91.78603420695904 108.5303192409122 128.2361470800311
75.80637244987687 91.78603420695904 109.1111883464545 129.7893595046452 154.1714635307216
88.87463991544185 108.5303192409122 129.7893595046452 155.3074975951288 185.2626053151978
104.2517669662181 128.2361470800311 154.1714635307216 185.2626053151978 221.8992807444305

cov.inverse():
  12.16951873534208  -10.44154440187216  -6.025207404356472 -0.8861121845014486   5.242775388808925
 -10.44154440187156   18.50522680248096  -5.770762530327969  -2.825092377643205  0.5794581508100709
 -6.025207404358945  -5.770762530326853   21.13672753155896  -4.970400804508889   -4.36996434232706
 -0.886112184498466  -2.825092377643366  -4.970400804513823   19.12485286257324  -10.46496577553165
  5.242775388807807  0.5794581508097054  -4.369964342323456  -10.46496577553377   8.979815242815661

cov*(cov_.inverse()):
                     1  -1.35003119794419e-13  5.684341886080801e-14 -2.273736754432321e-13   1.13686837721616e-13
                     0     0.9999999999999574   1.13686837721616e-13 -2.273736754432321e-13                      0
                     0  -1.84741111297626e-13     0.9999999999998863 -2.273736754432321e-13                      0
  1.13686837721616e-13 -2.273736754432321e-13 -3.410605131648481e-13                      1  2.273736754432321e-13
                     0  -1.70530256582424e-13                      0                      0                      1
