4
2

0.4305799605485381
 1.404518186568384
 3.903449659531535
 7.733231597686933

  -0.4747031755199269    0.8429774184380908   -0.1806738648504339   -0.1772086953700539
  -0.3241707315863865  -0.09437478660582954    0.8358845860176303    -0.432785969382079
  -0.7404944544516313   -0.2910258326980809 -0.006403748230822198    0.6057482312292503
   0.3481927553244392    0.4424776111386252    0.5182787912183348    0.6437099217457288

31.44544155502601
69.14952506395258
93.08385418182587
132.1747892207917

 1.355256206596215
0.7093847237420899

 -0.03587205739530515   0.03575352314725754   5.6805599616995e-05 5.669034365337515e-05
    1.812262760675116   -0.8074666141859338 -0.002417031953684978 -0.002167695239174677

0.008741138089578396  0.01632856626822498   0.2467137132737598   0.2030711904905872
 -0.2855409778398244   -1.010718413052422    -16.8866887526894    16.21152983257221

cov:
15.85436294646085 12.48344172414528 10.34570130511289 6.861710380800027
12.48344172414528 13.14841405964736 13.55894107595698 14.40027061393156
10.34570130511289 13.55894107595698 17.44881120567985 19.18470473555339
6.861710380800027 14.40027061393156 19.18470473555339 30.74627241499976

cov.inverse():
    1.306734348872735    -2.126164215701358    0.3285716873828941    0.4991615378636408
   -2.126164215701357     3.846218922189386   -0.8575252094764672   -0.7918391528597398
   0.3285716873828943   -0.8575252094764678    0.5347546971049553 -0.005369094864684132
   0.4991615378636406   -0.7918391528597396 -0.005369094864684282    0.2953398888470669

cov*(cov_.inverse()):
    0.9999999999999996 -3.552713678800501e-15  1.318389841742373e-16 -4.440892098500626e-16
 2.664535259100376e-15     0.9999999999999964    1.1518563880486e-15                      0
  1.77635683940025e-15  -1.06581410364015e-14      1.000000000000002  8.881784197001252e-16
 3.552713678800501e-15                      0  7.494005416219807e-16                      1
