5
2

0.8284721974353194
 1.377917999954284
   2.2573993203108
 3.782098081548103
   5.7611632836098

  0.3986171169725468  -0.8334465627016551  0.07642862183493591   0.3324048603301388   0.1735998150073975
-0.06835134962059475   0.2984253528929159  -0.2013867109758655   0.9256662477721161 -0.09410521841851309
  0.4182683033894177   0.1259778099564715  -0.8286359890755294  -0.1582624534094332   0.3122444734946564
 -0.8050186390781809  -0.4011833569443289  -0.4190971003696018 -0.00871740624938273   0.1236063596165961
  0.1158840117444555  -0.1987225235874978  -0.3021954276248179 -0.08675257479465411  -0.9209952055956524

51.22555396202992
 129.149669704388
154.6868149063731
187.5972457285537
222.2966006644004

2.200881295793303
1.282538171141015

  -0.02818176737845916    0.02803432285158789  2.831729541967216e-05  3.471419967798035e-05  4.040928774690609e-05
     1.639667171716173    -0.6359606432767212 -0.0005459708216971476  -0.001183145554269831 -0.0009857004434056793

-0.02373325660654145  0.01958473875193536 -0.04215379499993402   0.1635373648897991  -0.2949237401530546
  0.8119934894032024  -0.5748238983826727    3.088268332492782   -15.22987376665302    10.54034613962503

cov:
  10.72511848770809   3.857115278397783   1.944514471422616 -0.5998042025848636  -4.240544613372223
  3.857115278397783   4.339714254957037   3.708482264080552   0.854967341953612   5.413189715928264
  1.944514471422616   3.708482264080552   9.123522367058589   1.254178170796691   7.223336638612764
-0.5998042025848636   0.854967341953612   1.254178170796691   2.081237601277747   2.258900252172663
 -4.240544613372223   5.413189715928264   7.223336638612764   2.258900252172663   28.90655145572304

cov.inverse():
  0.3140044550709059  -0.4625551026586309 0.006153290536199854   0.1469226277900478   0.1196655222136445
  -0.462555102658631    1.074506108777087  -0.1313815069283759   -0.261290571540908  -0.2158247339078543
0.006153290536199879  -0.1313815069283759   0.1796460474406883 -0.03438905612874234 -0.01669780999067923
  0.1469226277900479   -0.261290571540908 -0.03438905612874237   0.6174264556690198  0.03082852503696493
  0.1196655222136445  -0.2158247339078543 -0.01669780999067925  0.03082852503696497  0.09432887764384995

cov*(cov_.inverse()):
    0.9999999999999998                      0                      0 -1.387778780781446e-16  5.551115123125783e-17
-5.551115123125783e-16                      1  -9.71445146547012e-17 -1.387778780781446e-16                      0
-5.551115123125783e-16                      0                      1                      0                      0
-5.551115123125783e-17  2.220446049250313e-16                      0     0.9999999999999999 -8.326672684688674e-17
                     0                      0 -2.775557561562891e-16  1.110223024625157e-16                      1
