5
2

0.1718082869409502
 1.406971657073822
 1.959917763854119
 4.731728386163015
 9.873187027256868

  -0.622795977412631   0.7768121003533172 -0.06760483310300745 -0.03895705110364695 -0.05099084205753866
 -0.2522449846492178  -0.1563257632433191   0.8798210330734324  -0.2320576419483202  -0.2898256787116936
 -0.1011612792669025 -0.08083648711924496 -0.02248813753879115   0.8037961427629975  -0.5802050520950914
 -0.6984191742223467  -0.5322487211372539  -0.1070240833290474   0.1692432886909899    0.434539423697056
  0.2246657314625919   0.2868832126302282    0.457585692040657   0.5195190748135033   0.6228471696667912

34.00596857684428
53.43626653853715
103.0655962559568
131.2475642015861
 156.147410597094

  1.509137342027768
-0.2330883159767473

 -0.07566323058846937   0.07496489931650917 0.0003064625018556026 0.0001749867955167378 0.0002331690146545984
    2.707084590182488    -1.688055738389248 -0.008252106992132233 -0.004601605465284993 -0.006715816339524922

0.003108755582985409  0.01490253795146169 0.006118257121931358   0.2920189327810006   0.4760531024902491
-0.08844161913460451  -0.8377696053657171   -0.526302176644298   -22.27793817474857    11.07026588777613

cov:
16.01821769579825 14.70085859079083 11.26549785268393 8.535436340366394 7.216776426373396
14.70085859079083 14.45669417871613 13.80506644810137 12.33303388343674 12.50855048792006
11.26549785268393 13.80506644810137 22.20166237533585 22.29427876597575 26.28653286465541
8.535436340366394 12.33303388343674 22.29427876597575 29.53956300422933 31.53094062745503
7.216776426373396 12.50855048792006 26.28653286465541 31.53094062745503 43.50330331387612

cov.inverse():
    13.19735335436409     -16.3504837565565     1.319255216263771    0.8262661449683582     1.115936145896426
   -16.35048375655651     20.47050187934991    -1.844236057857833    -1.026296496280392    -1.315299081738855
    1.319255216263783    -1.844236057857847    0.5486626770089394  -0.01699144140872806 -0.007786384906748539
   0.8262661449683572    -1.026296496280391  -0.01699144140872886    0.2508618616213155  -0.01353370512665543
    1.115936145896421    -1.315299081738848 -0.007786384906750091  -0.01353370512665567    0.2305671075779856

cov*(cov_.inverse()):
     1.000000000000018 -3.375077994860476e-14  1.720845688168993e-15 -3.747002708109903e-16  -1.77635683940025e-15
-1.598721155460225e-14     0.9999999999999964  4.996003610813204e-16  1.387778780781446e-16 -3.108624468950438e-15
 7.105427357601002e-15 -4.973799150320701e-14      1.000000000000003   1.77635683940025e-15   1.77635683940025e-15
 2.842170943040401e-14   -1.4210854715202e-14  2.164934898019055e-15      1.000000000000001 -8.881784197001252e-16
 2.131628207280301e-14                      0  1.831867990631508e-15 -5.551115123125783e-16      1.000000000000002
