6
2

0.04418557326328919
 0.1145779266060082
  1.366963424609671
  3.878440871847616
  5.184052031950142
  8.796595699548959

   -0.4435497067581443     0.8476980470686034    -0.1610259443365851     -0.242367859309361 -0.0002112467167275659 -0.0003162751557067344
   -0.1829694535716086   -0.09461803761073573     0.8168631840721887     -0.538798526947799 -0.0004076103986457238 -0.0003545962368728786
   -0.5481525111911929   -0.03214613694503519     0.3206354452252215     0.6782681142012537    -0.2499840204692793    -0.2704601937206568
    0.6078813672919711     0.3885720372736498     0.2391525557302158    0.08850779318499384    -0.6084648283931893    -0.2103211672417295
   -0.1728237421026662   -0.09681256145101103   -0.04516839581882069   0.007075733568611161    -0.5347199517286216     0.8202094886965677
    0.2644368707917555     0.3332584186912307     0.3804786014088585     0.4278114513784593     0.5304270963764854     0.4581183898364153

66.69659171422978
104.7645791172167
130.7163949459804
156.7823874002307
187.6336804213672
218.2245639824427

  2.957778316704133
-0.4123581344362555

  -0.06005301035617969    0.04391848174940172   0.006104342487176347   0.009972615057611014  2.468335797075174e-05  1.175809255811672e-05
     2.281740612324828    -0.8443656381783332    -0.1590203760427175    -0.2770325337233718 -0.0005176059656712556  -0.000312232328900236

0.0001180518874844592 8.461788614230253e-05   0.07515170437046077    -0.257442720183837    0.1590429649363669    0.4150222304471778
-0.003192276847212717 -0.004177748592780015    -2.732390643733404     14.99359170671751    -8.259861187713604     11.03016572661319

cov:
12.33434180404439 10.85433053137956 9.851751662574467 8.837161619437294  8.02949304908239 3.918459435114087
10.85433053137956 11.12047136458444   11.306446194895 11.49066325707936  11.5281761680995 8.466670210518805
9.851751662574467   11.306446194895 12.31792172425554 13.30588060989745 13.92696276149512 11.57339211266904
8.837161619437294 11.49066325707936 13.30588060989745 15.14505637756706 16.33071244872903  14.6987675492792
 8.02949304908239  11.5281761680995 13.92696276149512 16.33071244872903 35.14106336580686 9.067949659975501
3.918459435114087 8.466670210518805 11.57339211266904  14.6987675492792 9.067949659975501 35.12160980182007

cov.inverse():
   103.5056942913588   -191.2394065069491    25.11519958482673    62.37793709341565   0.1076686956895864   0.1439266923955953
  -191.2394065069473    368.7566497040283   -75.80082267404607   -101.3580802124031  -0.0959900678435484  -0.1365298332879748
   25.11519958482316   -75.80082267403986    64.16902926468126   -13.41563646833133  -0.0570017350943552 -0.04485699406120881
   62.37793709341744   -101.3580802124075    -13.4156364683287    52.44995741629366 -0.04857530461394333 -0.04284570528300811
  0.1076686956895856 -0.09599006784354523 -0.05700173509435873 -0.04857530461394216  0.07236679500039359  0.03155615377732017
  0.1439266923956003  -0.1365298332879807 -0.04485699406121405 -0.04284570528300197  0.03155615377732019  0.06989312876619945

cov*(cov_.inverse()):
     1.000000000000101 -1.766364832178624e-13  1.879052469178077e-14 -8.071321389024888e-14 -2.220446049250313e-16  -3.33066907387547e-16
-5.440092820663267e-14      0.999999999999966 -9.992007221626409e-15  8.387734951043058e-14 -2.775557561562891e-16                      0
 2.040589919261038e-13 -2.104982854689297e-13      1.000000000000047 -3.508304757815495e-14  3.885780586188048e-16  1.110223024625157e-16
 2.646771690706373e-13 -7.593925488436071e-14  1.161293283757914e-13      0.999999999999961  2.775557561562891e-16  2.220446049250313e-16
 4.927169783286445e-13 -3.017586180931175e-13  1.181277298201167e-13  6.655787032627813e-14                      1  1.110223024625157e-16
 3.144151605738443e-13 -4.209965709378594e-13  1.094679902280404e-13  1.425526363618701e-13  2.220446049250313e-16                      1
