4
2

0.3517900419534158
 2.073780968053685
 3.448038032262108
 11.10398869360479

-0.5812562442150433  0.7921900356875718  -0.107337055656012 -0.1518383429883365
-0.2012513824942203 -0.1358552263714559   0.820108809412831 -0.5181339394743353
-0.7358422424589662 -0.4306428756853096 0.07484065319906692  0.5171864117155286
 0.2831523508963805  0.4105179879693104  0.5570450375286577  0.6640787256795523

62.85052116089346
88.44311081442608
131.2461683295795
156.2374186353885

1.711460461345096
1.953912792796392

  -0.0671207875560409   0.06689083583631245 5.238380823621713e-05 0.0001554246525746093
    3.371120442705504    -2.355554809485802 -0.008833586694258738  -0.00844086182622791

0.01138253012487416 0.01884986593530237  0.2457277281522192   1.058749598346085
-0.4731574602368059  -1.553791697683542  -17.49148159740479  -2.833776444926925

cov:
16.53893289319772    18.16015259263  18.0908962471324 19.11931072674264
   18.16015259263 23.14077991661682 27.32269487791641 31.25308804294589
 18.0908962471324 27.32269487791641 41.21992928398191 44.24559618570813
19.11931072674264 31.25308804294589 44.24559618570813  58.7122128229119

cov.inverse():
  2.785646270908366  -3.686791126716879  0.4624078593318517  0.7069135642874941
  -3.68679112671688   5.092234563422795  -0.713850893404231  -0.972104250532418
 0.4624078593318544 -0.7138508934042346  0.2524769911928543 0.03914228687776633
 0.7069135642874916 -0.9721042505324149 0.03914228687776524  0.2747926716019639

cov*(cov_.inverse()):
    1.000000000000011                     0 1.665334536937735e-15 3.552713678800501e-15
3.552713678800501e-15                     1 2.442490654175344e-15  1.77635683940025e-15
  1.4210854715202e-14                     0                     1 3.552713678800501e-15
                    0                     0                     0                     1
