4
2

0.03859291665952617
  0.468380201744742
  4.415627035914988
  33.81986838703335

 -0.4381084142517286   0.8157134497273471  -0.3777202413727545 6.74763293080535e-05
  0.5287049309318561 -0.07536327056109203  -0.7759241483904979   0.3357576349141713
 -0.6927296328114664   -0.467709718649478  -0.2064811355829861   0.5086637549050231
  0.2205850611330425    0.331933072267698   0.4611232761964522   0.7927975722022043

22.15420416192157
34.71870110130221
49.29631712435514
86.48369805886244

 0.9755403528815888
0.02946018769215847

  -0.03557563098248379 -0.0004417380574061446    0.03591997239090024  0.0001153495234166631
     1.631522426069369     0.3342068834472618    -0.9621114016983776  -0.004059491201134323

  2.46938566362854e-06   -0.01022489990574867     0.3410699931177191      9.906199031898955
-0.0001173031705281153     0.3471841164854148     -21.25105548038342      27.39758976607091

cov:
65.07203818252535  90.0551604703943 119.0412418575841 193.1926447306723
 90.0551604703943 130.2889865411229 176.9651964855554   296.34898088085
119.0412418575841 176.9651964855554 244.1716018790557 416.0364200298182
193.1926447306723   296.34898088085 416.0364200298182 723.9695026604601

cov.inverse():
    130.167690593412   -240.1056952155649    109.2432301326574   0.7714072176506354
  -240.1056952155525    446.7825573949287   -206.5960575713043 -0.09035891879096968
   109.2432301326403   -206.5960575712833      98.537868877482   -1.209718965967314
  0.7714072176553435 -0.09035891879973175   -1.209718965963259   0.5276944945805707

cov*(cov_.inverse()):
     1.000000000001165  4.561684363579843e-12  3.240074875066057e-12   -1.4210854715202e-14
-5.627498467219993e-12      1.000000000005713  1.932676241267473e-12                      0
-3.296918293926865e-12  1.167421714853845e-11      1.000000000001194                      0
 3.410605131648481e-13 -1.021760454023024e-11  2.614797267597169e-12                      1
