4
2

0.2757541300123882
 1.353491833664252
 3.357221490590403
 7.894941207007937

  0.5802288655370037  -0.7998015699040164   0.1002778106654638    0.116603057699421
  0.3425643138761159   0.1923140691895717  -0.8516592604363767   0.3469027151281732
 -0.6357032627328641  -0.3711158049654981 -0.06507207340663773   0.6737358876578884
  0.3766503898936242   0.4308199239538839   0.5102807953114307   0.6419830113435122

48.91988820151183
69.15326626345104
93.09451937938796
132.1770399986452

 1.355587724416059
0.6986364752523466

 -0.06684171445051809   0.06648492047731501 0.0001540085823404239 0.0001905460246260909
    3.376152347782957    -2.360228056616925 -0.007026706644175901 -0.008286737336215128

-0.006989671722076039   -0.0186430362967797    0.2021582969419478     0.228625891252746
   0.2923739120253809     1.292898935634752    -14.37539103985235     15.32636543321867

cov:
13.63786560576553 12.85864496269605 11.91588513814747    10.46716175244
12.85864496269605 13.23753487418753  13.6686345035258 14.53620773026658
11.91588513814747  13.6686345035258 17.60715432600985 19.38433806420677
   10.46716175244 14.53620773026658 19.38433806420677  31.0264584770458

cov.inverse():
    4.529648532951199    -6.043421070662419    0.6126712589177364    0.9204928569131052
   -6.043421070662419     8.447796688091225    -1.138470401483997    -1.207774536229745
   0.6126712589177377    -1.138470401483999    0.5327259560718158 -0.006137566285444093
   0.9204928569131047    -1.207774536229745  -0.00613756628544443    0.2913799069637228

cov*(cov_.inverse()):
     0.999999999999984  7.105427357601002e-15 -3.191891195797325e-16  -1.77635683940025e-15
                     0      1.000000000000004  2.220446049250313e-16 -8.881784197001252e-16
 -1.06581410364015e-14  3.552713678800501e-15     0.9999999999999982                      0
-3.552713678800501e-15  7.105427357601002e-15  -3.33066907387547e-16                      1
