4
2

0.1546855591656181
0.1685080330759574
 2.686316464321709
 23.53212446761458

 -0.4117143085940857   0.8172621644941238 -0.00362205059421482  -0.4031882480117278
-0.09079671028556895  -0.2740645109785466   0.8339419946731698  -0.4703034666509946
 -0.8633475109243325  -0.2132132734444563  0.08893345481623932    0.448622353458126
  0.2772694734026314   0.4599035750410836   0.5446269098056722   0.6441986261231724

 93.7976448352601
157.8160760472454
187.5816694335946
222.4592148577978

    4.1588224192663
-0.2546085866720773

-0.03629988797096379 0.001051872098918354  0.01174227349657048  0.02359511389307866
   1.804079697792004  0.01421585752527292  -0.2827373409579657  -0.5375880072711121

 0.000149524544029507 4.836060789403392e-05    0.3084585676530671     6.652887111169744
 -0.01228382121260519 -0.004277916171713394    -13.18343361778168     3.574156295237571

cov:
47.95532185217326 71.93506003107679 83.06636887442303 96.12108395780005
71.93506003107679 117.4728496717078 138.5603402177614 163.3678424644101
83.06636887442303 138.5603402177614 164.3325287283752 194.5626571494279
96.12108395780005 163.3678424644101 194.5626571494279 231.2688004329591

cov.inverse():
  7.47798877204391 -13.16024992653276 -2.614685954931677  8.388029399417778
-13.16024992653237  30.56599251550867  -8.17499054142772 -9.244545204688139
-2.614685954932411 -8.174990541426283  24.49453065865803 -13.74532124310914
 8.388029399418127 -9.244545204689185 -13.74532124310844  14.61209270173076

cov*(cov_.inverse()):
                     1 -3.410605131648481e-13                      0 -2.273736754432321e-13
-2.273736754432321e-13     0.9999999999997726 -4.547473508864641e-13                      0
-2.273736754432321e-13 -9.094947017729282e-13     0.9999999999995453                      0
                     0                      0                      0                      1
