4
2

0.4015744607699751
 1.332272651738127
 3.846618992164287
 36.04733334178673

-0.4536110764834262  0.8431806664429335 -0.1574958207022081 -0.2418231202547337
-0.2117463319708921 -0.1084563831369717  0.8224854183428858 -0.5166415009143643
-0.8434775255051296 -0.3317910431036093 0.00444116022929395  0.4224223523676032
 0.1947977057261276  0.4088988633023027   0.546528205283573  0.7043880281942887

22.81085673812795
50.72065630510929
68.56759949571317
88.99993913845084

  1.003361477678484
0.05611880137299286

 -0.03580175936078601   0.03564627081119864 6.287392871263606e-05 0.0001045978129632944
    1.810056083558014   -0.8044073745822335 -0.001928742021325374 -0.004042652075474532

0.007460163647520887 0.006589501541679582   0.2724820148049997    10.01800966975079
 -0.2415771362577629    -0.52454645089691    -18.6666848676053    25.69168404889801

cov:
59.94739346548988 107.6213529658239 137.9853561579838 173.2360236226453
107.6213529658239 219.0235606824766  290.183843577383 372.2533989191739
137.9853561579838  290.183843577383  389.329860421279 499.5109349062072
173.2360236226453 372.2533989191739 499.5109349062072 647.8421166216353

cov.inverse():
    1.349326931169661    -2.339853870143459    0.3447258110544652    0.7178789398124458
   -2.339853870143441     4.422881156668261   -0.8736731019953974    -1.242087037316616
   0.3447258110544302    -0.873673101995338     0.535176168378422 -0.002805460072345212
   0.7178789398124631    -1.242087037316657 -0.002805460072320292     0.525452078012088

cov*(cov_.inverse()):
    0.9999999999999858 -2.842170943040401e-14 -5.384581669432009e-15                      0
                     0      1.000000000000057  -3.26405569239796e-14  2.842170943040401e-14
 5.684341886080801e-14   1.13686837721616e-13     0.9999999999999813                      0
                     0                      0 -1.287858708565182e-14                      1
