5
2

0.8175950462461017
 3.056680174289844
 4.077762822450584
 5.169876258676023
 11.33058080307538

 -0.4364884138661558   0.8669209034918592 -0.09137256749515831  -0.1283658435131648  -0.1819320636335465
 -0.5648018983084384  -0.2276445296844934   0.6207201585330033   0.3830508724285997  -0.3116974457616885
 -0.6726542942734874  -0.3047746123127407  -0.2503374151542354  -0.3389272124845638    0.526410637522072
 -0.1490040960816849 -0.03018789680359229  -0.6252140077915398   0.7654019511660077 -0.01240031652680199
  0.1257404468502766   0.3206668703963307   0.3908914961152806   0.3688935308995725   0.7697294975387906

66.86282351956679
156.7195074691816
187.6321017073394
218.2221431072342
260.6695105270766

 2.957465991174641
-0.244984347765878

 -0.03283545398138202   0.03258027747228817  5.86864273028247e-05  6.16892558227152e-05 7.161070209931591e-05
    1.746115643659495   -0.7405291451238896 -0.001235350054610325 -0.001407234544908296 -0.001585331089790287

0.02844338413464658  0.1043322804230181  0.2021877365212298   0.104738183823091   0.824147181758267
-0.9382243777093532   -7.64696010553789  -15.77821895474269  -6.364072270531204  -2.584085142197734

cov:
13.25473190661143  9.65395251356105 8.351095353174312   4.7137007369555 8.285031641189271
 9.65395251356105 15.75665076506763  16.4921042839584  15.3975070529364 29.58790281911966
8.351095353174312  16.4921042839584 34.71147205929664 9.362321964420696 34.84704033624202
  4.7137007369555  15.3975070529364 9.362321964420696 36.42069729677207 32.13353144209563
8.285031641189271 29.58790281911966 34.84704033624202 32.13353144209563 81.60603482099744

cov.inverse():
   0.3473226137033351   -0.5395047981282048   0.03613663229393774   0.07046899653415935    0.1171673677715199
  -0.5395047981282048     1.136268260189638   -0.1273527480251572   -0.1695400985166362   -0.2360633272329341
  0.03613663229393772   -0.1273527480251572   0.07331127880421505   0.03131577774891624 -0.001130553988659414
  0.07046899653415929   -0.1695400985166361   0.03131577774891624   0.07024155743504579   0.01328488304162528
   0.1171673677715199   -0.2360633272329341 -0.001130553988659417    0.0132848830416253   0.08119975077923637

cov*(cov_.inverse()):
    0.9999999999999996 -6.661338147750939e-16 -1.214306433183765e-17 -2.081668171172169e-16                      0
 -1.77635683940025e-15     0.9999999999999991 -1.595945597898663e-16  3.885780586188048e-16  4.440892098500626e-16
                     0                      0                      1   3.33066907387547e-16                      0
-3.552713678800501e-15 -8.881784197001252e-16  -2.42861286636753e-16     0.9999999999999998 -4.440892098500626e-16
-3.552713678800501e-15  3.552713678800501e-15 -8.881784197001252e-16 -1.110223024625157e-15     0.9999999999999991
