5
2

0.1197901673204085
 1.250217120074074
 3.727365631512799
 4.597790437152392
 19.99523483412737

   -0.2355218431092211     0.7950175394793085    -0.5589957352131401 -0.0004778225220186698 -0.0003362110354493155
   -0.6587438347177083     0.2640577334881664     0.6533646259490784    -0.1701003017421511    -0.2012725180250672
    0.2621193241607296     0.1617615017782819     0.1200643669953784    -0.8313702848706609     0.4466930418710738
   -0.6371397834926366    -0.4011713883937256    -0.3024537137531666  -0.008603159666739826     0.5844331870332777
    0.1895583757904751     0.3333397050788348      0.393376069921467     0.5289755137156085      0.646832618757034

 70.3040940732967
131.3905316391577
156.8446516973549
220.0015882487085
262.5835740188828

 3.092449681265724
0.1392332954634271

  -0.04079197004867241    0.01638429688234306    0.02439842551453751 -7.962545822039245e-05  3.101495416012352e-05
     1.923355721636187    -0.3603223313023056    -0.5627698079004916   0.001772367696451843 -0.0007455075899900077

0.0001290698871294272   0.07369157616019374  -0.06991893210309007    0.2548745867147008     2.920517991407471
-0.006096743597154631    -2.704048396740183     5.230634071956288    -19.26109036445201     9.416947941749385

cov:
24.58131923703363 30.98075250441505 33.65300075795252 37.35301210123196  42.9839172198085
30.98075250441505 48.30875134929049 55.52427374070018 68.63214364197262 82.16936069257473
33.65300075795252 55.52427374070018 64.67422327367245 81.68936719948685 98.53373965705076
37.35301210123196 68.63214364197262 81.68936719948685 121.5221910418613 131.5859594954755
 42.9839172198085 82.16936069257473 98.53373965705076 131.5859594954755 177.3332551565082

cov.inverse():
     4.16749345967623    -13.14463525549229     8.911022816977761   0.06435613932391841   0.08146421783565304
    -13.1446352554923     44.10085068800925     -30.8522741981091  -0.06428480476203534  -0.05798045006654396
    8.911022816977775    -30.85227419810911     22.05469010338267  -0.05903068876849065  -0.07490136787254625
  0.06435613932391378  -0.06428480476202081  -0.05903068876850047   0.06897975811481087 -0.004197130388757829
  0.08146421783565419  -0.05798045006654749  -0.07490136787254406 -0.004197130388757668   0.05749153265729199

cov*(cov_.inverse()):
     1.000000000000068 -5.684341886080801e-14 -2.664535259100376e-14  6.938893903907228e-16                      0
 7.638334409421077e-14     0.9999999999996261  3.090860900556436e-13 -7.771561172376096e-16  8.881784197001252e-16
 4.973799150320701e-14   1.49213974509621e-13     0.9999999999998801 -1.554312234475219e-15 -8.881784197001252e-16
 2.486899575160351e-14 -4.005684672847565e-13 -3.375077994860476e-14                      1                      0
 3.375077994860476e-14 -4.085620730620576e-14  1.598721155460225e-14 -1.110223024625157e-15      1.000000000000002
