4
2

0.5379467271362002
 2.557934482759532
 3.555548812584574
 17.16055772246205

 0.5326026822455737 -0.8119995804077172  0.2009825888808575  0.1288295899599932
 0.4017325459509854  0.1231318445950593 -0.8183979060976703   0.392013236594514
-0.6875954087234369 -0.3794068770115653 -0.1021303149166509  0.6106000117538545
 0.2866319910460278  0.4260817432613611  0.5285832621609607  0.6759409624602041

85.26065173980807
131.1484457520007
187.0311751607219
220.8109712272935

2.358601389243551
1.536497831434836

 -0.04808631875395437   0.04745616843160964 0.0002642635939822005 0.0009822673834489022
    2.788917809431374    -1.773066467773378  -0.01628181949588559   -0.0128894107015965

-0.01851080245437894 -0.08705947816056828   0.1976125212545893    2.132296210055926
  0.8450616137947414     5.95644821238841    -15.8168320796362     7.83418792094308

cov:
31.30925415861489 39.46153845178033 43.38460138408456  52.7979522570417
39.46153845178033 55.57223145327733 66.10704609791965 82.17025505515407
43.38460138408456 66.10704609791965 86.80502516515365 102.3367506727515
 52.7979522570417 82.17025505515407 102.3367506727515 140.2725734269043

cov.inverse():
  1.042573538081972  -1.465836527642425  0.3257199867617356  0.2286212307908933
 -1.465836527642424   2.292736612335022  -0.575514985383359 -0.3714571592023236
 0.3257199867617345 -0.5755149853833578  0.2437234148463865  0.0367213801152754
 0.2286212307908934  -0.371457159202324 0.03672138011527566    0.11188252686072

cov*(cov_.inverse()):
     1.000000000000005  3.552713678800501e-15  4.440892098500626e-15  8.881784197001252e-16
-3.552713678800501e-15      1.000000000000004 -3.552713678800501e-15   1.77635683940025e-15
-7.105427357601002e-15  7.105427357601002e-15     0.9999999999999938  -1.77635683940025e-15
-7.105427357601002e-15                      0                      0      1.000000000000004
