6
2

0.1270292604952769
 0.140653710769124
 1.632575014230591
 4.138222795592577
 6.070614859661138
 10.35307882640045

    0.4358487648505561    -0.7263766692486016     -0.201133075981963     0.4918922048798213  0.0003485627090631787  0.0004599761868034544
 -0.006624868819449892     0.4622193837593384    -0.8119554719478973     0.3564232882637175 -0.0003211234246836168   -2.0667741298165e-05
   -0.6211237382014064   -0.01109869244735356     0.2844683361113627     0.6506726263119993    -0.2204781479434434    -0.2473346038595834
    0.5828941119955995     0.3658822724079276     0.2614639323771893     0.1314335795600429     -0.586617729959656    -0.3108151895666361
   -0.1393855669281707   -0.08821615594412872    -0.0632963474900908   -0.03290627921530975      -0.62959119327408     0.7558539886095008
    0.2549576142558892      0.341986940163593     0.3833819864445964     0.4350540457026347     0.4592207855834854     0.5204844354696303

79.49095195291839
131.0156503635554
155.6368470213813
186.1964448167667
222.3847222013988
259.3785370870561

  3.513338085344729
-0.2204495921665556

  -0.04130070087172288   0.008702339829404191    0.01326960533581534    0.01924482904772392  2.229300137590855e-05  2.025212376701325e-05
     1.929480744312587    -0.1819685167101181    -0.2991768788759364    -0.4463512220533448 -0.0005398311355066243 -0.0005186595163863411

-0.0002827844396063262  7.536924774458264e-06     0.1115247381076239    -0.2553378268684613     0.1296139511571527     0.6352719633775589
   0.01313113107787628 -0.0002584396272972342     -4.189091833979835      15.78387715614562     -8.082342739950786      12.89462959257403

cov:
14.53322080600637 13.46438024432607 12.93986838155533 12.29636934895293 10.29295931096866 7.648090931136345
13.46438024432607 15.12833737019553 15.88390832255016 16.85621512194377 15.21106547388532 14.68160758080104
12.93986838155533 15.88390832255016 17.30216032449401 19.02906630360521 17.54571686289221 18.04607302556838
12.29636934895293 16.85621512194377 19.02906630360521 21.75792915174183 20.47507267645654 22.22601360390581
10.29295931096866 15.21106547388532 17.54571686289221 20.47507267645654 43.23414609112012 11.34981542273633
7.648090931136345 14.68160758080104 18.04607302556838 22.22601360390581 11.34981542273633 51.90892119886933

cov.inverse():
   11.94031501148922   -19.75819630794471   -5.216993638270604    13.02076620515783  0.04440908953746953  0.05786974696672745
  -19.75819630794457    43.50605071460058   -9.910743817574048   -13.81336760463412  -0.0318361622819013 -0.02694805478182146
  -5.216993638270842   -9.910743817573586     35.8672398272146   -20.68650867249576 -0.02092939885698759 -0.03546534627784112
   13.02076620515793   -13.81336760463445   -20.68650867249553      21.577563521181 -0.05106100500855395  -0.0476797159951823
 0.04440908953746957 -0.03183616228190141 -0.02092939885698756  -0.0510610050085539  0.05106929171228289  0.02043406565676259
  0.0578697469667285 -0.02694805478182467 -0.03546534627783891 -0.04767971599518233  0.02043406565676259  0.04663678215812982

cov*(cov_.inverse()):
    0.9999999999999919  4.066191827689636e-14  1.204591981718295e-14 -7.038813976123492e-14  1.110223024625157e-16 -1.665334536937735e-16
-1.154631945610163e-14      1.000000000000003 -3.197442310920451e-14   4.04121180963557e-14                      0 -1.110223024625157e-16
 3.419486915845482e-14  5.551115123125783e-15      1.000000000000041  1.365574320288943e-14                      0                      0
-3.663735981263017e-14  1.079136779935652e-13  3.774758283725532e-15     0.9999999999999876  2.220446049250313e-16  2.220446049250313e-16
-4.152234112098085e-14   3.97459842815806e-14 -4.085620730620576e-14  -1.13242748511766e-14                      1  2.220446049250313e-16
-1.731947918415244e-14 -7.216449660063518e-14  8.881784197001252e-15  4.529709940470639e-14  2.220446049250313e-16                      1
