5
2

0.2534245706795243
 2.636769304097285
 2.892504228936412
 4.881094810026832
   13.201163174979

 -0.6335081834113572   0.7692065884430783 -0.04675377555896442  -0.0432981130893768 -0.05411066180045811
  0.1915320920732154   0.1481799079556975   -0.219059774774372  -0.7112681191191386     0.62246979877326
  0.2387159460956179   0.1786068653131807  -0.8349108846498891   0.4505598539519735    0.105042455429169
 -0.6871387544722011  -0.5393013407331072  -0.1846964306975491   0.1354424897864782   0.4295776488993466
  0.1812122193423097   0.2522252777190927   0.4675873637380593   0.5204556523805258   0.6434535818675768

48.07331115719699
75.42122740477791
154.8038003727619
185.5250573868431
220.4186837286976

  2.125318274811131
-0.1468046216892737

 -0.07746245238694992   0.07722432700685153 8.223882690343689e-05 7.084541275788987e-05 0.0001023620322395447
    2.757131783071705    -1.750570708141142 -0.002301850126427904 -0.001971132774244162 -0.002801331750074409

0.006965871791236385 -0.02362574575675918 -0.03952972838816058   0.2768153099012384   0.9727748047987435
 -0.1986366208548113    1.869140268203936    2.896902159749419    -22.6693837855811     9.44251963380248

cov:
 17.7295220999822 17.31699329329103 15.83277159444545 14.17311735695599 14.32847648102763
17.31699329329103 18.47366878437929 21.45054957431623 21.07496664562601 23.55929002375055
15.83277159444545 21.45054957431623 45.08084703735086 39.75034459822216 48.86101175064189
14.17311735695599 21.07496664562601 39.75034459822216 52.85836615081221 57.06549939943915
14.32847648102763 23.55929002375055 48.86101175064189 57.06549939943915 79.33674873483683

cov.inverse():
   6.281043226826411   -7.562489555442719    0.437137610817985   0.4169902485565927   0.5421744973785172
  -7.562489555442718     9.23227802474702  -0.5776014589640939  -0.5264319938322151  -0.6413631304742691
  0.4371376108179856  -0.5776014589640946   0.1269410172669045 0.009315223559666838  0.00769277671778327
  0.4169902485565919  -0.5264319938322142 0.009315223559666738   0.1285434106390342 -0.01718013582551182
  0.5421744973785175  -0.6413631304742695 0.007692776717783237 -0.01718013582551171   0.1127603763296762

cov*(cov_.inverse()):
    0.9999999999999964  -1.06581410364015e-14 -1.665334536937735e-16  2.775557561562891e-17 -1.110223024625157e-15
  -1.4210854715202e-14     0.9999999999999645 -9.159339953157541e-16 -3.885780586188048e-16 -8.881784197001252e-16
-7.105427357601002e-15 -2.842170943040401e-14      1.000000000000001  9.992007221626409e-16  8.881784197001252e-16
-2.486899575160351e-14                      0  7.216449660063518e-16      1.000000000000001                      0
-7.105427357601002e-15 -7.105427357601002e-15  8.881784197001252e-16 -2.220446049250313e-16                      1
