6
2

0.170067556315845
1.190953561537013
1.582272790185135
2.002469083731453
3.647734057688101
4.709535001166867

  -0.6212309860091459    0.7786218584882624  -0.05998444870006796  -0.04606367623459099  -0.03142639294767525  -0.03335339530829014
   0.1442024415849914   0.07512294554706744   -0.8951198419754877    0.3900075873505629 -0.003298726189740611     0.142147344715106
   0.0569600276239996   0.05102665469531406   0.07701440398745636   -0.1384806231738739   -0.6185263939131571    0.7658125321384451
   0.2919044356796173    0.1911142228648506    -0.252230553996546   -0.7851905070659665    0.4078266051151579    0.1783261889169935
  -0.2080620749131439  -0.07914323403400612    0.1941291965400097    0.3246691379284863    0.6687688144763791    0.6000821612086453
    0.679363854300114    0.5854165417654551    0.2965210256890886    0.3235137632874173   0.05340723929125649  -0.01772058625043308

36.99759696755242
58.96441531255212
113.8682267021669
130.5033364128469
154.2644513889734
183.3841113617831

 1.725175640011751
-2.328227498408591

 -0.07706008586229943   0.07644303074096884 0.0002545994427747425 0.0001662547671755017 0.0001032088368438815 0.0001419153263995927
    2.748542886834295     -1.73145344971628 -0.007228757054615897 -0.004370502319526848 -0.003155689485545413 -0.003825469956637377

 0.003105211546592197 -0.007819264397279424 -0.001119815940389808  -0.03212794536325559    0.1362653019578127   -0.1656502402694719
 -0.08835291126928743    0.3836797080171591    0.1684353303550898     1.903460372485647    -5.882074434629382     18.85234175100982

cov:
  11.20318925213005   9.272571607181458   3.464311132240878   3.117683642892044 -0.6576709538312666  -1.580710369366894
  9.272571607181458   7.863129091017034   3.365522173630935    3.27982307393253  0.2216549113497119 -0.6131366850155223
  3.464311132240878   3.365522173630935   3.858113660455513   3.238689683542607   1.551228197678173   1.220396199688876
  3.117683642892044    3.27982307393253   3.238689683542607   6.459941584897794   2.200934168427937    1.71693037242831
-0.6576709538312666  0.2216549113497119   1.551228197678173   2.200934168427937   7.639166669029439   4.424009513333881
 -1.580710369366894 -0.6131366850155223   1.220396199688876    1.71693037242831   4.424009513333881   6.422906398613147

cov.inverse():
    13.40456928909345    -16.68198932065677     1.186827280329608    0.9735668946779887    0.6814604909834496    0.7513215937477338
   -16.68198932065677     20.99096501460514    -1.666002751952211    -1.253039698958228   -0.8419272148165198    -0.870291904871702
    1.186827280329612    -1.666002751952216     0.714336918839699  -0.09640460682620172   0.03304919684887814 0.0003236477634582525
   0.9735668946779871    -1.253039698958226  -0.09640460682620215    0.3546541642006331   0.02059517800928142   0.02931145387008374
   0.6814604909834496   -0.8419272148165199   0.03304919684887789   0.02059517800928153    0.2621844997829657   -0.1050342442210576
   0.7513215937477331   -0.8702919048717012 0.0003236477634580212   0.02931145387008374   -0.1050342442210576    0.3219672845635113

cov*(cov_.inverse()):
     1.000000000000006  1.221245327087672e-14  4.054916125095787e-16 -8.049116928532385e-16  1.221245327087672e-15 -1.110223024625157e-16
 2.386979502944087e-15                      1   1.66159403944266e-15  6.557254739192331e-16  1.429412144204889e-15  3.608224830031759e-16
 1.221245327087672e-15  2.886579864025407e-15                      1 -3.677613769070831e-16  4.163336342344337e-16  2.775557561562891e-16
-2.220446049250313e-16 -8.881784197001252e-16 -1.864827736675068e-17     0.9999999999999999  4.718447854656915e-16  1.110223024625157e-16
-8.881784197001252e-16 -8.881784197001252e-16  3.230922474006803e-17 -5.551115123125783e-17                      1                      0
-2.664535259100376e-15 -2.664535259100376e-15 -1.964574336543734e-16  2.498001805406602e-16   3.33066907387547e-16                      1
