5
2

0.1980831495640554
  1.29241963665881
 1.394390547982502
 3.645612553780327
 7.594188506361012

  0.589160468681343 -0.7981628762428539 0.05116058384514168 0.08697227466299066 0.07512911041323708
 0.2861666146166703  0.2014255973130628 -0.8738595257350192  0.3111921721760623  0.1306344467758054
-0.1884985708417948 -0.1036188226566439  0.1020001715090642   0.773444779354489 -0.5874611192949365
-0.6503357732779608 -0.4077474585444503 -0.1339645832044167  0.2432869120125057   0.577642069915086
 0.3354553347430508  0.3812727388321953  0.4532125101999938  0.4880470337467433  0.5463600740034456

 44.2746152795072
63.00745342907527
85.55391890576411
110.2244788770869
130.6289985200111

  1.251868800055126
-0.2288265901211663

 -0.06565468821629386   0.06499025168335699 0.0001697883938191493 0.0002663816900893218 0.0002287516453849069
    3.327646737540498    -2.300148421197727  -0.00688831278066615  -0.01101425354323136 -0.009612444926247118

-0.003551135306500914 -0.009576228413893523   0.01114208820209839    0.2175943171210129    0.1780171728701948
   0.1488797782095647    0.8189531428689182   -0.7631331187800797    -16.39405213701437     13.00749200146983

cov:
12.33033959949244 11.01629153287343 9.471965615112154 7.206387151589767 5.856797083754658
11.01629153287343 10.70696405209592 10.37534285457691 9.359234391455837 9.043335810886839
9.471965615112154 10.37534285457691 13.38023654631656 12.02251891526382 12.94500416491015
7.206387151589767 9.359234391455837 12.02251891526382 15.84864337939631 16.43059362990245
5.856797083754658 9.043335810886839 12.94500416491015 16.43059362990245 22.34991683679059

cov.inverse():
    8.947588039886881     -11.9180557899349    0.6177912462837006     1.275192489266421     1.182344145992123
    -11.9180557899349     16.28117626343848    -1.144422819286472    -1.777131700587894    -1.495335451795728
   0.6177912462836992     -1.14442281928647    0.5341389082875359 -0.007442844404799933 -0.002730128534998346
    1.275192489266421    -1.777131700587895 -0.007442844404799721    0.5670151310068007  -0.02762392612200274
    1.182344145992123    -1.495335451795728 -0.002730128534998184  -0.02762392612200283    0.3618487703179569

cov*(cov_.inverse()):
     1.00000000000002 8.881784197001252e-15  1.64104840827406e-15 1.471045507628332e-15 3.552713678800501e-15
2.131628207280301e-14     1.000000000000012  3.33066907387547e-16 1.720845688168993e-15 1.332267629550188e-15
1.953992523340276e-14   1.4210854715202e-14     1.000000000000002 8.881784197001252e-16 2.664535259100376e-15
 1.77635683940025e-14   1.4210854715202e-14 1.200428645375951e-15     1.000000000000001 2.664535259100376e-15
2.486899575160351e-14   1.4210854715202e-14 1.609823385706477e-15 1.554312234475219e-15                     1
