6
2

0.04109902610591393
 0.2842380561480467
  1.357476230957211
  1.391122044822925
  5.158043803723571
   57.3108271369704

   -0.4384114334447386      0.815746260140487    -0.3772975648317465 -6.518479031205398e-06 -3.506527104033397e-06 -4.011216892271768e-05
    0.5546844909002918   -0.07403780696781002    -0.8046247837310395    0.07029998043529133     0.1084487960487328     0.1507290532254404
    0.2069470864025606     0.1694698072918061     0.1259021343569265    -0.8024989683604554    -0.1692683318872011     0.4898419929026795
 -0.006511910464675648  -0.003954415621928776  -0.001025952997444353     0.4170526306318851    -0.8127311560402229     0.4067875075812715
   -0.6609104758055049    -0.5031657543259979    -0.3199630776625023    -0.1083995535241376     0.1592212398113082     0.4129689203385028
    0.1429978041850526     0.2171750742910498     0.3033096337002325     0.4066570527699031     0.5231670433407303     0.6334951991958392

9.933452647151466
15.65137378206679
22.29113933654023
30.20049906040233
39.16627145231406
47.67490152582449

 0.4439648803449888
-0.1360017114052754

  -0.03506697772068227 -0.0006779530907534887    0.03541530158315526  6.763306961896651e-05  0.0001119258310220083  0.0001569897093812297
     1.606490475219887     0.3566300525597773    -0.9520970482241448  -0.002116430835887275  -0.003765188236658976  -0.005426319723586848

 2.463785370722248e-06  -0.003866378500199881  -0.005361199421075745  0.0003789198299823054     0.3262086918686405      18.93722052556395
-9.148330830666742e-05     0.1316410657604323     0.5025216007634652   -0.02114173309955978     -24.98688847357487       39.8332477627245

cov:
78.88880963220102 110.9112627184654 148.0970964203323 192.5969098218168 242.8723044565266 290.4673409292096
110.9112627184654 161.7053101183072 220.6832386641828 291.2728086329771 371.0058225034633 446.5042528213724
148.0970964203323 220.6832386641828 304.9716401613725 405.8550978338708 519.7945155426407 627.6943759484261
192.5969098218168 291.2728086329771 405.8550978338708 544.9990979093519 697.9183183830198 844.5591678532186
242.8723044565266 371.0058225034633 519.7945155426407 697.9183183830198 900.9949510712544 1089.529874678295
290.4673409292096 446.5042528213724 627.6943759484261 844.5591678532186 1089.529874678295 1323.436956776065

cov.inverse():
    117.6370607769833    -212.2026213976393     92.42491481420939    0.3955301823932142    0.7252742754299804     1.088675066374212
   -212.2026213976455     394.0484301613353    -181.4565872229037   -0.1401494856438407   -0.1179596811653566   -0.1210517055612605
    92.42491481421918    -181.4565872229166     92.30218029416503    -0.752392063566559    -1.092291820064639    -1.463852590623199
   0.3955301823919309   -0.1401494856414171   -0.7523920635677144    0.5010223882538452  -0.00765182827125074  0.003895049185546079
   0.7252742754276275   -0.1179596811610139    -1.092291820066603 -0.007651828271273706    0.5034803229559212  -0.01093213391044581
     1.08867506637442    -0.121051705561624     -1.46385259062305  0.003895049185553003  -0.01093213391044342    0.5034609858894213

cov*(cov_.inverse()):
     1.000000000002331 -3.467448550509289e-12 -5.684341886080801e-13  2.220446049250313e-15   6.52811138479592e-14 -2.842170943040401e-14
 4.035882739117369e-12     0.9999999999939604 -3.296918293926865e-12  1.887379141862766e-14  5.861977570020827e-14 -8.526512829121202e-14
 4.774847184307873e-12 -8.427036846114788e-12      0.999999999994543  1.820765760385257e-14  7.993605777301127e-15 -5.684341886080801e-14
 7.958078640513122e-12 -8.910205906431656e-12  -7.73070496506989e-12      0.999999999999968  8.704148513061227e-14  -1.70530256582424e-13
-2.955857780762017e-12  2.870592652470805e-11  -1.70530256582424e-11  3.819167204710538e-14      1.000000000000137                      0
                     0  2.046363078989089e-12 -1.818989403545856e-12  6.217248937900877e-15 -3.552713678800501e-15      1.000000000000114
