6
2

0.03894845492136546
 0.1045711798638376
  1.590875283586136
  2.055226182157225
  4.603686299852582
  9.867013218887053

   -0.4876857072811151     0.8365294785979064    -0.1461455717979773    -0.2025402252200272  4.943844255429937e-05  -9.44348269847096e-05
   -0.1490041050537277   -0.08457599077785441     0.8034081409962962    -0.5702455682385312  0.0001612301581578346 -5.788875447305652e-05
   -0.5347055699830304   -0.08750930836734645     0.3630508503565554     0.6641375168651624    -0.2777976031023432    -0.2374363174334193
    0.1179013019783199    0.05532946215381372  -0.007752726425207889   -0.05022606722488518    -0.8326208327625891     0.5359083129262112
   -0.6296268135573823     -0.448761716649955    -0.2669394751446407    -0.1449968825868364     0.2210912753095797     0.5109020120830898
    0.2090926580762067     0.2845329971319367     0.3606301744482556     0.4113053050661182     0.4250760639026702     0.6288126883903068

61.68284354595812
96.41542509490591
131.3206907761731
154.6608411758534
185.9574069699967
222.5396514615873

  2.69887434424621
0.4532621355812301

  -0.05080745174944614     0.0316597620234317   0.007589944382170788    0.01154363404296479  5.634504630347079e-06  3.316726745924026e-06
      2.02297547589046    -0.4983777905179557    -0.2018647002820314    -0.3225927127765092  6.562898439480686e-05 -0.0001283042301528925

7.253466068398448e-05 4.820185045449628e-05   0.08811588836206008   -0.0206133006624413     0.298519401433201    0.5719179266441339
-0.001985190017918829 -0.002597132213299598    -3.354951191298991    0.9655142133908998    -20.12272659815985     7.365032990083763

cov:
13.44129610418703 11.92608382360553 10.40702862846358 9.385053363586476 5.664185410666819 6.571227754793115
11.92608382360553 12.18363996782335 12.44573471970993 12.61430450999456 9.539395550200748 12.73771775480129
10.40702862846358 12.44573471970993 14.51294178155435 15.86825245750508  13.4457047003703 18.95160642889272
9.385053363586476 12.61430450999456 15.86825245750508 18.04642017452745 16.05195728340154 23.09725628402153
5.664185410666819 9.539395550200748  13.4457047003703 16.05195728340154 21.75116289200079 26.69927199349469
6.571227754793115 12.73771775480129 18.95160642889272 23.09725628402153 26.69927199349469  45.3837074305979

cov.inverse():
   158.9489933990017   -267.7445411758559    35.96788367757198    72.74721684177308  0.01170450104630337  0.08244302945842366
  -267.7445411758504    461.9667118622952   -86.81075863478468   -107.2983069460469  0.02127519932899171 -0.04537827079651907
   35.96788367755845   -86.81075863476312    73.16309992883336   -22.28477991421793 -0.03244872268790514 -0.03430435294734158
   72.74721684178115   -107.2983069460631   -22.28477991420986    56.95699356039775  -0.0777226631246114 -0.05389029910940787
 0.01170450104633633  0.02127519932893396 -0.03244872268789235  -0.0777226631245994    0.198783432083494 -0.07150468395633371
 0.08244302945843383 -0.04537827079653246 -0.03430435294734853  -0.0538902991093977 -0.07150468395633368   0.1066512104814232

cov*(cov_.inverse()):
     1.000000000000216  3.470557174978239e-13 -3.164135620181696e-15 -1.273980920757367e-13 -1.110223024625157e-16                      0
-2.045030811359538e-13      1.000000000000538 -5.373479439185758e-14  -2.73225886360251e-13  1.110223024625157e-16 -2.220446049250313e-16
-3.665956427312267e-13   5.10480546722647e-13      1.000000000000154 -2.144950883575802e-13                      0                      0
 3.648192858918264e-13 -1.978417429882029e-13 -1.141309269314661e-13      0.999999999999831 -4.440892098500626e-16  4.440892098500626e-16
 3.059774655866931e-13 -3.017586180931175e-13  2.099431739566171e-13 -6.661338147750939e-14     0.9999999999999998 -4.440892098500626e-16
 6.186162693211372e-13 -3.952393967665557e-13 -1.532107773982716e-14  1.127986593019159e-13 -1.332267629550188e-15                      1
