5
2

0.1359050495121188
 1.320172449437285
 1.426652983383056
 4.572931103362646
 7.386182736269979

   0.6269768866472409   -0.7742324631232352   0.04094289829184852   0.05896484775433083    0.0480718469068223
   0.1638772304689457    0.1324975713797996   -0.8042730666469928    0.5556379015692116 5.931516379949051e-05
  -0.1948134360024639   -0.1328092871628081    0.3626095978992977     0.614066617389046    -0.660186251989471
  -0.6528861127451728   -0.4772539910161764  -0.02665610332866099    0.2677253505281876    0.5230496541280946
   0.3403405439870075    0.3709431330096582    0.4682651439220593    0.4889120525841081    0.5369006109302297

28.18200122801892
 44.2811125463081
85.55884703133499
 110.226910324851
130.6288996882844

  1.251811473953355
-0.2208193010867618

   -0.073699030850943   0.07256961204296974 0.0003096127773058143 0.0004702517800717428 0.0003673938088465186
    2.649906223727947    -1.617947308194004 -0.008752361245317364  -0.01334797500883148  -0.01028534191122166

-0.001890151154256361 -0.004269990989701882  0.009928645168411746    0.2884297771342719    0.1314016257380216
  0.05379362038961452    0.3825693584300689   -0.6226892989799162    -20.21398412989714     15.57878604208045

cov:
15.36441675767349 13.48495848526301 8.685438194168549 5.338535578991793  3.09008028814745
13.48495848526301 12.34745349834174   9.4580139016386 7.183669955827637 5.822936798067599
8.685438194168549   9.4580139016386 13.37243246757926 12.01516109963088 12.93710095563182
5.338535578991793 7.183669955827637 12.01516109963088 15.84522844006893 16.42404460052935
 3.09008028814745 5.822936798067599 12.93710095563182 16.42404460052935 22.33452733974266

cov.inverse():
    21.33951521161837    -26.23921032432799     1.283243088425985     1.989743842430193     1.682030717148233
   -26.23921032432798     32.48640245791726    -1.797255088462213    -2.472299731199561    -1.980277865877224
    1.283243088425986    -1.797255088462216    0.5305596312200441  -0.01244656934345012 -0.007141493614597053
    1.989743842430184     -2.47229973119955  -0.01244656934345056    0.5584582263353034  -0.03418668442824695
    1.682030717148239    -1.980277865877232 -0.007141493614597014  -0.03418668442824539    0.3576210333291435

cov*(cov_.inverse()):
    0.9999999999999929  2.842170943040401e-14  -8.81239525796218e-16 -5.176414852314792e-15  -1.77635683940025e-15
 2.486899575160351e-14     0.9999999999999609 -9.922618282587337e-16 -6.661338147750939e-16                      0
  1.06581410364015e-14                      0      1.000000000000003  2.220446049250313e-15                      0
-7.105427357601002e-15  2.131628207280301e-14 -5.551115123125783e-16     0.9999999999999973 -8.881784197001252e-16
   1.4210854715202e-14    1.4210854715202e-14  7.216449660063518e-16  2.109423746787797e-15      1.000000000000001
