5
2

0.06111311677527256
 0.6819753653011172
  1.049092709892592
  2.698059522167239
  4.104862320673587

    0.1597068018730257    -0.7740058734664291     0.6127047361284601 -9.224392569898808e-05   0.001242212450576795
   -0.4408263744043841     0.3535738787904664     0.5618432546283202    -0.5761149966562146    -0.1818826207283599
    0.3101614857606412    -0.2421691311224299    -0.3872328389595489    -0.8166654217967694     0.1681138957819725
   -0.7756129147024857    -0.4655552213357456    -0.3855814111769039   -0.01102057040163522    -0.1813517709221219
    0.2870371132143754    -0.0226465868281966    -0.1015025484437002   -0.03205679317080088    -0.9517176169503375

48.63047353731956
113.0197513007111
129.4728194429593
187.3533967149283
221.4660805141096

  2.35180632545594
-4.317800645792972

  -0.03517153929481842    0.02984853487024193   0.005229694182204096     3.962127523202e-05  1.385505045388598e-05
     1.784398961554712    -0.6302530017325535    -0.1515533844964329  -0.001538635343305849 -0.0002804328790332322

-9.529675535855108e-05    0.01347419273151656    -0.0222236517180492    0.08272406340419167    -0.1906866867792912
  0.002539458093054498    -0.5086521298339506     0.8430292077601497     -7.513061979128445      9.135357050167869

cov:
   5.96380392649097   2.363416916962878   1.439094478074665 -0.2534823604243241  -3.484417283472409
  2.363416916962878    1.71134408270861   1.539305836624708  0.1725093438345342  0.9030528516224869
  1.439094478074665   1.539305836624708   1.569119225598696  0.2832683982244614   2.017584250481813
-0.2534823604243241  0.1725093438345342  0.2832683982244614  0.9066009893620505  0.4262533378349973
 -3.484417283472409  0.9030528516224869   2.017584250481813  0.4262533378349973   15.54797235855209

cov.inverse():
   7.422092419750721   -33.45193144213456    25.59796593685909   0.3125959195677418   0.2759994111362027
  -33.45193144213454    160.7575305391206   -126.4403290568179  -0.2384183970769038  -0.4198226712006114
   25.59796593685904   -126.4403290568178    101.3516343787607  -0.4229852561017148 -0.05974205108647748
  0.3125959195677488  -0.2384183970769378   -0.422985256101688    1.319706129140315   0.1026113405556888
  0.2759994111362083  -0.4198226712006386 -0.05974205108645587   0.1026113405556888   0.1554939330990544

cov*(cov_.inverse()):
      1.00000000000001 -2.842170943040401e-14  6.328271240363392e-15  2.220446049250313e-16                      0
-8.271161533457416e-15     0.9999999999999978 -2.001870891277235e-14  2.220446049250313e-16                      0
-6.883382752675971e-15 -5.329070518200751e-15     0.9999999999999785  1.665334536937735e-16                      0
 2.359223927328458e-16 -1.029731855339833e-14 -2.289834988289385e-15                      1 -2.775557561562891e-17
  1.77635683940025e-15 -9.414691248821327e-14  2.320366121466577e-14 -4.440892098500626e-16                      1
