5
2

0.1007004759113268
 1.062482329290875
 2.040175880216207
 3.606825220718452
 9.673478549977281

    0.3271357688009692    -0.8113100860837189     0.4845183815886309 -2.231792300239478e-05  0.0002653195642631773
    0.6728593494016147    -0.1451787892063378    -0.6974798598391914     0.1158153645821944     0.1621482702122123
  -0.09984878749744772   -0.06892278084032251   -0.04769343790925362     0.8706195272198554     -0.474369945001154
   -0.5960653775954836     -0.432901276658289    -0.3227294478742117     0.1870277896130521     0.5640645882226955
    0.2738225154385188     0.3585320046136337     0.4151322951501579     0.4400330050854539     0.6561342573478989

96.41776336177131
 131.321840563533
154.6616599372401
185.9590731442484
222.5384186711568

 2.698932571575959
0.4532140952898256

  -0.05412305323513734     0.0190815056705761    0.03500777329416975  7.265588294454606e-06   1.79502494911353e-05
     2.919063582087071    -0.6598087173499779     -1.258382874373287 -0.0001066375990137584 -0.0006929997741188174

-0.0001645278656500369   -0.07179706193991042    0.01006090545788891     0.1653977076830533     0.6147068444534731
  0.008929087635643766      3.316030860539042    -0.7730947428467601      -13.6416211495197      3.728617565663029

cov:
12.19197936402863 12.45929882623198 12.63123933546361 9.550946843188976 12.75867526721674
12.45929882623198 14.51697741827857 15.86923057569775 13.44110696175288 18.94621337473965
12.63123933546361 15.86923057569775 18.04241688217835 16.04449440583696 23.08682319350139
9.550946843188976 13.44110696175288 16.04449440583696 21.74420977611022 26.69197899072572
12.75867526721674 18.94621337473965 23.08682319350139 26.69197899072572 45.39111889720559

cov.inverse():
    10.9849786708328   -26.23689685407323    15.23200023912014  0.04014464261723627  0.09266204823252955
  -26.23689685407324    64.94545597886629   -38.66167168039872 -0.03206298132920387 -0.05048161173081948
   15.23200023912018   -38.66167168039876    23.59168255090179 -0.08528725466012026 -0.09315438841749511
  0.0401446426172351 -0.03206298132920132 -0.08528725466012169   0.1987449495305476 -0.07139292223445931
 0.09266204823252452  -0.0504816117308069 -0.09315438841750265  -0.0713929222344593   0.1064183434376276

cov*(cov_.inverse()):
    0.9999999999999689 -1.496580637194711e-13   2.90878432451791e-14  5.551115123125783e-16 -2.220446049250313e-16
-4.440892098500626e-14      1.000000000000014 -8.282263763703668e-14  4.440892098500626e-16 -4.440892098500626e-16
-3.730349362740526e-14 -1.012523398458143e-13     0.9999999999999827  8.881784197001252e-16 -8.881784197001252e-16
-2.264854970235319e-14 -2.049471703458039e-13  1.048050535246148e-13      1.000000000000001 -4.440892098500626e-16
 1.332267629550188e-14  2.220446049250313e-15 -1.154631945610163e-14                      0                      1
