5
2

0.2203821852411223
 2.236550189162303
 2.388337601761374
 4.830228264152006
 11.31972603750984

  0.6332942557437782  -0.7693458787958236  0.04041645337751294  0.04590329460252226  0.05748653984049839
  0.2078868336938514   0.1627528664724791  -0.4397746515436928  -0.5637795031167926   0.6473372355710292
   0.136197548638963   0.1061312626828841   -0.760718579127171   0.6241722748011067 -0.04361877538886292
 -0.7067859692419289   -0.548909125795813  -0.1129111757399221   0.1385224352315012   0.4089192666424351
  0.1939723471172208   0.2627800409739794   0.4620855720748847   0.5208320897536585   0.6391652657823432

40.47339801030664
63.54672584058451
129.9461372027154
156.1323030253335
 185.620560758005

  1.792575428972344
-0.1921482118568354

 -0.07691540266668312   0.07655775849198394 0.0001125652680540115 0.0001232848220483261 0.0001461628505388551
    2.740969847212715    -1.731053435968746 -0.003096458385491295  -0.00337471240948365 -0.004222726432219624

-0.005225506349873571  -0.01777815043906972  -0.01349359681503602    0.2893899698428224    0.6929653517551491
   0.1489636851017221      1.44366467388928     1.083948360804538    -23.07289052110708       9.0846711846365

cov:
16.81759648947293 15.81096408528123 12.29993017460648 10.56103204213574 9.784292440840748
15.81096408528123 16.10342189709243 16.18512307694944 15.68042938046979 16.78330391551244
12.29993017460648 16.18512307694944 31.92594097498276 29.00535432773056 35.53302992537266
10.56103204213574 15.68042938046979 29.00535432773056 39.01900297863911 41.99709891950852
9.784292440840748 16.78330391551244 35.53302992537266 41.99709891950852 58.35622186410473

cov.inverse():
    8.291277934837561    -10.00536817920873    0.4946798167120494    0.5866094985554062    0.7640226804038476
   -10.00536817920874     12.20754023679483   -0.6650750458720478   -0.7360517679071114   -0.8986743404872106
   0.4946798167120516   -0.6650750458720505    0.1759603795635686  0.005731441018538476 -0.002931044753302095
   0.5866094985554077    -0.736051767907113  0.005731441018538294    0.1781655249389034  -0.01837454464984526
   0.7640226804038452   -0.8986743404872077 -0.002931044753302344  -0.01837454464984564    0.1625041753600674

cov*(cov_.inverse()):
     1.000000000000014  4.263256414560601e-14  7.945033519973776e-16 -1.665334536937735e-16                      0
-1.598721155460225e-14      1.000000000000041 -4.926614671774132e-16   3.33066907387547e-16 -4.440892098500626e-16
  1.77635683940025e-14                      0     0.9999999999999991  1.665334536937735e-15 -8.881784197001252e-16
 7.105427357601002e-15    1.4210854715202e-14   7.91033905045424e-16     0.9999999999999989  -1.77635683940025e-15
-2.842170943040401e-14  3.552713678800501e-14 -8.326672684688674e-16 -1.554312234475219e-15     0.9999999999999982
