5
2

0.04839836995112916
 0.9837579413389288
  3.084578980850496
  4.629985302948674
  21.01145776026032

  -0.4521479446881418    0.8148377385524794   -0.3627686568047497 0.0007729357215345536 1.246670975070266e-05
  -0.5344370077877739   0.05833927678649405    0.7967579212141888   -0.1814460522091389   -0.2079128630244982
   0.1492548897504811    0.1062878687134497   0.05099890384157146   -0.8126652259218698    0.5508177640873967
  -0.6717040701064706   -0.4904990396740852   -0.2642760004121505     0.117157025750317    0.4739797054776702
   0.1909867558473986    0.2841646875631507    0.4014137815716327    0.5412265649455733    0.6547635228039205

57.86138905728202
90.65253371573924
131.7742524182558
185.9775297432675
221.5805571565971

  2.547801621145412
0.06185759414496275

  -0.06016967837604431    0.04588158160643791    0.01427878919453755 -2.207137999975066e-05  8.752153338579573e-06
     2.287314154374481    -0.8986803526934348    -0.3882636120021293  0.0005933195601697753 -0.0003198889332163765

0.0001391661596402388   0.04472354263373678  -0.03190257554751863    0.3031022801326977      3.21036473779581
-0.003807885720785506    -1.533202016883028     2.144736076134896     -21.2882013856862     11.35966509248902

cov:
26.26427982567076 31.14261788835898 37.31210668084131 42.88746375188296  49.2726009463394
31.14261788835898 40.91922267502845  53.2333814120234 65.83476412404006 77.70385536114013
37.31210668084131  53.2333814120234 73.27383214271742 94.71642052906374 113.4567887810545
42.88746375188296 65.83476412404006 94.71642052906374 135.9312475767956 153.4179951532806
 49.2726009463394 77.70385536114013 113.4567887810545 153.4179951532806 197.0142884749779

cov.inverse():
    87.59557179840502    -157.3011143024068     69.59357251674854  -0.06518293197164547    0.1064813997152577
   -157.3011143024064     283.4689417928444    -126.1393030289999    0.2465281622416275  -0.01246719046583303
    69.59357251674815    -126.1393030289994     56.84196453914409   -0.2743946856701334    -0.175397690475051
 -0.06518293197158875    0.2465281622415258   -0.2743946856700883    0.1049891350632686 -0.004668386198801815
   0.1064813997153031  -0.01246719046591452   -0.1753976904750149 -0.004668386198801834   0.08800583224031221

cov*(cov_.inverse()):
     1.000000000000809 -1.282418615744518e-12  2.113864638886298e-13  2.775557561562891e-17 -2.664535259100376e-15
 3.268496584496461e-13     0.9999999999985877   1.77635683940025e-14 -2.775557561562891e-16 -2.664535259100376e-15
 1.687538997430238e-13 -1.089572876367129e-12       1.00000000000129 -3.774758283725532e-15 -3.552713678800501e-15
-7.460698725481052e-14 -2.007061183917358e-12 -6.430411758628907e-13     0.9999999999999983   1.77635683940025e-15
 9.237055564881302e-14 -1.366906587918493e-12 -5.542233338928781e-13                      0                      1
