4
2

0.5443625089708274
 2.310475325024433
 2.954763573799577
  8.96285850159164

-0.4775887873460122   0.863375592677344 -0.1007846322407811 -0.1278045150786995
 0.7472101642157323  0.3963323667355574  0.3570399144183136 -0.3963838103185514
 -0.458326458212695  -0.273120447348346  0.5947449733952717 -0.6013488967009942
0.05935299820793045 -0.1513554171051579 -0.7131923822064503 -0.6818543724867812

46.88794958446457
105.3298822627881
184.1675090333774
 219.410972973687

 2.081305879813173
-0.445535537302494

  -0.04176339152064779    0.04564739335467962  6.895078482059124e-05  -0.002905288172655645
     1.885668202654341    -0.9094522366055364    0.00699701872686187 -0.0009551665243804075

 0.01769713626787098 -0.06372998868449914  0.07387971417363803  -0.5989579436129756
 -0.4997187776148206    5.612801655797002   -5.335511857959779    19.70015291358358

cov:
 5.165061938386087  1.829937216579926 -4.341921387667464 -2.407813562122449
 1.829937216579926  3.550986931774602  7.983011400680017  8.853118570363327
-4.341921387667464  7.983011400680017  44.63249710980881  35.19113486987856
-2.407813562122449  8.853118570363327  35.19113486987856  41.34954108535658

cov.inverse():
  0.8984109136624752   -1.321780314231461    0.180658730227219   0.1815618236679817
  -1.321780314231461    2.553747239686176  -0.2843955544909718   -0.381697715371657
  0.1806587302272189  -0.2843955544909715   0.1050042755559874 -0.01795520574030882
  0.1815618236679818  -0.3816977153716571 -0.01795520574030875   0.1317607421371498

cov*(cov_.inverse()):
    0.9999999999999996                      0  7.632783294297951e-17  1.665334536937735e-16
 4.440892098500626e-16                      1  2.220446049250313e-16                      0
 -1.77635683940025e-15  7.105427357601002e-15     0.9999999999999993 -8.881784197001252e-16
                     0 -3.552713678800501e-15 -2.220446049250313e-16     0.9999999999999991
