5
2

0.1426156103378329
0.1891362360993335
0.1902710964599443
   3.2289090360011
 20.85056720774062

   -0.672022224400037    0.6480906952440832    0.2541917569813205   0.01922972926690024   -0.2517565269174514
 0.001020051197744122      0.11830987730402   -0.6075496919235365    0.7429275554966591   -0.2548406395283849
-0.006792501494370411   -0.4590823503920357    0.6035875229453097    0.3867315011125604   -0.5247076382843539
  -0.7018815678905781    -0.515068026113315    -0.103016292273371    0.1549736157261483    0.4554536365934613
   0.2360110505609703    0.2998825565193906    0.4374238998927221    0.5235559084492025    0.6236335292774703

104.5442184726369
130.4080986341147
186.1308462845581
 220.989459287079
261.5021588656341

  4.701525771434609
-0.8698275645469775

-0.03864789262825915 0.001783078287593128 0.008094871126137194  0.01210332877331517  0.01658306124927635
   1.845867658968893 -0.02135317854285743  -0.1726290198921819  -0.2702771362580656  -0.3801531583368046

 0.0005134296225044853  6.923774099090932e-07  1.120047257398339e-05     0.3628451996159203       5.05731362809027
  -0.02456315980819111  1.142707507456293e-05 -0.0004339784127939122     -15.44930618810985     -10.80421874863504

cov:
29.36124542743649 34.52979818493201 45.63203269181034 52.58501617996966 60.65853476725814
34.52979818493201 41.87912612570005 57.57212083183726 67.42220150168647 78.86336851080222
45.63203269181034 57.57212083183726 83.32253536832849 99.38972420537571 118.0989631405536
52.58501617996966 67.42220150168647 99.38972420537571 119.4441733963214 142.6693439234793
60.65853476725814 78.86336851080222 118.0989631405536 142.6693439234793 171.2572409477575

cov.inverse():
   22.2527815112971  -21.28903792764556   -8.52207671571067 -0.6968877594635169    8.37907382938358
 -21.28903792764412    26.8892725655669  -1.558299639497411  -1.841530052785707  -2.233209561128272
 -8.522076715712505  -1.558299639493731   23.55986338692086  -5.930647492931976  -7.570158191424812
-0.6968877594647092  -1.841530052787051  -5.930647492927186     19.581490009656  -11.12813419710116
   8.37907382938516  -2.233209561129172  -7.570158191427761  -11.12813419709889   12.55729400808308

cov*(cov_.inverse()):
    0.9999999999998295 -8.526512829121202e-14   1.13686837721616e-13  2.273736754432321e-13  2.273736754432321e-13
-2.273736754432321e-13      1.000000000000114   1.13686837721616e-13  3.410605131648481e-13  2.273736754432321e-13
 -1.13686837721616e-13   1.70530256582424e-13      1.000000000000114  2.273736754432321e-13  2.273736754432321e-13
-2.273736754432321e-13  -1.13686837721616e-13  4.547473508864641e-13      1.000000000000682  2.273736754432321e-13
-4.547473508864641e-13  5.684341886080801e-14                      0                      0      1.000000000000455
