5
2

0.03304578029823874
  0.658372231530908
  2.282418292133166
  4.484839653300889
  11.19674283938158

  -0.4383415122687772    0.8157202128271671   -0.3774350847649565 9.888351223868817e-05 4.200400223597192e-06
  -0.5290362970291073    0.0838712093859167    0.7956230870413604   -0.1719184673305416   -0.2247535552986135
   0.1219775741997396   0.09117266129934709   0.05517699659995597   -0.8108169896869289    0.5624413973963658
  -0.6729519463346441   -0.4622363698915337   -0.2173956535418685    0.1811714914131793     0.503377827078369
   0.2454271060099378     0.324948055544939    0.4173982379245965    0.5293361226545187     0.616243683183587

40.07952191961403
62.75946206844849
 89.1083663221721
130.6485596316838
 156.309606550396

 1.761776463226143
0.1210026796600058

  -0.03561809626790322 -0.0006253737394144501     0.0362121877639795  1.363831739859076e-05  2.652149089094925e-05
      1.61926003222231     0.3656861273773839     -0.984003745998504 -0.0004508118197503533 -0.0008507496705980194

 1.567066400565283e-06    0.02062970630710929   -0.01250101241034472     0.3299020389389363     0.7764741206758911
-4.378341549274547e-05    -0.6972559085016402     0.9191870256262389     -21.02513039737552       13.1328215631506

cov:
16.85926687631067 16.29311836419405  15.6380847072091 13.35879920601736 12.55628308581626
16.29311836419405 17.58230220677663  19.0798698926843 19.48821425453679 20.68329769095538
 15.6380847072091  19.0798698926843 23.08260319888518 26.61454282402431 30.12985456423713
13.35879920601736 19.48821425453679 26.61454282402431 39.22525322657628  40.3701221746601
12.55628308581626 20.68329769095538 30.12985456423713  40.3701221746601 54.37539069762448

cov.inverse():
   176.6231313938247   -327.5166442427349    150.5418773279473   0.1461263016743568   0.2701628029289063
  -327.5166442427351    609.3562931331811    -281.775614665272  0.02361670266705992 -0.04047841924294705
   150.5418773279476   -281.7756146652725    131.9172556709461  -0.3585243571033703  -0.4114280986157243
  0.1461263016742071  0.02361670266733904  -0.3585243571034998    0.198261702787508 0.008738568408040822
  0.2701628029289019 -0.04047841924293922  -0.4114280986157275 0.008738568408040635    0.192890168300981

cov*(cov_.inverse()):
     1.000000000000591 -8.193445921733655e-14  1.989519660128281e-13  -9.71445146547012e-17                      0
 6.217248937900877e-15      1.000000000001044 -3.179678742526448e-13  1.110223024625157e-16  8.881784197001252e-16
 2.824407374646398e-13 -1.620925615952729e-14      0.999999999999412 -9.436895709313831e-16                      0
-1.243449787580175e-13  1.720623643564068e-12 -5.542233338928781e-13     0.9999999999999998 -8.881784197001252e-16
 4.103384299014579e-13  1.175060049263266e-12 -1.534772309241816e-12 -1.221245327087672e-15                      1
