4
2

0.7122297006634811
 2.686846659409568
 4.196972977238278
 17.03452502377048

 -0.438184481251512  0.8367979757342708 -0.2770090575113298 -0.1761518954029613
-0.2180870586279368 0.02843954990291265  0.7925615642998638 -0.5687489724429292
-0.8524682018078035 -0.3462339656896952 0.05603997817798975   0.387659034146205
 0.1836582700450194  0.4231812623582646  0.5403440290195208  0.7037155599643145

55.29295651385022
131.3305966410352
187.1656512593725
220.9423233838093

2.358564372564371
1.721099373776077

  -0.03184758618904827     0.0317866022247055  4.726150200996294e-05 -0.0002113422989465522
      1.74041403078883    -0.7563607549396951    0.01542081264643046    0.01248046636480162

0.02058415963115383 0.05780514787818483  0.2829636947734267      2.170287184397
-0.7112011124821316  -2.858410671065039  -21.42052069388053   4.839821818736557

cov:
23.02901705529476 27.52084591189527 26.76885282884695  32.6167021690353
27.52084591189527 54.43788348272945 66.05579139228205 83.85812195220103
26.76885282884695 66.05579139228205 89.35186851397576   107.49188027203
 32.6167021690353 83.85812195220103   107.49188027203 148.6972720228183

cov.inverse():
 0.4264671787783671 -0.7066672428497989  0.2129694115046144  0.1510273328278445
-0.7066672428497988   1.387922500429518 -0.4541472902361914 -0.2994155343603709
 0.2129694115046139 -0.4541472902361907  0.2394649491983354 0.03629549662030111
 0.1510273328278446 -0.2994155343603714 0.03629549662030139  0.1162155798041187

cov*(cov_.inverse()):
    0.9999999999999973  3.552713678800501e-15  1.332267629550188e-15  2.664535259100376e-15
 7.105427357601002e-15     0.9999999999999893  7.105427357601002e-15  5.329070518200751e-15
-3.552713678800501e-15    1.4210854715202e-14                      1                      0
-3.552713678800501e-15                      0  -1.77635683940025e-15                      1
