5
2

0.2193759568337753
 2.248894640138271
 3.454442661324495
 4.880666518257469
 8.902584354978915

  0.620882779245428 -0.7787144660832083 0.04798938373367145 0.05240831844402705 0.05530589440510873
 0.3777191551965209  0.2708276234058117 -0.6608606882093211 -0.3476746521868195  0.4757794922064873
0.05348637827315637 0.05248930133800685 -0.5219765491699175  0.8275321750417314 -0.1926526978052342
-0.6630937408431189 -0.5074095606198554 -0.2510895586591873 0.03044567286417973  0.4887425939924061
 0.1711102347260353  0.2450236514088332  0.4748206877099652  0.4366225654489154  0.7032714608781785

46.43331193228622
73.30544413476505
133.4692068334742
154.6755359513211
219.2764821804106

  2.086936081079635
-0.9111935453644697

  -0.0769185227463684   0.07649968193570415 0.0001375936814581474 0.0001171993762208307 0.0001355083837855584
     2.74244842093005    -1.730849433058053 -0.003886019016599566 -0.003234567599254081 -0.003674684388565844

-0.005164311199354074  -0.04249626484329478 -0.001188768752195586    0.2911574412317742    0.4592480134245409
   0.1467845521006966     2.878025333293565       0.6669713065628    -22.41951098535061     3.116361841427294

cov:
13.56866362040048 11.86527842467711 8.811188368395014 5.305935693159394 2.605078453145162
11.86527842467711 11.32431531479531 11.02179586532165 8.151194594769599 8.278778531533845
8.811188368395014 11.02179586532165 24.83067656658564 12.25664881991571 23.15245203326704
5.305935693159394 8.151194594769599 12.25664881991571 23.91481289127196 21.95221865508298
2.605078453145162 8.278778531533845 23.15245203326704 21.95221865508298 46.47727248015947

cov.inverse():
    8.057436899822868    -10.01126914983441    0.5754416420375749    0.6539708041761249    0.7360980523937012
   -10.01126914983441     12.62652812105244   -0.8073752500018168   -0.8622853765256759   -0.8785002288129217
   0.5754416420375745   -0.8073752500018161    0.1625305880958006   0.06378722453603007 0.0004681324330945732
   0.6539708041761259    -0.862285376525677   0.06378722453603017    0.1408037652614357   0.01865941495980942
    0.736098052393701   -0.8785002288129213 0.0004681324330946036   0.01865941495980934    0.1276938462817165

cov*(cov_.inverse()):
     0.999999999999986 -1.820765760385257e-14 -4.280430176972772e-16  -3.33066907387547e-16  1.665334536937735e-15
-5.329070518200751e-15     0.9999999999999938 -5.793976409762536e-16  8.326672684688674e-17  1.998401444325282e-15
 -1.06581410364015e-14  2.486899575160351e-14     0.9999999999999989                      0 -4.440892098500626e-16
-7.105427357601002e-15  -1.06581410364015e-14  5.898059818321144e-17      1.000000000000001  8.881784197001252e-16
-2.131628207280301e-14  2.131628207280301e-14 -3.781697177629439e-16 -5.551115123125783e-16                      1
