5
2

0.1300373190549231
0.1603980075296989
 2.406546423708616
 4.698452652813955
 19.64805117448508

  -0.5979318007343813    0.6246018125717797    0.3410879770672083   -0.3687933962292107 -0.000748465437786449
 0.003345156771902207    0.5674404571787693   -0.7928160213616263    0.2223574148331795 0.0002717056267407154
   0.6047390152338391     0.195888210044354   -0.0530112962081318   -0.6983991757321464    0.3245719125719569
  -0.4660619477729535   -0.3639598707004948   -0.3018921865461051   -0.1414833132098708    0.7342772318023547
   0.2440150730770515    0.3421182909084149    0.4014382372784964     0.553867921427344    0.5962293068959239

90.67839734129318
131.7214538461047
156.5318594338229
220.3450157157597
263.2906514593552

  3.991933138132198
0.08839634454947143

  -0.04087859297188845   0.006648963586514498    0.01086137003730498    0.02330598345347866 -2.424391826323473e-05
       1.9086857341456    -0.1294638239673653    -0.2366525772232037    -0.5412992342045185  0.0005546977170805649

0.0004008474754585756 5.334063719497193e-06   -0.2332741587574491    0.2215896541313863     3.688240255470277
 -0.01865511419183395 4.683659494667645e-06     8.801085000495469    -15.32059872339303     10.41443730754997

cov:
29.90560054816922 36.65230278731883 40.73273957018078 51.18830661531715 49.74754034431491
36.65230278731883  48.3460922035695 55.37676547641592 73.49499248086781 73.21461979837491
40.73273957018078 55.37676547641592 64.25867184216372 86.98555873932747 87.40661630420951
51.18830661531715 73.49499248086781 86.98555873932747 121.6975010811275 123.8786431738127
49.74754034431491 73.21461979837491 87.40661630420951 123.8786431738127   149.74760952552

cov.inverse():
   21.21660810376467   -21.98395730619307   -12.16295672046357    12.99995846523354  0.04526738989538263
  -21.98395730619223    35.59948453012248   -4.883703923420844   -8.738830897127807 -0.02225325963276698
  -12.16295672046478   -4.883703923419112    31.31648183766321   -14.28221685264662 -0.03586274706438378
   12.99995846523391   -8.738830897128711   -14.28221685264608    10.05093506310017 -0.02431909565574327
  0.0452673898953704 -0.02225325963275352 -0.03586274706437757 -0.02431909565575071  0.04357051577769867

cov*(cov_.inverse()):
     0.999999999999849  3.894662370385049e-13 -8.459899447643693e-14  -1.62980740014973e-13                      0
 8.881784197001252e-14      1.000000000000328 -4.463096558993129e-13 -1.183497744250417e-13  4.440892098500626e-16
  1.13242748511766e-13  4.625189120588402e-13     0.9999999999998685 -1.030286966852145e-13 -4.440892098500626e-16
 4.707345624410664e-14  3.073097332162433e-13 -6.661338147750939e-14     0.9999999999999281                      0
  8.79296635503124e-14  8.779643678735738e-13 -1.767475055203249e-13 -1.412203687323199e-13      1.000000000000002
