4
2

                  nan
                  nan
1.235100240423853e-09
    3.357252406819833

  0.6130576477594383  -0.7095596731533056 -0.03133453423587841  -0.3459819904597044
                  -0   0.4379307237253752 0.009150690138393827  -0.8989621494186284
                   0  0.03966205072490328  -0.9991712498877688 0.009150690138393938
  0.7900381766241834   0.5506075491529682  0.02431512352272469   0.2684767793686669

59.07426548186123
86.47919440989662
114.4201665071203
183.5166431387511

 1.731780774501994
-0.646852970123291

-0.000700519997500244  -0.07802007747994694     0.864025708247384   0.03100415952279557
  0.06282284033015961     6.996863597841366    -77.48608077438861    -2.780462185550531

-5.284971606765452e-18   1.05699432135309e-17 -1.321242901691363e-18    -0.1598145890802286
 4.739578150317358e-16 -9.479156300634716e-16  1.184894537579339e-16      14.33221956267389

cov:
  7.035000678876866   4.902958612250041  0.2165172716339679   2.390687413602933
  4.902958612250041   3.417057687800345  0.1508990929945616   1.666160669879793
 0.2165172716339679  0.1508990929945616 0.00666378456175242  0.0735785452981098
  2.390687413602933   1.666160669879793  0.0735785452981098  0.8124215718586032

cov.inverse():
              nan               nan               nan               nan
              nan               nan               nan               nan
              inf               nan               inf              -inf
-3060894927100534                 0                 0  9007199254740992

cov*(cov_.inverse()):
nan nan nan nan
nan nan nan nan
nan nan nan nan
nan nan nan nan
