5
2

0.03920464253185359
 0.1206738564286933
 0.1279481042179683
  2.956014406673255
  6.772515827051522

   -0.4851981302030108      0.847013212290546   -0.07923826575315521    -0.1191819049824089    -0.1633045113214855
   -0.3023095253337401    -0.1691449666985992     0.7807923527358034     0.1786203806019484    -0.4883205839158559
 -0.002581192959055959 -0.0007804391545561232    -0.4288148270020714     0.8173319264436472    -0.3848104657058261
   -0.7708467618091897     -0.327010067156362   -0.09553321503511963     0.1851000558171741     0.5054414505639707
    0.2810343975231248     0.3834350079725348     0.4371222347558612     0.5015943824553611     0.5756079303147089

 71.0915926092093
110.2456110870532
130.6232346686679
155.3253134020316
 183.548412444414

 3.202916682202919
-1.705337463662776

-0.05726209038869828  0.03880357284010513 0.004148974069068381 0.005971302468632754  0.00834047587939646
   2.191919922910543  -0.7014823261212065  -0.0978248681451617   -0.158551014844417  -0.2341520397148931

 8.952761167223387e-05  0.0001599029814704411  1.540946485452918e-07     0.3178514952543706     0.3850832997219054
 -0.002448131169031661  -0.007781244728895543 -4.332020936826717e-05     -13.96855709849609        4.1263082316583

cov:
8.816454907474482 7.145299217680463 6.274712141905727 5.218144257641826 4.017497568506629
7.145299217680463 7.679397073676525 7.958627466364991 8.292027201348306 8.679954113174862
6.274712141905727 7.958627466364991 8.855716267451921 9.898494433030084 11.11587652854923
5.218144257641826 8.292027201348306 9.898494433030084 11.85079369236556 14.05390594245802
4.017497568506629 8.679954113174862 11.11587652854923 14.05390594245802 17.43509976014911

cov.inverse():
 159.5123561585257 -263.8405625197765  8.883305619616634  33.77282014662921  61.70872099774881
-263.8405625197688  468.7527800947893 -52.70819004763845  -67.7952842731878 -84.31770063507291
 8.883305619607683 -52.70819004762464  57.18700484797505 -5.684942983347981 -7.684040844024133
 33.77282014662612 -67.79528427318328 -5.684942983347739   52.2484278314553 -12.52207531663597
 61.70872099775318 -84.31770063508363 -7.684040844019511 -12.52207531663427  42.80778797432208

cov*(cov_.inverse()):
     1.000000000000227 -5.684341886080801e-14  3.552713678800501e-15  7.815970093361102e-14  8.526512829121202e-14
  1.13686837721616e-13     0.9999999999996589  8.526512829121202e-14    1.4210854715202e-13   1.13686837721616e-13
 -1.13686837721616e-13   1.13686837721616e-13      1.000000000000043    1.4210854715202e-13   1.70530256582424e-13
 2.273736754432321e-13 -4.547473508864641e-13 -5.684341886080801e-14                      1   1.13686837721616e-13
 4.547473508864641e-13 -6.821210263296962e-13   1.13686837721616e-13  1.989519660128281e-13      1.000000000000227
