5
2

0.05502239928140671
 0.7096516164675229
 0.9852537252392155
  1.971206931429993
  3.037119303998215

  -0.2684622716201597    0.8026504352143934   -0.5326151788647764 -0.001035965952185488  0.000534400670885346
  -0.5180231093973275    0.2500601104167679    0.6376074855310053  -0.08579632006215236   -0.5051907413713161
   0.2814716445177398   -0.1507815309755642   -0.3702725321986893    0.1593376661298901   -0.8576411856368572
  -0.6691425955513571   -0.3947913276035588   -0.2587128414457785    0.5700118433026176   0.06739553867739169
   0.3641455299713837    0.3385660313649065    0.3251825382887183    0.8014586233146225   0.06849428672825729

79.75424619506397
113.0136444580404
 129.471046434415
 157.778142405848
187.3490203905623

 2.351943704813242
-4.330300597849632

  -0.06497891417616238    0.05311930151560709    0.01178691900138156  1.960006981527101e-05 -3.226354066432761e-05
     3.307095940218387     -1.843408241715201    -0.4631051679103345  0.0001448875036908492   0.001789822547824938

0.0001628857233653131   0.02743322167704056  -0.02973593465394281   0.07564864807395899  -0.01688923267499874
 -0.00642060194654616    -1.244061972838088     1.338405242265486    -5.304475995111591     3.964458187370439

cov:
   3.175209428528274    2.056608072113244     1.49785239297658    1.275884653487716 -0.04770729904061748
   2.056608072113244    1.718459416710429     1.54560173665499    1.594386616266931   0.1724314054406572
    1.49785239297658     1.54560173665499    1.574150036209733    1.746152178577709   0.2837443502627536
   1.275884653487716    1.594386616266931    1.746152178577709    7.215821370607238   0.5448061632444223
-0.04770729904061748   0.1724314054406572   0.2837443502627536   0.5448061632444223   0.9034679654559867

cov.inverse():
   24.55013393935186   -71.39510907586687    46.52414302607163   0.1597979828694599    0.214681569112752
  -71.39510907586686    213.0012114593876   -140.7961985196995  -0.3705067097809205  0.01971750732321121
    46.5241430260716   -140.7961985196995    94.67901213877963 0.003154177953199163  -0.4085652365473174
  0.1597979828694579  -0.3705067097809147 0.003154177953195301   0.1943807080947728 -0.03905425146360779
   0.214681569112756  0.01971750732319924  -0.4085652365473094 -0.03905425146360782    1.266284006231004

cov*(cov_.inverse()):
     1.000000000000006  4.142411240415367e-14  8.586881206085195e-15  5.204170427930421e-18  4.163336342344337e-17
  1.47798440153224e-15      1.000000000000043 -1.169897512198759e-14 -4.336808689942018e-18  8.326672684688674e-17
  5.10702591327572e-15  3.616898447411643e-14     0.9999999999999705  5.724587470723463e-17                      0
  3.20576898360514e-15  2.898722928357245e-14 -7.466249840604178e-15                      1                      0
-1.054711873393899e-15  2.789435349370706e-15 -9.270362255620057e-15  -4.85722573273506e-17     0.9999999999999997
