4
2

0.1854939833785327
 1.428715835334777
 4.271186758663151
 7.582434932419311

 -0.6197540570103459   0.7773440565902502 -0.07776616822624094 -0.07479003665221033
 -0.2472031989376953  -0.1559365044347576   0.8439449531692622  -0.4498125176557131
 -0.6440972775631945   -0.448411014392103  0.05737222792323879   0.6170694342378744
   0.374077778396243   0.4127318577967151    0.527653074057817   0.6413271105349748

31.44945476439798
48.93137716092851
93.10600745062736
132.1766157994755

  1.35563682862469
0.7075864165058958

 -0.07606134471987101   0.07544479573273609 0.0003113114207574145 0.0002800413981343987
    2.714365708894417    -1.696183607855408 -0.009076811952592412 -0.008251110734221051

0.003638329159042416  0.01464535546008765   0.2800542012281337    0.174174540648616
 -0.1032045937067444  -0.8378261334753327   -18.12154530134401     17.5489051785223

cov:
 15.7515648582155  14.2076813096452 10.24988533906836 6.770829679974342
 14.2076813096452 13.53244643843087 11.78081506228192 10.31157354686236
10.24988533906836 11.78081506228192 17.52126916518744 19.32680376486105
6.770829679974342 10.31157354686236 19.32680376486105 31.00671232592421

cov.inverse():
    11.21806542978481    -13.96404780073045     1.299918595704471     1.383972073037236
   -13.96404780073045     17.58761169384741    -1.818983171778908    -1.665853213894481
    1.299918595704471    -1.818983171778908    0.5297122933964392   -0.0091139684975379
    1.383972073037236    -1.665853213894482 -0.009113968497537813    0.2897138055534605

cov*(cov_.inverse()):
     1.000000000000009  2.842170943040401e-14 -5.898059818321144e-16 -4.218847493575595e-15
-3.730349362740526e-14      1.000000000000025 -5.412337245047638e-16 -5.329070518200751e-15
 -1.06581410364015e-14                      0     0.9999999999999974 -8.881784197001252e-16
 7.105427357601002e-15 -2.131628207280301e-14 -4.440892098500626e-16     0.9999999999999973
