4
2

0.03640728938645908
 0.0971623385577086
  1.024343816318047
  3.766096414191225

 -0.5414367081256987   0.8198768391413556  -0.1464819731364531  -0.1148533468369053
 -0.1819067227031812 -0.04682365552288369   0.8264499541520991   -0.530752261230092
 -0.3004018618918499 0.001637641441947057   0.4677891367816694   0.8312216088453659
  0.7638815069769035   0.5706196912599161   0.2769419223178491   0.1190856116750779

64.63747231557581
102.1714054971914
158.1366534086543
218.0589947866754

 2.942928213396487
-3.888661479949951

-0.06726441599520551   0.1156790056218896  -0.1119306642168418 0.004823679960087234
   6.630222891569284   -11.17657077707389    8.567723866777159   0.5448522050472345

 0.0001949846823676354 -0.0008330875248272081   -0.02933221528626915    -0.2240591265840762
  -0.01865078478138944    0.05767080804028037       2.57151997452431      15.95328666403784

cov:
 8.371663353998898  6.181354722326112  2.851763236380338  1.029221091342927
 6.181354722326112  4.619153211148745  2.241673930239551 0.9653425445057451
 2.851763236380338  2.241673930239551  1.323915110826174 0.8716480869295797
 1.029221091342927 0.9653425445057451 0.8716480869295797 0.9287967897936811

cov.inverse():
  224.798425092623 -333.9709563030406  43.79134389455967  56.91067388870616
-333.9709563030367  507.3866483313522 -94.69302669616134 -68.40352072514071
 43.79134389454909 -94.69302669614639  88.75167775134726  -33.3980456019404
   56.910673888712 -68.40352072515039 -33.39804560193659  40.45072703753337

cov*(cov_.inverse()):
     1.000000000000043 -5.684341886080801e-14  7.105427357601002e-15   -1.4210854715202e-14
-2.771116669464391e-13       1.00000000000027 -3.552713678800501e-14 -2.131628207280301e-14
 -1.27897692436818e-13  3.694822225952521e-13     0.9999999999999432 -2.842170943040401e-14
-4.973799150320701e-14  4.973799150320701e-14 -3.552713678800501e-15                      1
