5
2

0.1468780329934582
0.1608944065363127
  2.40424832442545
 4.527250664715633
 20.66123748656739

   -0.4135760880538514      0.747304959937606     0.1600359804638905    -0.4948515543858272 -0.0007350657235706543
   0.00567095361208847     0.4308525050049761     -0.817830067890241     0.3814288101757046  -4.51514868831858e-05
    0.7619189806147783     0.1043093087031308    -0.1925338695511743    -0.5419363180654253     0.2789888372930962
   -0.4423007538595461    -0.3154310000970612    -0.2585886177222077     -0.191474864857021     0.7754628490298873
    0.2297219401568279     0.3814764318791305     0.4490045666491318     0.5284660870666658     0.5664115606871234

90.67977705484685
156.5322343469595
185.8527194555719
220.3454035789382
263.2911340024984

  3.991949778036586
0.08930082770575556

 -0.03828148324445354  0.008021110238641571   0.01254733782027558   0.01765523710676307 -3.01851514940667e-05
    1.862501942674577   -0.1712676151338316   -0.2787290371752725   -0.4113147577962519  0.000701250771431048

 0.0003257082329044195 -7.469690847281246e-06    -0.2330830983220374     0.1589112512917529       3.93276949035788
  -0.01594995903807889  0.0002028697198616385      9.699398517557336     -12.67444903480986       8.71006309634202

cov:
29.89670806542483 40.72188321358966  45.5264463142075 51.17762672762998 49.74414347692905
40.72188321358966 64.24141084367078 74.66831353770868 86.96665214881342 87.39333266703632
 45.5264463142075 74.66831353770868 87.66521374369795 102.9014314923471 104.1459492638096
51.17762672762998 86.96665214881342 102.9014314923471 121.6775561102561 123.8624713615549
49.74414347692905 87.39333266703632 104.1459492638096 123.8624713615549 149.7297144665892

cov.inverse():
   8.039951326603829   -14.21133677058929   -3.266742798447346    9.503274104397272  0.03442605139367372
  -14.21133677059005    33.06502396446488     -8.0669864425684   -10.79992567841646  -0.0326082091511583
   -3.26674279844596   -8.066986442571142    27.03447042209466   -15.70014267979709 -0.02250695296207246
   9.503274104396642   -10.79992567841446   -15.70014267979845    17.02441905741118 -0.01650365758321895
 0.03442605139367735  -0.0326082091511542 -0.02250695296209372 -0.01650365758320542  0.04358144573662323

cov*(cov_.inverse()):
     1.000000000000026  1.696420781627239e-13 -2.691180611691379e-13 -1.160183060733289e-13                      0
 6.128431095930864e-14     0.9999999999999005 -2.775557561562891e-14 -2.824407374646398e-13  8.881784197001252e-16
 6.927791673660977e-14 -9.192646643896296e-14      1.000000000000373 -3.532729664357248e-13  8.881784197001252e-16
 4.263256414560601e-14 -2.593480985524366e-13 -2.278177646530821e-13       1.00000000000011                      0
 2.184918912462308e-13  1.225686219186173e-13 -2.620126338115369e-13 -1.803002191991254e-13      1.000000000000001
