5
2

0.1368973551733536
 1.632346794624782
 3.799869390671088
 6.045289196997629
 9.750847481751453

   -0.2284344828683872     0.7929902662355059    -0.5647867440999491  9.287414907920018e-05 -0.0002230600025452462
    -0.626861290341495     0.2804504629011077     0.6473698339126766    -0.2197860585034633    -0.2469794468317885
     0.688406553499874     0.3592205488369348     0.2259626172976412    -0.5098379190763498    -0.2933653119365243
   -0.1341673579582599   -0.07394921024492325   -0.04995911322337342    -0.6715529604123394     0.7232228859279891
    0.2509146206680152     0.3974997951090533     0.4564791500373112      0.490689308519378     0.5743575141924021

79.48989706211417
155.6388567177426
186.1972168012651
222.3848304192427
259.3785767265589

  3.513298229178313
-0.2211123626728279

  -0.03735118200112893    0.01526004016796629    0.02200132873072321  2.908119611111067e-05  2.559722018410752e-05
     1.846911322423328    -0.3408326219742184    -0.5039737505741899  -0.000680164240161589 -0.0006325581808353589

0.0001538120618200585    0.1117087905420121   -0.2206559965266811    0.1016936711048389    0.6433070523296587
-0.007637612135334027    -4.208121565085852     14.95368425920569    -7.214580833914141     9.240310661285831

cov:
14.53457697411889  12.9444151630292 12.30221359765243 10.29837381560559 7.652675574167842
 12.9444151630292 17.30747330411996 19.03453021819934 17.55127900961875 18.04649907522414
12.30221359765243 19.03453021819934 21.76304034551686  20.4802494435369 22.22440243595652
10.29837381560559 17.55127900961875  20.4802494435369 43.25608313889117 11.35097027399071
7.652675574167842 18.04649907522414 22.22440243595652 11.35097027399071 51.88567865500232

cov.inverse():
   2.965860827203855   -9.713367133289195    6.744102182607679  0.03002753175535805  0.04569695810312193
    -9.7133671332892    33.59436660266085   -23.82226914347856 -0.02847683004400477 -0.04179423776198841
   6.744102182607686   -23.82226914347856    17.18383556032063 -0.06090207369536424 -0.05610502374053703
 0.03002753175535798 -0.02847683004400453 -0.06090207369536439  0.05100447779314548   0.0204040505858401
 0.04569695810311964 -0.04179423776198037 -0.05610502374054281  0.02040405058584011  0.04663773502398447

cov*(cov_.inverse()):
     1.000000000000007  2.065014825802791e-14    4.6074255521944e-15 -8.326672684688674e-17 -1.110223024625157e-16
 6.439293542825908e-15      1.000000000000065  3.730349362740526e-14 -2.220446049250313e-16 -2.220446049250313e-16
 3.153033389935445e-14  7.460698725481052e-14       1.00000000000003 -1.110223024625157e-16                      0
-1.432187701766452e-14  1.254552017826427e-14  1.199040866595169e-14                      1                      0
 9.769962616701378e-15  5.062616992290714e-14  3.286260152890463e-14 -2.220446049250313e-16                      1
