5
2

0.127864305122102
1.544665551850124
3.966156954053097
6.056441279302391
9.581552443604119

   -0.4245277746453936     0.8161926770466474    -0.3919252063440233 -0.0003769770845180076 -0.0004159453441234423
   -0.5438269665765757    0.08688394912454114       0.77046316086318    -0.2152844819323809    -0.2382068836126863
    0.6602980692595152     0.4339439143562833      0.189255738807655     -0.516633032369231      -0.27013277127858
   -0.1416765345232543   -0.09694893199632373   -0.04857346467228897    -0.6612738525153405     0.7286193619850508
    0.2606964101716547     0.3585725548586648     0.4632537471440581     0.4994593592794882     0.5825799677390687

79.49080974608073
131.0162157032552
186.1962946395387
222.3845727656649
259.3783604888243

  3.513327808920579
-0.2202963315307094

  -0.03936429967460032    0.01236251458381099    0.02689783987506929  3.047482002529458e-05  3.391816225994503e-05
     1.885821615504612    -0.2645732168415096    -0.6188159945392255 -0.0007201216188373744 -0.0008285473858935244

0.000265830560589768   0.1030524742245099  -0.2447944433827425   0.1128476805126606   0.6120011602654085
-0.01265428056514357   -3.638566535753204    15.94867307910632   -7.761444578158704    10.02954949173803

cov:
14.54259703154295 13.47459449199945 12.30846931671851 10.30351950487332 7.660024143238344
13.47459449199945 15.13972484947464 16.86903145302471  15.2221337378013 14.69363488497012
12.30846931671851 16.86903145302471 21.77080829895666 20.48615690782822 22.23657803993631
10.30351950487332  15.2221337378013 20.48615690782822 43.25086520649567 11.35770457503247
7.660024143238344 14.69363488497012 22.23657803993631 11.35770457503247 51.91537474448469

cov.inverse():
   11.17630522848786   -21.19357184097244     10.0106259131289  0.04114361505575248  0.05259477177622505
  -21.19357184097244    40.76295672129607   -19.53056911523093 -0.03721239724202633   -0.036541375478624
   10.01062591312891   -19.53056911523093    9.648707098165193 -0.06330061377452786 -0.06822378203409478
 0.04114361505575202 -0.03721239724202544 -0.06330061377452831  0.05103990739012543  0.02040854269694528
 0.05259477177622564 -0.03654137547862517 -0.06822378203409418  0.02040854269694527  0.04660117882983092

cov*(cov_.inverse()):
    0.9999999999999749 -4.163336342344337e-14  9.103828801926284e-15 -1.387778780781446e-16  5.551115123125783e-17
 7.549516567451064e-15      1.000000000000012 -5.773159728050814e-15 -5.551115123125783e-17                      0
 -1.48769885299771e-14 -4.618527782440651e-14     0.9999999999999976  1.665334536937735e-16                      0
 2.775557561562891e-14  2.009503674571533e-14  3.130828929442941e-14                      1  1.110223024625157e-16
 4.884981308350689e-14  7.083222897108499e-14  2.797762022055394e-14                      0     0.9999999999999998
