5
2

0.4327371739802713
 1.237620576270228
 1.847791103246214
 3.838848355410998
 4.673780404615488

  0.4460239886824178  -0.8539515395900557    0.162701982366363   0.1654185116374708   0.1341422770542498
 -0.1633967901822028 -0.04218144879498931   0.8406341084624452   -0.497646393833628  -0.1311662179436617
   0.252932216351157  0.04530998883649107   -0.262156262941976  -0.6932085108073908   0.6202486220765233
 -0.6945910059781784  -0.1923370130764621   0.1080632123498169   0.2599367808239847   0.6334864007431802
  0.4774229977953446   0.4795216071479899   0.4318087499814481   0.4205705805582379   0.4228331818373314

37.60399978641749
84.14057233106331
112.9454833262139
 131.804755424015
 155.364739870099

  1.674748821719804
-0.4656817137049638

 -0.03591873617177829   0.03581786016691323 3.873956852107981e-05 4.330736731536162e-05 4.313403985949084e-05
    1.815698176416964   -0.8122455793739982 -0.001124689325161576 -0.001610242845137194 -0.001486506414560829

-0.008724152310276354  0.006683613762279547  -0.02552391277469931    0.2667721259912999    0.0017516350576815
   0.2814192492528773   -0.4018683049325997     1.444039807520942    -16.30510887647981     10.38857402163775

cov:
  12.3854381239565  6.948026479548603  2.973970560917179  1.265099263463427 -1.495004018194162
 6.948026479548603  5.714338737158165  4.095915993701341   3.56707065763216  2.716492533323919
 2.973970560917179  4.095915993701341  5.567151791022741  4.365744720757716  4.277232758113185
 1.265099263463427   3.56707065763216  4.365744720757716  6.884688222427013  4.947337914564468
-1.495004018194162  2.716492533323919  4.277232758113185  4.947337914564468  11.16266120563274

cov.inverse():
   1.141691462710653   -2.006560827367617   0.2827755018584928   0.3926727131849867   0.3588265839133047
  -2.006560827367617     3.90899772300138  -0.7605156241805158  -0.7439979764618982   -0.598859695347094
  0.2827755018584929  -0.7605156241805162   0.6321793817216075 -0.06595071122829203 0.009942756273986669
  0.3926727131849867  -0.7439979764618982  -0.0659507112282921   0.4612309866963338  0.05449715039621584
  0.3588265839133046  -0.5988596953470938  0.00994275627398649  0.05449715039621589   0.2554141635180738

cov*(cov_.inverse()):
     1.000000000000001  -3.33066907387547e-15 -7.632783294297951e-17    1.1518563880486e-15   1.27675647831893e-15
-9.992007221626409e-16      1.000000000000001 -1.176142516712275e-15 -1.665334536937735e-16 -1.110223024625157e-16
 6.661338147750939e-16   1.77635683940025e-15     0.9999999999999993  5.273559366969494e-16                      0
 8.881784197001252e-16  4.440892098500626e-16 -7.008282842946301e-16      1.000000000000001 -2.220446049250313e-16
                     0   1.77635683940025e-15  -7.91033905045424e-16  1.110223024625157e-16     0.9999999999999996
