6
2

0.03279556172939718
  0.436734778735333
  1.186910542592233
  1.886259106139339
  2.973778729540597
  5.191841933913446

    0.4414541512809081    -0.8155298263503117     0.3742048656102364 -0.0002284401418233975 -2.835290082267154e-05  -1.46534736742133e-05
    0.5238927290954961   -0.08942211809014321    -0.8128152987127013     0.1587388574232284     0.1196235114296193     0.1317709149734652
   -0.1472919210009366   -0.07632702931696825   0.007928321401685886     0.8943045964999158    -0.3914684721950587    -0.1392413023482655
    0.2203499824009894     0.1599928903283614    0.08860363162836057    -0.1647508906401748    -0.7099156199861378     0.6219923739849968
   -0.2892031559080877    -0.1215638738943081    0.07647957706438106     0.2755408339873112     0.4935283973738445     0.7591057918761041
    0.6138136122588572     0.5298240003370327     0.4307428713354156     0.2682454183710103     0.2913626322504819   -0.01149647412692764

 37.0073792864676
58.97625406587264
84.90350033170161
113.8728978421398
130.4967873144876
183.3872947555482

 1.725543162950879
-2.329333375559876

  -0.03590606567245368 -3.552636371840796e-05    0.03585651488080487  4.552695436954254e-05  2.655029217659712e-05  2.654009246793441e-05
     1.640337903965491     0.3277562443190854    -0.9654593603535717  -0.001558578159716884 -0.0005342355357839668 -0.0006795700027731316

-2.585875620895171e-06  -0.009143672510090975   0.007892267257811874   -0.01690182824783478     0.1165249912968582    -0.1777393250396174
 0.0001027792080963081     0.3079246645348395    -0.3879289437855244      1.168997937974513     -5.211225034364839      20.59605965438383

cov:
  11.15136462948346   9.209046006290318     6.9180265295123   3.434677189457907   3.095132035852334  -1.601947418930877
  9.209046006290318   7.798903024439646   6.132566944696467   3.342084867781839    3.26647608315847 -0.6134569769439022
    6.9180265295123   6.132566944696467   5.207167879111058    3.23433506486849   3.470017212450514  0.5540264870415368
  3.434677189457907   3.342084867781839    3.23433506486849   3.839067703570661    3.23588022117416   1.230558076148069
  3.095132035852334    3.26647608315847   3.470017212450514    3.23588022117416    6.45403339629642   1.731518012246016
 -1.601947418930877 -0.6134569769439022  0.5540264870415368   1.230558076148069   1.731518012246016    6.50658883354523

cov.inverse():
   182.6842960106162   -334.9421993269781    151.3701174247767    0.235631918543971   0.3043880472563158   0.3839094401738536
  -334.9421993269771    618.4369592062731   -283.3470267842599  0.04441579377275882 -0.04635428426233609 -0.02581373354952837
   151.3701174247752   -283.3470267842581    133.6668819908553  -0.7483351188800023  -0.5305908185067759  -0.5455450368310319
   0.235631918544081  0.04441579377255555  -0.7483351188799089   0.7187615378215584 -0.09780083370987215  0.01601156796658613
  0.3043880472564914 -0.04635428426266006  -0.5305908185066276 -0.09780083370987212   0.3561466392043713  0.03946982764085507
   0.383909440174008 -0.02581373354981344  -0.5455450368309013  0.01601156796658615  0.03946982764085505   0.2786971309757263

cov*(cov_.inverse()):
      1.00000000000025  3.016753513662707e-13 -1.001421168211891e-13 -2.324529457808922e-16 -3.469446951953614e-16 -4.440892098500626e-16
 2.312039448781888e-13      1.000000000000153 -1.275091143781992e-13 -3.157196726277789e-16  2.602085213965211e-16 -8.326672684688674e-17
 1.238176228213206e-13  6.335296870441098e-13     0.9999999999997577 -7.095019016745141e-16 -3.781697177629439e-16 -8.881784197001252e-16
-4.368727601899991e-14  2.345484917398721e-13 -2.531308496145357e-14                      1   4.85722573273506e-17                      0
 2.040589919261038e-13 -1.091210455328451e-13   3.83026943495679e-14 -2.359223927328458e-16                      1                      0
-6.794564910705958e-14 -5.581646256302975e-14 -1.287858708565182e-14 -1.387778780781446e-17  2.775557561562891e-16                      1
