5
2

0.1278845862269219
0.9130635778317825
 2.114919954911119
 3.815006511170858
 11.22205507049892

  -0.4299104191410945    0.8159805710077723   -0.3864616585163787 0.0002432070015053341  0.000258067592650744
     0.67708133787196   0.01275608674004303   -0.7261668287323678   0.05028365979009255    0.1074776002871651
 -0.05450883512811595  -0.05597585613623525  -0.05729484509615743    0.8867659978909052   -0.4519500593348184
  -0.5099252832034181   -0.4495344260437908   -0.3813702000522769    0.2154451700762081    0.5882475283027659
   0.3061746002893364    0.3588850697928313    0.4178554709262998    0.4058336335049742    0.6619323894104067

131.5642949598482
156.3737255352774
 184.139159618205
220.9282256952079
263.5959275414156

 3.213057072735216
0.4749399614212924

 -0.05922055403140215 -0.001918522883945887   0.06112336088432554 0.0001012993949084996 0.0001180922467055373
    3.224314339539056     0.425435586824737    -2.649607587991596 -0.004987155201829897 -0.005803013887591597

 4.452920756413751e-06   -0.07043770034068386 -0.0005822000906815539     0.1141224464996433     0.8613482730954438
-0.0002461367572957586      3.427890219748492    -0.2216702159753692     -12.07151970729545      3.383539390622653

cov:
 15.9884295201619 17.18924535345626 18.54881024084604 13.86134519881377 21.32788044450662
17.18924535345626 19.18636146535466 21.38203994759908 16.71099795836643 26.18231542548984
18.54881024084604 21.38203994759908 24.56213331445344  19.9024109845369 31.61813727330673
13.86134519881377 16.71099795836643  19.9024109845369 24.93647360121101 33.88677408614372
21.32788044450662 26.18231542548984 31.61813727330673 33.88677408614372 61.13832276464424

cov.inverse():
    11.87023854306562    -21.42204341370222     9.584246245328586   0.01707665825745561   0.06701169953732078
   -21.42204341370227     40.72787742703236     -19.2793238621774 -0.003691470786124865  0.003893594653847943
    9.584246245328634    -19.27932386217745     9.776849632488192  -0.06520348454596635   -0.1071432328401627
  0.01707665825746695 -0.003691470786146848   -0.0652034845459557    0.1833380948982294   -0.0722735160455477
  0.06701169953731027  0.003893594653867956   -0.1071432328401722  -0.07227351604554767   0.08678067495302411

cov*(cov_.inverse()):
    0.9999999999999121 -7.284450820321808e-14 -3.019806626980426e-14 -4.440892098500626e-16  2.220446049250313e-16
-8.526512829121202e-14      0.999999999999962  4.440892098500626e-16  2.220446049250313e-16 -4.440892098500626e-16
-5.684341886080801e-14   -1.1309009284588e-13      1.000000000000049 -4.440892098500626e-16  4.440892098500626e-16
-7.105427357601002e-14 -1.400823901320791e-13  5.906386491005833e-14     0.9999999999999991  4.440892098500626e-16
-6.128431095930864e-14  1.275091143781992e-13 -5.329070518200751e-15                      0                      1
