5
2

0.3226224987727405
 2.017013847893675
 2.791051807274888
 4.059365317042825
 12.35283854980911

   0.6563614441056072   -0.7506862068407147  0.008578462384805613   0.03895398955448179   0.06378769655352357
   0.1493973887360702     0.142690941540737   -0.8854943852843259    0.4161383147096536   0.00695069072856531
   0.6774675813313132    0.5528868770772154 -0.007645974152009285   -0.4458771817707226    -0.191020562391513
  -0.1377420477021902   -0.0975564397847296   -0.3255194425011479   -0.6213317708959911    0.6924549027773074
   0.2625545266613293    0.3176607565842063    0.3313679755891548    0.4903589083312835    0.6927482732061421

131.3315288669935
154.6651295035235
185.9711054658944
  222.53831333372
262.6526787594961

 2.699311674248096
0.4519671558142274

  -0.1051039720327755     0.103524407608801 7.540371266580694e-05 0.0006741094875608263  0.001111798069456413
    6.047240681267085    -4.965761617267604 -0.003810979310440558  -0.03544970141113286  -0.05838298737120255

 -0.01525918411499197 -0.002883572809850011   -0.1128047679117879   0.07751861296216665    0.9790123054911826
    0.800599661543716    0.7448715761733136     10.73685973187759    -6.025810443899259     -7.44465896253539

cov:
14.54254492320566  15.9014312280996 13.43677497741865 18.95845994861318 25.18294961249967
 15.9014312280996 18.07745811443736 16.03794941422518 23.08600421587851  31.6425253090889
13.43677497741865 16.03794941422518 21.69194991805539 26.65497161936608 31.30036543116512
18.95845994861318 23.08600421587851 26.65497161936608 45.30610989971488 45.42074845413007
25.18294961249967  31.6425253090889 31.30036543116512 45.42074845413007 81.41540448964875

cov.inverse():
    4.205019679620972    -4.679140335857222   0.02420492070496029    0.2281860788860954    0.3812916318742364
   -4.679140335857221     5.459600401591906  -0.09085282078353346   -0.2932959708621288   -0.4760221952344256
  0.02420492070495537   -0.0908528207835279    0.2005965251723313  -0.07358752677166641 -0.008242698306391412
   0.2281860788860974   -0.2932959708621312  -0.07358752677166609    0.1076684149393839   0.01163370922057979
   0.3812916318742364   -0.4760221952344256 -0.008242698306390938   0.01163370922057959   0.07603087075562173

cov*(cov_.inverse()):
                     1 -1.598721155460225e-14  8.881784197001252e-16  3.885780586188048e-16  6.661338147750939e-16
                     0     0.9999999999999858  1.110223024625157e-16  4.440892098500626e-16 -8.881784197001252e-16
 -1.77635683940025e-14  3.552713678800501e-15     0.9999999999999999 -4.440892098500626e-16  -1.77635683940025e-15
 -1.06581410364015e-14   -1.4210854715202e-14  6.106226635438361e-16      1.000000000000001 -8.881784197001252e-16
 -1.06581410364015e-14                      0  2.220446049250313e-16   3.33066907387547e-16                      1
