4
2

0.199689770392271
0.201107997639739
1.866241157895288
22.57928059889973

-0.5510876213998119  0.7886371773935844 0.03339836485935768 -0.2706259137579023
-0.1343254119162684 -0.2785487194112111  0.8463033138913889 -0.4337487700551474
-0.7409047876405001 -0.3201268292264084 0.07704637249782592   0.585356955494473
  0.359609806463629  0.4449503641491949  0.5260409742654094  0.6292700961690371

130.0001246377393
158.6035942055968
185.9888498897296
220.6479832613271

 4.940259090513312
0.2873137748612369

-0.04917599275855372 -0.01513805493898882  0.01347053902711129  0.05104627774295991
    1.92902090897105   0.8208393574183682  -0.2203171303407558   -1.540943409061077

 7.166899836070565e-05  3.282992738367843e-06     0.2514586406856803      7.539326632329259
-0.0002414142834281985 -0.0002359159467861134     -9.093633054370644     -13.58060697575536

cov:
67.85474573614192 82.38642562044157 96.23898388873363 113.8667290598935
82.38642562044157 101.3202256738278 119.2360800892493  142.091344214553
96.23898388873363 119.2360800892493 141.1277042522814 168.9047255608069
113.8667290598935  142.091344214553 168.9047255608069 203.0844131921349

cov.inverse():
 8.220039873862008 -9.905450664374339 -3.288356879894731  5.056561195301538
 -9.90545066437574   17.5452967242626 -5.174752581229774 -2.418173590381584
-3.288356879892171 -5.174752581233473  17.73919409576804 -9.289298418439817
 5.056561195300383 -2.418173590379288 -9.289298418440969  6.587575242195431

cov*(cov_.inverse()):
                     1                      0 -2.273736754432321e-13   1.13686837721616e-13
 -1.13686837721616e-13     0.9999999999999432                      0                      0
  1.13686837721616e-13 -5.684341886080801e-14                      1                      0
                     0  5.684341886080801e-14                      0                      1
