5
2

0.1551883097145003
0.1889559819418247
0.1899550462247585
 2.956248426207226
 21.27937343328685

 -0.5875658535359842   0.6389641259880319   0.3218719332201574 0.002583231995834414  -0.3779986758924624
0.008824962251927713   0.3060241072444564  -0.7515149336703147   0.5691679443728448  -0.1324557337202803
-0.01036162548521103  -0.4855924077643001    0.362310406702638   0.6251490983844088  -0.4919475828003465
 -0.7754821908397078  -0.3683138505081496  -0.1298510129667525   0.1487420230287468   0.4732724418674005
  0.2306696690237671   0.3558356538222582   0.4283615840643251   0.5129381964577434   0.6112063899976272

104.5451608391568
156.1839676806344
186.1315994494853
220.9900649403802
261.5030621988435

  4.701590372687928
-0.8704165041255828

-0.03984887464380858 0.004473423186547339 0.007674868653987393  0.01162535299270721  0.01599298525885655
   1.878565409497182 -0.08443992485053299  -0.1636806672455006  -0.2604263218863644  -0.3684289612370621

 0.0005473490757064075  -8.99936385474871e-06  1.519783938697051e-05     0.3282179339480479      5.173644846369566
  -0.02581323298896729  0.0005112970515466873 -0.0006972070657827726     -14.13636418859563     -11.59285329018396

cov:
29.35739128311434 39.65440242341855 45.61744484862744 52.56820689378355 60.63847046899772
39.65440242341855 58.54180409685461 69.42879181816976 82.16449449886181 96.95954821641723
45.61744484862744 69.42879181816976 83.26283044988402 99.31728598940641  118.011075773087
52.56820689378355 82.16449449886181 99.31728598940641 119.3563204187057  142.562908802367
60.63847046899772 96.95954821641723  118.011075773087  142.562908802367 171.1286629163377

cov.inverse():
  14.40899983349689  -15.34093784507237  -8.130799172779145 -0.1147994640347867   9.288924295262788
 -15.34093784507272   26.12624581975002  -2.771645861392217  -3.472015410756227  -4.563072283464473
 -8.130799172777046  -2.771645861392777   23.76017795974032  -5.670045035624459  -7.210067975630577
 -0.114799464037807  -3.472015410756558  -5.670045035617774    19.9074956553882  -10.66645430767254
  9.288924295264051  -4.563072283463944  -7.210067975635711  -10.66645430766919   13.15779518202581

cov*(cov_.inverse()):
                     1 -5.684341886080801e-14  2.273736754432321e-13  2.273736754432321e-13                      0
  1.13686837721616e-13                      1                      0 -2.273736754432321e-13  2.273736754432321e-13
 2.273736754432321e-13 -3.410605131648481e-13      1.000000000000227                      0  2.273736754432321e-13
 2.273736754432321e-13 -6.821210263296962e-13  4.547473508864641e-13      1.000000000000227  4.547473508864641e-13
 2.273736754432321e-13   1.13686837721616e-13  2.273736754432321e-13                      0                      1
