5
2

0.555205875400041
2.556421750624296
3.550328187097551
3.657249914999493
 13.6791877978651

 -0.5550711409423984   0.8121285733912293 -0.06479670754670437  -0.1047080365970207  -0.1310756367046732
 -0.5371577156728264  -0.3129114249470716   0.6515639306118595   0.3463351215572366  -0.2628011730040469
   0.561002704734032   0.3264895017046729    0.193679417507452   0.2866118819563404  -0.6775119799037903
  0.1783968315760104  0.07597442250760296   0.6059871957553562  -0.7708382243778005  0.03147074875048713
   0.238344609233766   0.3607854110415097   0.4080853254299461   0.4390333376948223   0.6736036148879335

86.17331457262036
131.3921430256264
158.3390384567911
185.1168510991027
219.9591755989605

  2.431467749596132
-0.2790396901322592

 -0.05366242906511121   0.05325679141753624 7.604721939778779e-05 0.0001435692679629427 0.0001253287754387619
    2.910042608430949     -1.89497683802626 -0.003135684568200129  -0.00524815297128099 -0.004619410617591036

 0.02250295398569025  0.07990613819500737  -0.1606614039589354 -0.07473807486119396    1.235481575340845
 -0.9718887501104713   -6.357784936978057    12.79226325632346    5.044862425131006   0.6020738221141545

cov:
17.00333199597289 19.54021764278056 18.73956120918846 18.56999910410349 26.27126534128856
19.54021764278056 26.62073115115458 27.61414421844642  29.3009704314556 43.22352662199501
18.73956120918846 27.61414421844642 39.32213918540048 29.45364349226596 48.92168805772068
18.56999910410349  29.3009704314556 29.45364349226596 45.83777692077472 51.97517078922229
26.27126534128856 43.22352662199501 48.92168805772068 51.97517078922229 91.16005246396568

cov.inverse():
     1.07131701915078    -1.420673981101749   0.08034727194189949    0.1631152595479678    0.2287517147849071
    -1.42067398110175     2.164209935987637   -0.1926656507691721   -0.2885558332486817   -0.3488218163721952
  0.08034727194189914   -0.1926656507691717    0.1099018231783087   0.02697754269551494 -0.006163672572128461
   0.1631152595479672   -0.2885558332486807   0.02697754269551492    0.1058923682418636   0.01495825842287242
   0.2287517147849076   -0.3488218163721961 -0.006163672572128315   0.01495825842287269    0.1052192384852363

cov*(cov_.inverse()):
     1.000000000000001  5.329070518200751e-15  3.608224830031759e-16 -1.110223024625157e-15  -1.77635683940025e-15
 8.881784197001252e-15      1.000000000000004  6.661338147750939e-16 -6.661338147750939e-16                      0
 3.552713678800501e-15  3.552713678800501e-15                      1 -1.443289932012704e-15                      0
  1.77635683940025e-15  3.552713678800501e-15  5.551115123125783e-16     0.9999999999999991  -1.77635683940025e-15
 3.552713678800501e-15   1.06581410364015e-14                      0 -4.440892098500626e-16                      1
