5
2

0.1324603839524227
0.1891987017921042
0.1901470953853552
 3.282696415222578
 19.32482439825187

  -0.7280377063075599    0.4982125026484557    0.3478305513532721     0.156172207627635   -0.2763504107273585
-0.006511756209794682     0.314353239662344   -0.7728172951129995    0.5453333128185289  -0.08065137351247675
 0.006028645107419768    0.5969831587180897   -0.2688750520622167   -0.6747081999826611    0.3406608502599598
  -0.6347509874398252   -0.4358830868127499   -0.2329543391210293  0.001399344206903191    0.5939927914505625
    0.258792454696476    0.3264711101401048    0.3939616963395441    0.4722168000050691    0.6695136706941102

104.5426437039764
130.4088345399486
156.1837551786314
186.1308316678255
261.5027296683551

  4.701580283885368
-0.8716897927848034

-0.04180266252756988  0.00258205617897969 0.006401159304841518  0.01086134718516553  0.02188315662629128
   1.907867574151462 -0.03958755155374701  -0.1285148575274322  -0.2363451821562701  -0.5021615543774518

 0.0005192782764882887  1.056371755636812e-05 -1.103430419998977e-05     0.3979748470849101      4.603334955690251
  -0.02371417233135583 -0.0004988702027590844  0.0003912230954884657     -15.75937472945182     -6.581132620187514

cov:
29.36227542351386  34.5272354287879 39.66383831239953 45.62590195553877 60.64627597071087
 34.5272354287879 41.87161380569646  49.1146659590369 57.55915900088265 78.84125417709571
39.66383831239953  49.1146659590369 58.57234241396101 69.46359177762633 97.00799933616587
45.62590195553877 57.55915900088265 69.46359177762633 83.30242692383536 118.0662577767302
60.64627597071087 78.84125417709571 97.00799933616587 118.0662577767302 171.2057730307391

cov.inverse():
 30.24871492719891 -20.60440767910736 -14.32301880364939 -6.691617075767871  11.50374184295885
  -20.604407679108   26.7822596757264 -1.339756007272924 -1.916485354100999 -2.953913501579971
 -14.3230188036447 -1.339756007274423  25.58507551477005 -3.659463782352311 -6.282685333883537
-6.691617075773229 -1.916485354100283 -3.659463782345205  22.28927491235211 -10.04460434978425
 11.50374184296018 -2.953913501579837 -6.282685333887475 -10.04460434978179  7.777954564521863

cov*(cov_.inverse()):
     1.000000000000227   -1.4210854715202e-13  5.684341886080801e-14 -2.273736754432321e-13                      0
  1.13686837721616e-13      0.999999999999801                      0 -2.273736754432321e-13                      0
 2.273736754432321e-13  -1.70530256582424e-13                      1 -4.547473508864641e-13                      0
 2.273736754432321e-13 -2.273736754432321e-13  2.273736754432321e-13     0.9999999999997726 -2.273736754432321e-13
                     0 -5.684341886080801e-14                      0 -2.273736754432321e-13                      1
