5
2

0.04274869368771649
  1.016219485571358
  2.785797669586908
  4.727801876664382
  16.83022412080152

   -0.4900003609558603     0.8108238753877777     -0.320100030085763  0.0002328899283945026 -0.0004537241972855137
   -0.4869575866357461    0.02967724710624087     0.8208791866220252    -0.1295500959415391    -0.2671436007737906
    0.2224218921665662     0.1785226564850174     0.1105549881466602    -0.8738642834805728     0.3778848656131304
   -0.6713586525259712    -0.4989615021064872    -0.2369439319461912   -0.09292054636694208     0.4853229072183776
    0.1502598304423824     0.2466799234686742     0.3941173675691385     0.4592860813519971      0.741821268749835

53.92450054026773
84.42651137936419
130.9540821060107
  157.55572357727
221.0742226782687

 2.370622825937522
0.1409013362065692

  -0.05227767695239145    0.03543874356812835    0.01678282916076926 -5.696952102886461e-06  3.286258554021423e-05
     2.065504306484234    -0.6029849845202374    -0.4610040521049795  0.0001091775295229882 -0.0009175598646188089

8.950572580117066e-05   0.04159452219269827   -0.0266055826771506     0.300734031715957     2.130926263053043
-0.002473353478940811    -1.447750758103986     2.330982478470954    -21.83915734740666    -5.864028189389897

cov:
17.09921946300111 18.27926977879672  20.1084116365719 19.49929000202365 25.07717772809407
18.27926977879672 23.05071876555342 30.35888117773335 31.91366607843659 46.93640489769599
 20.1084116365719 30.35888117773335 46.04362008133801 50.90553550786852 80.34155837658358
19.49929000202365 31.91366607843659 50.90553550786852 65.88783649979095 92.97279879772007
25.07717772809407 46.93640489769599 80.34155837658358 92.97279879772007 162.3223578812598

cov.inverse():
    131.6416365006534    -217.4026166358471      85.4528867559097  -0.02336834471002646     0.244273533699665
    -217.402616635847     359.7717448522082    -141.9938063951983   0.08198054851000022   -0.2104855244758823
    85.45288675590919    -141.9938063951976     56.72651682568092   -0.1545955124864248   -0.1316024759538752
 -0.02336834471000531   0.08198054850996535   -0.1545955124864112    0.1158110140637125 -0.009910463499995208
   0.2442735336998399   -0.2104855244761725   -0.1316024759537602 -0.009910463499995279     0.100098931092795

cov*(cov_.inverse()):
     1.000000000000538  1.850963826655061e-12 -5.697664562376303e-13 -1.165734175856414e-15  3.996802888650564e-15
 6.554756737386924e-13      1.000000000001368 -6.696865284538944e-13 -4.440892098500626e-16  5.329070518200751e-15
 9.876544027065393e-13  1.335820343228988e-12      0.999999999999595 -1.887379141862766e-15  3.552713678800501e-15
  1.13331566353736e-12  1.410427330483799e-12 -5.702105454474804e-13     0.9999999999999978   1.77635683940025e-15
 6.608047442568932e-13 -1.030286966852145e-12 -3.197442310920451e-14 -2.220446049250313e-16      1.000000000000002
