5
2

0.03318292940745699
 0.5458293426253638
  1.266195226954857
  3.027704646385202
  5.267329193860889

    0.4399432126100222    -0.8156675579858258     0.3756812497793713 -2.067307264991752e-05  5.162020906560169e-05
   -0.4718738187072678      0.116636613592225     0.8058432490110436    -0.2596676080775115    -0.2166111514372866
    0.1140746787325708    0.04940744600807739   -0.02644295234633539    -0.7791775134830939     0.6137825711964561
   -0.4385883934152593    -0.1808106391087176     0.1209681178759843     0.4889420402896661     0.7219765436919953
    0.6151522232183473     0.5347417622397128     0.4406219936819837     0.2939231474511829     0.2347348122081491

37.61253363162135
59.05539395322523
84.15229044449516
 112.949738078204
131.7952383286691

  1.674992825801403
-0.4664340613709694

 -0.03537988846463312 -0.001112568587713845   0.03643101659028457 3.600153359588744e-05 3.498228454028979e-05
    1.611027742615611    0.3835478701301648   -0.9923427634571913 -0.001111126825364739 -0.001332822249912186

-1.069400196878533e-06    0.01367671171086138  -0.008113797182116831      0.184882010183864    -0.1744549671443034
 2.544498238041045e-05    -0.4512328327725083     0.3671696095964575     -8.227149075886725       21.0371530440669

cov:
12.34973203601176 9.845770364216721 6.915904511943271 2.944650978020951 1.246250681051382
9.845770364216721 8.241969814353922 6.362258492966381 3.479565566415441  2.32701439675516
6.915904511943271 6.362258492966381 5.715472146972343 4.106081335274593 3.592205293963922
2.944650978020951 3.479565566415441 4.106081335274593 5.581843802027501 4.400224165082562
1.246250681051382  2.32701439675516 3.592205293963922 4.400224165082562 6.925015593714391

cov.inverse():
    176.567821733667   -326.0577132690037    148.8278459904148   0.3306964582868055    0.378036702472674
  -326.0577132690037    604.2836112336515   -277.9728568301505   -0.114334304872631  -0.1138410989756818
   148.8278459904148   -277.9728568301505    130.3655330034486  -0.6854337550371266  -0.5651482302126232
  0.3306964582867728  -0.1143343048725703  -0.6854337550371545   0.6341915979038401 -0.06851097118006534
  0.3780367024726984  -0.1138410989757272  -0.5651482302126023 -0.06851097118006533   0.4513164528583266

cov*(cov_.inverse()):
     1.000000000000477  1.353639422774222e-13  1.827427098533008e-13 -5.551115123125783e-17  1.110223024625157e-16
 3.349542865294097e-13      1.000000000000783 -3.601563491884008e-13  2.220446049250313e-16  2.220446049250313e-16
 2.942091015256665e-13  4.778955009498986e-13       1.00000000000005  2.775557561562891e-16  2.220446049250313e-16
 1.867395127419513e-13 -3.108624468950438e-15  1.865174681370263e-14                      1  4.440892098500626e-16
  1.34559030584569e-13 -3.752553823233029e-14  3.730349362740526e-14  3.885780586188048e-16                      1
