6
2

0.03278217077674785
 0.5175093069518124
    2.2471383898179
   2.39507004931256
  5.104529208382157
  11.99144342654783

   -0.4383830767191956     0.8157028143312794    -0.3774244014195087   0.000133717736758921 -7.394097986522546e-06  4.032629498925048e-06
   -0.5580578493889641    0.07145859114059099     0.8025976420558673   -0.09270196332535369    -0.1077698994650124     -0.138181497382442
    0.1651295281600373     0.1280693393975986    0.08485918394481935    -0.4161908606062159    -0.6032238823872608     0.6418999278716446
   -0.1197732576715423   -0.09228089062556791    -0.0600305663536724     0.7911363375609807    -0.5893848936733305    0.01623815185387963
   -0.6442149440723328    -0.4860819439356024    -0.3022862430450421   -0.03833726307472789     0.1991610376250013     0.4649727005227866
     0.199412703436484     0.2613989551540576      0.333475821385416     0.4368352610694167     0.4873057814494695     0.5936388351145658

40.47484218838553
63.54630068920888
90.35733154277473
129.9472070465744
156.1311784487432
185.6190542683312

  1.792512509272028
-0.1887637689675934

  -0.03559296886867371 -0.0006080593755406608     0.0361571496911682  1.104710654797805e-05  2.047619634036298e-05   2.14128193931646e-05
     1.617942493073793     0.3662814941419381    -0.9828238329559751 -0.0003229604933852673 -0.0006227552320087967 -0.0007972595504865745

 1.569847061848524e-06     0.0130782364041097   -0.01459475768736098    0.01230841146623078     0.3207231556154791     0.6943004714312438
-4.251408913699751e-05    -0.4460035433478505       1.16482964814562    -0.9665134422870475     -24.06900916261696      12.90098354852355

cov:
16.83532068404821   15.813887600397 14.62859629003386 12.29280822951374 10.54822492871041 9.762090771958954
  15.813887600397 16.11561362813624 16.46489741271457 16.21551136078706 15.71410655525752  16.8283573118039
14.62859629003386 16.46489741271457 18.60149614749611  20.7784115953019 21.71994507932951  25.0436430069043
12.29280822951374 16.21551136078706  20.7784115953019 31.94527076197701 29.00661706096451 35.55281461800981
10.54822492871041 15.71410655525752 21.71994507932951 29.00661706096451 39.01324296755048 42.00420374980887
9.762090771958954  16.8283573118039  25.0436430069043 35.55281461800981 42.00420374980887 58.39487173972572

cov.inverse():
    180.0135607455652    -332.8744755446583     152.2997168599068    0.1100449511994433     0.215912016592677    0.2962680552061821
   -332.8744755446583     619.1728316441024      -286.25134969072   0.05498728249999377  -0.04301457249543496  -0.02538494535316176
    152.2997168599066    -286.2513496907196     134.9630454866661   -0.3385887900028948   -0.3255205851899864   -0.4089225485381147
   0.1100449511994453   0.05498728249999034   -0.3385887900028934    0.1769009213355509   0.00692207583836692 -0.001715897304793124
   0.2159120165927109  -0.04301457249549852   -0.3255205851899567  0.006922075838366855    0.1791578305951252  -0.01717870167582472
   0.2962680552062055  -0.02538494535320514   -0.4089225485380947 -0.001715897304793154  -0.01717870167582466    0.1636870496571013

cov*(cov_.inverse()):
     1.000000000000512  4.494182803682634e-13 -1.048050535246148e-13 -3.469446951953614e-17  2.775557561562891e-17                      0
 2.788880237858393e-13      1.000000000002857 -1.598721155460225e-13  9.298117831235686e-16                      0 -8.881784197001252e-16
  3.47277762102749e-13  1.729172360853681e-12      1.000000000000284  7.563394355258879e-16  -3.33066907387547e-16 -8.881784197001252e-16
 3.730349362740526e-13  1.871836019518014e-12  4.636291350834654e-13      1.000000000000001  2.220446049250313e-16                      0
-2.664535259100376e-14  3.645972412869014e-13 -6.856737400084967e-13  7.632783294297951e-16     0.9999999999999988 -8.881784197001252e-16
-9.166001291305292e-13  1.695088513997689e-12 -4.156675004196586e-13  4.302114220422482e-16  2.220446049250313e-16      1.000000000000002
