6
2

0.1140409503396233
0.8834709012116354
 3.163374410835562
 4.412428935461674
  5.18416032552632
  11.7300508522845

   0.2325797290114099   -0.7946927245270389    0.5606864830014467 0.0004305250794239377 0.0004978959340121145 0.0006146251166126147
   0.5772965751773825   -0.3264059492470207   -0.7025142566708806   0.09525384399673421    0.1372238126048447    0.1968701862060681
  -0.3796462123838523    -0.207909470874986   -0.1377206668786785    0.6820938140746871    0.4439698336793288   -0.3623730658332178
   0.6431889109324466    0.3767597918142528    0.2674879072361865    0.0543045154646694    0.2893953346279543   -0.5348940675533248
  -0.1912296237491187  -0.08591187875423252  -0.04268268960522262   -0.6154881983382043    0.7577145590340674   0.03565799814841104
   0.1350679207596771    0.2633770873888339    0.3158572657999008    0.3793413317311817    0.3552170483802279     0.736576103903796

66.86164018063376
130.6801563423097
156.7203620870249
187.6321303285065
218.2223710875062
260.6688985890947

  2.957463570160683
-0.2454052695244495

  -0.03730978284894276     0.0151039542144928    0.02205390282720567  3.425104089664968e-05  3.161597789606146e-05  3.429403904537092e-05
     1.844333518413202    -0.3313237415373123    -0.5096836276795328 -0.0007061401511435213 -0.0007452081635835401 -0.0007737307112537899

-0.0001081410132035067   -0.03274102178933128    0.08017514562739057    -0.2417114356129438     0.1316874701767516      0.819242062953626
   0.00528642665307937      1.194674266048526      -5.62036698149595      18.01420232846216     -8.133325074492417   -0.03337426093784478

cov:
13.25050995853557 10.69467419505701 9.647430537935783 8.344739306904321 4.706480888396984 8.272816950895029
10.69467419505701 13.03051471497071 13.96677308853346 14.12306566118939 12.28740128919125 23.39068730388362
9.647430537935783 13.96677308853346 15.74828657061816 16.48279592272752  15.3886063652652 29.57657146922154
8.344739306904321 14.12306566118939 16.48279592272752 34.70115104317036 9.353381478150299 34.83150700973665
4.706480888396984 12.28740128919125  15.3886063652652 9.353381478150299 36.40930712276441 32.12420140425165
8.272816950895029 23.39068730388362 29.57657146922154 34.83150700973665 32.12420140425165 81.59983481315302

cov.inverse():
     4.623447816259725     -14.43202713300513      9.522057999731858    0.05882016596181425    0.09807308725185046     0.1531492410321722
    -14.43202713300516      48.70868094854313     -33.95825025069689   -0.07656854150402941   -0.09317581002821611    -0.1214119450862744
     9.522057999731885     -33.95825025069692      24.81099713050983   -0.07396615408447006    -0.1045662761559183    -0.1514243132743363
   0.05882016596181368   -0.07656854150402748   -0.07396615408447142     0.0734247249995216    0.03145877170870617 -0.0009317929844976202
   0.09807308725184931   -0.09317581002821208    -0.1045662761559212    0.03145877170870618    0.07042294432824577    0.01351449063791482
      0.15314924103217     -0.121411945086267    -0.1514243132743415 -0.0009317929844976262    0.01351449063791481    0.08149353217377944

cov*(cov_.inverse()):
    0.9999999999999994  3.996802888650564e-14 -1.998401444325282e-15 -1.474514954580286e-17   9.71445146547012e-17  2.220446049250313e-16
-4.884981308350689e-15      1.000000000000048  -8.43769498715119e-14  1.249000902703301e-16  1.665334536937735e-16                      0
 8.881784197001252e-15 -2.708944180085382e-14     0.9999999999999174  1.665334536937735e-16   3.33066907387547e-16  4.440892098500626e-16
 2.398081733190338e-14  -1.35003119794419e-13  1.332267629550188e-14                      1  2.775557561562891e-16                      0
 6.217248937900877e-15 -1.194599974496668e-13 -6.394884621840902e-14  2.775557561562891e-16     0.9999999999999993                      0
-8.881784197001252e-15  2.309263891220326e-14 -1.172395514004165e-13  1.249000902703301e-16  2.220446049250313e-16     0.9999999999999982
