5
2

0.03276505677190036
 0.5686583178691855
  2.278800568872297
  5.105050982588955
    10.798546836598

   -0.4384711767652797     0.8157426744673153    -0.3772358892068471 -9.255713654211756e-06  2.762912792712804e-06
    -0.573308031974275    0.05698880709877192      0.789606600727689    -0.1260687143909509     -0.169405642404023
   0.08699971620823048    0.07097096914492335    0.05237108605843082    -0.8085394892417338      0.575252409469178
   -0.6503640007966502     -0.493003247030725    -0.3101465394219776     0.1870521121966438     0.4503277654023584
     0.220269479200628     0.2884910481698922     0.3678055103056718     0.5434906446532776     0.6615068385297842

40.48254226908402
63.55607065463771
90.36600247058487
156.1275482596419
185.6197136226959

 1.792560600585448
-0.181895823628847

  -0.03558404914560104 -0.0006416007883945402     0.0361919238515322  2.007118642974271e-05  2.153879764547027e-05
     1.617696440950412     0.3672982262522404       -0.9838953388828 -0.0006277397410920996 -0.0007769462808372291

  1.53120936352376e-06    0.01582430670240373  -0.006489944441654178     0.3191900762218225      0.619607976900435
-4.136576035475433e-05    -0.5442956895134146     0.5989506361802782     -24.19778834038243      11.60887138994246

cov:
16.82682867332174 15.78725287196061  14.5814789923854 10.44737951761066 9.649483555308505
15.78725287196061 16.06723178491024 16.39159367975455 15.57968568315372 16.67633072352246
 14.5814789923854 16.39159367975455 18.49781162467802 21.54592509986179 24.84479547168932
10.44737951761066 15.57968568315372 21.54592509986179 38.75589579971527 41.71034009417905
9.649483555308505 16.67633072352246 24.84479547168932 41.71034009417905 58.03976929852767

cov.inverse():
   180.1199520320685   -333.2619807730471    152.6844249052123   0.2101009670325143   0.2988606393376008
  -333.2619807730472    619.8680697150924   -286.4983301138664  -0.0424944749713225 -0.02677575733608364
   152.6844249052126   -286.4983301138667    134.4908863281425  -0.3132466396387188  -0.4120947171935772
  0.2101009670324639 -0.04249447497122845  -0.3132466396387626   0.1789139937840841 -0.01720766216311984
  0.2988606393375814 -0.02677575733604801  -0.4120947171935934 -0.01720766216311994   0.1640050792727938

cov*(cov_.inverse()):
     1.000000000000225   2.05613304160579e-13  6.217248937900877e-13  1.942890293094024e-16  8.881784197001252e-16
 2.193800696659309e-13     0.9999999999995568  6.501466032204917e-13  8.326672684688674e-16  8.881784197001252e-16
 8.286704655802168e-13 -4.750644322371045e-13     0.9999999999998685 -5.551115123125783e-17  8.881784197001252e-16
-6.572520305780927e-14  1.260769266764328e-12 -3.055333763768431e-13                      1  8.881784197001252e-16
 9.237055564881302e-13  3.197442310920451e-14  5.115907697472721e-13  5.551115123125783e-16      1.000000000000002
