5
2

0.03856974299865807
 0.8456554934037627
  1.454279671523231
  4.363478241549549
  5.569112327510523

   -0.5147713666327836     0.8065287716105178    -0.2907257469144086 -0.0004268115213739458 -0.0003722531802539666
   -0.4248076872300783    0.01733333337398134     0.8010622933133145     -0.377581844530158    -0.1870003672113907
    0.1623225109639386  -0.008213464266448553    -0.3090625117746678    -0.9218764154953388      0.167952909495801
   -0.6975965367827551     -0.586407665438448    -0.3914359831580239   -0.00954504571260972    -0.1271687264039044
    0.2038610881662231      0.072591218741311    -0.1582276120571781   -0.08651320806061087    -0.9595054243239474

51.22728782832719
79.51224151098094
129.1487941941715
187.5917462590917
222.2926453727763

2.200621493406155
1.289561432052805

  -0.04470516304242387    0.02589221711183396    0.01872440258656116  2.664023304538234e-05  3.003211727007488e-05
     1.848206928723914    -0.3268207163974026    -0.5185309876982015  -0.001018677089329574 -0.0009113806317867512

 5.72022597368637e-05   0.02461748353297024  -0.02807747448129442    0.1650628573631588   -0.3172194909914559
-0.001583194921832101   -0.8621774481745651    0.9807655723152418    -17.03228078292471     13.52445844926766

cov:
   10.73975244989193    8.239055981958476    3.849459176283016  -0.6219958663823179   -4.263168456520904
   8.239055981958476    6.712098548856931    4.029161711732878 -0.07687237428602077  -0.7456230462932838
   3.849459176283016    4.029161711732878    4.354876213349725   0.8819726233367973    5.439577435806737
 -0.6219958663823179 -0.07687237428602077   0.8819726233367973    2.133208459634126    2.320699807311713
  -4.263168456520904  -0.7456230462932838    5.439577435806737    2.320699807311713      28.946569010778

cov.inverse():
  178.4209682253258  -279.0767031051975   100.1152129656467  0.3010117518754464  0.2511389469039737
 -279.0767031051975   437.2852159167672  -157.5871706901217 -0.2368796869121001 -0.2053341220665693
  100.1152129656468  -157.5871706901218   57.76770771154533 -0.2041850079345029 -0.1537548581133846
 0.3010117518754425 -0.2368796869120938 -0.2041850079345053   0.601563938355696 0.02837198763121497
 0.2511389469039608 -0.2053341220665492 -0.1537548581133918 0.02837198763121495  0.0928629701382299

cov*(cov_.inverse()):
      1.00000000000005 -1.315614284180811e-13  1.245670233629426e-13  -3.33066907387547e-16  2.775557561562891e-16
  8.68749516769185e-15     0.9999999999999736  1.782601843913767e-13 -6.591949208711867e-17  4.718447854656915e-16
 6.306066779870889e-14 -1.092459456231154e-13      1.000000000000084 -2.220446049250313e-16                      0
-4.884981308350689e-15 -4.279909759929978e-14 -6.050715484207103e-15     0.9999999999999998 -8.326672684688674e-17
-2.842170943040401e-14 -1.358912982141192e-13   1.77635683940025e-14 -1.110223024625157e-16     0.9999999999999998
