6
2

0.03006533089764177
0.06255569570734494
 0.8386382991552358
  1.131089598708239
  2.547994337544161
  3.475430398185484

  -0.4184998933489055    0.8136559646041291    -0.403426708078153  0.008275407134712788 1.399762596894488e-05 0.0004681678382522363
   0.2718526319364086   -0.2108017408752063    -0.694200404183261    0.6322506945495179  0.001066113486716798 -0.001579249414209223
  -0.2329710260882306 -0.006231148505538315    0.2353630349434587    0.3544107229902971  -0.04347318693857911   -0.8733802362206291
   0.3449992120955783  -0.02639122432330809   -0.4244752166337271   -0.6248824610091575    0.2909899509228871   -0.4742853526949075
  -0.4631001137067591   -0.2533757742899102  -0.02878546236689707    0.0818966008950935    0.8377934941294072     0.109111900360903
   0.6026543911047331    0.4781129473023228    0.3448610146759131    0.2782058104944448    0.4599302717584891   0.01876824946714659

48.63033514651227
79.75775168036269
113.0172046732842
129.4732363615698
157.7754444881082
187.3508633432146

 2.351783979050818
-4.320410299975639

  -0.03422913247872202  -0.001847519612979001    0.03070528900778779    0.00529536967273752 -2.307081482176045e-06  1.809503705147412e-05
     1.561433215531714     0.4260638829532895    -0.8196075693923874    -0.1668631541118972   0.001149550401953414 -0.0008674608412312032

 4.322014237948557e-07 -0.0001052008128264591    0.01200826741067599   -0.03596564681859076     0.1030290319631301    -0.1141443965199495
 2.032032143999055e-05   0.003123292992306628    -0.4344789092988005      1.254246921017078     -5.325343693727523       9.85797100511301

cov:
   5.970100948963669    4.230927942796061    2.370363480749239    1.445684628801621   0.9646124835594753  -0.2576712254241248
   4.230927942796061    3.179565088870221    2.052480776125968    1.490933834311731    1.268277802401449 -0.05125894145522343
   2.370363480749239    2.052480776125968     1.71338704664899     1.53983965927423    1.594020605658621   0.1707813064597011
   1.445684628801621    1.490933834311731     1.53983965927423    1.567879483490442    1.747507456883271   0.2825458531905773
  0.9646124835594753    1.268277802401449    1.594020605658621    1.747507456883271    7.221634523013724   0.5478795413711155
 -0.2576712254241248 -0.05125894145522343   0.1707813064597011   0.2825458531905773   0.5478795413711155   0.9058195221051347

cov.inverse():
   212.8766112134724   -391.3150378589963    138.3794376517683    39.81348589677781   0.1236401027994498  -0.1719036852188848
  -391.3150378589978    743.7873479233169   -325.7220316043891   -26.59226475419699 -0.06493956393280767   0.5204945032317218
   138.3794376517732   -325.7220316043972     303.431761607962   -115.5204882272319  -0.2970523399367549 -0.06365080007529357
   39.81348589677454   -26.59226475419065    -115.520488227235    102.7185466948079  0.02950425552836776  -0.4575149052473956
  0.1236401027994344 -0.06493956393277878  -0.2970523399367668  0.02950425552836611   0.1947892286213801 -0.03951845508196727
 -0.1719036852188706   0.5204945032316929 -0.06365080007527568  -0.4575149052473987 -0.03951845508196728    1.263139063811705

cov*(cov_.inverse()):
     1.000000000000163  -2.47052378554713e-13  1.787216208359865e-13 -8.187894806610529e-16  5.204170427930421e-17 -1.110223024625157e-16
-2.588901315547787e-14      1.000000000000088    2.0194783345584e-14  5.075453946012942e-14  1.647987302177967e-16 -2.220446049250313e-16
 1.607741717535305e-14 -7.008282842946301e-15     0.9999999999999869   2.07334149848748e-14  8.326672684688674e-17 -2.220446049250313e-16
 8.837375276016246e-14    4.6074255521944e-15  2.012279232133096e-16      1.000000000000019  3.816391647148976e-17 -1.665334536937735e-16
 8.294753772730701e-14  8.715250743307479e-14  2.240568841571644e-14 -1.565414464721471e-14                      1                      0
 6.966649479522857e-15  1.321165399303936e-14 -6.689093723366568e-15   3.33066907387547e-16  2.775557561562891e-17     0.9999999999999999
