5
2

0.1417525858421645
0.1738889925131664
 0.174589090043344
 2.849392975880043
 34.44514963552178

  -0.6268408624074372    0.6077113642930979    0.3433867429157523    0.0165802381493699   -0.3457861642951384
-0.004890024745786235    0.1827422614541808   -0.6282281704408966    0.7102274704353216   -0.2597838710161312
0.0009050083565502478    0.5617711661339424   -0.5350100437257528    -0.459645631507392    0.4323221997643934
  -0.7341833400536174   -0.3924445655358019   -0.1380585208774496    0.1610190968023273    0.5118347208300993
   0.2608076398840281    0.3573409904692723    0.4267540375671844    0.5080361993432051    0.6033796508713075

96.74040458337224
132.0369705600598
157.3932171219165
  187.15666204052
222.0230341923644

  4.299797040780915
-0.3280512860892793

 -0.04037398497370661 -0.001957501713482641  0.005414902941599562    0.0131256978713925   0.02329141677051524
    1.884226752957392     0.067545092552875   -0.1078344393504643   -0.2941172901097047   -0.5394686997191608

 0.0003645346256599279 -8.786568440331508e-06  9.121767067991865e-08     0.3547808585722448      14.00434720203797
  -0.02000190750223373  6.437986677880085e-05 -2.109105030289465e-05     -13.95229024672054     -6.392792922260989

cov:
85.08858094981018 112.9072408964135 132.8734729280641 156.2465849943848  183.663231175387
112.9072408964135 152.7716925061772 181.3639706347954 214.8772277664905 254.1880446309107
132.8734729280641 181.3639706347954 216.2562147690444 257.0476779190795 304.9310919630662
156.2465849943848 214.8772277664905 257.0476779190795 306.4606035624332 364.3558467339333
 183.663231175387 254.1880446309107 304.9310919630662 364.3558467339333 434.0910944846875

cov.inverse():
  19.62203107479154  -18.93531462706546  -10.61391310384751 -0.6601876398212491   10.79575317004749
 -18.93531462707584   29.85639565477019  -3.264886564454832  -3.685127103320355  -4.084752612350298
 -10.61391310383868  -3.264886564468364   28.31363152263025   -6.40756087453652  -8.108421588429932
-0.6601876398107521  -3.685127103332293  -6.407560874539943   23.63045119737949  -12.89605141371583
  10.79575317003855  -4.084752612335159  -8.108421588431256  -12.89605141372079   14.34669826150228

cov*(cov_.inverse()):
    0.9999999999995453  2.273736754432321e-13                      0 -4.547473508864641e-13  4.547473508864641e-13
                     0     0.9999999999993179                      0 -4.547473508864641e-13                      0
-4.547473508864641e-13 -4.547473508864641e-13      1.000000000000455 -4.547473508864641e-13                      0
-4.547473508864641e-13 -4.547473508864641e-13  4.547473508864641e-13                      1                      0
                     0 -2.273736754432321e-13                      0                      0                      1
