5
2

0.04199635322627978
 0.1390262639520569
 0.7355785035051793
  1.377112198749632
    1.9012020619003

  0.5005129381004112  -0.8321670347084631   0.1282613931552284   0.2013175607113469 0.002253866396002502
 -0.1473057894968497  -0.1014273870372432   0.8048264445221704   -0.565875335028886 0.007279350469299789
  0.1381087071171034  0.01900415423251587  -0.1207203929769017  -0.1986725772299948   0.9625594116295595
 -0.7149434058689565  -0.2605043944455376   0.2242584236627614   0.5549798763361558   0.2503974503809074
  0.4444881489958342   0.4785256671274717   0.5205171998690126    0.540169315005838   0.1035491529135411

70.99931031587282
113.2679049863412
157.9791747449232
187.1552351339673
259.1432036873926

 3.517583210847601
-9.237013886591246

 -0.06459620549604501   0.05311013363583461  0.001659934866168062  0.009659348018889298 9.892759685724929e-05
    2.358137237375843    -1.069469463196653   0.05612931643531241   -0.3381097000298767   0.00135523522270084

-0.0001311659241953028 -1.419126480239206e-08  -0.005376235158017079    0.07226372729164925    0.01010006889853389
  0.003543948959902581 -4.603249937355043e-05     0.1986054137244935     -3.000260571909709       1.38479784377764

cov:
  1.694664189744916   1.122993342713528  0.5210210055113781  0.1023293963062486 -0.1012241344687558
  1.122993342713528  0.9580014183976857  0.7865220922818055  0.6589055572573619 0.06528141729233469
 0.5210210055113781  0.7865220922818055   1.095134248692151   1.256547621769267  0.2385546165574575
 0.1023293963062486  0.6589055572573619   1.256547621769267   1.666394802354821  0.3621661524234725
-0.1012241344687558 0.06528141729233469  0.2385546165574575  0.3621661524234725  0.6589803595011162

cov.inverse():
  143.5210450110563  -235.2230895850202   30.21375577001375   61.25042826606781  0.7481670102773994
 -235.2230895850202    393.275050913829  -64.70737378049883  -92.03026568092415  -1.088524688969403
  30.21375577001348   -64.7073737804984   42.96878977516175  -8.734738184123419  0.2967822872482827
  61.25042826606798   -92.0302656809245  -8.734738184123259   39.86271279658103 -0.2205307545921029
 0.7481670102773914  -1.088524688969389  0.2967822872482777 -0.2205307545921044   1.754017348147046

cov*(cov_.inverse()):
    0.9999999999999822 -4.413136522884997e-15  1.274674810147758e-14   3.06733805022219e-14                      0
-2.613187444211462e-14      1.000000000000079 -3.972516759986888e-15  5.670811042968182e-15 -1.249000902703301e-16
-1.476596622751458e-14 -3.447242491461111e-14      1.000000000000002  1.520311654346074e-14                      0
 2.786659791809143e-14 -4.657385588302532e-14  2.733924198139448e-15      1.000000000000021 -1.110223024625157e-16
 3.941291737419306e-15 -1.898481372109018e-14  1.665334536937735e-16  6.467049118441537e-15                      1
