5
2

0.2879919828476747
 2.777593410242654
 3.593438178802291
 4.543521941491231
 12.86237835766459

 -0.6202715468764807   0.7780665693134255  -0.0408187408701423 -0.05896159995960101 -0.06879667125868341
 -0.2731059600164977  -0.2025357958188791   0.7456993475532301   0.2723449507284327  -0.5041359904697296
 0.04661539293140202  0.05010575982486411  -0.4684803388866576   0.8321244601357236  -0.2888104445734211
 -0.7166311222052834  -0.5385505543822299  -0.1834853853574062   0.1045055976327918   0.3896342239653073
  0.1579341083096761   0.2470716056851077   0.4348857308412753   0.4679735253731512   0.7112577730732264

54.81845599361493
86.05730886646231
158.3425808228967
185.2364690217992
219.9467107720724

  2.426509530218604
-0.2235067443443105

 -0.07769998204965661   0.07746277081404142 7.603010907696398e-05 6.606863483720827e-05   9.0355533033778e-05
    2.763336321718343     -1.75677005866526 -0.002148939299800581  -0.00182882125038888 -0.002545627750345929

0.008995030229460478  0.04289925728308405  0.00326150017085718   0.2888609657378232     1.15736124558072
 -0.2554974432311535   -3.083633736005337   0.5295518113684676   -21.36553946477892  -0.2024865693222373

cov:
15.36375465477848 14.83978067435647 12.22637254130356 10.61160235926811 13.71200246978108
14.83978067435647 16.48573385425744 18.34523703704701  18.0759272718516 25.33781368251689
12.22637254130356 18.34523703704701 39.10832575815649 29.80701252683432 48.54462130559487
10.61160235926811  18.0759272718516 29.80701252683432 45.97060706125119 51.74530422763279
13.71200246978108 25.33781368251689 48.54462130559487 51.74530422763279 89.86670979976897

cov.inverse():
    4.673635145146852    -5.792576961210545    0.2839639131857517    0.4311330558341449     0.518460144682177
   -5.792576961210546     7.319087293790165   -0.3988844328821022   -0.5590756524519426   -0.6423803346633449
   0.2839639131857523   -0.3988844328821029     0.111935560516042   0.02545319878004628 -0.005984500258522265
   0.4311330558341456   -0.5590756524519435   0.02545319878004629    0.1070061440888357   0.01648414432064321
   0.5184601446821764   -0.6423803346633439  -0.00598450025852239   0.01648414432064307     0.106879674420011

cov*(cov_.inverse()):
     1.000000000000002  7.105427357601002e-15  1.942890293094024e-16  1.554312234475219e-15 -1.110223024625157e-15
                     0      1.000000000000018  -3.33066907387547e-16  -3.33066907387547e-16 -3.108624468950438e-15
 7.105427357601002e-15   1.77635683940025e-14                      1  7.771561172376096e-16 -2.664535259100376e-15
 3.552713678800501e-15  2.842170943040401e-14  1.054711873393899e-15     0.9999999999999997 -8.881784197001252e-16
-3.552713678800501e-14  2.131628207280301e-14                      0 -1.554312234475219e-15     0.9999999999999964
