5
2

0.2539167723108048
  1.33011507351784
 1.949369033622933
 3.762411462801428
 10.26074763149922

 -0.5847068208523245   0.8003979522723748 -0.08695493645367078 -0.05784245617791819 -0.08108107631624668
 -0.3443404764048116   -0.192515128737502   0.8726854133036236  -0.1576711854797959  -0.2406813831457884
 -0.1269100724751749 -0.09374591471785397 -0.06707987819568541   0.8301591956291026  -0.5305106378120537
 -0.6702524746617703  -0.4417697387888916  -0.1809506686059753    0.177884602067645   0.5396434396696159
  0.2724023195058997   0.3440236104825949    0.440018356328147   0.5009858538844967   0.6023634717180508

53.43645587626968
76.00617922727254
103.0664066893697
131.2471621500084
156.1477014032635

  1.509144651331681
-0.2330878034091118

 -0.06658541151821069   0.06620621215670432 0.0001510414483386017 0.0001048966934132519 0.0001313193324991341
      3.3670523542148    -2.351756118733957 -0.005975770718757281 -0.004101472726294041  -0.00569382902196823

0.005924775264270927  0.01816270747566944 0.008554194321110183   0.2186117625776956   0.5092108809685526
 -0.2482148710556679   -1.255891594122483  -0.7859573104965646   -17.27794975322875    10.53032162956105

cov:
14.46463623741997 14.19015685776438 13.84025177867137 12.37805756908184 12.56080740602794
14.19015685776438 15.36338439647415 16.79114715151459 16.78818448766579 18.70957290874546
13.84025177867137 16.79114715151459 22.21295999544222 22.29850838260995 26.28713833067192
12.37805756908184 16.78818448766579 22.29850838260995  29.5356106746407   31.524562648507
12.56080740602794 18.70957290874546 26.28713833067192   31.524562648507 43.49581013406765

cov.inverse():
    5.406354684766352    -7.196334582248936    0.6306827914354894    0.5204047107946295    0.7758859941912104
   -7.196334582248936     9.974574058120751    -1.165708068875178   -0.7253124434822864   -0.9821626704146059
   0.6306827914354893    -1.165708068875178    0.5530754311705455  -0.01459644643336775 -0.004382232413618982
   0.5204047107946335   -0.7253124434822917  -0.01459644643336713    0.2519212433430842  -0.01205692025602078
   0.7758859941912079   -0.9821626704146023 -0.004382232413619346  -0.01205692025602155    0.2327896642160077

cov*(cov_.inverse()):
     1.000000000000005   1.06581410364015e-14 -1.686151218649456e-15 -8.881784197001252e-16 -2.220446049250313e-15
 5.329070518200751e-15      1.000000000000004 -1.110223024625157e-15  4.718447854656915e-16                      0
 3.552713678800501e-15 -2.486899575160351e-14      1.000000000000001  1.054711873393899e-15 -2.664535259100376e-15
  1.06581410364015e-14 -7.105427357601002e-15  3.552713678800501e-15     0.9999999999999996 -8.881784197001252e-16
 7.105427357601002e-15  2.131628207280301e-14  4.163336342344337e-16 -9.992007221626409e-16     0.9999999999999947
