5
2

0.1361163715003751
 1.112874817776635
 4.096333309346093
 6.066403986613516
 9.342173547809288

   -0.2624529555586501     0.8008728441874814    -0.5382568346353437 -0.0006707203418775854 -0.0005134823724528077
   -0.6687040453287795      0.230273056544379      0.669034765801136    -0.1529733307292465    -0.1697081654654674
    0.6211837557553054     0.3977243633468616     0.2898270032684829    -0.5445879020355952    -0.2745366961244821
   -0.1449916435332666     -0.096100143293608   -0.07218926526523015     -0.646627299908598     0.7391914709720696
    0.2775995510996184     0.3716949019451909     0.4164865907500944     0.5117576205482517     0.5911213467921795

79.48895351398572
131.0162194636854
155.6374158145526
222.3847289337633
259.3785865323519

  3.513353746187278
-0.2222023780425443

   -0.052999198368641   0.02098637309327264   0.03184769285179025 6.196510937835509e-05 5.125727856323961e-05
    2.201230961202327   -0.4665317050165174   -0.7307935050230047 -0.001493918905330321 -0.001253321050929082

0.000251511338602043  0.07624445202787021  -0.2582927996901819   0.1238879911566327   0.5598002037249326
 -0.0103383620086471   -2.561057821710627    16.29621179140172   -8.152631130377104    11.50144926367277

cov:
  14.529245013378 13.46919082284484 12.94528693892044   10.299321136959 7.656295683075492
13.46919082284484 15.12958165618563 15.88324185674818 15.21024141261521 14.68121088831197
12.94528693892044 15.88324185674818 17.30004288460774 17.54470278600818 18.04734797311774
  10.299321136959 15.21024141261521 17.54470278600818 43.25038260564101 11.35259520124912
7.656295683075492 14.68121088831197 18.04734797311774 11.35259520124912 51.90517637426571

cov.inverse():
   4.103273997872745   -11.45278182089541    7.275759901644043  0.07611173076672946  0.08770974512998904
   -11.4527818208954    34.67242926714374   -23.13334587101779  -0.0664747813951355 -0.05966954130245557
   7.275759901644042   -23.13334587101779    16.00572684768691 -0.06884671797431391  -0.0801302142616642
 0.07611173076672921 -0.06647478139513482 -0.06884671797431431  0.05095588401335299  0.02036820976884323
  0.0877097451299869 -0.05966954130244879 -0.08013021426166887  0.02036820976884326  0.04661182881806481

cov*(cov_.inverse()):
     0.999999999999997  -3.68594044175552e-14  7.549516567451064e-15  1.665334536937735e-16 -5.551115123125783e-17
-6.661338147750939e-15     0.9999999999999541 -1.687538997430238e-14  2.220446049250313e-16  4.440892098500626e-16
  3.33066907387547e-15 -3.042011087472929e-14     0.9999999999999918                      0  2.220446049250313e-16
-1.665334536937735e-14 -7.438494264988549e-15  5.773159728050814e-15     0.9999999999999999 -1.110223024625157e-16
-3.730349362740526e-14  2.398081733190338e-14 -5.062616992290714e-14 -4.440892098500626e-16                      1
