4
2

0.06106505457020085
  1.082703834588618
  5.042490974386598
  15.02174608045734

    -0.484365312003275     0.8112647832584845    -0.3274709742560813  -0.001567479603485938
   -0.3912699392716071    0.07760341381009776      0.773341576498053    -0.4927761670849329
     -0.73635462459831    -0.4387867947483319 -0.0003509418907883703     0.5150222251776693
    0.2647261717002041     0.3785410286403165      0.542867795986342     0.7013710143239582

56.22011563947519
86.87288010427731
132.2411756661285
186.1791388160233

2.393526182910798
 1.97761257725247

   -0.1619311672162519     0.2143092766995002   -0.04949894276605472  -0.003761089795239455
     3.007520053760665     -2.115168684710431     0.1268771363994209 -3.515940815627949e-05

0.001001260795859901   0.0510674593964193   0.5920104561353716    1.974041583847873
 -0.0119857436982337   -1.456822195441679   -32.71288914555085      14.519405537788

cov:
29.78090274192996 30.79098955119743 32.08132547943127 32.48047091697318
30.79098955119743 37.23956185625407 46.44442639391379 54.11942746079976
32.08132547943127 46.44442639391379 67.20259901369889  85.4663976176831
32.48047091697318 54.11942746079976  85.4663976176831 118.0324834549451

cov.inverse():
  63.06815478505421   -105.390801069589   42.27888525334333  0.3539909279244635
 -105.3908010695889     176.51132826568  -71.19215694174237 -0.3813525164055759
  42.27888525334325  -71.19215694174228   29.26958165067603 -0.1857542288776362
 0.3539909279244735  -0.381352516405593 -0.1857542288776291  0.2204184122215409

cov*(cov_.inverse()):
     1.000000000000179  2.700062395888381e-13 -8.881784197001252e-16  2.664535259100376e-15
-2.771116669464391e-13      1.000000000001211 -5.382361223382759e-13                      0
 4.298783551348606e-13 -6.039613253960852e-13      1.000000000000282  3.552713678800501e-15
-2.842170943040401e-14  1.918465386552271e-13   1.13686837721616e-13                      1
