5
2

0.1140169401793042
 1.358892833249348
 3.595514963378068
 5.174802958811951
 8.432835661599105

   -0.2315112788486974     0.7940441834741307    -0.5620462972127267   -0.00042406633195777 -0.0003773777309127978
    -0.566501458977269     0.3097075684327261     0.6712593719762223     -0.249473449042816    -0.2652002503559953
    0.7259367384655999     0.3336515372018549     0.1729059648513068    -0.5305468552895208    -0.2243124274979124
   -0.1618173978001041   -0.06210142581477262   -0.02115534818955111    -0.5980677113192923     0.7821930750148959
    0.2689044556298698     0.3979888457997301     0.4507447103243349     0.5464410905213222     0.5172297488214516

66.85875429124746
130.6821811294529
156.7288446225155
 187.631626991355
218.2222912521356

 2.957099317078546
-0.238972048607969

  -0.03737331713411755    0.01515143108718044    0.02211894139735502  3.361240590264323e-05  2.334698300108769e-05
     1.845709084127115    -0.3322307869276769     -0.511246372732191 -0.0007006776172657492 -0.0005561716671880351

0.0001072665205991287    0.0751516248614912   -0.2362405068619372    0.1241710404206771    0.4253029648994547
-0.005248873378002808    -2.753907719254324     14.75205869885069    -7.156208048592459     9.456789832565235

cov:
13.24934557290276 10.68450294702762 9.633211639769522 8.322850452766298 4.673626789534577
10.68450294702762 12.99165850958389 13.91608711447116 14.02887614055686   12.218681613614
9.633211639769522 13.91608711447116   15.682665306332 16.35910917974003 15.30587191542076
8.322850452766298 14.02887614055686 16.35910917974003 34.56622626374605 9.232521337562826
4.673626789534577   12.218681613614 15.30587191542076 9.232521337562826 36.18872475228175

cov.inverse():
   4.339477312238946   -14.21532978507328    9.814951812007445  0.05997444109629211  0.07271272136684198
  -14.21532978507327    48.56391304095617   -34.21071447284373 -0.07699144315272057 -0.07223814248478974
   9.814951812007438   -34.21071447284373    24.54914997369856 -0.07551231859017132 -0.08042753276969516
 0.05997444109629216  -0.0769914431527207 -0.07551231859017123  0.07304700210831218  0.03155153034112889
 0.07271272136684312 -0.07223814248479368 -0.08042753276969229  0.03155153034112886  0.06859971153426708

cov*(cov_.inverse()):
    0.9999999999999921  7.488454301096681e-14  1.876276911616515e-14  2.775557561562891e-17 -1.665334536937735e-16
 8.548717289613705e-15     0.9999999999998769  6.628031457012185e-14  5.551115123125783e-17 -2.220446049250313e-16
-1.199040866595169e-14 -2.220446049250313e-15      1.000000000000034 -1.110223024625157e-16 -4.440892098500626e-16
 1.654232306691483e-14  5.029310301551959e-14  6.439293542825908e-15                      1 -1.110223024625157e-16
-1.332267629550188e-15  8.615330671091215e-14  2.486899575160351e-14                      0                      1
