6
2

0.1040891660359491
 1.014612697555511
 2.025123596822828
 3.769019332530033
 4.579604241570359
 12.41926074230982

   -0.1976822381162747     0.7848356631197846    -0.5873283850769804  0.0001797915289073796 -0.0001383991880412159 -0.0001767263588158144
    0.5932868063761911    -0.3515832272852875    -0.6695886533748736    0.05235251019449786     0.1464831820131592     0.2277123778077525
  -0.05725147284236991    -0.0615662888027755   -0.06261033284766299     0.8837272136828586    -0.4542699057662835   -0.04094962359486064
    0.4007709388002856     0.2410947793231674     0.1872370351058104    -0.2895023052459235    -0.7083156269942138     0.4008436634077268
   -0.6588225083479846    -0.3578581244041866    -0.2566263651460755    -0.1532831936467321     -0.181921702780673     0.5616423511512828
    0.1048347465197883     0.2654103962754182      0.319157564491105     0.3301182696404837     0.4872114300395989     0.6858224238004369

 61.6895321567551
131.3305317948267
 154.664296333255
 185.969440622796
222.5395249407509
262.6537171467062

 2.699255552476167
0.4515501045423976

  -0.03237988378956803    0.01347549150726995    0.01882354686077078  3.843920436076217e-07   1.88659904526013e-05  4.330779670701917e-05
     1.731946431594714    -0.2935154683074508    -0.4366075749770452  0.0002865109068679178 -0.0005276713130000985  -0.001196410276306934

 6.415530443938067e-05   -0.03761539223986972 -0.0006741942494696697   -0.08806981431522452     0.2453918736891608     0.9607018591320209
 -0.003427013964418171      1.464633025693771    -0.2182118089699661      7.691015916456567     -19.39107668058351     -5.654911202047907

cov:
13.45616611848694 10.40683485847893 9.379487708300084  5.63211222366542 6.555216916489339 5.759764167887385
10.40683485847893 14.52595267916182 15.88563108925577 13.43069083348355 18.94583384092892  25.1605644949263
9.379487708300084 15.88563108925577 18.07150610180885 16.04245346002136 23.09441635461636 31.65732014920651
 5.63211222366542 13.43069083348355 16.04245346002136 21.69761383547383 26.66654315068074 31.32970504165329
6.555216916489339 18.94583384092892 23.09441635461636 26.66654315068074 45.30181662348684 45.47163272550407
5.759764167887385  25.1605644949263 31.65732014920651 31.32970504165329 45.47163272550407 81.50466282838916

cov.inverse():
    3.981614400069611    -14.50328764755972     10.34465746478976    0.0114266091302483   0.07935065970233156    0.1291633433326176
   -14.50328764755971     56.98374029107031    -42.30728347740044  -0.01985255837140855   -0.0613130854109499  -0.09155743243630461
    10.34465746478975    -42.30728347740042     32.28112893161783  -0.05854711794640056  -0.08694278801806012   -0.1380778886853032
  0.01142660913024659  -0.01985255837140148    -0.058547117946406    0.2008213142566559  -0.07363319393031247 -0.008052534788203381
  0.07935065970233346  -0.06131308541095768  -0.08694278801805416  -0.07363319393031251    0.1095987529538987   0.01424799997552845
   0.1291633433326181  -0.09155743243630676   -0.1380778886853016 -0.008052534788203423    0.0142479999755285   0.08018272459160972

cov*(cov_.inverse()):
    0.9999999999999989  4.884981308350689e-15  8.215650382226158e-15                      0 -6.938893903907228e-17  1.110223024625157e-16
 2.264854970235319e-14     0.9999999999998681 -4.796163466380676e-14 -4.718447854656915e-16                      0                      0
-8.881784197001252e-15 -5.684341886080801e-14     0.9999999999999352 -5.551115123125783e-17  6.106226635438361e-16                      0
 1.332267629550188e-14 -6.572520305780927e-14  1.341149413747189e-13                      1 -2.775557561562891e-16 -4.440892098500626e-16
-3.552713678800501e-15 -6.483702463810914e-14 -6.838973831690964e-14 -4.440892098500626e-16     0.9999999999999999                      0
 -1.77635683940025e-15 -8.260059303211165e-14  4.973799150320701e-14  1.110223024625157e-16 -6.661338147750939e-16                      1
