4
2

0.03827072162587011
 0.6713671070217335
  3.520289730730321
  30.05486996404099

   -0.4380467191208754     0.8157574159132351    -0.3776968490263298 -2.203587986130822e-05
   -0.4259419547422816     0.1219693348742314     0.7574604683281335    -0.4795316167478286
   -0.7475005109051174    -0.4128614326083337   -0.02479788468691367     0.5197821549228455
    0.2606367381133162     0.3862754939126907     0.5319622111304159      0.707019051707517

25.60290110212881
39.97907374953008
56.64684664802181
 76.4459865222976

 1.115824160943882
0.2971546618692179

 -0.03617482864746294 0.0004025797880196744   0.03570428321183566 7.362900709593015e-05
    1.654694181903829     0.300144033371526   -0.9523983726922303 -0.002611317259946393

 3.938842434557885e-06     0.0191412016496311     0.3225426598620107       8.82736563785639
-0.0001761542775977344    -0.6257750051245667     -16.58780724933203      34.98117610490966

cov:
68.36862558951962 94.74212212205146  125.325414786539 161.7319874117279
94.74212212205146 136.8995833685146 185.7807473499819 244.0078996702632
 125.325414786539 185.7807473499819 255.8843416414114 339.4125779766956
161.7319874117279 244.0078996702632 339.4125779766956 454.9872961847779

cov.inverse():
  131.4586170523447  -244.0668373872304   112.2473621161175  0.4285975157304368
  -244.066837387233   454.3950692963719  -210.1578161849371 -0.1590497908930787
  112.2473621161218  -210.1578161849432   98.67203756100456 -0.8007965849511958
 0.4285975157284518 -0.1590497908893818 -0.8007965849529077   0.532524562256838

cov*(cov_.inverse()):
      1.00000000000324  1.374900193695794e-12  4.831690603168681e-13  2.842170943040401e-14
 4.860112312599085e-12     0.9999999999965326  -1.13686837721616e-12                      0
-6.991740519879386e-12  9.400480394106125e-12     0.9999999999954525  2.842170943040401e-14
 3.041122909053229e-12  2.060573933704291e-12 -4.547473508864641e-13                      1
