5
2

0.0428425318924115
0.1210097770567298
 1.855572691111463
  3.65372050986509
 7.318492788242853

    0.4911140132431839     -0.832715394509277     0.1106485780088453     0.2305404669193571   0.000288167761340583
   -0.2928974474614254    -0.1682485901198021     0.8547817577583796    -0.3940198478704295 -5.727947688923363e-05
     0.412693649141781     0.0247000383453091    -0.1786152256995518    -0.7048911115080841     0.5479954216314017
    -0.681976632301612    -0.4231665829785501    -0.2883385010773064    0.06205323263465014     0.5185057580788208
    0.1939328136735727     0.3140022847463956     0.3769118580423089     0.5393304829446012     0.6563937159879982

71.08671167653627
110.2410357962678
130.6212574589307
183.5454805495671
  220.09655264337

3.202757386722477
-1.70430652711792

   -0.0610495087370756    0.04643711119507666   0.004794674788339649   0.009808680320535864  7.091258446796818e-06
     2.291982288340387    -0.9035965050686674    -0.1147800499159604    -0.2731815548230855 -0.0004106207621406843

-0.0001208836738818158  0.0001508537937134151    -0.1095414543490667     0.2831940015841843     0.5272372821997809
  0.003308243569884612  -0.007464599960269928      3.912821022333769       -15.549375598965      -1.61256374893798

cov:
8.811351566503737 7.149222738876202 6.282732523662348 4.037411795244268 2.876152881625536
7.149222738876202 7.675225183921563 7.950327060794834 8.660619917644604 8.156769283726439
6.282732523662348 7.950327060794834 8.839367532149996 11.07751357323689 10.91810266010506
4.037411795244268 8.660619917644604 11.07751357323689 17.34406816605777 18.06057859987178
2.876152881625536 8.156769283726439 10.91810266010506 18.06057859987178 27.69962666781931

cov.inverse():
   137.3493159218362   -219.4158803586359    12.50316768488457     69.4804554388502   0.1198206591270863
  -219.4158803586274    379.7320170419067   -60.00982454480184   -100.0674776969114  -0.1387334530570982
   12.50316768487259   -60.00982454478345    56.58482617255503   -9.063527143688102 -0.02097952402264801
   69.48045543885354   -100.0674776969211     -9.0635271436817    39.70857650790536 -0.06543160538958057
   0.119820659127048  -0.1387334530570299 -0.02097952402266117 -0.06543160538959732   0.1154450029936189

cov*(cov_.inverse()):
    0.9999999999999887 -5.223599330861362e-14 -5.863365348801608e-15  9.450773497121645e-14  5.551115123125783e-17
-1.424416140594076e-13     0.9999999999997582  3.377853552422039e-14  1.125766146969909e-13                      0
-2.164934898019055e-13 -1.130207039068409e-13      1.000000000000047  5.995204332975845e-15  2.220446049250313e-16
-1.474376176702208e-13 -7.633893517322576e-13 -8.604228440844963e-15      1.000000000000004 -4.440892098500626e-16
-2.984279490192421e-13 -7.878142582740111e-13 -1.152411499560912e-13 -8.548717289613705e-14                      1
