4
2

1.559256796568763
2.446500599275184
3.624380205857018
9.429478845227736

 -0.435883127744736  0.8097212945234923 -0.3002929618008309 -0.2533406032114695
-0.2177469049632856 0.04324034111388373  0.8442290823482034 -0.4878460974495701
-0.8583086932168199 -0.3317909874599633  0.0214693099937752  0.3908452334584225
 0.1609297097331972  0.4820751380603416  0.4434416109690051  0.7382849906712884

75.41665175379475
185.2482624013521
 221.564878411998
263.7089261827713

3.226719211292655
2.393915137172574

  -0.02777007570280284    0.02847408897527771  0.0009646957960078141 -0.0002120507868979323
     1.624984957211921    -0.6007891516033065   -0.05686732198149873  -0.007521622530657149

0.08491157534753703 0.04905575227237011   0.188184069027087  0.8472585990565796
 -2.858683843912607  -2.538713146427382  -15.75761752235483  -5.235994584104104

cov:
 12.7257802129482 9.724484896916342 5.321134154018753 7.061738845318574
9.724484896916342 23.71489782179914 18.54131469111463 29.31717956223962
5.321134154018753 18.54131469111463 21.97550440573901 26.93966993070619
7.061738845318574 29.31717956223962 26.93966993070619 52.05166766861898

cov.inverse():
  0.1424400190186354  -0.1241893017788435  0.02252372846624703  0.03896559178373721
 -0.1241893017788435   0.2809783976194118  -0.0920494983086044 -0.09376680587691534
 0.02252372846624702 -0.09204949830860437   0.1584140576720764 -0.03319869508879306
 0.03896559178373724 -0.09376680587691537 -0.03319869508879304  0.08391998825806854

cov*(cov_.inverse()):
                     1  1.110223024625157e-16 -2.775557561562891e-17 -1.110223024625157e-16
 4.440892098500626e-16     0.9999999999999991                      0                      0
                     0                      0                      1 -4.440892098500626e-16
 4.440892098500626e-16 -8.881784197001252e-16  4.440892098500626e-16                      1
