7
2

0.03144180711504785
 0.4793782805946903
  2.118580944231412
  2.304451931817618
  3.489326784314312
  5.260563036937337
  11.18601904567475

   -0.4380789156015694     0.8156996106935689    -0.3777843104645358   9.84352931740263e-05 -0.0001043815411365615  5.777134734371621e-06  5.448083386988879e-05
    0.5387206877383676   -0.08945050657227975    -0.8178327294013387    0.08333289237627067     0.1070427868527864       0.07652839709313    0.09310816003965762
    0.1878070359465689     0.1250651976851666    0.05215820514407095    -0.5858007390229661     -0.280458410308229     0.6877854272530759    -0.2269328436320204
   -0.2657177450715005    -0.1948737217370993    -0.1126867024138761      0.450576001131933     0.2697749334895496     0.3884809350924922    -0.6723134203359791
   0.01248821118020659    0.02705285673626383    0.04354998116546841    -0.5034228414125036     0.8490319606664196    -0.1232268665339886   -0.08798237630187093
   -0.6288863244317975    -0.4860119907351809    -0.3201159381577017    -0.2274995211338411    -0.0199369246068832     0.2171224777052118     0.4080740601140305
    0.1278104731049789     0.1899372756903169     0.2619905637612363     0.3764090744799266     0.3403728030256348     0.5548424484232554     0.5599657844952828

46.43043850391228
73.30474774076497
104.4843915884612
133.4701223076825
154.6776123374254
184.3354622296336
219.2834007962765

  2.087070154739127
-0.9166547828709672

  -0.03601882237875285  0.0001801368933201003    0.03576179160688649  2.397271719256936e-05  2.356134453012759e-05   1.28262386995797e-05  1.618930979010785e-05
     1.633778490471016      0.338351844270159    -0.9700111251413981 -0.0007307524575362323 -0.0006846618987232378 -0.0002521029276688867 -0.0004587498935655857

 2.388210570723776e-06    -0.0111823211828244   -0.02195849086168262     0.0292986278062844    0.01360502386906523      0.307722508560022     0.6047525511807738
-7.243920873939318e-05     0.3775661027430693      1.342511494399643     -2.076702075029411    -0.1562056035152002     -24.39282800924546      2.257417107958413

cov:
13.59088480414469 11.86898509003313 9.869549457715321    8.783192397936 5.315655420882194 5.116974688963207 2.608913568689813
11.86898509003313  11.3340832786782  10.7087410633818 11.04298332131869 8.198378866227017 10.20821037803325 8.357329046926035
9.869549457715321  10.7087410633818 11.68100514831673 13.66546748982051 11.53772621429047 16.11428597862303 15.02688415905311
   8.783192397936 11.04298332131869 13.66546748982051 24.86638220176896 12.33765416970011 24.64348007547793 23.33371537812809
5.315655420882194 8.198378866227017 11.53772621429047 12.33765416970011 24.02628946301607 21.92967049795897  22.0389771267376
5.116974688963207 10.20821037803325 16.11428597862303 24.64348007547793 21.92967049795897 42.93586125406056 39.37408157904108
2.608913568689813 8.357329046926035 15.02688415905311 23.33371537812809  22.0389771267376 39.37408157904108 46.57111685999648

cov.inverse():
   195.4271749916564   -361.6495744946629    165.5081416869578   0.1097155760377599   0.2736299065481373   0.1816898648806378   0.2094806076518488
  -361.6495744946631    673.1015227155899   -311.3860127105596  0.01937450193620928  -0.1427541831600432 -0.02335754235902279  0.02054653927982599
   165.5081416869584   -311.3860127105604    147.2865663679681  -0.3489339870445494  -0.3460620624860404  -0.2766010844524114  -0.3444097100905985
  0.1097155760376752  0.01937450193636691  -0.3489339870446224   0.1687317451295982  0.06438198284977636 -0.02407392769854289 0.008311380859452145
   0.273629906548026  -0.1427541831598359  -0.3460620624861366  0.06438198284977639   0.1412470110011526 0.005164682615512978  0.01848433848614258
  0.1816898648805941 -0.02335754235894125  -0.2766010844524492 -0.02407392769854289 0.005164682615512974   0.1647089266234811 -0.04637438473859926
  0.2094806076518606  0.02054653927980356  -0.3444097100905878 0.008311380859452114  0.01848433848614253  -0.0463743847385993   0.1434754366543744

cov*(cov_.inverse()):
    0.9999999999999701 -1.510673530713547e-12  5.917488721252084e-14  3.295974604355933e-16  1.595945597898663e-16  1.665334536937735e-16 -1.110223024625157e-16
 -4.54081217071689e-13     0.9999999999991193  2.104982854689297e-13 -1.387778780781446e-16  2.498001805406602e-16  1.110223024625157e-16                      0
-5.337952302397753e-13 -3.829159211932165e-13     0.9999999999998153  4.163336342344337e-17  9.992007221626409e-16 -1.110223024625157e-16                      0
-8.268941087408166e-13  1.163902307865783e-12 -1.758593271006248e-13     0.9999999999999998 -1.665334536937735e-16 -2.220446049250313e-16 -4.440892098500626e-16
-2.691180611691379e-13  -5.65825164500211e-13 -1.199040866595169e-13 -5.828670879282072e-16                      1  6.661338147750939e-16                      0
-3.392841563254478e-13  4.876099524153688e-13 -2.646771690706373e-13 -1.054711873393899e-15  1.443289932012704e-15                      1                      0
 2.042810365310288e-13  1.405542349175448e-13  1.385558334732195e-13  -1.27675647831893e-15  5.551115123125783e-16  8.881784197001252e-16                      1
