4
2

0.3201084808730755
 2.192334203687806
 3.937429833208279
 7.051263678520934

 -0.6195666684470481    0.774602137022774 -0.07175641300124565  -0.1047840152999154
 -0.1088732448082617 -0.08016803363211374   0.8405907657927579  -0.5245253734686487
 -0.7437730684211928   -0.532933518415459  0.09718713085148868   0.3915841534555506
  0.2260207570239306   0.3309780667244169   0.5280273129810573   0.7487024064925275

64.60231032157347
91.42153351851947
156.0946000294048
185.9528395362684

 1.805563988721216
0.2768693489427557

 -0.06763052076733508   0.06745355013674217 7.655074804949766e-05 5.039858686694317e-05
    3.412740708352896    -2.404046434543181 -0.004150838201605287  -0.00122927649227688

0.009646524942898622  0.00958116880916984   0.2229487246687067   0.3539041895834722
 -0.4074362432477036  -0.8731795287729853   -19.50310230950067    -1.36474923307172

cov:
11.21271712346036 9.857490944791126 4.377906256052784 4.179564580705032
9.857490944791126 9.942292011354773 7.556822541708649 9.279318854967201
4.377906256052784 7.556822541708649 17.40574349345366 18.12781473728747
4.179564580705032 9.279318854967201 18.12781473728747 31.57171922738464

cov.inverse():
    3.785296544059131    -4.654631941390494    0.4125614574251056    0.6300602372157511
   -4.654631941390493     5.877347214167388   -0.5562783440230916   -0.7918267953763767
   0.4125614574251052   -0.5562783440230912    0.2034788189589049 -0.007952353172643522
   0.6300602372157511   -0.7918267953763769 -0.007952353172643437    0.1855583031089551

cov*(cov_.inverse()):
     1.000000000000001 -2.220446049250313e-15  -2.42861286636753e-16 -1.110223024625157e-16
 5.329070518200751e-15     0.9999999999999991 -1.387778780781446e-16  4.440892098500626e-16
                     0  5.329070518200751e-15     0.9999999999999999                      0
-7.105427357601002e-15  7.105427357601002e-15 -1.498801083243961e-15                      1
