5
2

0.1835037145249777
 1.241612491494254
 1.862702181093542
 4.044090129697487
 4.781852960172047

 -0.6114321072622696   0.7834170574565043 -0.06763018461806536 -0.06868818656579342 -0.05582636876818644
 -0.1208743080761636 -0.07533058252741513   0.8407405405964798  -0.5062083790519557  -0.1289306998287056
  0.1837375953583769   0.1033917308186922  -0.2832613156258895  -0.6905036920233792   0.6312830778836139
 -0.3922104083227156  -0.1911436643474382   0.2936929625622405   0.4217665432513926   0.7385746556160366
  0.6511157128431002   0.5773709959812854   0.3494123242494031   0.2904352669696769   0.1903928697490584

37.60359822736594
59.04785639066169
112.9467839631245
131.8015738678885
155.3643339374156

  1.674809286161419
-0.4685630798278089

 -0.07678883996211491   0.07616994953254159 0.0002604103716356897 0.0002314924755860055 0.0002068423419149031
    2.737377842922555    -1.719603535799288 -0.007406728838554977 -0.006736700750267971 -0.006103441367555001

0.003588898015833313 0.005578989867160052 -0.02198615060368521   0.2597916288542857  -0.1331378599560138
 -0.1016802721796792  -0.3135154491707052    1.138267549234019    -12.3389606005544    17.92232336282903

cov:
 12.36219722075487  9.886086896966459  2.982484537665541  1.274273638380656 -1.475281113950905
 9.886086896966459  8.286624105707567  3.493877577137181  2.325180299164381 0.4447225018277766
 2.982484537665541  3.493877577137181  5.570603365482397  4.369049171298123  4.281325190441017
 1.274273638380656  2.325180299164381  4.369049171298123   6.88760706890814  4.947307808219434
-1.475281113950905 0.4447225018277766  4.281325190441017  4.947307808219434  11.15868555669953

cov.inverse():
   11.14929546868252    -14.1925697201598    1.149987144886423     1.24849334179117    1.044921492091049
   -14.1925697201598    18.24978282310215   -1.617550723055349   -1.591467662245178   -1.277514096052362
   1.149987144886422   -1.617550723055348   0.6280805296484485 -0.06973197063313365  0.00644198187581302
   1.248493341791169   -1.591467662245177 -0.06973197063313358   0.4583172350270213  0.05204456496051826
    1.04492149209105   -1.277514096052364 0.006441981875813295  0.05204456496051849   0.2531329959538353

cov*(cov_.inverse()):
      1.00000000000002 -4.662936703425657e-15 -2.402592014227878e-15  8.881784197001252e-16  1.110223024625157e-15
   1.4210854715202e-14       0.99999999999999 -6.938893903907228e-16  6.765421556309548e-16  1.929012505286209e-15
 3.552713678800501e-15 -4.440892098500626e-15     0.9999999999999996 -5.828670879282072e-16  2.220446049250313e-16
  1.77635683940025e-15 -8.881784197001252e-16 -1.040834085586084e-15                      1 -2.220446049250313e-16
 -1.77635683940025e-15                      0  2.775557561562891e-17                      0     0.9999999999999996
