6
2

0.2016725058294159
 2.115252009209389
 2.287352854150243
 3.486153822776857
  4.96040256262236
 10.81770167343908

  0.6226231562874189  -0.7788209929061199  0.03591813484548913  0.04508007034203846  0.03206395835042219  0.03778681893859497
  0.2208741662120251   0.1509873677892531  -0.5963426373702466  -0.2820738480878047    0.674326352733436  -0.1962426828105287
 -0.2999609022738492   -0.223477913023166   0.4088203635549632   0.2379215853243258   0.4102613804252478  -0.6841241910713179
 0.03330639366303321  0.04419672021011305  -0.4877045518262073   0.8575965711783993  -0.1209507785130392 -0.09476620954734696
 -0.6775049169034016  -0.5340254521537924  -0.3005701921849018 -0.05354969374484819   0.1608810659248709   0.3697447450881414
  0.1160010205764234   0.1831987023486106   0.3843866367139169   0.3513630631163996   0.5791628994675512   0.5885093422848753

46.42968576884088
73.30457950581612
133.4702066507509
154.6788479745437
184.3376307408636
219.2843695922488

  2.087129758285028
-0.9191916847417266

 -0.07663216694602014   0.07615511269997376 0.0001261494852826321 0.0001171004826671337 8.254248822795731e-05 0.0001143270990394039
    2.735019500624523    -1.721918785854654 -0.003613313956287918 -0.003224125974689875 -0.002134924677921331 -0.003115844394063926

-0.00435218293943507 -0.02462041543763456  0.03140629459182567  0.01010603167569078   0.2770901172796432   0.6163386611359801
  0.1237842826253628    1.549640316687707   -2.284161585980598   0.1767231222484328   -22.97368988854793   -0.442363809127609

cov:
13.58725436531731 11.88740592058745 8.801138920771562  5.35848882111097 5.154437270093457 2.667387240573035
11.88740592058745 11.35629726928955 11.04615829394132  8.22677893554893 10.21222262299297 8.373475754642939
8.801138920771562 11.04615829394132 24.86977742914627 12.37948217990632 24.65727452614522 23.35984309610796
 5.35848882111097  8.22677893554893 12.37948217990632 24.10834414126364 22.00079439396185 22.11924984001064
5.154437270093457 10.21222262299297 24.65727452614522 22.00079439396185 42.98271739385731 39.42879478208949
2.667387240573035 8.373475754642939 23.35984309610796 22.11924984001064 39.42879478208949 46.62408689744595

cov.inverse():
   9.578371916714895   -11.88728745254468   0.5042952305752828   0.6667149000871118    0.496430159136198   0.5981361634368749
  -11.88728745254468     14.9402584872484  -0.7200280656950427  -0.8780848674489945  -0.6117832987341727  -0.7084255412361532
   0.504295230575283   -0.720028065695043   0.1676520898478587  0.06339078179737032 -0.02471109837325556 0.007288778885427928
  0.6667149000871118  -0.8780848674489946  0.06339078179737032   0.1402562463333838 0.004537861146512252  0.01741913928749534
  0.4964301591361969  -0.6117832987341714  -0.0247110983732556 0.004537861146512188   0.1641987873004171 -0.04715815346151614
  0.5981361634368758  -0.7084255412361544 0.007288778885427952  0.01741913928749539 -0.04715815346151599   0.1424231528169657

cov*(cov_.inverse()):
     1.000000000000007 -4.440892098500626e-16 -1.214306433183765e-16  3.261280134836397e-16 -8.049116928532385e-16 -5.551115123125783e-17
 2.575717417130363e-14     0.9999999999999698  1.228184220991579e-15  2.220446049250313e-16  4.440892098500626e-16  1.554312234475219e-15
-5.329070518200751e-15  -1.77635683940025e-14                      1  1.110223024625157e-16  1.110223024625157e-15  4.440892098500626e-16
-8.881784197001252e-15  -1.77635683940025e-15  6.661338147750939e-16                      1 -2.220446049250313e-16                      0
-2.486899575160351e-14                      0  6.106226635438361e-16 -1.221245327087672e-15                      1  8.881784197001252e-16
-2.131628207280301e-14                      0  5.551115123125783e-16   3.33066907387547e-16                      0      1.000000000000001
