4
2

                  nan
                  nan
5.562906188294712e-08
      3.8179333693091

                    0    0.1165119855771211     0.966160089132526    0.2301296143139914
  -0.9999798316627299  0.000300980883695623 -0.001504266384183818  0.006163023684152316
                    0   -0.9920580124883552    0.1021560277742472   0.07338287161893738
 0.006351083984514616   0.04738951872554255   -0.2368471349614817    0.9703696882671677

  111.43294121685
130.0748983714568
187.6723666763571
220.4203284120538

 2.397549688112778
-8.096412897109985

  0.6138210142592152 0.008338825473150091   0.1302953647584157  0.03270730083208962
  -30.56374801833696  -0.4152118526568069   -6.487745782440415   -1.628581749027213

-6.302444208675343e-18  3.425241417758338e-19  2.301762232733603e-17     0.0753857527605974
    3.138151223546e-16 -1.705516969318479e-17 -1.146107403382018e-15     -3.753653097602399

cov:
0.0005879662545128391  0.004387194043750765  -0.02192667002592665   0.08983421294606649
 0.004387194043750765   0.03273567390949968   -0.1636089748326419    0.6703107889900416
 -0.02192667002592665   -0.1636089748326419    0.8176980476953065    -3.350132986695438
  0.08983421294606649    0.6703107889900416    -3.350132986695438     13.72559352462463

cov.inverse():
                  nan                   nan                   nan                   nan
                 -inf                   inf                   inf                   inf
                 -inf                   inf                   inf                   inf
7.205759403792794e+16                     0                     0    -471618020420829.9

cov*(cov_.inverse()):
nan nan nan nan
nan nan nan nan
nan nan nan nan
nan nan nan nan
