5
2

0.5985786641853909
 2.175416377049865
 3.071457188757209
 4.060475942592497
 10.74914584135112

-0.4682878929205525  0.8501399267506262 -0.1051602714778144 -0.1478382876307612 -0.1582836450856037
-0.3250223383421815 -0.1333105902742621  0.6893778799460529  0.3428989554185713 -0.5326980487229578
0.08795461288333921 0.07795057066591989  -0.529875212697424  0.8045769995481031 -0.2409892225233945
-0.8030502879371449 -0.3694731910043071 -0.1932263508823392   0.118787415026933  0.4088433973162306
 0.1498037050250085  0.3419117738936748  0.4422615654082463  0.4462169303294616  0.6826055579056333

46.06900980889515
102.9272704897109
133.4844202146044
155.7586435049958
184.9489402049196

  2.043881240397235
-0.2968680457170484

  -0.03595385865563386    0.03589523129491902  1.821099452951934e-05  2.541448197228941e-05   1.81097983899545e-05
     1.816091176705744    -0.8144392145645007 -0.0006940932162099716 -0.0006706784208723804 -0.0004452073146143801

 0.01696325265861495  0.03271161579947331 -0.00337561870984825   0.2574902630890776   0.7994195157983953
 -0.5527074056466367   -2.281830038723442   0.9073764460833783   -19.08632886863943  -0.8457032891365915

cov:
13.87702544664574 10.93714207385426 8.731061816133572 6.315739485033945  7.04794918828814
10.93714207385426 16.15862434427642 17.79240796435605 17.23489089882704 24.58704560624199
8.731061816133572 17.79240796435605 28.11720679011771 19.52594361673199 33.05186230991917
6.315739485033945 17.23489089882704 19.52594361673199 29.90980293240606  33.3091071793394
 7.04794918828814 24.58704560624199 33.05186230991917  33.3091071793394 58.49352377868562

cov.inverse():
  0.674495686144122  -1.082798170764139 0.09514121398431756  0.1719662545927381  0.2221845964072074
 -1.082798170764138   2.030841583136494 -0.2676756727523297 -0.3551327672314496 -0.3696914094387262
0.09514121398431755 -0.2676756727523297   0.165005948742625 0.04846580511772835 -0.0197851486596607
 0.1719662545927382 -0.3551327672314499 0.04846580511772837  0.1570440698677942 0.01174101341069205
 0.2221845964072073 -0.3696914094387261 -0.0197851486596607 0.01174101341069196  0.1502136743657566

cov*(cov_.inverse()):
     1.000000000000001 -3.552713678800501e-15   3.05311331771918e-16  9.159339953157541e-16 -2.220446049250313e-16
 8.881784197001252e-16     0.9999999999999982   3.33066907387547e-16  8.326672684688674e-16                      0
-3.552713678800501e-15   1.77635683940025e-15     0.9999999999999996  7.216449660063518e-16 -8.881784197001252e-16
-8.881784197001252e-16                      0  1.110223024625157e-16                      1                      0
                     0                      0                      0  1.665334536937735e-15      1.000000000000001
