4
2

0.2020153430313726
0.2034147101045362
 2.172895045529946
 15.70717272695064

-0.3492787973311569  0.2153209894307791  0.7079483275011621 -0.5748481180570735
 0.3357259318237042 -0.8263216905841269  0.4503245740538881 0.04108941925217268
-0.8324575970839261  -0.282393461967673 0.05927580073594596    0.47302712516544
 0.2688991809085004  0.4371307216596121  0.5408357634611496  0.6664132649111055

129.3441074267575
185.3032681441751
219.8475154861854
261.7155271912821

 5.009868508161595
0.3192162185066814

 -0.03709984344152706 -0.006976869909650634   0.01083855675234893   0.03335868044161162
     1.71402061844552    0.5280158646154532   -0.1811823925020175    -1.068487529904906

-1.922747256749233e-06 -1.815163816884866e-05      0.232656684795746      3.717166425327668
  3.96720914030554e-05  0.0005642155698588933     -9.877892699225116     -29.19467820060423

cov:
21.12073989122053 30.09530176008961 35.64306029055795 42.36044585731923
30.09530176008961 47.54982486378136 58.23921123347094 71.23340608051905
35.64306029055795 58.23921123347094 72.21047200949822 89.03769382277663
42.36044585731923 71.23340608051905 89.03769382277663 110.6378989317574

cov.inverse():
 5.860396382354173 -8.497128722556454 -2.415110270841119  5.170617586939291
-8.497128722556766   17.6556182205603 -5.260454770098341  -3.88066751149613
-2.415110270840548 -5.260454770099335   17.1839701545046 -9.517496488720605
 5.170617586939038 -3.880667511495453 -9.517496488721026  8.187243660964787

cov*(cov_.inverse()):
    0.9999999999999716  2.842170943040401e-14                      0 -5.684341886080801e-14
-5.684341886080801e-14      1.000000000000114                      0                      0
                     0   1.70530256582424e-13     0.9999999999996589                      0
                     0                      0                      0                      1
