6
2

0.03402330781653842
 0.4035252354223308
  1.408461320100342
  1.962481694060936
  4.957295182189656
  10.51446634644406

    0.4382560656359158    -0.8157339713069766     0.3775045719424178 -5.502619735965669e-05  3.582088217697724e-05 -5.329756204915924e-05
     0.534774462560485   -0.08786876846906572     -0.810675329126717     0.1594598166444794    0.09204807142191776     0.1232906480207539
   -0.2386883398085661    -0.1452799423457776   -0.03671807656252843     0.8868213687442835    -0.2310389628055534    -0.2841518172548554
   0.08430787619216423    0.06671733476114801    0.04645090756947642    0.01008240045798897    -0.8079237764376117     0.5774433384394533
   -0.6359240766896226    -0.4689730634220582    -0.2750797391849056   -0.04048579899690033     0.2320194713250535     0.4944935151916264
    0.2312326150531552     0.2852437010038697     0.3480244848244806      0.431717116949201     0.4812216592412846     0.5710451053516564

34.01091174322303
53.43821978153793
76.00956773614313
103.0657860255605
131.2476203697155
156.1470560975708

  1.509075006980485
-0.2282298097159705

  -0.03530729979615786   -0.00101032456556705    0.03619897894339018  4.950149780697205e-05  3.230525269643262e-05  3.891895850113326e-05
     1.614929899787966     0.3679432442994504    -0.9793837341062033  -0.001362475350543436 -0.0008350560960633802  -0.001454467892585826

-1.139302357833989e-06  -0.007835932083101235    0.01442283218791324  -0.005259928343054334     0.3193174537746377     0.4648667707548703
 4.385779457019046e-05     0.2645673942371191    -0.8005688527167667     0.4430085634918376     -22.87856227024531      15.00304260430458

cov:
16.03636799795932 14.70323604908831 13.15771921637345 11.26623091127038 8.530954722931279 7.203005391303831
14.70323604908831 14.46102412786362 14.17892295210258 13.82544859706149  12.3589135633893 12.53732316636835
13.15771921637345 14.17892295210258 15.36812349239018 16.80037502354064 16.80692912802444 18.73618449626036
11.26623091127038 13.82544859706149 16.80037502354064  22.2099657290321 22.30149491579538  26.2886177026934
8.530954722931279  12.3589135633893 16.80692912802444 22.30149491579538 29.54559305102253 31.53499418595056
7.203005391303831 12.53732316636835 18.73618449626036  26.2886177026934 31.53499418595056 43.50679156643822

cov.inverse():
    167.7253616569003     -309.089703206166     140.2722041938642    0.3983330031261402    0.3209810985497045    0.4199609526292592
   -309.0897032061661     574.9049904487662    -265.5749839001492   -0.1101573169937173  -0.07517593843980118 -0.006123280853134146
    140.2722041938644    -265.5749839001494     127.1508691592906   -0.8263089916374967   -0.4531373068159852   -0.6227070287372132
   0.3983330031262662   -0.1101573169939521   -0.8263089916373878    0.5543830057755692  -0.01376200389385557 -0.003360793802123793
   0.3209810985496381   -0.0751759384396769   -0.4531373068160434  -0.01376200389385549    0.2527127325222381  -0.01119296183987219
   0.4199609526291848 -0.006123280852995582   -0.6227070287372773 -0.003360793802123685  -0.01119296183987231    0.2335328018150248

cov*(cov_.inverse()):
     1.000000000000145  8.074235724464529e-13  2.868816295631405e-13  2.220446049250313e-16 -1.179611963664229e-15  2.220446049250313e-16
  8.65085780787922e-13      1.000000000000327 -1.003641614261142e-13  8.743006318923108e-16 -1.554312234475219e-15   1.77635683940025e-15
 8.526512829121202e-14  -4.13544198885063e-13      1.000000000000426  8.049116928532385e-16 -5.551115123125783e-17                      0
  1.27897692436818e-13   3.48249207249296e-13                      0      1.000000000000002  2.220446049250313e-16  8.881784197001252e-16
 1.865174681370263e-13  3.422262473407045e-14  1.918465386552271e-13  2.040034807748725e-15      1.000000000000001   1.77635683940025e-15
 2.167155344068306e-13    8.6897156137411e-13  3.410605131648481e-13  1.193489751472043e-15 -6.106226635438361e-16      1.000000000000002
