4
2

0.4322251544946767
 2.459436719679128
 3.342764537587656
 14.07540916978976

  0.6906922872256616  -0.7201449213913557  0.04036119157380891  0.05202336759539081
 -0.1128826523841461 -0.09676808787082369     0.85205728918746  -0.5018882543983891
 -0.6339338520158303   -0.562789829637567   0.1515395229696475   0.5083613398981295
  0.3291345354502872   0.3940746591961745    0.499404768835252   0.6978327144939189

132.2577985662946
157.2476877377549
221.3333805064931
263.3507015389333

3.192617053334772
 2.06852342100306

  -0.1182146666993641     0.117709987136491 0.0008231913772410076  0.000661138390327571
    5.821109627424563    -4.790211370117263  -0.03225775287914515  -0.03273499333694239

-0.03107738138882943  0.01405386963211407   0.1023002035990261    1.654369944966096
    1.39501863797145   -1.237704396617176   -11.35113621202515   -2.124989621809954

cov:
26.11868874598728 29.65624512762921  30.9147511269576  42.2520784602827
29.65624512762921 34.45928826740683 37.53285371449142 51.57171926995274
 30.9147511269576 37.53285371449142  54.0597985026669 67.31852091969205
 42.2520784602827 51.57171926995274 67.31852091969205 100.8890900969781

cov.inverse():
   2.592196138481756   -2.628079153055737   0.1255519394987773   0.1740219362718005
  -2.628079153055737    2.806678925362933  -0.1758536815654241   -0.216725527831414
   0.125551939498778  -0.1758536815654248   0.1320573387253977 -0.05080488301481224
  0.1740219362717998  -0.2167255278314133 -0.05080488301481234  0.08171576477613271

cov*(cov_.inverse()):
                     1  -1.06581410364015e-14  8.881784197001252e-16  8.881784197001252e-16
 1.598721155460225e-14     0.9999999999999982  4.440892098500626e-16  8.881784197001252e-16
-8.881784197001252e-15  7.105427357601002e-15     0.9999999999999996  8.881784197001252e-16
  -1.4210854715202e-14  3.552713678800501e-15 -8.881784197001252e-16                      1
