5
2

0.2536393954074619
  2.20718647491643
 3.070701815066546
 4.504508339204883
 10.43277931694366

 -0.6168179106864845    0.780515020428841 -0.04550647455065838 -0.06237925642034402 -0.06610565092139616
 -0.2394261489286181  -0.1689146319799587   0.6944888699096657    0.341982356159673  -0.5611383465415286
 0.06423637624079537  0.06567768659024589  -0.5369674314330698   0.8096728728286678  -0.2183024187615617
 -0.7301406787887058  -0.5445717564105889  -0.1377380599230176   0.1112686708884306   0.3728051783776881
   0.158047655506149   0.2477744813173489   0.4564083421393401   0.4595715595291096   0.7029325372285237

46.06578939687859
72.38674754179603
133.4841821194858
155.7618191908628
184.9516615850341

  2.043850038894719
-0.2997449224989541

 -0.07735155417973345   0.07705452512895179 8.155318857023305e-05 9.152233815103508e-05 0.0001223656669324504
    2.753643676180066    -1.745235256646095 -0.002558379418781233 -0.002562980725548357 -0.003305665493769029

0.006937441258931228  0.02690926912159704 0.000901229165289963   0.2954385220583712   0.7654060885798341
 -0.1968706585163356   -1.779606506427414   0.5872634552417294   -21.53454271672112  -0.2053900016371348

cov:
13.87847155118808 12.53596279359585 8.758399446751445 6.351275094569305  7.09390855180864
12.53596279359585 12.91831448833019 12.92429018002996 11.38133970397692 15.16089601718666
8.758399446751445 12.92429018002996  28.1264293614205 19.57677316431415 33.08451404835218
6.351275094569305 11.38133970397692 19.57677316431415 29.99099461111284 33.40188765954771
 7.09390855180864 15.16089601718666 33.08451404835218 33.40188765954771 58.58448435697181

cov.inverse():
   5.952696895018337   -7.454796254984307   0.4041408648640677   0.5834581896314901   0.6475109379621508
  -7.454796254984309    9.491038807745007  -0.5751885491779912  -0.7649700080188039  -0.7924919738933927
  0.4041408648640681  -0.5751885491779917   0.1646210184572126  0.04793950516849212 -0.02038493519286932
  0.5834581896314898  -0.7649700080188033  0.04793950516849207   0.1565675275391332  0.01097433075725459
  0.6475109379621508  -0.7924919738933927 -0.02038493519286937  0.01097433075725466   0.1490047653049841

cov*(cov_.inverse()):
    0.9999999999999867 -8.881784197001252e-15  6.106226635438361e-16  1.998401444325282e-15  1.332267629550188e-15
-7.105427357601002e-15     0.9999999999999947  9.992007221626409e-16  1.082467449009528e-15   1.77635683940025e-15
-7.105427357601002e-15 -7.105427357601002e-15                      1 -4.440892098500626e-16   1.77635683940025e-15
-3.552713678800501e-15                      0  1.110223024625157e-16                      1                      0
 7.105427357601002e-15 -2.131628207280301e-14  2.220446049250313e-16  2.997602166487923e-15                      1
