4
2

0.1939995729776269
 1.954397942891086
 4.857712574090904
 8.419367531409742

 -0.6424519591431841   0.7605830646163207 -0.05603184159567097 -0.07502875941482749
-0.09118101823832298 -0.07228192510399743   0.8182102585197351  -0.5630215964502173
 -0.7091730901872821  -0.5462238582136164    0.159223195709805    0.416366423742847
  0.2757082339363978   0.3434067877027721   0.5495820043709795   0.7099411020436216

33.87125614007042
53.35988061463608
131.0816921630755
156.0993320225022

  1.513392369181069
-0.4651889950952842

 -0.07669092040434616   0.07644375540266789 0.0001426727880085681 0.0001650173674971815
    2.748850136570606    -1.744461303682965 -0.001573200157034965 -0.003581932216775705

0.004041775571306644 0.005695444702593311    0.300233097373434   0.3758751797830999
 -0.1163871233629924  -0.4729533698343237   -23.55692669697748    11.01658122245285

cov:
17.30341582051085 15.85910168618257 7.792759931377656  7.10510607348276
15.85910168618257 15.44168240374462 11.09847585189322   12.068411698466
7.792759931377656 11.09847585189322 24.56586587954265 27.46249580175715
 7.10510607348276   12.068411698466 27.46249580175715 41.02946413113182

cov.inverse():
     10.99135786721441     -12.96384314866883     0.9342964363257746      1.284445749661282
    -12.96384314866884       15.3863083082103     -1.148854884748009      -1.51180136899325
    0.9342964363257736     -1.148854884748007      0.264023422491082 -0.0005889349392563818
     1.284445749661283     -1.511801368993251 -0.0005889349392561825     0.2470198397240146

cov*(cov_.inverse()):
     1.000000000000002 -7.105427357601002e-15  7.147060721024445e-16  1.110223024625157e-15
 3.552713678800501e-14     0.9999999999999893  3.642919299551295e-16 -1.332267629550188e-15
-7.105427357601002e-15                      0     0.9999999999999993  8.881784197001252e-16
-7.105427357601002e-15    1.4210854715202e-14 -1.141448047192739e-15                      1
