4
2

0.3439233944769552
 1.902791324800708
 2.294805008716481
 18.58998792485868

 0.4637983600115108  -0.842768284894062 0.03875878865555139   0.270426432748924
 0.2285183290541564  0.1845755928978273 -0.9032688255435432  0.3127565388507486
 0.8156744383235399  0.2973864779738259 0.09874575005959702 -0.4862980261414479
 0.2595104337064444  0.4089434572180607  0.4157552909444568  0.7697838148777377

103.4990709719751
155.0870651519501
 187.741596920058
263.8744349604601

2.948770278974405
-1.38844296336174

-0.06535335807689199  0.06080615227623887 0.005534688163866869 -0.00215172272818809
   3.351089084433061   -2.816953161410377   0.2347004374425478   0.1724302207357108

-0.009690198810550867  -0.03397362360021795   -0.1771064340150003     2.955159536165512
   0.4712400572073707    0.3178015253756805     9.663333446417402     -17.9774838409741

cov:
26.99203166532887 38.05940962267728 36.96537148891743 67.22171996010441
38.05940962267728 58.46735397907887 58.30409850479436  108.210791101793
36.96537148891743 58.30409850479436 62.74124254936745 109.3279827803341
67.22171996010441  108.210791101793 109.3279827803341  206.392051007652

cov.inverse():
   1.959549135635766   -3.246543255851319   0.1105727156611936    1.005358771576987
  -3.246543255851318    6.031409623517972  -0.3161358009199692   -1.937394845805344
  0.1105727156611937  -0.3161358009199696   0.2403991158624104 0.002393825653258106
   1.005358771576987   -1.937394845805343 0.002393825653257992   0.6919034444967876

cov*(cov_.inverse()):
                     1  2.842170943040401e-14  7.216449660063518e-16   -1.4210854715202e-14
-2.842170943040401e-14      1.000000000000085  1.387778780781446e-15   -1.4210854715202e-14
  -1.4210854715202e-14  5.684341886080801e-14      1.000000000000001   -1.4210854715202e-14
                     0                      0 -6.106226635438361e-16                      1
