5
2

0.2832368732402037
  1.22351604959747
 1.790581379225285
 3.252547502594775
 4.715633405661125

  -0.5589796913747991    0.8118128434740981   -0.0932535326552551   -0.1071736981710081   -0.0912095875919809
  -0.1890262432031011   -0.1025561597183079    0.8631917629641389   -0.4411332505511517   -0.1185442916946747
   0.2909913282146875    0.1340943629949908   -0.2314266380058358   -0.7508936340729855      0.52909659821889
  -0.6361524819798753   -0.3408023080935637 -0.002330973294681904    0.1667220031531187    0.6718349102994394
    0.403044477180563    0.4430740681707747    0.4389077770819206    0.4497530185021573    0.4963090822199931

59.04632532287921
84.13856285405862
112.9445878084563
131.8046564397378
155.3640596907825

  1.674715875735891
-0.4645961900228051

 -0.06675668059235672   0.06642907738065836 0.0001190079888443787 0.0001260501086349309 0.0001377164049746991
    3.372892624606495    -2.358968223145498 -0.004731077103663245 -0.005405991797922061  -0.00574398414419075

0.007316865655679613 0.008737714673989424 -0.03388028893535154   0.2109624907766325  0.06013750072812829
 -0.3047576053378139  -0.5937916386666777    2.139399309031254   -14.24451542543919     6.82391658064287

cov:
 8.243601840629028  6.382374113150331  3.493442740113711  2.337996979322141 0.4580955194071874
 6.382374113150331  5.720472317406814  4.094749246895497   3.56811187157286  2.707518483752196
 3.493442740113711  4.094749246895497  5.571655857391837  4.373447279569469  4.282361918618847
 2.337996979322141   3.56811187157286  4.373447279569469  6.892160482912102  4.953934113466339
0.4580955194071874  2.707518483752196  4.282361918618847  4.953934113466339  11.17176950049666

cov.inverse():
   3.990703250175048   -5.602915250424302    0.527868366753515   0.7324439009411576   0.6671164407750355
  -5.602915250424302    8.247529963670733   -1.003667737379383   -1.082130985548389  -0.9044937194242022
  0.5278683667535152   -1.003667737379383     0.63150022439784 -0.06674279004043976 0.009126726853611379
  0.7324439009411575   -1.082130985548388  -0.0667427900404398   0.4607557802300474  0.05349406651305591
   0.667116440775036  -0.9044937194242025 0.009126726853611378  0.05349406651305598    0.254144196469866

cov*(cov_.inverse()):
     1.000000000000005 -5.218048215738236e-15  9.965986369486757e-16 -7.528699885739343e-16 -8.465450562766819e-16
 9.992007221626409e-15     0.9999999999999907  6.349087922075114e-16 -6.661338147750939e-16 -7.771561172376096e-16
 7.549516567451064e-15 -3.552713678800501e-15      1.000000000000001 -6.661338147750939e-16 -4.440892098500626e-16
 3.996802888650564e-15  8.881784197001252e-16  3.677613769070831e-16     0.9999999999999998                      0
                     0  5.329070518200751e-15  2.359223927328458e-16 -4.440892098500626e-16                      1
