4
2

0.2246763998976019
 2.225910475853035
 2.832967313085226
 6.169640367561076

-0.6640119027255417  0.7413668703803175 0.03227184967972111 -0.0917708246642067
 0.6330581591628534   0.599979159364773 -0.4792569800866885 0.09785255481318833
-0.3919389933794033 -0.2606897516515451 -0.7488067089006742   0.466597462014033
0.06862496356928524  0.1498032883961158  0.4566834652817832  0.8742366966097033

112.2623482582156
129.0991506449902
155.6510136812943
222.4499044479108

2.288105544011384
-2.64942153096199

  -0.1584900263488418    0.1493443888069596   0.00966835779632344 -0.006088511012995134
    8.315119289428374    -7.117861657374398   -0.2260262047021597    0.1029540081928362

 0.01094541666448669 -0.07907312328204115   0.1051788931381465   0.4030450885684352
 -0.5459370128540213       5.508533121469   -9.519912307273865   -19.36988509276968

cov:
3.420044725976894  3.06837826975481 2.044053338812482 1.125934633575061
 3.06837826975481 3.210930289551568 2.747278455432249 4.296284661366195
2.044053338812482 2.747278455432249 13.57689929743625 12.16059760578064
1.125934633575061 4.296284661366195 12.16059760578064   30.887448680267

cov.inverse():
  8.834625161019005  -9.662349541606513 -0.4483498618636435   1.198454308247803
 -9.662349541606511   10.96979415614569  0.4420454867413661  -1.347658140994238
-0.4483498618636433   0.442045486741366  0.1423328390409894 -0.1011800301442384
  1.198454308247803  -1.347658140994238 -0.1011800301442384   0.215976123145842

cov*(cov_.inverse()):
     0.999999999999997  -3.33066907387547e-15 -8.326672684688674e-17 -2.498001805406602e-16
 8.881784197001252e-16     0.9999999999999947 -2.220446049250313e-16  1.110223024625157e-16
-3.552713678800501e-15                      0                      1 -8.881784197001252e-16
 7.105427357601002e-15  7.105427357601002e-15  4.440892098500626e-16                      1
