4
2

0.1360321714670619
 1.580670949982015
 3.329866453630564
 24.79269318682965

   -0.2221855044202509     0.7914451287424181    -0.5694279285553281 -0.0002097536748315536
    0.5781875360964357    -0.2767634409933636    -0.6104469706940034      0.465247962706727
    -0.748288003832421    -0.3056484413098782    -0.1330555093893434     0.5735331943893697
    0.2374822899686247     0.4512157313794061     0.5342308130132939     0.6742432529392943

 80.7328555967056
157.9449197496029
187.8412688761671
261.0846429450849

 3.551002604444871
0.1152717667010703

  -0.03645605455473064    0.01039008354983763    0.02642633491808483 -0.0003245387682095325
     1.825568630028896     -0.216095859151294    -0.6143785725941108   0.006427363859235197

2.360027199427953e-05   -0.1005327224597374    0.2262132927321921     6.103408476337343
-0.004196876425154696     3.731201590094796    -13.46715375718364     7.467110062613303

cov:
 41.7112252822727 67.99914269510441 78.20881714688693 94.33617913476716
67.99914269510441 126.3845097744715 149.0348149188379 184.7374175782075
78.20881714688693 149.0348149188379 176.5639338939288 219.8520731580548
94.33617913476716 184.7374175782075 219.8520731580548 283.6230025084014

cov.inverse():
   2.852159148509741   -9.546081777216536    6.705009952456916  0.07173734283078996
  -9.546081777216472    33.88938952402331   -24.28265739868235 -0.07582196197808384
   6.705009952456853   -24.28265739868227    17.67363472353821  -0.1135127762197507
 0.07173734283080245 -0.07582196197812792   -0.113512776219719   0.1170417967367152

cov*(cov_.inverse()):
     1.000000000000022 -4.227729277772596e-13 -9.769962616701378e-14                      0
-3.730349362740526e-14      1.000000000000377  8.526512829121202e-14  3.552713678800501e-15
 6.217248937900877e-14  -1.27897692436818e-12      0.999999999999801                      0
-8.171241461241152e-14  2.629008122312371e-13  2.202682480856311e-13                      1
