5
2

0.3167316794081771
 2.166869812565953
 2.370118865320509
 3.879351843969807
 11.77419108431498

 -0.6051840769881593   0.7872421217736606  -0.0510407337881343 -0.06332121594394938 -0.08594964671854231
  -0.334761334930471  -0.2402807476038256   0.5801983215499837   0.4624006923282674  -0.5289191983388735
  0.1362624292428531  0.09607812218154714  -0.6474091749958952   0.7108143738137203  -0.2186454457011353
  -0.662825880502396  -0.4517745323261252  -0.2102207498506884   0.1612636996867645   0.5351288438995656
  0.2525499635886296    0.330429675446727   0.4443347247608492   0.5009121364958778   0.6153766564945308

63.54716135915116
90.35760996968011
129.9481233365723
156.1310078650775
185.6208288915529

  1.792564884721817
-0.1909422816255766

 -0.06700274804583276    0.0668460929379405 2.665181640772001e-05 6.947126207163543e-05 8.025634582057998e-05
    3.383785890892296    -2.377099648053751 -0.001140618125838658 -0.002882927531803955 -0.003479230331353576

0.009345754030298296  0.02992442220364703 -0.01512744296302044   0.2146091585582182   0.7295376351312737
 -0.3931125228006044   -2.637570629487602    1.304069157351789   -17.62333604807674     9.01365752436746

cov:
16.12111615049682 16.47873185286712 16.24933265805414 15.75014045737594  16.8764458443766
16.47873185286712 18.59300947028935 20.77532853885604 21.70631496056714 25.02279651760989
16.24933265805414 20.77532853885604 31.97091430575976 29.02032708730314 35.56821323546536
15.75014045737594 21.70631496056714 29.02032708730314  39.0184272578032 42.01099875335666
 16.8764458443766 25.02279651760989 35.56821323546536 42.01099875335666 58.39058641202378

cov.inverse():
      3.7076589946018     -4.70915489348415    0.2609061945504977    0.3600759669889149    0.5284584754381347
   -4.709154893484148     6.206086217766043   -0.4339311043602709   -0.5120592102900686   -0.6657505012264063
   0.2609061945504972   -0.4339311043602704    0.1766376598714905  0.006787348626406421 -0.001932311166293885
   0.3600759669889118   -0.5120592102900648  0.006787348626406199    0.1789879662858018  -0.01754608554896703
   0.5284584754381365    -0.665750501226409  -0.00193231116629362  -0.01754608554896642    0.1634903244217092

cov*(cov_.inverse()):
     1.000000000000001 -5.329070518200751e-15 -1.457167719820518e-16  2.831068712794149e-15  1.332267629550188e-15
 -1.06581410364015e-14                      1  1.873501354054952e-16  6.661338147750939e-16                      0
  -1.4210854715202e-14                      0      0.999999999999998  1.110223024625157e-15                      0
 -1.77635683940025e-14 -3.552713678800501e-15 -1.956768080901838e-15                      1  8.881784197001252e-16
-3.552713678800501e-15                      0 -8.049116928532385e-16   1.77635683940025e-15                      1
