4
2

0.2015135268247825
0.2021762219303884
 2.394017639538876
 15.17054928668802

 -0.5922891418567037   0.7928559264230541 -0.08906768350122068  -0.1124277551595537
 -0.1719836346616516  -0.1123684872689397   0.8192274721831978  -0.5354076029510467
 -0.7359631250777315  -0.4718257129965358  0.09230976241482458   0.4766735600429803
  0.2792373190908337   0.3689624636193252   0.5589384620322465   0.6880995681788714

129.3438290197412
158.2066788976108
219.8469208909055
261.7172004963339

 5.010233571856585
0.3145758986412021

-0.02925173359550989 -0.01609353234053438  0.01281636314707687  0.03260840806008464
    1.36792914935432    0.860925458125512  -0.2416015423983647   -0.993604305761978

-9.826340867593331e-06 -4.906967071769397e-06     0.2627706179563408      3.566175688899986
 0.0002277223461898771  8.397244008436376e-05     -10.94039876948297     -27.41333839949834

cov:
  21.065027491576 25.68335839921953 35.52732607184443 42.21671704480958
25.68335839921953 32.63242189960953 47.20604833889317  57.1398526251369
35.52732607184443 47.20604833889317 71.97687547871652 88.74987294860955
42.21671704480958  57.1398526251369 88.74987294860955  110.284044174559

cov.inverse():
  9.457383927199944  -11.03047906669506  -2.158988784405464   3.832197399846865
  -11.0304790666954   15.82866950619286  -3.997835363618299 -0.7613961679260992
 -2.158988784404617  -3.997835363619376   16.61728416027447  -10.47477651468725
  3.832197399846353 -0.7613961679253543  -10.47477651468749   7.366055193743287

cov*(cov_.inverse()):
    0.9999999999999716  2.842170943040401e-14  -1.70530256582424e-13  5.684341886080801e-14
                     0      1.000000000000085                      0                      0
-5.684341886080801e-14  8.526512829121202e-14      1.000000000000114  -1.13686837721616e-13
                     0    1.4210854715202e-14                      0                      1
