6
2

0.03145288883468687
 0.5898581847148899
  2.193241208106014
  2.496835795378494
  5.255190155354174
  10.58898933207066

    0.4379020519297378    -0.8156579709810923      0.378079147642617 -0.0001476406754975471 -1.642987878298918e-05 -5.780012745859645e-05
    0.5626849865947539    -0.0711622739452237     -0.805198231116524    0.05047309998666865     0.1125096261758776     0.1215376296877922
  -0.01001539601411638   -0.01012970564384637   -0.01007794737748813     0.3182619690015594    -0.7693189638927117     0.5536724363422846
    0.2755062517864311     0.2283566087631072     0.1732891655718656    -0.8223626492271515   -0.05928715852865186     0.4026476568240645
   -0.6305242413430261    -0.4876167028792413    -0.3217003432532131    -0.2326664728660701     0.2122542584231177     0.4024828735338421
    0.1343970867417137     0.1990442275297432     0.2740258308033771     0.4071212952270853     0.5890017641380363     0.5954475925132693

46.44541523514042
73.32774551008546
104.5131522455094
133.4701188279159
184.3458680591075
219.2997581784581

  2.087584865123217
-0.9127477213591447

  -0.03609315495552928  0.0002582301364738619    0.03579318863056466  1.367192999281652e-05   1.19708829017331e-05  1.307172947077623e-05
     1.636033010660075     0.3358808132007472    -0.9708172728505866  -0.000429052489589592 -0.0002312304695218752 -0.0003678485573096451

-2.456628956156167e-06    -0.0170989563489631  2.543969089212563e-06   -0.02299816750303009     0.3071463666641529     0.5639124105721686
 7.460456528470336e-05     0.5839274606942887   -0.04890338761461487      2.240718659751996     -24.38927355273042      2.262076642898812

cov:
13.58877424998092 11.86888426934556 9.871910532066842 8.768676170453579 5.137197492555382 2.653272832592602
11.86888426934556 11.33681058381425 10.71476026384648 11.03192301192089 10.23741432538686 8.412485547218479
9.871910532066842 10.71476026384648 11.69114487056185 13.65817212198058 16.15341194654874 15.09376668210389
8.768676170453579 11.03192301192089 13.65817212198058 24.78394364927161  24.6517350246954 23.38100238629136
5.137197492555382 10.23741432538686 16.15341194654874  24.6517350246954 43.01684222751708 39.49130791164383
2.653272832592602 8.412485547218479 15.09376668210389 23.38100238629136 39.49130791164383 46.71962101080081

cov.inverse():
     194.7720446834194     -361.1408041522421      166.0681409101569   -0.01493132091846853     0.1695223509316115     0.1791345523853851
     -361.140804152242      672.5362404115282      -311.546412012616    0.08544314363196497   -0.01271882139840897    0.03033141186720249
     166.0681409101569      -311.546412012616       146.364862489236    -0.1930515940359178    -0.2677220879777271    -0.2965573707845718
  -0.01493132091842247     0.0854431436318794    -0.1930515940358783     0.1403186134315524    -0.0264052387344349 -7.082777748053869e-05
    0.1695223509315405   -0.01271882139827663    -0.2677220879777884    -0.0264052387344349     0.1647094581508181   -0.04685543987821052
    0.1791345523854413    0.03033141186709767    -0.2965573707845232 -7.082777748058888e-05   -0.04685543987821054     0.1412201306978298

cov*(cov_.inverse()):
     1.000000000000119  2.603750548502148e-13  2.311484337269576e-13 -4.063047641389428e-17 -2.498001805406602e-16 -2.775557561562891e-16
 9.414691248821327e-14      1.000000000000524 -7.194245199571014e-14  1.962405932198763e-17 -5.551115123125783e-17  2.220446049250313e-16
 2.540190280342358e-13 -1.945110739143274e-13      1.000000000000086 -1.296705798292663e-16  2.220446049250313e-16  8.881784197001252e-16
 4.449773882697627e-13 -2.735589532676386e-13  2.913225216616411e-13                      1  2.220446049250313e-16  8.881784197001252e-16
 -8.43769498715119e-14  1.331379451130488e-12  -1.77635683940025e-15  6.839147304038562e-16      1.000000000000002  8.881784197001252e-16
-1.989519660128281e-13  4.478639681337881e-13  2.202682480856311e-13  3.556183125752455e-17 -8.881784197001252e-16                      1
