4
2

0.2637474426889784
 1.315533511798072
 3.137689822944713
 37.31454325145159

   -0.5625229839003343     0.8057204546413158   -0.09297582468949343    -0.1604304758447235
   -0.2455246868322151    -0.1648635064319154      0.840411136145281     -0.454144002102763
   -0.7349184866091792    -0.4047584467052945 -7.398588419389366e-05     0.5441189322077301
    0.2884100185151012     0.3997563921193541     0.5339144245966722      0.686986080927002

35.62566265086143
50.57889199812293
68.38860645074745
88.78721639999704

  1.001375724566938
0.01472815970524624

 -0.06587889677372552   0.06530947896011408 0.0002005665514620458 0.0004042348284954787
    3.337273408668603    -2.313264906910952 -0.008470689714235452  -0.01683876479672133

0.006232546254211759 0.009332800268673246   0.2185709374570206    10.43242212501964
 -0.2600009946809869  -0.7571182334429833   -15.01842121099681    30.17281368781765

cov:
121.2619620910499 163.4992396963972 214.0537254129867 272.1387550575501
163.4992396963972 224.2138638212889 296.9378676604262 380.3362457526059
214.0537254129867 296.9378676604262 398.1398080494475 510.0518690228657
272.1387550575501 380.3362457526059 510.0518690228657 660.4047926618642

cov.inverse():
    4.638627979396066    -6.461819449593867    0.6327412649936998     1.321284841629825
   -6.461819449593899     9.364837503718002    -1.156809390299042    -1.837119990169622
   0.6327412649937981    -1.156809390299178    0.5325863272677162 -0.005850247080356483
    1.321284841629766    -1.837119990169529 -0.005850247080394399     0.519581991910068

cov*(cov_.inverse()):
    0.9999999999998863                      0   3.33066907387547e-14                      0
 -1.13686837721616e-13     0.9999999999998863  2.886579864025407e-14  2.842170943040401e-14
 -1.13686837721616e-13 -2.273736754432321e-13      1.000000000000097  5.684341886080801e-14
  1.13686837721616e-13                      0  1.154631945610163e-14                      1
