5
2

0.05777586833471602
 0.4533201685674559
 0.9192607437143461
  1.104422915491343
  1.719181690025531

  -0.2701632211266518    0.8040988126752406   -0.5295221951398703 -0.003744546352913461 -0.005399688102571863
  -0.6766133553884214    0.2119088881742785     0.669123429701575   0.01961837112128448   -0.2217610104633204
   0.1156369008240277  -0.05505381352221051   -0.1390347215326087    0.6079335390326462    -0.771157145536542
  -0.1439808162072999  -0.01804276101150247   0.03440505116148253    0.7892484768995313    0.5956904544356127
   0.6596240088054616    0.5524158388014897    0.5013638592295833   0.08428968927555899    0.0355307893088143

78.43195207655347
113.4658961810925
129.3664838358621
218.3205277478916
259.0317789157561

 2.463046137632056
-9.402229132925632

  -0.06501257407906209    0.05376826267211602    0.01108844392228477  0.0001784480435841918 -0.0002376282697748457
     3.273850954448857     -1.753703238909522    -0.5164151705583118   -0.02144423111113278   0.005003881834103954

0.0001833525979095954   0.01291728438247067 -0.009910587106785296   0.01069869660811238    -0.022508178726256
-0.006746595675994233   -0.6029001466268297    0.4478969058175603   -0.5750406811025948     2.749272817234893

cov:
   1.416894763152269    1.044575500497455   0.8652584543139663  0.08240232984531405 -0.07986208426937663
   1.044575500497455   0.9162808076425814   0.8520111404073787  0.09281287380795371  0.07110657051349285
  0.8652584543139663   0.8520111404073787   0.8536552564926264  0.08930187740174085   0.1377685139938821
 0.08240232984531405  0.09281287380795371  0.08930187740174085    1.093188845405754   0.1852551077328229
-0.07986208426937663  0.07110657051349285   0.1377685139938821   0.1852551077328229   0.9491935280143107

cov.inverse():
   24.2733111230359  -65.65910560021958   40.74226621081359  0.2473070599541242  0.9992637370399755
 -65.65910560021955   194.0239529450808  -126.7636712016448 -0.9173156254801463  -1.481332161999772
  40.74226621081358  -126.7636712016447   86.28686180575107  0.5944214348349123  0.2841990376228509
  0.247307059954124 -0.9173156254801456  0.5944214348349117  0.9565221901649752 -0.1834352516568565
 0.9992637370399834  -1.481332161999796  0.2841990376228667 -0.1834352516568564   1.243123070266096

cov*(cov_.inverse()):
     1.000000000000003 -7.216449660063518e-16 -2.300243329145246e-15 -5.377642775528102e-17  4.163336342344337e-17
 1.790234627208065e-15     0.9999999999999728 -3.226585665316861e-15  -9.71445146547012e-17  1.387778780781446e-16
-6.161737786669619e-15 -1.110223024625157e-16      1.000000000000007  5.204170427930421e-17                      0
                     0 -4.996003610813204e-16  -2.80331313717852e-15     0.9999999999999999  2.775557561562891e-17
 6.661338147750939e-16  3.108624468950438e-15  4.440892098500626e-16                      0                      1
