5
2

0.1791102070355012
 1.301188343170563
 1.391073605457864
  3.85287319120004
 56.72346550318741

   0.5976497872293123   -0.7924045433614442   0.03843488397201996   0.06582685732071325   0.09539054478424104
   0.3342268144777536    0.2494638829042878   -0.7879035760727165   -0.1762800182295929    0.4173649692956622
 0.002947356188297863 0.0003166154388173729   -0.4018010130788785     0.815440227321506    -0.416658606536336
  -0.6950375722827502   -0.4648696509780634   -0.2180184215903431    0.1419761671717286    0.4828350821111854
   0.2191375242070857     0.306200780764279     0.410797551406925    0.5286702031033425    0.6402913520050703

15.65616839766173
22.29979088369322
30.21371352363859
39.18494175772219
47.69846557957772

 0.4442283149451307
-0.1406380634170277

 -0.06374632446740974    0.0626916082184255 0.0002033953558388383 0.0003568002448029054 0.0005239174999319435
    3.247684645796913    -2.203852440761782 -0.008254312591308304   -0.0148648332944196  -0.02202687978160623

 -0.002813258350059241  -0.009601395753225064 -0.0003427112679488083      0.228933073527666      18.77329184451279
    0.1181819934953093     0.9068406471786778     0.0178941385143129     -18.46234203981314      37.05064703487279

cov:
161.8825714958702 220.8202721083558 291.4497276424009 371.1994160336243 446.7145878258734
220.8202721083558 305.0076410751897  405.895145742952 519.7993821198741 627.6674353944354
291.4497276424009  405.895145742952 545.0458222510498 697.9180648775044 844.5176330302652
371.1994160336243 519.7993821198741 697.9180648775044 900.9192047414469 1089.386502759688
446.7145878258734 627.6674353944354 844.5176330302652 1089.386502759688 1323.201188301669

cov.inverse():
     11.23258239587835     -14.69123430256207     0.5701174210396489      1.186167064480705      1.836290927430674
    -14.69123430256182      19.62415626052263     -1.058652787362313     -1.656194158067447     -2.309829128622739
    0.5701174210394904     -1.058652787362119     0.4993942319104158     -0.010435545591777 -0.0004358981126148221
      1.18616706448046     -1.656194158067149   -0.01043554559177524     0.4984950528742922      -0.01857598968415
     1.836290927430864     -2.309829128623028 -0.0004358981125776891   -0.01857598968409012     0.4920726662146819

cov*(cov_.inverse()):
    0.9999999999995453 -4.547473508864641e-13  4.163336342344337e-15  1.243449787580175e-14 -2.842170943040401e-14
-2.273736754432321e-13     0.9999999999995453  3.913536161803677e-14  2.664535259100376e-14                      0
-4.547473508864641e-13 -6.821210263296962e-13      1.000000000000061  5.684341886080801e-14 -5.684341886080801e-14
-2.501110429875553e-12                      0   9.54236689665322e-14     0.9999999999999503 -2.273736754432321e-13
-9.094947017729282e-13                      0 -1.210143096841421e-14  7.105427357601002e-15     0.9999999999998863
