4
2

0.2815473275619571
 1.534501057998766
 3.497958975506775
 5.559336858705513

  0.6126235839787798  -0.7745664786121031  0.05428514957394354   0.1476219397622736
-0.02064804551847332  0.09442128886608851   -0.593182944846718   0.7992448137886848
 -0.5471722696081178  -0.2980613521181096   0.6178379176916303    0.479623024059413
  0.5699723764720214   0.5498098041985405   0.5132868826895743   0.3307223084776987

45.77231854394913
70.61799417145085
133.2113931856237
157.6092243025487

1.941906932833212
1.576136392556926

  -0.07639934039294834    0.07608775541933892 -0.0003464614460147663   0.001415689947135829
     2.633802637780646     -1.612686388676941    0.03362655061532632   -0.09556637489950781

-0.008366743629822001   0.02377957600465469    0.2396942906535411  -0.04392867490858338
    0.225946492975274   -0.7134307574784106    -12.05859712546132     18.54924006793794

cov:
13.73455680574688 11.63861089623694 4.936929261984223  2.58311533170501
11.63861089623694 10.49824720397756 6.333582375247846 4.039266467140823
4.936929261984223 6.333582375247846  13.6420934682796 7.756579682202832
 2.58311533170501 4.039266467140823 7.756579682202832 7.701008219542644

cov.inverse():
   4.769775918647434   -5.963536804199533   0.4065769371843367    1.118527117323747
  -5.963536804199535    7.589410859178706  -0.5601462686516561    -1.41622109226662
  0.4065769371843366  -0.5601462686516558   0.2263295737056233  -0.0705360178434872
   1.118527117323747   -1.416221092266619 -0.07053601784348719   0.5685395912344113

cov*(cov_.inverse()):
    0.9999999999999938  5.329070518200751e-15   3.33066907387547e-16 -6.661338147750939e-16
                     0      1.000000000000017 -2.775557561562891e-16                      0
-3.552713678800501e-15   1.77635683940025e-15                      1 -8.881784197001252e-16
  1.77635683940025e-15   1.77635683940025e-15                      0                      1
