5
2

0.1345850870387733
0.1895752215191716
0.1897261066343327
  3.36818822799334
 20.22027442346764

  -0.7150184693897077    0.5351541901439281    0.3907253042089733  0.009768774556020402   -0.2227035897723136
-0.002219290783583995    0.6281677953176875   -0.7099845486859039   -0.1791595587307236     0.263104710746158
-0.002485525159177902   0.03587388676385921   -0.3499410481282113    0.8008540954997537    -0.484645093825716
  -0.6548852889242922   -0.4706966954627732   -0.2826174842774751    0.1884193449845119    0.4839373794689243
   0.2446686406044853    0.3101175564620478    0.3753988514815652      0.53938603218471    0.6419523098090064

104.5433570541817
 130.408474465488
156.1838875820584
220.9898935930456
261.5032209761196

  4.701604601714891
-0.8717588213792037

-0.03885658124904039  0.00206020932220965  0.00531621814518638  0.01331590833212766  0.01809255090894575
   1.844338371008396  -0.0277008881515594  -0.1033344933707935  -0.2976501010621073  -0.4144346426623673

 0.0004902085212941938 -7.000306165698258e-07  7.406444853204403e-06     0.3884314736386766      4.875482761750518
  -0.02326719127260405 -0.0001380365313222015 -0.0002497219747726952     -16.13476879391143     -9.291742147798896

cov:
29.35016391697647 34.51268363629968 39.64778692268263 52.55749422708256 60.62526943198274
34.51268363629968  41.8540956330646 49.09497170445619 67.38212883935815 78.81500112685256
39.64778692268263 49.09497170445619 58.54965733302639 82.17831424529837 96.97650926175106
52.55749422708256 67.38212883935815 82.17831424529837 119.3794744674395 142.5904746609003
60.62526943198274 78.81500112685256 96.97650926175106 142.5904746609003 171.1608462548313

cov.inverse():
  28.26369388097866  -21.13918269852206   -15.3393800140035 -0.4404129724515062    8.78091518708608
 -21.13918269852638   26.84632812544244  -1.202440015278834  -2.052152630747022  -2.483622225040907
 -15.33938001400045   -1.20244001528334   25.86390032093824  -4.039740758049962  -5.301667286934521
-0.4404129724454159  -2.052152630752021    -4.0397407580528   18.71998366633155  -12.20542477019992
  8.780915187081266  -2.483622225035724  -5.301667286933145  -12.20542477020167    11.2111845644107

cov*(cov_.inverse()):
    0.9999999999997726 -1.989519660128281e-13  5.684341886080801e-14   1.13686837721616e-13                      0
-2.273736754432321e-13                      1   1.70530256582424e-13   1.13686837721616e-13                      0
                     0 -3.126388037344441e-13      1.000000000000114 -2.273736754432321e-13  2.273736754432321e-13
                     0 -2.842170943040401e-13                      0     0.9999999999997726  6.821210263296962e-13
-4.547473508864641e-13 -2.273736754432321e-13  3.410605131648481e-13                      0      1.000000000000227
