5
2

0.03524697361587286
  0.342316170150664
  1.409432927504296
  4.701005204381326
  7.216000553579074

   -0.4386318311716415     0.8157232047102185    -0.3770911763318112  0.0001209171179027682 -9.593995124103974e-06
   -0.5601798820003144    0.06680256048104438     0.7960564007698643    -0.1703962870448087    -0.1378231833544802
    0.1088621556909429    0.06157077446814947   0.006292989130586178    -0.7899023845831808     0.6003104962494997
   -0.5726521758502847    -0.3968430856667892    -0.1922473593314296     0.3441063237044536        0.5993470127306
    0.3924527143967562     0.4109229566479842     0.4325480350711521     0.4781319394861679     0.5112878215463167

28.17389101156834
44.26659306560583
 63.0013691286745
110.1985265720433
130.6159067937076

  1.251537644061389
-0.2226304297803925

 -0.03504237134184155 -0.001335526478565461   0.03622775033385279 8.941054877745474e-05 6.135048481880657e-05
    1.604138142788057    0.3821776147518927   -0.9813241855248442 -0.002986959061485411 -0.001976774733256359

 7.704115233415164e-07    0.00566642701521888  -0.007355681936481873     0.3027609673436371    0.07514253866656959
-2.711619964173992e-05    -0.1937557875894041     0.3837089380488929     -19.53223117474361      18.72904793208381

cov:
15.32751487265286   13.427975919631 11.22149658490447 5.256353733438708 3.002258358916276
  13.427975919631 12.28173104154735 10.94787485362766 7.114839764650737 5.756105180401707
11.22149658490447 10.94787485362766 10.63359462836056  9.28126972714205 8.964053795693493
5.256353733438708 7.114839764650737  9.28126972714205 15.76353107385731  16.3479028047574
3.002258358916276 5.756105180401707 8.964053795693493  16.3479028047574 22.26866619108475

cov.inverse():
   157.5678916248929   -288.3071088250622    129.3412958588617   0.7232860463416336   0.6834706096519124
  -288.3071088250623    535.6520849275428   -247.1362017489571 -0.04463482250866954 -0.07299137022116388
   129.3412958588619   -247.1362017489574    119.8720075337531   -1.195801003530064   -0.932444757399395
   0.723286046341581 -0.04463482250857101    -1.19580100353011   0.5716325262175839 -0.02426446626245479
  0.6834706096519052 -0.07299137022115039  -0.9324447573994011 -0.02426446626245496   0.3647882943036011

cov*(cov_.inverse()):
    0.9999999999994293  8.476830348769226e-13  4.929390229335695e-14 -1.387778780781446e-16 -2.220446049250313e-15
-6.439293542825908e-14     0.9999999999998979  1.332267629550188e-14 -2.220446049250313e-16 -8.881784197001252e-16
 -1.27897692436818e-13   7.66053886991358e-14     0.9999999999998472  7.216449660063518e-16 -4.440892098500626e-16
  1.77635683940025e-14  4.662936703425657e-14  7.460698725481052e-14     0.9999999999999997   1.77635683940025e-15
   1.4210854715202e-13  1.925126724700021e-13  2.202682480856311e-13 -2.220446049250313e-16                      1
