5
2

0.1394181488139819
0.1547031204386682
 1.892554549531507
 4.918764700621771
 28.44083389427097

  -0.4640912739181583    0.7383590643150977    0.1804477405517227   -0.4548422541081497 -0.001522637301008056
 0.006322825302591159     0.435394943545555   -0.8180224738708904    0.3758062903267103 0.0003597334857358839
   0.7147879518408569    0.1267306024074399   -0.2052541341717236   -0.6058725252253054    0.2526000037591605
  -0.4664646735356258     -0.35780075255248   -0.2971803674049611   -0.2251810510698428    0.7178904187160565
   0.2367872538792336    0.3481021562200146    0.4096735466275501    0.4838389540383105     0.648709593719737

87.04204184791132
131.9672333424355
156.8031701188865
186.6628438742587
262.8426755075819

    3.836293829364579
-0.009993078343469297

   -0.0483442621545209   0.007842683170089765    0.01528146047546296    0.02513172339102133 -0.0001656875742124314
     2.079400620364731    -0.1507840522736892    -0.3383234012407862    -0.5884113486636932   0.003523868462516211

0.0003800725895613233 1.268794262504972e-06   -0.1861336228152348    0.2280377641734432      7.76152379137543
 -0.01690637983716871 7.480994735597747e-05      6.78406000829188    -16.46283869906414     15.26746528297111

cov:
52.45110342971891 71.02886723917979 81.29255133066791 93.66533423632887 116.7938926905568
71.02886723917979 101.1862889526351 117.8266084363544  137.907798247791 176.5593225007168
81.29255133066791 117.8266084363544 138.0607451526172  162.388710806106 209.6201554503021
93.66533423632887  137.907798247791  162.388710806106 191.9081635660191 249.4249983278782
116.7938926905568 176.5593225007168 209.6201554503021 249.4249983278782 353.0941108792493

cov.inverse():
    11.23410363893878     -17.4818741053374     -4.55962538914077     10.84275067071005   0.07320843752221637
    -17.4818741053365     35.97837496379329    -8.029746520017641    -10.45900898050642  -0.05269521126412975
   -4.559625389142409     -8.02974652001455     29.65049887842912     -17.0297198863582  -0.04939568665664532
    10.84275067071078    -10.45900898050861    -17.02971988635674     16.64939398454448 -0.007743135599535257
  0.07320843752221994   -0.0526952112641238   -0.0493956866566682 -0.007743135599521911   0.03976049180871766

cov*(cov_.inverse()):
     1.000000000000055  7.993605777301127e-15  -9.85878045867139e-14  2.327027459614328e-13                      0
-1.687538997430238e-13      1.000000000000234 -1.652011860642233e-13   2.69784194983913e-13                      0
-1.829647544582258e-13 -2.593480985524366e-13      1.000000000000053 -2.100541962590796e-13  -1.77635683940025e-15
-8.881784197001252e-14  4.796163466380676e-14  7.016609515630989e-13     0.9999999999998419  -1.77635683940025e-15
-3.588240815588506e-13  2.096101070492296e-13  1.669775429036235e-13  3.570477247194503e-13     0.9999999999999982
