6
2

0.0422850497377192
0.1382728733697988
0.7013550152007122
 1.116977111950581
 1.825451468549071
 4.636465173977872

  -0.4999034605643171    0.8326489648545085   -0.1320778520206313   -0.1983482505302994 2.286134252828753e-05 -0.002375591943189973
  -0.1474839921485378  -0.09732702725412802    0.8017488103941858   -0.5708549644043049  0.001614183509283053  0.009837219315966575
  -0.2219367858743037  -0.02813830993221049    0.1958420812691984    0.3215536289650125  -0.06608719145653345   -0.8965678583458753
   0.5340666141815675    0.1235004806611344   -0.3169726818124383   -0.6112447981700337    0.1831631222190423   -0.4380409447149688
  -0.6261254554233906   -0.5290251954020535   -0.4314823179695937   -0.3547292905128869    0.1127100735739151  -0.05818793472399571
  0.04276483297081791  -0.03621271203647194    -0.121455726524073   -0.1786974313980438   -0.9743600910280962  -0.02824811614803785

70.97163602934516
113.2491957561796
157.9778208601311
187.1442913897477
222.3121220890563
259.1438034164993

 3.515527524448912
-9.171400922178979

 -0.06546848130067159   0.05476666899086249  0.001124539701978225  0.009303228022491797  6.54353239758149e-05 0.0001600068913797619
    2.388399057807154    -1.128697435471499   0.07791210835513089    -0.327209287565021 -0.002594177424956073 0.0001258397537108012

 0.0001364891827053554 -1.572378222054656e-06   0.007896334431445452   -0.04279637751616375    0.02742878326264683    -0.1429606712133276
 -0.003717603718547337   0.000131047627965235    -0.2893409181014938      1.635588626505899     -2.719717159689563      4.182104886246712

cov:
   1.726627162628678    1.155371769787416   0.5538699370265967   0.1352338987042428   -1.001641397932591 -0.09858727443938956
   1.155371769787416   0.9816251789598588   0.8019498955779518   0.6665785148696712   0.5889407438564122  0.06945962728703847
  0.5538699370265967   0.8019498955779518    1.094042392079073    1.240598951422236    2.303133902879375   0.2444286357436732
  0.1352338987042428   0.6665785148696712    1.240598951422236    1.629066524881464    3.459548155531503     0.36943135630848
  -1.001641397932591   0.5889407438564122    2.303133902879375    3.459548155531503     20.4949257748457     0.49886486836998
-0.09858727443938956  0.06945962728703847   0.2444286357436732     0.36943135630848     0.49886486836998   0.6632394790527375

cov.inverse():
   141.3492024865729   -231.8797444795823    30.59908780223841     59.5180682127838  0.06626316893522707   0.8161801930295859
  -231.8797444795826    388.3418917123057     -65.561275399534   -89.48330711457307 0.008088105279344643   -1.139132005607704
   30.59908780223882   -65.56127539953461    43.59176842542691   -8.956282072886077 -0.01593485333660784   0.3500194335522337
    59.5180682127836   -89.48330711457263   -8.956282072886287    39.59620521695815  -0.1875667137183929  -0.3952362130154077
 0.06626316893521812 0.008088105279360016 -0.01593485333661129  -0.1875667137183959  0.08388119352201098   0.0562594492116931
  0.8161801930295915   -1.139132005607709    0.350019433552226  -0.3952362130154002  0.05625944921169309    1.797210084370858

cov*(cov_.inverse()):
    0.9999999999999901  7.369105325949477e-14 -1.292715934297917e-14 -1.613986722048821e-14  8.673617379884035e-19 -5.551115123125783e-17
-1.607741717535305e-14      1.000000000000003 -1.700029006457271e-15 -2.518818487118324e-15  8.673617379884035e-19 -2.775557561562891e-17
-3.458344721707363e-14  -7.66053886991358e-15      1.000000000000007 -3.219646771412954e-15   1.43982048506075e-16  2.220446049250313e-16
-1.454392162258955e-14  7.605027718682322e-15  1.265654248072678e-14     0.9999999999999996  1.457167719820518e-16  1.110223024625157e-16
 1.609823385706477e-14  1.831867990631508e-14  2.620126338115369e-14  3.611000387593322e-14                      1  1.110223024625157e-16
-6.217248937900877e-15  4.551914400963142e-15  1.304512053934559e-15  3.497202527569243e-15                      0                      1
