4
2

0.2534790421291998
  2.28245383166064
 4.232005266640936
 15.80220593002188

 -0.6176735706300979   0.7760451999864717 -0.08542056925733389 -0.09453324320457644
 -0.2379170813164874  -0.1701300643645723   0.7827165041430554  -0.5493688176072833
 -0.6939059511058858  -0.4809813759304272  0.05840238214293927   0.5326730787152091
  0.2834948916343041   0.3707647836369258   0.6137160273692204   0.6368019781549522

48.40952016999131
74.35982274103925
157.2673368441386
186.8140638991104

2.028912081460636
2.350395216110802

 -0.07697423109625155   0.07661970522228249 0.0002021041015207769 0.0003257948403998989
    2.699577040142552    -1.681795825060927 -0.005099382328503696  -0.01744608796260066

0.00687217647580669 0.02738881121348196  0.2999109812264004    1.72738902158113
-0.1908608739669642  -1.826267941269786  -19.23396273238599   31.84457047650151

cov:
29.01210789064906 32.40456109830885 41.75327350736605 39.14485359221028
32.40456109830885 38.65953364912642 55.61893500032684 54.85098293279004
41.75327350736605 55.61893500032684 97.30569422358458 95.90800350264318
39.14485359221028 54.85098293279004 95.90800350264318 107.9160921867961

cov.inverse():
  5.975986485455197  -7.433570796319509  0.7838662123878829  0.9139554944448206
 -7.433570796319506   9.392267460433978   -1.05794676664828  -1.137212226601628
 0.7838662123878758  -1.057946766648272    0.23286218444236  0.0464411249400592
 0.9139554944448263  -1.137212226601636 0.04644112494006104  0.2144858877855252

cov*(cov_.inverse()):
    0.9999999999999503 -6.394884621840902e-14                      0 -3.552713678800501e-15
                     0     0.9999999999999361  1.332267629550188e-15  5.329070518200751e-15
                     0   -1.4210854715202e-14      1.000000000000002  3.552713678800501e-15
-2.842170943040401e-14  -1.13686837721616e-13 -8.881784197001252e-16     0.9999999999999964
