4
2

0.7867819746073401
  2.51900667767373
 3.900549856977388
 8.473362048798412

 0.4443277610850004 -0.8499405118784703   0.120238642959205  0.2563525613998884
 0.4026523338867894  0.1858733598213807 -0.8400803966898605  0.3123893711726433
-0.7881759884084295 -0.3179068359400688 -0.2827439925781958  0.4447130418819654
 0.1386454111794091  0.3768122397680967  0.4470608800797456  0.7993288155835285

53.64579555621641
129.6525338970785
157.2842392126172
221.8609329132548

2.265542459223498
2.107601688235208

 -0.02977943605305956   0.02974196982030376 3.322631301802591e-05 0.0001305943454268646
    1.680557323108205   -0.6773555005178352 0.0004696899269114509 -0.003558003217443133

-0.02381594464559498 -0.04092548609373874   0.2139881161822914   0.5167721735405787
  0.8180888276055088    3.485347136442774   -16.90237661105099   -1.785492030676503

cov:
11.98256428432812 7.804275955847625 5.727454239384382 3.492742149100334
7.804275955847625 12.39843515816153 12.40839479098928 19.70790584015864
5.727454239384382 12.40839479098928 20.05317814618212 22.09767038926987
3.492742149100334 19.70790584015864 22.09767038926987 49.54239652584366

cov.inverse():
  0.3855818141333883  -0.5810833731714315  0.04850838734387918   0.1823342597131292
 -0.5810833731714314    1.181058090266294  -0.1814450259928605  -0.3479261415614814
 0.04850838734387914  -0.1814450259928604   0.1426132559872799 0.005148186044876763
  0.1823342597131292  -0.3479261415614814 0.005148186044876784   0.1434384822516413

cov*(cov_.inverse()):
                     1 -8.881784197001252e-16  5.204170427930421e-17 -2.220446049250313e-16
-4.440892098500626e-16     0.9999999999999991  5.551115123125783e-17 -4.440892098500626e-16
-8.881784197001252e-16                      0                      1 -4.440892098500626e-16
-3.552713678800501e-15                      0 -2.220446049250313e-16     0.9999999999999991
