5
2

0.3822239990329766
 2.094418946482324
 3.066138381450283
 3.477004090832158
  10.9383055547676

 -0.5790636071106213   0.8017921651982893 -0.05782393664864402 -0.08846614869996899  -0.1031736188728666
 -0.3904185606915292  -0.2462975848405471   0.6830936055558806   0.3730835824437366  -0.4255615275478771
   0.144244308181573    0.116331390346959  -0.4974075050469004    0.790782334330884  -0.3048108607159183
 -0.6596505552334854  -0.4112841054088616  -0.3058796038364598   0.1875843502262337   0.5166781484882419
  0.2373044688263667   0.3373117486633515   0.4348137075564528   0.4387001166007855   0.6696167715224708

 72.3877079650903
102.9252689195787
 133.484936206101
155.7592145240157
184.9490205317022

  2.043971351867917
-0.3030553059819099

  -0.06722672689191539    0.06706871071324551  2.577805827680022e-05  9.407755912468852e-05  6.248089899940808e-05
     3.394332970031591     -2.388336128473246 -0.0009616763168509808  -0.003719873140137743  -0.002450549553725967

 0.01354119137870849  0.04278601035870675 -0.01741430747539693   0.2031516907586906   0.8093106691790856
 -0.5668268743367744   -3.237176968047041    1.974802345636156   -15.21420897324412  -0.4563846622069717

cov:
12.91156691816592 13.36885316614336 12.94537189340842 11.40079329064754 15.21595342514257
13.36885316614336 16.14554091551851 17.78041282628757 17.22382167344983 24.56980078890932
12.94537189340842 17.78041282628757 28.12519152591667 19.55003040313263 33.07652285915552
11.40079329064754 17.22382167344983 19.55003040313263 29.94294986590147 33.35802433678481
15.21595342514257 24.56980078890932 33.07652285915552 33.35802433678481 58.54472711464425

cov.inverse():
    2.36860450743844   -3.131171197149805    0.178314550069344   0.3202073402516272   0.4152750954692614
  -3.131171197149804     4.43056630498676  -0.3502237844466486  -0.5018228183738255  -0.5617990759279629
  0.1783145500693437  -0.3502237844466481   0.1648965429281552  0.04812108847630576 -0.01994587801674558
  0.3202073402516269   -0.501822818373825  0.04812108847630578   0.1563365063115496  0.01111409122429851
  0.4152750954692619  -0.5617990759279634 -0.01994587801674547  0.01111409122429859    0.149859457284793

cov*(cov_.inverse()):
     1.000000000000004 -8.881784197001252e-15 -6.106226635438361e-16                      0  -1.77635683940025e-15
 8.881784197001252e-15      0.999999999999984  -3.33066907387547e-16  6.106226635438361e-16 -4.440892098500626e-16
  1.06581410364015e-14 -3.552713678800501e-15      1.000000000000001  2.164934898019055e-15 -8.881784197001252e-16
 7.105427357601002e-15   -1.4210854715202e-14  2.220446049250313e-16      1.000000000000001 -8.881784197001252e-16
 3.552713678800501e-15 -7.105427357601002e-15  2.220446049250313e-16 -6.661338147750939e-16     0.9999999999999982
