6
2

0.1006428951064791
0.6895804630554885
 2.027128945503983
 3.584927799873587
 4.246768604389939
 12.56296102839935

   -0.3285823425684239     0.8117548714910999    -0.4827910397780903  7.910055964316926e-05 -0.0003931497300020914 -0.0005690774086505268
    0.6410126352197751    -0.1721564403348268    -0.7259760891997008    0.02911544529740158    0.09453852743126971     0.1504607494545041
  -0.06324961828688308   -0.06723858828430444   -0.06945820808505218     0.8860132484634549    -0.4478477930618882    -0.0326633304876115
    0.5242881886684749     0.3925221714474669     0.3034889796328284    -0.2282830971830806    -0.6409182291149288     0.1267017384056144
   -0.4097279332902629    -0.2880905433072058    -0.2060939946264939    -0.2357542319983835    -0.3850456256885346     0.7090923304835003
    0.1854207305881158     0.2642448574454535     0.3169649693108565     0.3262507896861307     0.4811011912688665     0.6763350369457604

96.42661941211249
 131.330950369344
154.6649706590699
185.9706758391907
222.5385031545104
262.6528464992539

 2.699267678673679
0.4516861459492149

   -0.0538056866914273    0.01891683078238349    0.03471551337001715 -6.475370218331396e-07   4.78381612836888e-05  0.0001015585387593772
     2.907219661460154    -0.6538915246312778     -1.247252242879473  0.0002376340697731131  -0.001809122361032487  -0.003832376138271018

0.0001648494785684048  -0.02992437299037687 -0.001254736950378934   -0.1319392217446189    0.1712431191337359    0.9654462003026573
-0.008952971343356896     1.369915156526882   -0.2142397381249508     11.43347492420325    -13.48687393173484    -5.121322699219751

cov:
12.19950465966083 12.46896101482963 12.64205001921822 9.530110415438134 12.75121615120741 15.46092156493062
12.46896101482963 14.53668861613331 15.89553373279773 13.43249908482477 18.94786406893731 25.15832227077955
12.64205001921822 15.89553373279773  18.0790242858437 16.04395907675264 23.09410726084261 31.65022861084662
9.530110415438134 13.43249908482477 16.04395907675264 21.69752237213688 26.66088172586468 31.32200395546396
12.75121615120741 18.94786406893731 23.09410726084261 26.66088172586468 45.31209320067848 45.45403984915984
15.46092156493062 25.15832227077955 31.65022861084662 31.32200395546396 45.45403984915984 81.48480954522937

cov.inverse():
    11.55512760350269    -26.54132136410927     14.70151137595191   0.01947110726673986    0.1302533447054428      0.21164170503585
   -26.54132136410905     65.13589212522689    -38.41464542853412  -0.02135938863045469  -0.07102516999878945   -0.1058696474707669
    14.70151137595163    -38.41464542853377     24.13156008817584  -0.06523843184730621   -0.1277912373999928   -0.2057837756994458
  0.01947110726673197  -0.02135938863043526  -0.06523843184731766    0.2006315416681542   -0.0733646270501766 -0.007956413732361438
   0.1302533447054698  -0.07102516999885569   -0.1277912373999537  -0.07336462705017656    0.1092692581035542   0.01409903491485093
   0.2116417050358762   -0.1058696474708324   -0.2057837756994063 -0.007956413732361405   0.01409903491485081   0.07992634722369377

cov*(cov_.inverse()):
      1.00000000000003  1.392219672879946e-13 -6.439293542825908e-14  6.106226635438361e-16  1.110223024625157e-16                      0
 4.884981308350689e-14      1.000000000000125 -5.062616992290714e-14   3.05311331771918e-16  9.436895709313831e-16  8.881784197001252e-16
-5.506706202140776e-14  3.801403636316536e-13     0.9999999999998979  4.996003610813204e-16   3.33066907387547e-16 -4.440892098500626e-16
-8.881784197001252e-16  1.145750161413162e-13 -6.217248937900877e-14      1.000000000000001  2.775557561562891e-16 -4.440892098500626e-16
 3.552713678800501e-15 -2.220446049250313e-14  3.552713678800501e-15  7.216449660063518e-16                      1 -4.440892098500626e-16
-7.105427357601002e-15  2.486899575160351e-14  7.105427357601002e-15  1.110223024625157e-16  2.220446049250313e-16                      1
