6
2

0.02896351002821856
0.06681655150792926
 0.6670195706980518
 0.9431680766622281
  1.135694289281429
  2.228495369095659

  -0.4161304255727092    0.8102552234648921   -0.4122225913290355   0.01983006689703189 0.0007751369254699447 -0.000802849994829923
   0.2779129411518821   -0.2235469434444525   -0.6896328393951664    0.6302004967880445  0.004130561320573023   0.00528964611218279
  -0.5009945681447344  -0.08041275925491355    0.3780476338391302    0.6097119985404431   0.05734531592696986   -0.4738997900022449
   0.1785491593003829  0.004757722102703961   -0.1816380618779546   -0.2753633736770173    0.7035144270620386   -0.6036121599367615
  -0.1767684144840361  -0.02908270132855172    0.1310319434024046      0.20101496946808    0.7071426745992007    0.6405310091969469
   0.6599071405102264    0.5349566203322837    0.4017428441923762    0.3383391428991592   0.04135868764141781  -0.02761794245304226

45.84372491938025
78.42926061782339
113.4631459594277
129.3643300078868
218.3251734484161
259.0351248901118

 2.463023699728274
-9.402801879759764

 -0.03383264104015638 -0.001679660790680137   0.02825761911414797  0.007275035846744626 0.0002021727663912046 -0.000365717525546344
    1.486144074705452    0.4896683390203175   -0.6295546909245877   -0.3499518811668481  -0.02259342007887775   0.01067555575866099

 1.018509622085713e-06 -0.0001068378797430768    0.01441006416175507   -0.01140578027698785    0.01432085305084954    -0.0466462430905056
 2.590273281637449e-05   0.002308745121895062    -0.5524297260681447     0.4056917551102396     -0.566120067172548      4.321170842731982

cov:
   2.343487884969856    1.777923591270913    1.172898646844403   0.8841167938236398  0.07327858354585091  -0.2267821881887912
   1.777923591270913     1.42597950350818    1.048507882343021   0.8677298892694471  0.08427419713611285 -0.08300526458685781
   1.172898646844403    1.048507882343021   0.9188770525644857   0.8541026306924424  0.09798608172141247  0.07095718178236568
  0.8841167938236398   0.8677298892694471   0.8541026306924424   0.8552351041812477  0.09607279062866607   0.1389820455992336
 0.07327858354585091  0.08427419713611285  0.09798608172141247  0.09607279062866607    1.095199458863219   0.1886939178422465
 -0.2267821881887912 -0.08300526458685781  0.07095718178236568   0.1389820455992336   0.1886939178422465    0.956998589697763

cov.inverse():
  224.4343007289724  -415.6778793355027   161.1272817052243   28.66893301701511 -0.1421662745168986    1.04856017031597
 -415.6778793355048   793.8690446949258  -363.6513782925509  -12.48226833127061  0.5237632351825894 -0.9753115216354784
  161.1272817052301  -363.6513782925603   309.4966058379829  -106.4706143168112  -1.038690433150426 -0.6391753732634665
  28.66893301701129  -12.48226833126323  -106.4706143168148   90.40281418874554  0.5752319665717337  0.3630656284492037
-0.1421662745169151  0.5237632351826156  -1.038690433150425  0.5752319665717229  0.9563447642984929 -0.1833508269544678
  1.048560170315925 -0.9753115216353876 -0.6391753732635214  0.3630656284492127 -0.1833508269544676   1.239636564813588

cov*(cov_.inverse()):
     1.000000000000004  6.106226635438361e-14  3.078093335773247e-14 -2.844946500601964e-15  6.938893903907228e-18                      0
-2.363387263670802e-14      1.000000000000257 -4.148764665146132e-14 -9.055256544598933e-15  5.551115123125783e-17 -5.551115123125783e-17
 9.506284648352903e-15   5.55805401702969e-14     0.9999999999999647  7.417677583276827e-15 -3.122502256758253e-17  1.665334536937735e-16
-1.762479051592436e-14  1.478539513044552e-13 -2.831068712794149e-14     0.9999999999999859  2.081668171172169e-17                      0
-6.161737786669619e-15 -2.220446049250313e-16 -1.484923295436147e-15  1.762479051592436e-15                      1 -5.551115123125783e-17
-4.218847493575595e-15   1.77635683940025e-15 -1.298960938811433e-14  9.436895709313831e-16  2.775557561562891e-17                      1
