5
2

0.4012088209117358
 1.386201607596988
 1.955778685917191
 4.314798270476296
 10.10372404001795

 -0.4837793530610899   0.8468095520362504  -0.1600474890853714 -0.09148712977442262   -0.122008304861037
 -0.3315704752014972 -0.09007862337778115   0.8677662802431761  -0.2170612205505092  -0.2860296680259965
 -0.1231087694955751 -0.07104144167359165 -0.03743406672600376   0.8120696985272322  -0.5647467041253676
 -0.7715760752168425  -0.3842752543188704  -0.1430583017006375   0.1617847280847618   0.4586533692716203
  0.2133849773360475   0.3494067353008995   0.4466536656888329   0.5088055012587721   0.6115547805300837

 34.0090659607487
76.00719498982961
103.0662952813447
131.2467203549406
156.1469093112154

  1.509085274154625
-0.2300410726201757

  -0.03585265213171302    0.03573456066899284  4.953191671750986e-05  3.173394467823444e-05  3.886145826626462e-05
     1.812797755049939    -0.8094990246041165  -0.001289648773197136 -0.0007664357878126096  -0.001433333648634828

0.007660422238432028  0.01670549724904894 0.007180078771781937   0.2596582982530556    0.499963965746207
 -0.2514383348560359   -1.015915370178585  -0.6327736296880653   -20.26025068830905    10.42666390534188

cov:
16.03870162275369 13.15622709922702 11.26187577901985 8.522553818051755 7.190989169896911
13.15622709922702 15.36260489898948 16.79343721547735 16.79570456675622 18.71873885169964
11.26187577901985 16.79343721547735 22.20342274549789  22.2931176379608 26.27040242707107
8.522553818051755 16.79570456675622  22.2931176379608 29.52978908511778 31.51343584171348
7.190989169896911 18.71873885169964 26.27040242707107 31.51343584171348 43.47579892255285

cov.inverse():
    1.547562913234022    -2.510539548109791    0.3393426881845699    0.2806349932858591    0.4164888200499955
   -2.510539548109792     4.469493697991678   -0.8774666064785197   -0.4877924280920692   -0.6253273556660286
     0.33934268818457   -0.8774666064785202    0.5544312745076159  -0.01402460806165224 -0.003181320513965517
   0.2806349932858581   -0.4877924280920675  -0.01402460806165267    0.2528623879388384  -0.01120887196162609
   0.4164888200499963   -0.6253273556660299 -0.003181320513965242  -0.01120887196162578    0.2333982988747768

cov*(cov_.inverse()):
     1.000000000000004  7.993605777301127e-15 -4.336808689942018e-16  7.077671781985373e-16 -8.881784197001252e-16
 3.552713678800501e-15      1.000000000000002  1.491862189340054e-15  -3.33066907387547e-16                      0
  1.77635683940025e-15  3.552713678800501e-15      1.000000000000001  1.054711873393899e-15  8.881784197001252e-16
-5.329070518200751e-15  3.552713678800501e-15 -7.494005416219807e-16     0.9999999999999999                      0
 7.105427357601002e-15  -1.06581410364015e-14  8.604228440844963e-16 -1.665334536937735e-16      1.000000000000005
