5
2

0.1347816402072105
0.1609787640603808
 2.515810844260795
  4.60980831565219
 20.23916896211818

   -0.5526056774475216     0.7650731758566673     0.1012671091791695    -0.3146977033412501 -0.0005735395322988908
  0.002472881309773934     0.3128158216039962    -0.8103962325645314     0.4953767024182837  0.0001247342987299229
    0.6532149520384226     0.2663295063046371    -0.2500656657637646    -0.5806079689669705     0.3205313864243945
   -0.4610721800604063    -0.3689013991740782    -0.2462791590613799    -0.1678296178707797     0.7500026650880109
    0.2352520378627556     0.3313452113698719      0.458057482704794       0.53879020402224     0.5785804076975782

90.67778701323915
131.7217228399584
185.8527736612984
220.3457486256577
263.2909211582672

  3.991960477239497
0.08811053082864981

  -0.03834309410889485     0.0054291033296981    0.01367976967282548    0.01917462069781966 -2.857643025176802e-05
     1.854481959533305     -0.101559574191299    -0.3051123540767653    -0.4465822966752862  0.0006610445601918941

 0.0003759180116004827  4.175937611442481e-07    -0.2415470712220741     0.1926892266154732      3.833794047025731
  -0.01803634046364264 -2.974968250421926e-05      9.621341672054793     -14.17389192051402      9.269251739688809

cov:
29.89378562647215 36.63796284039314  45.5187391168113 51.16756033903164 49.73155704911929
36.63796284039314 48.32650681522802  63.6746973593184  73.4649297971781  73.1897744923896
 45.5187391168113  63.6746973593184 87.64783016884809 102.8802261265136 104.1273341246137
51.16756033903164  73.4649297971781 102.8802261265136 121.6520958072332 123.8407587318806
49.73155704911929  73.1897744923896 104.1273341246137 123.8407587318806 149.7274590235585

cov.inverse():
    16.8878479613462    -23.2077081314452   -3.178041694621344    9.564287441770135   0.0345985045902304
  -23.20770813144453    36.01535592442499   -5.523445667557452   -7.294912832290839  -0.0217134845941869
  -3.178041694623034   -5.523445667554966    25.92073932819627   -17.22038312390728 -0.02780697958124603
   9.564287441771166   -7.294912832292684   -17.22038312390648    14.97656756066388 -0.02224564581683242
 0.03459850459021804 -0.02171348459417018 -0.02780697958124297 -0.02224564581683992  0.04353878633119312

cov*(cov_.inverse()):
    0.9999999999999165  9.348077867343818e-14  3.086420008457935e-14   3.25961480029946e-13  8.881784197001252e-16
-7.327471962526033e-14      1.000000000000266 -2.571276525031863e-13  1.412203687323199e-13  4.440892098500626e-16
-1.838529328779259e-13  2.531308496145357e-14      1.000000000000339   5.81756864903582e-14   1.77635683940025e-15
-1.394440118929197e-13  1.874056465567264e-13 -3.552713678800501e-14      1.000000000000098                      0
-8.348877145181177e-14  3.801403636316536e-13 -3.748112931134528e-13  1.239008895481675e-13      1.000000000000001
