5
2

0.1073945338726415
0.8714308197675524
  3.03150136227232
  5.12897878400732
 8.517825510811221

   -0.4153294001764655      0.816630809236229    -0.4007670280224257 -0.0008658738879143539 -0.0008063917918728424
   -0.6253476215446631    0.05120994982954242     0.7530008482201673    -0.1286217992668425    -0.1508775947579941
    0.5701550447272156     0.4276455737609804     0.2823949672343211    -0.5387695425197422    -0.3493178362874461
  -0.07400169185949763    -0.0417478892357552  -0.008603491759881907    -0.6210837434993828     0.7790775486667683
     0.325405617885631     0.3819267461590492     0.4388104080808078     0.5544709610336963     0.4982474521230953

104.7614876455622
130.7175079823938
156.7839289420747
187.6339534339389
218.2248223990331

 2.957852462681982
-0.417664401082993

 -0.06714793585325858   0.02009248469819131   0.04684647925560203 7.904710345136689e-05 7.248878752043114e-05
     3.37817478811137     -0.69081224345831    -1.680246953118968 -0.002745880216322633  -0.00274140134938531

0.0002943602117326376   0.05944067824398346    -0.151919641528817   0.09824339654279542    0.4687099665112777
 -0.01492217309653629    -2.591325831692622     10.64757440999166    -5.448719217241798     6.909917607987389

cov:
11.11306174738627 11.31079704780601 11.50074507541725 11.53780987587586 8.487935718015111
11.31079704780601 12.31942135443323 13.30425213223526 13.92411584349598 11.57214110338768
11.50074507541725 13.30425213223526 15.13773645207793 16.32158707759735 14.69363576625025
11.53780987587586 13.92411584349598 16.32158707759735 35.13340093602257 9.059219870468633
8.487935718015111 11.57214110338768 14.69363576625025 9.059219870468633 35.11708007850902

cov.inverse():
   15.50819560646024   -29.42103620645741    13.83122086393574   0.1079068929119012   0.1316550556870501
  -29.42103620645748    57.84663886128423   -28.30990120856993 -0.09114807812774992 -0.08213939648315342
   13.83122086393584   -28.30990120857006    14.68378083878463  -0.1104510776704183  -0.1295628479089531
  0.1079068929118928 -0.09114807812773322  -0.1104510776704266  0.07233693232426684   0.0315084106923034
  0.1316550556870426 -0.08213939648313816  -0.1295628479089608   0.0315084106923034  0.06980525450658391

cov*(cov_.inverse()):
    0.9999999999999809 -7.505107646466058e-14 -1.554312234475219e-14  5.551115123125783e-17                      0
 2.708944180085382e-14     0.9999999999998125  1.643130076445232e-14                      0 -2.220446049250313e-16
  4.04121180963557e-14 -1.321165399303936e-13     0.9999999999999918  5.551115123125783e-17  2.220446049250313e-16
-5.329070518200751e-15  -2.40918396343659e-14  1.398881011027697e-14                      1 -2.220446049250313e-16
-8.881784197001252e-16 -1.691979889528739e-13  1.865174681370263e-14                      0     0.9999999999999996
