6
2

0.03857085359639075
 0.8288092576989923
  1.381270420773774
   2.32110249009496
  4.554894973825359
  5.762296636321789

   -0.5148155445930267     0.8065788900076976    -0.2905083850686513   -0.00026935689844796 -0.0003549463238973738 -0.0003590321825832879
   -0.4185021835801742    0.02885174843358374     0.8224340123454191   -0.07527971702056227    -0.3342856361672297    -0.1738156262996552
   -0.1004057756103794    0.03904456697439814     0.2855073008041304    -0.1983090185612741     0.9263993966344679   -0.09663060733513627
    0.2517193597949838     0.1780783578914474    0.04894513346641199    -0.8801963376694409    -0.1498750456733018     0.3245330708922786
   -0.6874732108544244    -0.5615628535970596     -0.340683177499022    -0.2987618695401211  -0.001261795243072173    0.08186862383270496
    0.1172923947662472   0.002975316230203341    -0.1980709499368444    -0.3016656713509577   -0.08702312300682798    -0.9211006129652498

51.22594711511984
79.51349814808142
129.1497598990188
154.6860180672618
187.5969172114637
222.2967761043112

2.200883132507559
1.282338650549914

   -0.0447110234596644    0.02589920932629774    0.01871109885429425  1.633668341281987e-05  2.300095053812447e-05    2.8478931404681e-05
     1.848524516178149    -0.3272530790291811    -0.5181584220092121  -0.000341601984765405 -0.0009465530927402176 -0.0008802467970942529

5.723510595901726e-05   0.02392811386347625   0.02071595060661708  -0.03089907182746413    0.2036628085070505   -0.2957317037286966
-0.001584522736002495   -0.8302924073973849   -0.6621243706615485     2.057106132467095     -18.8897671585795     10.60778600115144

cov:
    10.7435789431637    8.246296677727919    3.863251395378641    1.952353446388202  -0.6055388300388778    -4.24640752407729
   8.246296677727919    6.718237431588594    4.033835371052727    2.590281828811531 -0.07530142482184855  -0.7441180213044224
   3.863251395378641    4.033835371052727     4.34386257319434    3.713030822463695   0.8575030391829128    5.413939112574806
   1.952353446388202    2.590281828811531    3.713030822463695    9.126376363130554    1.256987085579178    7.225360510801469
 -0.6055388300388778 -0.07530142482184855   0.8575030391829128    1.256987085579178    2.086664001603933     2.26647092654109
   -4.24640752407729  -0.7441180213044224    5.413939112574806    7.225360510801469     2.26647092654109    28.91624867608816

cov.inverse():
   178.4447878385852    -279.105653863836    100.0258977503726   0.1172183619388335   0.2704668451215111   0.2444187223444388
  -279.1056538638361    437.3187926157775   -157.4511371133135   -0.174289316896691  -0.1924477338134362  -0.1955026782438594
   100.0258977503728   -157.4511371133136    57.76279921070901 -0.06849909333402181  -0.1931103464362303  -0.1453567545034531
   0.117218361938827  -0.1742893168966806 -0.06849909333402576   0.1797577444733728 -0.03429709383948534 -0.01667457334204405
  0.2704668451214803  -0.1924477338133879  -0.1931103464362477 -0.03429709383948539   0.6169795914583225  0.03113262885858553
  0.2444187223444075  -0.1955026782438104  -0.1453567545034708 -0.01667457334204411  0.03113262885858552  0.09438622866110788

cov*(cov_.inverse()):
    0.9999999999998468   1.13686837721616e-13  2.098321516541546e-14 -1.804112415015879e-16 -4.996003610813204e-16  1.110223024625157e-16
-6.189493362285248e-14     0.9999999999996887  3.393119119010635e-14  1.023486850826316e-16 -2.498001805406602e-16  1.249000902703301e-16
 9.592326932761353e-14 -2.964295475749168e-13     0.9999999999999821   9.71445146547012e-17 -1.942890293094024e-16                      0
 1.310063169057685e-14 -6.816769371198461e-14 -4.574118861455645e-14     0.9999999999999999 -1.942890293094024e-16  1.110223024625157e-16
 1.076916333886402e-14  1.831867990631508e-15  -1.13242748511766e-14  4.163336342344337e-17     0.9999999999999998 -2.775557561562891e-17
-3.019806626980426e-14  4.263256414560601e-14  -8.79296635503124e-14                      0                      0     0.9999999999999996
