5
2

0.04177954669703141
  0.415214977095031
  1.372212255763774
  4.442192012673226
  52.63555843897041

    -0.438386766986324     0.8157464300663568    -0.3773258580083073 -1.659883300970412e-05 -3.111344475291213e-05
   -0.5108046289323536     0.0969847049099886     0.8031656051702409    -0.1535543319886455    -0.2470195860126172
    0.1409875927623689     0.1111704524319177     0.0765319733446954    -0.8325272801516611      0.518463898504419
    -0.702403942547371     -0.484285718648383    -0.2309553871393974    0.08191924236251874     0.4604833233562008
    0.1834308419365225     0.2797502494490741     0.3916026988633677     0.5259359584455402     0.6768542073567522

12.06108806504938
 18.9817584309221
 27.0185512185194
36.60098689404361
47.43636869806161

 0.5373994188332087
-0.1277381751695462

  -0.03564831917680929 -0.0001935704723313716    0.03565877021126002  6.867192597462355e-05   0.000121746038109014
     1.631104603617299     0.3314543288688548    -0.9565786278143686   -0.00217256294740408  -0.004101412949079133

 3.517010061626107e-06    0.00806672978678487  -0.004354368067338618     0.3346603512692272      20.74950697785873
-0.0001461532237185735    -0.2703241867032365     0.3639527012077969     -21.45680329416996      37.12988562761252

cov:
103.0372096829523 148.9006542845584   202.16178858886 265.9353550247783 337.7510977189554
148.9006542845584 221.4741511338217 305.7471595845968 406.6662462322996 520.2987422247683
  202.16178858886 305.7471595845968 426.0389513717732 570.0923101603779 732.2854165850199
265.9353550247783 406.6662462322996 570.0923101603779 767.7863488558121 986.1869180563841
337.7510977189554 520.2987422247683 732.2854165850199 986.1869180563841 1273.955536497961

cov.inverse():
    111.6490322863621     -205.134979224264     92.39901509422641    0.3939095086065625    0.7621685139600178
   -205.1349792242515     381.2993900662491    -175.8753043255014   -0.1452482212208375   -0.1341226231556552
    92.39901509420935    -175.8753043254806     85.31287506784891   -0.7464881023114721    -1.128270621882213
   0.3939095086050536   -0.1452482212179071   -0.7464881023129374    0.5052963571764321 -0.007178593029488389
   0.7621685139658516   -0.1341226231665687    -1.128270621877088  -0.00717859302953375    0.5075971007386693

cov*(cov_.inverse()):
    0.9999999999993747  9.670486633694964e-12 -7.389644451905042e-13  1.554312234475219e-14 -2.842170943040401e-14
 7.389644451905042e-13      1.000000000015618 -1.364242052659392e-12  1.243449787580175e-14                      0
 7.503331289626658e-12  6.650680006714538e-12     0.9999999999988631  5.240252676230739e-14  -1.13686837721616e-13
 2.046363078989089e-12  7.759126674500294e-12  2.273736754432321e-13     0.9999999999999671  -1.13686837721616e-13
 6.139089236967266e-12   -1.4210854715202e-12  1.591615728102624e-12  -1.06581410364015e-14                      1
