4
2

0.03423134735703251
  0.635313137492855
  5.085933344536222
  16.26895904795293

   -0.4379686275452734     0.8158701496847492    -0.3775437906573093 -0.0002574404871456076
    0.5637334376382206   -0.05451638728467259    -0.7719638463475341     0.2886250071257562
   -0.6534808357340306    -0.4610871415920691    -0.2387138395845338     0.5507968300359196
     0.251696026792354     0.3446483863726448     0.4522700618648551     0.7831464684262037

 37.2585698437446
58.02429749298857
 82.0795559467776
156.8253704771633

 1.607698917359046
0.8509919473870823

 -0.03593319558767504 0.0002014652526424123   0.03567035507921647 6.704807623566372e-05
    1.566593135001776    0.4522627912129707    -1.015872474447858 -0.003224983374270893

2.853113446749939e-06  -0.01928695313515529    0.3856904604059057     1.908424271731187
7.781384650123217e-05     0.662656265023449     -25.6480055849192     23.34536992574224

cov:
27.94219711190017 30.74113294655888 33.98924645369701 42.92749919782256
30.74113294655888 36.94051820333705 44.12033806004098 64.86395979853931
33.98924645369701 44.12033806004098 55.85431516433898 90.25668539168731
42.92749919782256 64.86395979853931 90.25668539168731 170.2135105772713

cov.inverse():
  164.5000872370395  -305.0053337213253    140.039751529685  0.4861690796744441
 -305.0053337213274     568.07588917215  -262.7605034456802 -0.2270285486665295
  140.0397515296877  -262.7605034456835   123.1222994140488 -0.4728192959017153
 0.4861690796738325 -0.2270285486653904  -0.472819295902243  0.2204939560093148

cov*(cov_.inverse()):
    0.9999999999983196  8.686384944667225e-13  8.277822871605167e-13  7.105427357601002e-15
-1.467270749344607e-12     0.9999999999989644 -8.064660050877137e-13                      0
-1.200817223434569e-12  5.186961971048731e-13      1.000000000000107                      0
-2.984279490192421e-13 -1.676880856393836e-12 -4.405364961712621e-13                      1
