5
2

0.1324107373858882
0.5901809546214305
 0.832062143872607
 1.527605107826152
 4.598390249372076

    0.3382460682244197      -0.80687967954984     0.4842367131356238 -0.0005519154401414799  -0.007020049944529508
   -0.6174775719015779     0.1010701893130803     0.5923746751394594   -0.08223126564985911    -0.5008358296226336
    0.4659220051491198    0.06054897484214689     -0.236824888823053    0.04262446043021071    -0.8493218672390171
   -0.5345570355433666    -0.5657249035098038    -0.5714163637903595     0.2018764527151982    -0.1641138212693921
    0.0384253353682695     0.1225526611549256     0.1788976275180283     0.9750214190217213    0.02886538000740552

113.2553819322018
157.9795393680756
187.1492049211752
222.2958306636445
259.1366854723079

 3.515393814743324
-9.165176329573967

 -0.05278082041415736   0.01552807684259509   0.03673482857583676 0.0001018798882535393    0.0004549377811891
    2.798262103007639   -0.4489972001300731    -1.328772997656578 -0.003598271421991428  -0.01112135157743711

-0.0002208598162669842    0.01939582444806648   -0.02266216380786266     -0.003769281613516     0.1386940080897648
   0.01166667223611328    -0.8897704464182361      1.108114552190297      -1.12347842230789     -3.997401288717831

cov:
 0.9831467327017944  0.7982862283830815  0.6572318226066683  0.5718210493519224 0.06188377638392131
 0.7982862283830815   1.081942882324941   1.222033938337453   2.259060117312815   0.238323199212507
 0.6572318226066683   1.222033938337453   1.603857238223663   3.395183880290065  0.3638863118649887
 0.5718210493519224   2.259060117312815   3.395183880290065    20.2007481664395  0.5070864936775167
0.06188377638392131   0.238323199212507  0.3638863118649887  0.5070864936775167  0.6672488051256266

cov.inverse():
   8.056299216841643   -15.57525973910719    8.263792398438179   0.1193417880155272   0.2185001494693546
  -15.57525973910717    37.30643094266754   -21.99464033166887 -0.03802271417656961   0.1434206738537464
   8.263792398438165   -21.99464033166886     14.6041304420611  -0.2108580378446759  -0.7146982194879952
  0.1193417880155285 -0.03802271417657279   -0.210858037844674  0.08447833739360298  0.05330381097281266
  0.2185001494693548   0.1434206738537461  -0.7146982194879948   0.0533038109728126    1.776454538785251

cov*(cov_.inverse()):
    0.9999999999999992  8.916478666520788e-16  1.283695372222837e-15  9.974659986866641e-18 -2.775557561562891e-17
-1.637578961322106e-15      1.000000000000004  7.494005416219807e-16  8.500145032286355e-17 -1.110223024625157e-16
 1.235123114895487e-15  3.635980405647388e-15      1.000000000000005 -6.938893903907228e-17  -3.33066907387547e-16
-1.790234627208065e-15  1.493249968120836e-14 -4.385380947269368e-15                      1 -1.110223024625157e-16
 1.942890293094024e-16  8.326672684688674e-16  -3.33066907387547e-16 -5.551115123125783e-17                      1
