5
2

0.04270385857026464
  1.452051615650051
  2.055141518674164
  4.409111592133426
  9.222790549801315

   -0.5066554394014295     0.8079033401436535    -0.3009857633853746 -2.740186607302619e-06 -0.0001701219773655139
   -0.4529253559887846    0.02338573408185386     0.8253187817576318    -0.2514951754712101    -0.2234072839830639
   -0.1132411108033317   -0.05287679286015788    0.04898409620329227     0.8344973132578387     -0.534411160143056
   -0.6953447507749294    -0.5102472953489304    -0.1993609609412507     0.1638314260290243     0.4353824138119609
     0.204526321096224     0.2891315319921128     0.4314072835374357     0.4620862200043858     0.6891560216523155

61.68221001446206
96.41441304497465
154.6607567180884
185.9564778595814
222.5395950465574

 2.698858655112501
0.4532202444521797

  -0.05444954666030347    0.04051057466407083    0.01391988463568501  8.773244529041661e-06  7.016208615407381e-06
     2.119355585253975      -0.73311915511958    -0.3859564638584911 -1.722792940404838e-05 -0.0002311281936753853

  0.00010235265111546   0.07820997282579129   0.01989015718554974    0.2803326223094649    0.5605911203562572
-0.002826437054878801    -2.731577002505835   -0.9293192390433147    -19.88291044346745     4.663361423248719

cov:
13.44475365761407 11.92958975906366   9.3887765670133 5.665326150759412 6.572820840608389
11.92958975906366 12.18622338231613  12.6166515695595 9.540442828392541  12.7383783476881
  9.3887765670133  12.6166515695595 18.04980695219507  16.0565200424917 23.10218072244515
5.665326150759412 9.540442828392541  16.0565200424917 21.75870497849754 26.70881855468478
6.572820840608389  12.7383783476881 23.10218072244515 26.70881855468478  45.3945257625941

cov.inverse():
   140.8895589134441   -224.4441009780359    83.45231125438258  0.02766299940607084  0.09566846894561486
  -224.4441009780359    357.9341463540172   -133.3280364615838 -0.01718013032245305 -0.08024008633646938
   83.45231125438266   -133.3280364615839    50.00512204436115 -0.08764953215627899 -0.06653817443811061
 0.02766299940603673 -0.01718013032239873 -0.08764953215629913   0.1987685655897839 -0.07152746074452634
 0.09566846894561076  -0.0802400863364628 -0.06653817443811315 -0.07152746074452629   0.1066407830486241

cov*(cov_.inverse()):
    0.9999999999998724 -3.815836535636663e-13 -1.105227021014343e-13  1.110223024625157e-16                      0
-1.019184736605894e-13      1.000000000000041 -6.195044477408373e-14                      0  2.220446049250313e-16
-2.335909243811329e-13   2.05391259555654e-13     0.9999999999998039                      0  4.440892098500626e-16
 1.154631945610163e-14  1.150191053511662e-13 -1.809663530139005e-13     0.9999999999999998                      0
 1.199040866595169e-13  7.980283101005625e-13 -1.554312234475219e-14  4.440892098500626e-16                      1
