5
2

0.06208497172068341
 0.8979074776400211
  3.859717269374069
  5.183477686386565
  7.979822462214345

   -0.3325952794359276     0.8126436027101388    -0.4785287644783343 -0.0006343811669791873 -0.0007577589304848041
   -0.6157866249690623     0.1769933677229017     0.7290633380085783     -0.164538374223576    -0.1757098542227191
    0.6300114100533047     0.4092680539445406      0.258198740120282    -0.5796142320881482    -0.1815655137526392
    -0.170584482183133   -0.09405936024522785   -0.04177550197377006    -0.5288711835452186     0.8249871816209562
    0.2901271622015207     0.3632302568992546     0.4136001556742533      0.597720113552106     0.5055250610081409

66.68875577069578
104.7564418935931
130.7211225324016
187.6334979132033
218.2238212567298

  2.957671441657503
-0.4179703986540647

  -0.07190277976743668    0.06290832549737922   0.008919294430157907  4.325838893579244e-05  2.007803999868035e-05
     2.611387247100793     -1.372552796124667     -0.236961549506759  -0.001064731665853913 -0.0005560043533128778

0.0002727798597363901   0.04990871139920579   -0.2574120549558691    0.1603900729402154    0.3638718084323436
-0.007210067813973114    -1.631403863421896      15.2400082607687    -8.231337812900435      10.1983982947817

cov:
12.36097278975561 10.89392572303236   9.8945556975742  8.10832599096212 3.941317891119652
10.89392572303236 11.16221159186272 11.34877496702684 11.60420581841022 8.475583363636501
  9.8945556975742 11.34877496702684 12.36248413423866 14.00961578968818 11.58636745293254
 8.10832599096212 11.60420581841022 14.00961578968818 35.29192592778168  9.10903362902871
3.941317891119652 8.475583363636501 11.58636745293254  9.10903362902871 35.07592279170925

cov.inverse():
   29.19787152115498    -70.2358365423266    40.74682267159084   0.1619785274489204   0.1889748273597765
  -70.23583654232657    171.3800745922973     -100.71734666367  -0.1805285076259161  -0.2033224436302897
   40.74682267159081     -100.71734666367    60.07425490881228 -0.07537328412649941 -0.06596340909248943
  0.1619785274489208  -0.1805285076259172 -0.07537328412649871  0.07225549988081678  0.03155441816839591
  0.1889748273597852  -0.2033224436303113 -0.06596340909247667  0.03155441816839592  0.06999994004936519

cov*(cov_.inverse()):
     1.000000000000012  -7.51620987671231e-14 -4.229949723821846e-14  -9.71445146547012e-17  5.551115123125783e-17
-1.103561686477406e-13     0.9999999999999833 -2.834399381868025e-13 -3.885780586188048e-16                      0
-1.003641614261142e-13 -1.292299600663682e-13     0.9999999999999796 -5.551115123125783e-17  1.110223024625157e-16
-9.614531393253856e-14 -3.241851231905457e-14 -2.290390099801698e-13     0.9999999999999993  -3.33066907387547e-16
-1.536548666081217e-13 -3.463895836830488e-14 -1.243449787580175e-14                      0     0.9999999999999998
