4
2

0.03370704431656164
 0.9779118845801417
  4.132073276847537
  10.68804207556626

   -0.4375643258182719     0.8157806730428677    -0.3782054388969501 -1.580163909552469e-05
    0.4842260512656003   -0.09356299870488638    -0.7620555709609285     0.4195740736943676
   -0.7090888475452604    -0.4230851843834413   -0.09222904506821618     0.5564941475774647
    0.2669374427349225     0.3830754305855496     0.5174222221764189     0.7171275061980628

41.28707612599439
 63.8015965358753
89.84701238284705
131.5527090623362

1.739127902367522
1.959016697133125

 -0.03527683552362694 -0.001124077652485218    0.0363192894944241 5.161395293795494e-05
    1.573610457246301    0.4362917285549343    -1.005919355730559 -0.004121724880990101

8.893106317255053e-07  -0.04268253371402229    0.3785145152478476     1.026064136846958
5.431640249185342e-05     1.421078635467609    -20.65849885025243     7.282131717410521

cov:
16.94921942313097 16.75983323547185  16.5418807265283 15.32446936773931
16.75983323547185 19.82890533416378 23.37664420123289 27.32421103512792
 16.5418807265283 23.37664420123289 31.28420436631455 41.20540335370484
15.32446936773931 27.32421103512792 41.20540335370484 64.20339166954264

cov.inverse():
   168.7917745239385   -314.2056104675432    145.2751589829481   0.1971002952157933
  -314.2056104675435     585.761727856401   -271.4776940678823 -0.06378058480260584
   145.2751589829485   -271.4776940678829    126.5067570504735  -0.3288435450497548
  0.1971002952156276 -0.06378058480229713  -0.3288435450498979   0.2067247117572002

cov*(cov_.inverse()):
    0.9999999999999738  4.234390615920347e-13  4.236611061969597e-13                      0
 6.767919558114954e-13      1.000000000000485  7.567280135845067e-13                      0
 4.671818487622659e-13 -7.083222897108499e-13      1.000000000000371   1.77635683940025e-15
 5.897504706808832e-13  4.192202140984591e-13 -7.247535904753022e-13                      1
