5
2

0.04053910558258907
 0.1262855250649345
  1.973945137921443
   3.52340597518078
  7.549556746419685

    0.507400980497701   -0.8302187093157757    0.1359247117522025    0.1865624327939772 0.0002666403822338553
  -0.1453817889535945   -0.0858797426088812    0.8028787316688387   -0.5717293922456101 0.0002225452464390433
   0.4189836440885512   0.06554504487582344   -0.3434451070635007   -0.5984576342780497    0.5865581569520332
  -0.7180180365334057   -0.4589475775879923    -0.160327667686009   0.02656513058190282    0.4973997919685517
   0.1741010787721209    0.2973760794512913    0.4396029030584566    0.5286423313772219    0.6391735717621593

71.09007681428113
110.2435667243315
155.3236706170208
183.5450083292367
220.0967733665985

 3.202710010842047
-1.700192507455924

  -0.05784392236733233      0.042524808176946   0.006406311656132643   0.008911026646568313  4.503604397758723e-06
     2.205059238191761    -0.7885262021987751    -0.1686050678217362    -0.2477175165630168 -0.0003292057870150425

-0.0001020920105003177  7.664991651207965e-05       -0.1129147709258     0.2635348429941333     0.5759442912035205
  0.002800987540096147  -0.003932771439231974      4.201013282825778     -14.91082972473524      -3.18431589116933

cov:
 8.81262093714872 7.148331349208647 5.228874681711684 4.033406911403097  2.86642610208769
7.148331349208647 7.673152359860811 8.275389756581822 8.656389113340184 8.149314415902262
5.228874681711684 8.275389756581822 11.80350749699902 13.98612423802024 14.23987705442074
4.033406911403097 8.656389113340184 13.98612423802024 17.33775701393484 18.05481355811791
 2.86642610208769 8.149314415902262 14.23987705442074 18.05481355811791 27.69720978585323

cov.inverse():
   158.0710228884338   -255.5102940139697    34.62103664967921    62.74821627696981   0.1165519949534119
  -255.5102940139655     419.890078200126   -72.98717375490003   -91.17672820308559  -0.1410857599655159
   34.62103664966835   -72.98717375488339    51.69753072664278   -13.29603757735759 -0.01993767333207883
   62.74821627697644   -91.17672820309801   -13.29603757735183    41.77184024137575 -0.06080564048001463
  0.1165519949534465  -0.1410857599655765  -0.0199376733320589 -0.06080564048000847   0.1154415582237599

cov*(cov_.inverse()):
     1.000000000000051 -5.200284647344233e-13  5.058453655948369e-14 -3.502753642692369e-14 -1.110223024625157e-16
  5.88418203051333e-14     0.9999999999994931 -5.637157407534232e-14  5.695444116327053e-14  1.110223024625157e-16
-1.960653861488026e-13 -1.394440118929197e-13     0.9999999999999764  1.572075802869222e-13 -2.220446049250313e-16
 -6.31494856406789e-13  4.649614027130156e-13  3.191891195797325e-14      1.000000000000157                      0
-8.526512829121202e-14 -9.059419880941277e-14 -2.664535259100376e-15  6.283862319378386e-14                      1
