5
2

0.2501674197507103
 2.192974653026342
 2.452119795795493
 4.950923885788999
 10.20631995799294

  0.6334403473784955  -0.7703418706531105  0.02400916002496378  0.04750468110045544  0.04993590031347774
 0.01758276035498311  0.01623621783018635  -0.3234362197133308   0.7699563156105309  -0.5495302681362296
  0.3486505251863504   0.2861847829571871  -0.7879227799885932 -0.04774564061532466   0.4164602356387815
 -0.6801624134945418  -0.5369412741138996  -0.3167039598078542   0.1480244471196784   0.3561748507673728
   0.119440677358562   0.1900055938806202   0.4167599628437431   0.6170248732280947   0.6286678280893152

46.44447222103615
73.32736485697002
133.4702038068691
184.3479294894966
219.3007850924712

  2.087645555413914
-0.9154333915762235

 -0.07721392245155771   0.07690835301598624 7.529103976752901e-05 8.102508352242225e-05 9.842536751293943e-05
    2.751015827404705    -1.742644569478549 -0.002202618927536182 -0.002099443586317735 -0.002683056971375697

 -0.006768153801074903 -0.0006010793015437608   -0.02966084914079672     0.2756566169394111     0.5764485357364373
    0.1930551793431663    0.09929351421284513      2.772803432045389     -22.94311263363893    -0.6697175388086987

cov:
13.58319136277371 11.88667508109003 8.787192721141203 5.176077191254626 2.712359520165332
11.88667508109003 11.35844729685054 11.03477179588348 10.24005249603294 8.426623717521654
8.787192721141203 11.03477179588348 24.78760423484885 24.66672476667136 23.40946018407933
5.176077191254626 10.24005249603294 24.66672476667136 43.06112060000692 39.54561598493399
2.712359520165332 8.426623717521654 23.40946018407933 39.54561598493399 46.77486397297388

cov.inverse():
     6.450647646617291     -7.765232827533256      0.205404971304863     0.4774644991904707      0.518401771221548
    -7.765232827533257      9.507905763287976     -0.326423779565176    -0.5865241840236789    -0.6033491924420015
    0.2054049713048628    -0.3264237795651759     0.1399711530726158   -0.02674611648145158 -0.0005438658225715696
    0.4774644991904718    -0.5865241840236801   -0.02674611648145153     0.1642588132155175   -0.04750929007342129
    0.5184017712215472    -0.6033491924420005 -0.0005438658225715855   -0.04750929007342142       0.14045193986264

cov*(cov_.inverse()):
     1.000000000000002 -1.154631945610163e-14  7.032135290740982e-16  5.828670879282072e-16  5.551115123125783e-16
-8.881784197001252e-16     0.9999999999999858  5.082739784612045e-16  5.551115123125783e-17  6.661338147750939e-16
-7.105427357601002e-15 -3.552713678800501e-15      1.000000000000001                      0  4.440892098500626e-16
 3.552713678800501e-15  -1.06581410364015e-14   9.71445146547012e-16                      1                      0
-7.105427357601002e-15  7.105427357601002e-15  2.844946500601964e-16  8.881784197001252e-16                      1
