5
2

0.1189735319184521
 1.729643415792227
  2.11989150491332
 4.416624887312129
 10.68419240971483

   -0.3881857990269058     0.8160670705503976    -0.4281894173942269 -0.0003708571967186183  8.422391268739178e-05
   -0.5782506676858968     0.1161021731909013     0.7456415433101015    -0.2128889527523102    -0.2254848850528995
   -0.1031314884462193   -0.03713580590328456     0.0218774491940305     0.8613616343397041    -0.4955424705463471
   -0.6831137826574887    -0.4654473739904528    -0.2678391422629913     0.1719553677765951     0.4641205095160211
    0.1940551642933081     0.3202100805860858     0.4341152874644136     0.4279785539503281     0.6987033505361381

73.36761978324779
131.5606141799995
184.1397734455412
220.9267039687371
263.5979377727827

 3.213026541294912
0.4725737951531981

  -0.03469470016338746    0.01195349223001219    0.02271007923512839  1.616707121227792e-05  8.380498934134999e-06
     1.781809980502452    -0.2581137818258599    -0.5228833041822576 -0.0005045180953279563 -0.0001315215046122156

0.0001910689397622591    0.1148150895281686   0.01636164866066744    0.2352634948129489    0.7952408441922707
-0.009602807193375997    -4.338056311237301   -0.8358018481965348    -18.67051878575721     4.088848165733288

cov:
14.45156793417519  13.1072853272415  11.8877420975785  7.15821800795602 9.912759315683395
 13.1072853272415 15.98639424844123 18.55022804120257 13.86480361713828 21.32992994006741
 11.8877420975785 18.55022804120257 24.58004824400745 19.91991804901456 31.64775716864301
 7.15821800795602 13.86480361713828 19.91991804901456 24.95534018062632 33.91706012518721
9.912759315683395 21.32992994006741 31.64775716864301 33.91706012518721 61.18495327547677

cov.inverse():
    10.78419424308475    -22.38498718872752     11.60837915026387   0.02625760989107515   0.03758017247681488
   -22.38498718872754     47.06588207768527    -24.65022316792798  -0.03966348782976654 -0.008914465008961489
    11.60837915026389    -24.65022316792801     13.14430180696861  -0.03838185416866235  -0.06487554951139801
  0.02625760989107236  -0.03966348782976057  -0.03838185416866557    0.1833781897439241  -0.07222716044827822
  0.03758017247681014 -0.008914465008951551  -0.06487554951140319  -0.07222716044827825   0.08695798566764752

cov*(cov_.inverse()):
     1.000000000000015 -4.694855615383631e-14 -9.547918011776346e-15                      0 -1.110223024625157e-16
 2.819966482547898e-14     0.9999999999999643  2.131628207280301e-14  2.220446049250313e-16 -2.220446049250313e-16
  3.33066907387547e-15  4.130029651605582e-14      1.000000000000062  4.440892098500626e-16                      0
 2.797762022055394e-14 -6.927791673660977e-14 -8.881784197001252e-16                      1 -4.440892098500626e-16
  5.46229728115577e-14 -7.505107646466058e-14  6.039613253960852e-14                      0     0.9999999999999991
