6
2

0.03171742660810578
 0.6027544669646133
  2.213036917078197
  3.076174754833314
   4.71177159435847
  11.07052796099303

    0.4381856991081556    -0.8157452864072949     0.3775617527439911 -4.863992971006851e-05  0.0001963887027429698 -5.226755607780133e-05
   -0.5237468536892406    0.09418110031646476      0.811368969620196    -0.1045114446148857    -0.1484616309575503    -0.1598000338210132
   -0.2097934155812598    -0.1457567597416987   -0.07160941106849145     0.7030904457356589     0.3579082423960008     -0.554237581868111
     0.038496973215568    0.04508813377117717    0.05221958382005661    -0.5525919773954716     0.8008069439691334     -0.217044933875251
   -0.6790584741134665    -0.4918515904719374    -0.2746098122234724   -0.06366892464913412     0.1536528245171015      0.440327299025901
    0.1645199711718844     0.2459544433026556     0.3403853350910114     0.4304991930841275     0.4300695799503158     0.6529073561505775

46.06684289230298
 72.3879749691541
102.9237831920683
 133.484243214101
155.7600680367551
184.9495605423205

  2.043825430561005
-0.2978345674587188

  -0.03606051119374364  0.0002003268713387384    0.03580168321290854  1.875223466438029e-05  2.357111774570512e-05  1.873619052953496e-05
     1.634563682787723     0.3380018752353699    -0.9708249590994769 -0.0007110907866273303 -0.0007240079366112283 -0.0004763937262939697

-2.461938740271639e-06    0.01741917290299599    0.02440713615938184   0.004682292675585657     0.3234177791483264     0.7762008831702374
 7.441601420095252e-05    -0.5855527533477014     -1.582694438489613     0.2591506257302864      -22.4203298816442      2.533038223665296

cov:
13.88388975656724 12.52206157993105 10.94148475750236 8.736185663937862 6.307318583236146 7.047163713747291
12.52206157993105 12.91183633723765 13.35980181588193 12.93066879940175 11.36702317176833 15.17022422616008
10.94148475750236 13.35980181588193 16.16408468870712 17.79661632446759 17.23066027237885 24.59252606962572
8.736185663937862 12.93066879940175 17.79661632446759 28.11790630586025 19.52406848982459 33.05787418628589
6.307318583236146 11.36702317176833 17.23066027237885 19.52406848982459 29.89601212861036 33.30776684218774
7.047163713747291 15.17022422616008 24.59252606962572 33.05787418628589 33.30776684218774 58.50835413677034

cov.inverse():
    191.6476185861138    -355.4317037854617     163.2986990311451   0.09963524029593256    0.2833659217939393    0.2178658385068703
    -355.431703785462     661.5150892298418    -305.9392752627111 -0.008934323142898999    -0.207111133402702  0.007973813773933261
    163.2986990311456    -305.9392752627117     143.5210120633433   -0.2630018803396457   -0.2593652295081148   -0.3732173354855117
   0.0996352402959205 -0.008934323142875764   -0.2630018803396572    0.1649660316947465   0.04838484528487411  -0.01989027121705041
    0.283365921793869   -0.2071111334025705   -0.2593652295081761   0.04838484528487404    0.1572023528482791   0.01175700507033626
   0.2178658385067589  0.007973813774140432    -0.373217335485607  -0.01989027121705063   0.01175700507033604     0.150200546700065

cov*(cov_.inverse()):
     1.000000000000421 -1.677269434452455e-13  8.171241461241152e-14 -8.326672684688674e-17  8.326672684688674e-17                      0
 6.350475700855895e-14     0.9999999999995347 -5.773159728050814e-14 -2.775557561562891e-16 -6.106226635438361e-16 -8.881784197001252e-16
 6.474820679613913e-13  6.250000517127319e-13      1.000000000000192 -4.440892098500626e-16 -3.885780586188048e-16 -4.440892098500626e-16
-6.661338147750939e-14  1.354805156950079e-12 -5.169198402654729e-13      1.000000000000001  3.885780586188048e-16  8.881784197001252e-16
 -6.31494856406789e-13 -1.045274977684585e-13  1.456612608308205e-13  1.110223024625157e-16                      1                      0
-5.329070518200751e-15  7.710498906021712e-14 -7.176481631177012e-13 -1.110223024625157e-15 -1.221245327087672e-15      1.000000000000002
