5
2

0.03389701993851894
 0.4729662698467212
  1.470952377709225
  4.867574747803682
  13.00339114900321

   -0.4387524933485188     0.8156971736446261    -0.3770071177678622  5.660860089486443e-05 -2.089168839003837e-05
   -0.5188073740281699    0.09208899006031332     0.8029965350278903     -0.225469449083502     -0.163458309139826
    0.2649912320720769     0.1465176892114639    0.00846535900165825     -0.842584452501532     0.4452998897066147
   -0.6520386298231948    -0.4712243821294213    -0.2607494569545012  -0.007614516870369724     0.5336149798645088
     0.207268980741611     0.2874680630134737     0.3807889918058001     0.4890367919297828     0.7001745798214636

35.08868500630841
55.11916229737689
78.44125415325067
106.0406812515322
156.2859066391461

  1.558423941410514
-0.2887710773630918

  -0.03538605405249163 -0.0009586195032149033    0.03626049396419309  4.233693087837267e-05  4.319354775282266e-05
      1.61842766352524     0.3644225940183824    -0.9801620649499267  -0.001219177095252648  -0.001574955453469272

 1.233245643113211e-06    0.01059669064308352    -0.0199643146333839     0.3339004782150065      1.056554337944009
-4.975509391680168e-05    -0.3562660991496286      1.026226037680012     -23.03595115350995      11.03736947114147

cov:
17.54977194029262 17.42764150267249 17.28556411145791 16.79984031928382 16.56933729062874
17.42764150267249  19.2833517090857 21.43928411518872 23.58408620783422 28.21377132106355
17.28556411145791 21.43928411518872 26.27330164785655 31.47868059321325 41.76419882285636
16.79984031928382 23.58408620783422 31.47868059321325 41.98748152774032  56.9978220415171
16.56933729062874 28.21377132106355 41.76419882285636  56.9978220415171 90.07610547231798

cov.inverse():
    168.7929830746774    -311.6589778011302     142.1077531300393    0.3989183268068431    0.4277863589567242
   -311.6589778011309     579.1327744454582    -267.3057666019217    -0.108705152619346  -0.06139031062713857
    142.1077531300402    -267.3057666019228      126.588057006307   -0.8300442899652477   -0.5824584214222168
   0.3989183268067423   -0.1087051526191576   -0.8300442899653354    0.5567931752516083 -0.006801954266081713
   0.4277863589565896  -0.06139031062688851    -0.582458421422332 -0.006801954266081971    0.2260035722664833

cov*(cov_.inverse()):
     1.000000000000051 -1.763034163104749e-13  5.506706202140776e-14 -9.575673587391975e-16 -4.440892098500626e-16
 7.016609515630989e-13     0.9999999999987221  1.183053655040567e-12 -4.718447854656915e-16 -8.881784197001252e-16
-9.947598300641403e-13  6.896705428971472e-13      1.000000000000068  1.998401444325282e-15 -3.552713678800501e-15
 1.882938249764265e-13 -5.542233338928781e-13  5.258016244624741e-13     0.9999999999999997                      0
-4.973799150320701e-13  1.519673276106914e-12 -2.273736754432321e-13 -1.110223024625157e-15                      1
