5
2

0.1603986761517617
0.1610364071771389
 1.678777781874362
 4.416336464608101
 21.19765815462134

    0.5504725177081635    -0.8121409943326248    0.09173880350436646     0.1702672919003029  0.0002319762396222859
   -0.2186972955894058    -0.1519124522704076      0.841128955572813    -0.4707400309996959 -5.530339641575545e-05
    0.6605181015884077      0.293479651546461    -0.1437152731170028    -0.6583852315995211     0.1531676816001477
   -0.3360265688937408    -0.3046488352623073    -0.2675375801696961    -0.2237135195506782     0.8201531177396156
    0.3161542070279347     0.3720327854787722     0.4380132823310556     0.5156491253800745     0.5512607984464186

131.7224578928082
156.5324939999832
185.8528954939832
220.3460851526245
263.2907932721932

  3.992088493442706
0.08466795140014569

 -0.03783071717917118  -0.01573214130771279   0.01107758293975554   0.04252768335992096 5.918880509237726e-05
    1.892627515414751    0.9223206318742285   -0.2283135878640415    -1.591123187253478 -0.003370047288605587

 5.384253204686526e-06 -9.965112351251327e-07    -0.1668077907973437    0.09899778435882207      4.044473916045225
 2.374168565281313e-05  7.623927988707115e-05      7.329440883785465     -9.804338473808411      8.614861782140489

cov:
48.35405768157585 55.38364484503468 63.70699054081258 73.49927167198045 73.22258856199281
55.38364484503468 64.26302096070343 74.68802797285544 86.98381142729838 87.40741041258005
63.70699054081258 74.68802797285544 87.68134812072674 102.9127684241289 104.1559597452944
73.49927167198045 86.98381142729838 102.9127684241289 121.6812826423059 123.8655185908265
73.22258856199281 87.40741041258005 104.1559597452944 123.8655185908265 149.7349849041624

cov.inverse():
    13.78309670508552    -16.02121925774932      -5.1593701353324     7.462835193325242   0.02758516705823112
   -16.02121925775359     26.56217429642408    -7.833606445693009    -2.681855089199088 -0.003403046917934627
   -5.159370135324577    -7.833606445703896     27.62059483268963    -14.62419545605796  -0.01948989496454961
    7.462835193321687    -2.681855089192471    -14.62419545606102     9.828840758633307  -0.04201721400264428
  0.02758516705822328 -0.003403046917922713   -0.0194898949645514  -0.04201721400264657   0.04349061712201351

cov*(cov_.inverse()):
     1.000000000000137  -1.53183021822656e-13 -2.022826350867035e-13   1.98507876802978e-13  4.440892098500626e-16
-1.598721155460225e-14     0.9999999999998067  3.217426325363704e-13 -7.416289804496046e-14                      0
 -5.46229728115577e-14 -4.551914400963142e-13      1.000000000000232  1.332267629550188e-14                      0
-3.774758283725532e-14  9.614531393253856e-14 -9.459100169806334e-14      1.000000000000141  8.881784197001252e-16
-2.424727085781342e-13   -5.3179682879545e-14  -1.06581410364015e-13 -2.193800696659309e-13      1.000000000000001
