5
2

0.1257516837499675
 1.838402367208201
 2.118471499609301
 4.245711266786841
 10.88220820870373

   -0.1969245774251358     0.7844963434032638    -0.5880358331762927 -6.121441282175966e-05  0.0002305348089465175
   -0.6522405992433203     0.2997647997443373     0.6182712965311309    -0.2171786079458191    -0.2351538255469873
   -0.1135321389354817   -0.02241771479939885    0.00783059941967614     0.8635927871760333    -0.4906669737634345
   -0.6984272011646961       -0.3988741675694    -0.2980722206633615     0.1751279434497283     0.4833032151878858
    0.1873841231444902     0.3675641393418785     0.4278388665933928     0.4199656531957245     0.6858327407110311

73.36877644688391
156.3716565495585
184.1395105619173
220.9268390275804
263.5981392922726

 3.212995561968941
0.4750697283769633

   -0.0325280964164435    0.01398243837882161    0.01851994618840834  1.675193877934697e-05  4.809427973791539e-06
     1.737732766426688     -0.312727177014811    -0.4243425350953383 -0.0004986665821872134  -5.16510908356374e-05

0.0001025403598519642    0.1245535158669061   0.01587224952417233    0.2095755379696481    0.8263614384543141
-0.005345068678303737    -5.033769373960083   -0.8706839084003289    -17.35132355654972     3.420177756849913

cov:
14.44752418306256  12.5263909554038 11.88157931250018 7.153127081647328 9.902604098660637
 12.5263909554038 19.18291953610132 21.38438505518171 16.71409381742437 26.18893846914985
11.88157931250018 21.38438505518171 24.57600498080476 19.91342806987887 31.64277454072843
7.153127081647328 16.71409381742437 19.91342806987887  24.9456284460564 33.90540127469852
9.902604098660637 26.18893846914985 31.64277454072843 33.90540127469852 61.17990075685405

cov.inverse():
    2.60839522106321   -9.810542365343293    7.215491721217758  0.01470740389722119   0.0372826198455358
  -9.810542365343283    38.95499964770059   -29.10933789039145 -0.02918489097455858 -0.01553501158556062
   7.215491721217752   -29.10933789039145    21.98612672829336 -0.03732515004353481 -0.05796063505770292
 0.01470740389722305 -0.02918489097456612 -0.03732515004352908   0.1833244389193716 -0.07217954895343336
 0.03728261984553487 -0.01553501158555686 -0.05796063505770579  -0.0721795489534333  0.08693970161934131

cov*(cov_.inverse()):
    0.9999999999999913  5.023759186428833e-15 -7.549516567451064e-15                      0  1.110223024625157e-16
-6.439293542825908e-15      1.000000000000111   6.59472476627343e-14 -2.220446049250313e-16  4.440892098500626e-16
-1.310063169057685e-14  1.530442439445778e-13     0.9999999999999578                      0                      0
 3.552713678800501e-15  1.767475055203249e-13  1.310063169057685e-14                      1                      0
 -6.17284001691587e-14  2.188249581536184e-13  -3.33066907387547e-14                      0                      1
