4
2

1.698358787843214
2.170527637942937
2.848894233472267
5.429865085770763

 0.03871976672400224   0.5204216549788602  -0.8419758695318978   0.1368894291751842
  0.3175131760651241  -0.7517444684352595  -0.3791187331783457   0.4362735648137225
  -0.882607046957281 -0.09380923163059741 -0.02377706242252944   0.4600426936978565
  0.3445155487800571   0.3940068314977936   0.3831191362772238   0.7611093093636677

70.01866494364674
133.2014256213421
 157.735978032041
185.7222230802107

 1.947559641124969
0.9205658449353941

-0.01806268553913175 0.004279210261318145 0.008607761069742856 0.007655860903024883
   1.632117418782427  -0.1394641221742893  -0.3059265742818211  -0.2754369827562986

-0.01347576256386462 -0.04181335401950586   0.1530567271721094   0.1352672584937392
  0.6071520253184954    2.915646278579108   -12.55473661263279    5.321643079638131

cov:
 10.3011780626906 3.607734067444681 3.400712422187943 5.103387649190694
3.607734067444681 8.092073030923528 4.547461366268287 7.151670163096524
3.400712422187943 4.547461366268287  7.05415378944639 7.396779368215121
5.103387649190694 7.151670163096524 7.396779368215121  19.7478411194418

cov.inverse():
   0.1219247229305062  -0.02887280495408738  -0.02979094530815529 -0.009893906712270788
 -0.02887280495408738     0.220199322908351  -0.08602435938752367  -0.04006213134442789
 -0.02979094530815529  -0.08602435938752366    0.2813330120191727  -0.06652401263919865
 -0.00989390671227079  -0.04006213134442789  -0.06652401263919865   0.09262111356078474

cov*(cov_.inverse()):
                     1  2.775557561562891e-17                      0                      0
 1.249000902703301e-16     0.9999999999999999 -2.775557561562891e-16  1.110223024625157e-16
 1.387778780781446e-16  1.110223024625157e-16     0.9999999999999996  1.110223024625157e-16
 1.110223024625157e-16 -1.110223024625157e-16                      0                      1
