6
2

0.2583308095328918
 1.163204246263531
 1.582620321009437
 1.862230382471969
 3.372317511815209
 4.322157501377669

 -0.5793082954962574   0.8049464566769472 -0.07956792070780959 -0.06800131485888414 -0.04805324068025539 -0.05655752721143629
  0.2210793036528262   0.1053991025392708  -0.9049996943969558   0.3198210293800276 -0.01387993750175069   0.1360602084481791
 0.09433693584111352  0.07584310881817635  0.08382916809577802  -0.1998342473948121  -0.6092528557585539   0.7531256649958687
  0.3938343429593204   0.2238338151071136  -0.1608918379399672  -0.7975640524998493   0.3633131215419352  0.02831797803810479
 -0.4158257843380224  -0.2167650416746888 -0.02702202695543845  0.05176883250126214   0.6386488564263955   0.6073049234226339
  0.5278350217512858   0.4879665908997289   0.3755007273701895    0.462999108048153   0.2940074914790982   0.2036404199164735

58.96040001306385
84.88423355128462
113.8665223212629
 130.507365325733
154.2631714141627
183.3832569406966

 1.725132814366811
-2.326853432587497

 -0.06639061205887931   0.06610004942904164 8.403207077071627e-05 7.231114007237582e-05 0.0001024840707366456 6.186964768017619e-05
    3.358499094350931    -2.346583496993234  -0.00320564378869867 -0.002664130975310375 -0.004300192542705861 -0.002259871745141473

 0.006116085278301001  -0.01049506428682233 -0.003188723798140681  -0.03947749994616075     0.152201307185923  -0.05008220233721337
  -0.2558418825327641    0.6724197861811685    0.3507561818941995     2.768987316836309    -10.14501243384149     11.64795673683386

cov:
  7.819866745831805   6.160715871500019   3.362843916576366   3.282376218467622  0.2288544378744413 -0.6044258419582513
  6.160715871500019   5.228957332975414   3.247274437936563    3.47785365974198   1.267435856495103  0.5406357860342268
  3.362843916576366   3.247274437936563   3.858317110497306   3.243699175318555   1.552741357055139   1.217880193782947
  3.282376218467622    3.47785365974198   3.243699175318555   6.479788627787431   2.213238889316412   1.722748869682144
 0.2288544378744413   1.267435856495103   1.552741357055139   2.213238889316412   7.641213759512063   4.413398602500266
-0.6044258419582513  0.5406357860342268   1.217880193782947   1.722748869682144   4.413398602500266   6.417795294159887

cov.inverse():
   5.143352017960624   -6.920329049988037    0.539321268538572   0.5556461643287223   0.4181388426674554   0.5283234160063652
  -6.920329049988037    9.750990099531339   -1.027758031584144  -0.8417317311168665  -0.5801848554552613  -0.6532140942967092
  0.5393212685385719   -1.027758031584144   0.7180708686580792 -0.09334015720759228  0.03372311024204369 0.002970851553678699
  0.5556461643287225  -0.8417317311168666 -0.09334015720759221   0.3559703010843771  0.02093066267564283  0.03100309766513493
  0.4181388426674559  -0.5801848554552619  0.03372311024204371  0.02093066267564289   0.2614957115648985  -0.1035887160001933
  0.5283234160063648  -0.6532140942967085 0.002970851553678669  0.03100309766513485  -0.1035887160001935   0.3229509118895725

cov*(cov_.inverse()):
    0.9999999999999972  3.885780586188048e-15  5.277896175659436e-16 -1.387778780781446e-17 -1.387778780781446e-17  1.665334536937735e-16
-2.720046410331634e-15      1.000000000000014  1.173974112367304e-15 -3.018418848199644e-16 -6.938893903907228e-16 -1.665334536937735e-16
 7.771561172376096e-16  2.997602166487923e-15      1.000000000000001 -1.249000902703301e-16 -1.110223024625157e-16 -1.665334536937735e-16
 2.220446049250313e-15 -4.440892098500626e-16  8.309325449928906e-16     0.9999999999999991 -1.665334536937735e-16   3.33066907387547e-16
 8.881784197001252e-16 -2.664535259100376e-15  1.769417945496343e-16  1.387778780781446e-16     0.9999999999999998  2.220446049250313e-16
 4.440892098500626e-16                      0                      0  2.775557561562891e-17 -2.220446049250313e-16                      1
