5
2

0.04869337829655492
  1.274936276163247
  3.743397291592405
  5.178052440934843
  8.152172061582379

   -0.4707897614493748     0.8134536277174982    -0.3415402567814169 -0.0004245320199003195 -0.0005184958349045335
    0.4673298891516474   -0.06926833420007986    -0.8098408506650308     0.2377969588253359     0.2538012520658961
    0.6772937256631891     0.4504619947411573     0.1402030896996229    -0.5372269516136581    -0.1734574776989173
   -0.1718994227846576    -0.1008591856661295  -0.003788028405272232    -0.5615649426283275      0.803061939805836
     0.267737880852763     0.3469964112076248     0.4558912085918131     0.5826529359891065     0.5104788730961071

 66.6980442866227
104.7659811954858
156.7814143985303
187.6336371491831
218.2243300330797

  2.957780374376095
-0.4116902819199769

  -0.06242664005035379    0.05109836720271565    0.01126249208067229  2.941137012031723e-05  1.657665396642303e-05
     2.343511610907252     -1.031371795056978    -0.3106041527573262 -0.0006420045003624336 -0.0004380015410401505

0.0001591193176407078   -0.0679816512035594    -0.248071695539273    0.1483117464687166    0.4105133968835023
-0.004353689470339105     2.304760401351468      15.1274107646717    -7.980380855317836     8.464422388148904

cov:
12.33989714394907 10.86085016151633 8.845130196407428 8.037427412900486 3.928307708857432
10.86085016151633  11.1275491088871 11.49892668436793 11.53704492203025 8.476791040927449
8.845130196407428 11.49892668436793 15.15455972830599 16.34150687426606  14.7098279302464
8.037427412900486 11.53704492203025 16.34150687426606 35.15305472936399 9.079081225732716
3.928307708857432 8.476791040927449  14.7098279302464 9.079081225732716 35.13593252827762

cov.inverse():
   93.64830836933051    -161.513751756254    67.59132357506627   0.1326439651407142   0.1644449732534308
   -161.513751756254    279.0977428292209   -117.1335674092722  -0.1678962814853257  -0.1946316471980711
   67.59132357506631   -117.1335674092722    49.60561905275101  -0.0586221778636703 -0.05010903776267964
  0.1326439651406901   -0.167896281485284 -0.05862217786368788  0.07233042796947103  0.03152851291641851
  0.1644449732534375  -0.1946316471980827 -0.05010903776267478  0.03152851291641852   0.0698631447650977

cov*(cov_.inverse()):
    0.9999999999999526   4.75175454539567e-14 -1.429412144204889e-14 -4.024558464266192e-16                      0
-9.103828801926284e-14     0.9999999999992899  1.645905634006795e-13  5.551115123125783e-17  6.661338147750939e-16
-1.527666881884215e-13  -4.32542890393961e-13     0.9999999999999721  1.665334536937735e-16  2.220446049250313e-16
-3.368416656712725e-13  4.973799150320701e-14  3.780309398848658e-14                      1  1.110223024625157e-16
 8.348877145181177e-14 -5.933031843596837e-13  8.548717289613705e-14  2.220446049250313e-16                      1
