6
2

0.03525866176110947
  0.314904309585759
  1.324614714703991
  1.429226304041172
  4.703824902936944
  7.998128156955131

    0.4386743978056746    -0.8157592129064546     0.3769637370067693  8.870863011703092e-05 -0.0001084258560388689  2.499149144211822e-05
    0.5437225065960778   -0.08169474974479575    -0.8095105922027424    0.09313176578535502     0.1421714679166421     0.1161815506382484
   -0.1288560191395234    -0.1053687905363102   -0.07842397236987993     0.8040609916454899     -0.564618330976317    0.02890133058784655
    0.1812122902433164     0.1215198258316543    0.05197104836627102    -0.3967251382556222    -0.6026909925032133     0.6550318924738524
   -0.5852006387306753    -0.4098460911842417    -0.2058709105714528    0.04180291274064539     0.3279191227203768     0.5812960756717576
    0.3464520935947771     0.3660866097990133     0.3890460139409942     0.4308991404134008     0.4361490786297378      0.467648000110882

  28.179137798319
44.27685969617734
 63.0096405159597
85.55438604597859
110.2230784010081
130.6284927504312

  1.251797106089891
-0.2235650564705338

 -0.03497678414682746 -0.001387389460967579   0.03615044347898842 6.063371313661198e-05 8.985183076044975e-05 6.289140097024348e-05
    1.602025089583634    0.3838270726545232   -0.9787931450752887 -0.001972437447889525 -0.002997026876138148 -0.002029054864936541

-7.26312163428067e-07 -0.004774063627621445  0.003189754868080962 -0.009529248969658262    0.3023134204338628   0.09808067698845871
2.571814407968065e-05     0.161757332718393   -0.2983977177110478    0.5869459810478307     -19.8150398977198     19.93545945146438

cov:
15.38128606341848 13.48411209461984  11.2814257153982 8.684936595845739 5.332468651011557 3.079775365296341
13.48411209461984 12.34094634648383  11.0113679079664 9.464079456701519 7.193973340234329 5.836630944407234
 11.2814257153982  11.0113679079664 10.70153263372494 10.37326373258773 9.363166656125644 9.046870874360403
8.684936595845739 9.464079456701519 10.37326373258773 13.37298173332706  12.0187517512832 12.93922632694254
5.332468651011557 7.193973340234329 9.363166656125644  12.0187517512832  15.8513352115432 16.43180376265936
3.079775365296341 5.836630944407234 9.046870874360403 12.93922632694254 16.43180376265936 22.34564061206912

cov.inverse():
     157.8177101995682     -288.2708303055156       128.597294960071      0.448930210618041     0.7229573034104209     0.6889902278435931
    -288.2708303055118       535.384484117508     -246.6795112397042    -0.2051301353844508   -0.05150232416791247   -0.08297182485374253
      128.597294960066     -246.6795112396981      120.9229780888696    -0.7771633637089912      -1.18396115896303    -0.9280365329096831
    0.4489302106183646    -0.2051301353850552      -0.77716336370871     0.5359717157330859  -0.004616014967403349 -0.0006107943227841228
    0.7229573034108793   -0.05150232416876575     -1.183961158962636  -0.004616014967402881      0.571185563530042   -0.02419638567740939
    0.6889902278441334   -0.08297182485474656    -0.9280365329092204 -0.0006107943227838456   -0.02419638567740908     0.3653357305193994

cov*(cov_.inverse()):
     1.000000000000387  2.771116669464391e-13   3.04645197957143e-13  -6.87817858224804e-16  6.661338147750939e-16  4.440892098500626e-16
 4.876099524153688e-13      1.000000000000137  2.131628207280301e-14  1.472780231104309e-15  -1.02695629777827e-15  8.881784197001252e-16
-2.193800696659309e-13   1.63424829224823e-13     0.9999999999998117 -1.386044057305469e-15   -2.3037127760972e-15 -4.440892098500626e-16
-7.283063041541027e-14  -3.33066907387547e-14 -6.217248937900877e-14      1.000000000000001 -1.443289932012704e-15  8.881784197001252e-16
-5.506706202140776e-14  6.485922909860165e-13 -1.030286966852145e-13 -2.359223927328458e-16      1.000000000000001  -1.77635683940025e-15
 2.611244553918368e-13  3.785860513971784e-13  3.197442310920451e-14  6.435824095873954e-16  -1.77635683940025e-15                      1
