5
2

0.7147681156922406
0.9024924621820049
0.9480009727411138
 1.050126158814202
 1.523714868301024

   0.1750886065235149    0.8600527163019641    0.1928321517499354   -0.3327605685573211   -0.2859011547933407
 -0.06577361953946564 -0.002947608988722406   0.09070743586509016   -0.6416076042226706    0.7587997007487237
  -0.9709168614735367    0.1506255916140959    0.1674865827588763   0.03736189422300234  -0.07200494922645563
-0.007715657466322495    0.4874276446716499   -0.3820616752307441    0.5757659547874899    0.5337388888466322
   0.1492606028882751 -0.005182580787065237    0.8834959214653465    0.3804047060497183    0.2289577027556391

113.4763945334702
 158.250748727052
187.5217543616356
218.3197654095736
259.0304308697416

  2.46298324768141
-9.388490040427756

 -0.01181123093771693  0.003314728402986853  0.005757225244356488 -0.002932200638413087   0.01030822548704424
    1.586973102577401   -0.1595847296535594   -0.2839231179031146      0.13248442924411   -0.5249025082566098

-4.005685021673578e-05   0.008953327226268713    0.01085588880992725   0.003662112644086132    0.01056627296746767
    0.0980122342985679    -0.4992541749218141     -1.410666528027699    -0.2044915109791111    -0.1925346712340358

cov:
 0.9181675424954671 -0.0602834226112407  0.1756631439356711 0.09893177067467895 0.07140593795683832
-0.0602834226112407  0.6603636555113888 -0.1088115685359258  0.1652919917394694    0.14694687700239
 0.1756631439356711 -0.1088115685359258   2.024124138756933  0.4631480614200331  0.2618214181247323
0.09893177067467895  0.1652919917394694  0.4631480614200331     1.0946624910998  0.1907518516004402
0.07140593795683832    0.14694687700239  0.2618214181247323  0.1907518516004402  0.9512460692675612

cov.inverse():
   1.123896068883895   0.1285153168301904 -0.06271113870003402 -0.08216458507868711 -0.07048188011441618
  0.1285153168301903    1.688550402719184    0.181516786480406   -0.297952497956566  -0.2607043170725477
-0.06271113870003402    0.181516786480406   0.5826694438095665  -0.2448088941765727   -0.134616027943136
 -0.0821645850786871   -0.297952497956566  -0.2448088941765727    1.086651754738522 -0.09832828445351238
 -0.0704818801144162  -0.2607043170725476   -0.134616027943136 -0.09832828445351238    1.153586024782112

cov*(cov_.inverse()):
                     1  1.387778780781446e-17  6.938893903907228e-18  8.673617379884035e-18  1.387778780781446e-17
-2.949029909160572e-17                      1 -2.081668171172169e-17 -1.561251128379126e-17                      0
-6.938893903907228e-18  4.163336342344337e-17     0.9999999999999999  1.040834085586084e-17                      0
-8.673617379884035e-18 -8.326672684688674e-17 -3.816391647148976e-17                      1                      0
-1.387778780781446e-17  5.551115123125783e-17                      0  1.387778780781446e-17                      1
