6
2

0.03921118314508713
 0.1206563691501846
 0.1279574932057731
  1.984722947272147
   3.67789542582196
  8.041503373768663

    0.4852402359979716    -0.8470356205813629    0.07926664646065484     0.1191352276097245     0.1630831541424909  0.0002279718741949874
    0.3023749552634996     0.1690471060435774    -0.7804491725286459    -0.1792757921470405     0.4886222861669336  5.725460779340007e-05
 -0.002231383139404268 -0.0006077748545767093    -0.4294943605753398      0.817057665818308     -0.384637421590401  0.0002653541368473324
    0.4538753485875238    0.09560029914003051   -0.09161388091168322    -0.3188149240481456    -0.5773185861430011     0.5844013534132276
   -0.6589756077985878    -0.4003180810683986    -0.2656332534639507     -0.102150160951236    0.08446560004578611     0.5633528769580354
    0.1812584811763308     0.2907909571984914     0.3481326666239033     0.4171404409090305     0.4962610328355187     0.5840449199246659

71.08850195262957
 110.242755876846
130.6217639923634
155.3233613443461
183.5452993233422
 220.097576591585

 3.202763118526203
-1.702538550166778

  -0.05722881550610707    0.03874600309905488   0.004153543642200217   0.005987737182710601    0.00834062622261969  3.386191892264419e-06
       2.1909397452331    -0.6999823698040957   -0.09787421061427566    -0.1588613584566355    -0.2340177709607954 -0.0003094817657174863

-8.946221017553726e-05 -0.0001600550217752315  7.265566695932005e-08    -0.1157052669653411     0.2866773095324663     0.5806078936341558
  0.002446486946295174   0.007783774623898849  -3.62493288081694e-05      4.419820451512896     -15.43792547694318       -1.4923239261494

cov:
8.811781903943743 7.147856303442286  6.28121525721858 5.229221732352261 4.033981458506712 2.868879285157174
7.147856303442286 7.673368332393087  7.94826686868123 8.276487723520608 8.658002540961924 8.151991098604922
 6.28121525721858  7.94826686868123 8.836687974473721 9.869182888333349 11.07397531229382 10.91303742902107
5.229221732352261 8.276487723520608 9.869182888333349 11.80519579482011 13.98842078878398 14.24209676620497
4.033981458506712 8.658002540961924 11.07397531229382 13.98842078878398 17.34090844717165 18.05730479697197
2.868879285157174 8.151991098604922 10.91303742902107 14.24209676620497 18.05730479697197 27.69634259460884

cov.inverse():
   159.5074559509994   -263.7817961793307    8.868183799637654    33.73349651553708    61.60110039638622   0.1146299066425585
  -263.7817961793352    468.6200759455626   -52.70833524425652   -67.74787776806326    -84.1704899012548  -0.1247998571067307
   8.868183799644273   -52.70833524426717    57.20188530685466   -5.668172764522548    -7.68306720071095 -0.01978720511076186
   33.73349651553652   -67.74787776806149    -5.66817276452386    52.24135187068605   -12.52565775190555  -0.0175842731083842
   61.60110039638466   -84.17048990125042   -7.683067200713674   -12.52565775190564    42.82303107211744 -0.05778131642285523
  0.1146299066426145  -0.1247998571068266 -0.01978720511075803 -0.01758427310836522  -0.0577813164228381   0.1154758329577304

cov*(cov_.inverse()):
     1.000000000000016  2.191580250610059e-13  1.790928516598456e-14  9.670736433875504e-14 -9.520162436160717e-15  5.551115123125783e-17
-1.298960938811433e-13      1.000000000000611  -7.28583859910259e-14  3.269606807521086e-14 -1.497135748707024e-13  1.110223024625157e-16
 3.106404022901188e-13 -6.439293542825908e-14     0.9999999999999518   1.41137102005473e-13  1.398881011027697e-14                      0
-1.825206652483757e-13  5.555556015224283e-13 -1.915134717478395e-14      0.999999999999986 -1.271205363195804e-13                      0
 7.327471962526033e-14  5.666578317686799e-13   5.00155472593633e-14   3.51385587293862e-14     0.9999999999999478                      0
 1.945110739143274e-13 -1.465494392505207e-14  1.265654248072678e-14  1.452726827722017e-13 -8.903988657493755e-14                      1
