6
2

0.03006650348561656
0.06252966618912809
 0.6820374480485334
  1.050023427049304
  3.164016741194831
   4.15858043957076

   -0.4189328204428914     0.8137976818903481    -0.4026953195335473   0.008058862544444875  0.0003724000997110989  -0.000143471565497239
    0.2730763319977338    -0.2098144477797028    -0.6954765816034625     0.6306484790440513 -0.0003373389214762138   0.001385975685666568
   -0.4172891228910419   -0.03981841710200039     0.3645758875531724     0.5695849911328846    -0.5779236290474812    -0.1815101117179828
    0.2919572651980064    0.02956553116132056    -0.2527218829000292    -0.3960898045288903    -0.8154151054736687      0.168016538121538
   -0.6077432191990911     -0.505621154372952    -0.3962798454817758      -0.34138353549839   -0.01285157694359086    -0.3181977851803984
    0.3481429757885103     0.1886765797071746    0.01808757170426968   -0.06603511890616762   -0.03061158677097595    -0.9151900077335724

48.62618495970861
79.75619359935271
113.0181460130197
129.4724096569654
187.3508917072677
221.4664755666784

 2.351881174724299
-4.324452675168417

  -0.03421053215935669  -0.001837002260281714    0.03067791394874133   0.005273659550923947  2.651703257428511e-05  1.284640215290338e-05
     1.560299222692231     0.4263213369139163    -0.8180130774514131    -0.1659315377084501 -0.0008900722423691512 -0.0003216715839472473

 4.751593889962186e-07 -0.0001054382791485263     0.0132665132354461   -0.02194471176128884    0.07766773690172679    -0.2086095075848164
 1.930145557861006e-05   0.003131473516404136    -0.4931965350481769     0.8172871269131261     -7.837575116321518      10.72434935584705

cov:
   5.969081867057604    4.228940479023544    2.367204333740514    1.442045986279881  -0.2564112076012031   -3.484823398538197
   4.228940479023544    3.177451413893389    2.050181037051719    1.488565120863056 -0.05070707962253116   -1.366720946675153
   2.367204333740514    2.050181037051719    1.712047526474917    1.538911350869753   0.1706045182270386   0.8984649347298179
   1.442045986279881    1.488565120863056    1.538911350869753    1.567567609284934   0.2818529063916223    2.011151558968109
 -0.2564112076012031 -0.05070707962253116   0.1706045182270386   0.2818529063916223   0.9063123538809339   0.4231748179913397
  -3.484823398538197   -1.366720946675153   0.8984649347298179    2.011151558968109   0.4231748179913397    15.54487067202843

cov.inverse():
   213.7110608160874   -391.7090439473114    137.6761998873452    39.71415000888847   0.1065321893742828   0.3714958860913815
  -391.7090439473124     743.890985211107    -325.213423966867   -26.62964540114323   0.3812644565087296  -0.1774013570152777
   137.6761998873479   -325.2134239668713    303.4514362957386   -115.2146812367421  -0.3714450583835773  -0.3517468190272497
   39.71415000888668   -26.62964540113985   -115.2146812367438    102.6425554309146  -0.4652385171986985 -0.04599601196812855
  0.1065321893742782   0.3812644565087402  -0.3714450583835857  -0.4652385171986959    1.321311843441998   0.1030936602438265
  0.3714958860913735  -0.1774013570152627   -0.351746819027256 -0.04599601196812938   0.1030936602438264   0.1554885820391432

cov*(cov_.inverse()):
     1.000000000000046  9.992007221626409e-14  9.570122472268849e-14  2.414735078559715e-15  5.551115123125783e-17 -1.110223024625157e-16
-4.374278717023117e-14     0.9999999999997738  4.968248035197576e-14 -2.613187444211462e-14 -2.498001805406602e-16                      0
 3.452793606584237e-14   1.05832009822393e-13     0.9999999999999292  -4.28129753871076e-15  5.551115123125783e-17  5.551115123125783e-17
-1.509903313490213e-14  8.143485885625523e-14  4.873879078104437e-14      1.000000000000002 -1.387778780781446e-16  1.110223024625157e-16
-2.137179322403426e-14  1.128264148775315e-14 -2.045585922871851e-14  4.753142324176451e-16     0.9999999999999996  6.938893903907228e-17
-2.486899575160351e-13  2.842170943040401e-14 -1.314504061156185e-13 -3.441691376337985e-15  6.661338147750939e-16                      1
