4
2

 0.221921635289923
0.2233775896236348
 1.841306791802352
 31.54778690221813

 -0.4284022874625077   0.2069951342514945   0.7229418626918945  -0.5009786000027058
  0.4011716766730246   -0.802362229995892    0.440137904828083 -0.03943047609297614
 -0.7234113202949523  -0.3465812948693242  0.08056116140579965   0.5916649110677145
  0.3636053184448216   0.4396012651470964   0.5264442868662063   0.6303953623763778

156.3709555426209
186.7208260311493
221.5094537548037
263.0414855594573

  5.48364857129154
0.2491340789558919

-0.04408424850261376 -0.01695862249185254  0.01292942523790501  0.04835067028262981
   1.882054426718515   0.8843962769058679  -0.2288281422323297   -1.554931764466544

 2.462520782221007e-05 -1.467754026088073e-05     0.2285733196325304      13.73697750590468
-0.0004753829647406916  0.0003002096773613783     -8.836928885596167      -27.4496680271639

cov:
133.3738878309662 159.9137848990405 190.3071369005134  226.687908921178
159.9137848990405 192.7753080039387  230.224363796959 275.1110637570238
190.3071369005134  230.224363796959 275.8881289456841 330.4388327963812
 226.687908921178 275.1110637570238 330.4388327963812 396.7150911084692

cov.inverse():
 7.106397250760889 -8.177388542380442 -2.766956309539701  3.914813366171726
-8.177388542381363  13.80776664286952 -4.046970667023703  -1.53177433923606
-2.766956309538113 -4.046970667026002   14.4968250992719 -7.687411163137205
 3.914813366171042 -1.531774339234672 -7.687411163137891  5.230923729882345

cov*(cov_.inverse()):
                     1 -5.684341886080801e-14 -2.273736754432321e-13                      0
                     0      1.000000000000114                      0                      0
                     0   1.13686837721616e-13      1.000000000000455                      0
 2.273736754432321e-13   1.13686837721616e-13                      0                      1
