5
2

0.1043672823269586
0.1280041798096356
 1.462919689584268
 2.894309970367789
 7.926592414080206

   -0.5930006480061577     0.7009079772450676     0.2205625372777376     -0.329287630727955 -0.0002495950365117601
-0.0007011124714335743     0.4351627295982958    -0.8156836039761823     0.3811732384913001 -0.0003573126699104425
    0.5806264024412671     0.2309012745922891    -0.1987131664706707    -0.6874776357989192     0.3121620731724098
   -0.4808730952610171    -0.3829723760428846    -0.2630881752339602    -0.1259708335105535      0.732809106520162
    0.2828140501244243     0.3455114568035519     0.4210820761767212     0.5077228258495081     0.6046035589572717

110.2456002415509
130.6257878874626
155.3267979532638
183.5455967647875
220.0994430124261

 3.202910706045431
-1.706332206949457

 -0.05594411618045506  0.007274407179091722   0.01814864729061405   0.03049476491718008 3.600959164375746e-05
    2.925657921109511   -0.2167829426683555   -0.6249814168521519    -1.082408379547606 -0.001700445938410226

0.0003511200495020853 4.095514839229862e-07   -0.1184833070998426    0.1300648370443598     0.618151357685363
 -0.01817184714077605 1.336239143976675e-05     5.385543569539606    -8.580736940583298    -3.848003195445661

cov:
7.687873602080645 7.964662257290247 8.293852894816592 8.677253542671627 8.179407423123711
7.964662257290247 8.851830766036029  9.88288386486674 11.08666151151838 10.92848477700338
8.293852894816592  9.88288386486674 11.81630653649136 13.99690531779634 14.24818127926496
8.677253542671627 11.08666151151838 13.99690531779634   17.344671826909 18.05466706394701
8.179407423123711 10.92848477700338 14.24818127926496 18.05466706394701 27.67462638984961

cov.inverse():
   32.47000544704006     -38.090596525081   -12.00966519596596    17.73345229497055  0.05894968196784324
  -38.09059652507961    56.70332153478228   -7.477754932969245   -11.13109963437909 -0.02204808188388395
   -12.0096651959686   -7.477754932965603     45.1021631323749    -25.5721583371694 -0.03521333567389411
   17.73345229497179   -11.13109963438133   -25.57215833716841    19.04880081297217  -0.1071771429644163
 0.05894968196784248 -0.02204808188388875 -0.03521333567388314  -0.1071771429644217   0.1154686693562909

cov*(cov_.inverse()):
    0.9999999999999855 -2.753353101070388e-14  6.922240558537851e-14  2.964295475749168e-14                      0
 5.628830734849544e-14     0.9999999999999851 -3.019806626980426e-14  7.349676423018536e-14  2.220446049250313e-16
 4.163336342344337e-14  2.003952559448408e-14      1.000000000000065  -8.43769498715119e-15                      0
 1.376676550535194e-14 -2.109423746787797e-15  2.331468351712829e-14      1.000000000000036                      0
-4.152234112098085e-14 -1.054711873393899e-14  1.210143096841421e-14  3.286260152890463e-14                      1
