5
2

0.3132265890439344
 1.312003161944031
 1.415031674214389
 4.191561152524043
 7.500408787214443

   0.496786989429342  -0.8432964147644947  0.09340192381694046   0.1415766738822606   0.1152647822138712
  0.2257967557337328   0.1282573086067485  -0.8354335290935192   0.4817388745216314  0.05044168048404487
 -0.2290307627080084  -0.0802316764480112    0.273558032480559   0.6706867362374717  -0.6453317693467626
   -0.74360419678171  -0.3360352799720832 -0.08305768313976229   0.2395711040537204   0.5194614485374713
  0.3111530499543072   0.3912088807053441   0.4599938295569442   0.4905799528361077   0.5457805216442443

28.17761538931189
63.00997927460562
85.55621318895132
110.2259229634872
130.6288217542848

  1.251871434478524
-0.2265796627435978

 -0.03572351441615157   0.03551012969264318  6.02929015876654e-05 8.979908081374697e-05 6.276448208835457e-05
    1.808654975794257   -0.8018768673341814  -0.00182838494553314 -0.002975637221791227 -0.001968132131347111

-0.004676648431337496 -0.006051870250204403   0.01075035373770966    0.2579263176551378    0.1621549952805428
    0.154418430369812    0.5259361196178962   -0.7030677230537986    -18.92285364279875     13.82169048588241

cov:
15.37834452480472  11.2835058605491 8.691351797247403 5.343930477061823 3.088140959590751
 11.2835058605491  10.7045692921003 10.37774062582186 9.369135708903752 9.049923158316705
8.691351797247403 10.37774062582186  13.3767941243739 12.02126294405088 12.94043122518688
5.343930477061823 9.369135708903752 12.02126294405088 15.84958826707928 16.42576789176987
3.088140959590751 9.049923158316705 12.94043122518688 16.42576789176987 22.33779849437936

cov.inverse():
     2.604502863449353     -4.227665179543885     0.3381249901389115     0.6959272367117377     0.6451106005545969
    -4.227665179543882      7.270337473057651    -0.8712429396910676     -1.209049996176575    -0.9672634265641809
    0.3381249901389097    -0.8712429396910647     0.5359122526242842  -0.004514894185736068  -0.000907476130779831
     0.695927236711739     -1.209049996176577   -0.00451489418573522     0.5713139538452719    -0.0238679548590971
    0.6451106005545965    -0.9672634265641804 -0.0009074761307795644    -0.0238679548590975      0.365535566823977

cov*(cov_.inverse()):
                     1 -1.643130076445232e-14  9.931291899967221e-17  1.137978600240785e-15  6.661338147750939e-16
 5.329070518200751e-15     0.9999999999999929 -5.030698080332741e-17  3.302913498259841e-15   1.77635683940025e-15
  1.77635683940025e-15   1.06581410364015e-14      0.999999999999999  4.996003610813204e-16                      0
 3.552713678800501e-15 -5.329070518200751e-15  4.128641872824801e-16     0.9999999999999991   1.77635683940025e-15
 5.329070518200751e-15   1.06581410364015e-14 -5.863365348801608e-16  2.220446049250313e-15                      1
