5
2

0.03866968821061452
  1.073066738823625
  1.461159000390169
  2.968258524382756
  4.579272099833694

   -0.5143396566796841     0.8065832572002912    -0.2913382882864433 -0.0003329954568759249 -0.0002401315141035819
    -0.322348463073642    0.04256158265262875     0.6876164177047451    -0.1547538954234483    -0.6304878063771939
    0.1659134296692206   -0.07939050696451545     -0.512535010859286     0.3869543050344725    -0.7441398455385071
   -0.4135445934954399     -0.188111045043416     0.2081543830760924     0.8377423101051231     0.2201242344434326
    0.6580271947015356      0.553103374626175     0.3691683617685853     0.3528530978187852    0.01691981203054932

51.21899790743868
79.51014352175227
129.1504867687088
154.6876115137209
187.5976915895937

2.201323441258746
1.266317121151533

  -0.04467558045118221    0.02578006897225271    0.01882413241830841   2.04566999396057e-05  1.572623823796289e-05
     1.846263321240608    -0.3218648376964151    -0.5221754212110349 -0.0004749946470015698 -0.0006537562608285776

5.725375162004532e-05   0.03273525777351383  -0.04080125155859333    0.1547552945490089   -0.1715732082328648
 -0.00158070986817483    -1.113945654983446     1.280583085080102    -7.155942948513527     17.69672748092289

cov:
   10.76547772564904    8.272935982813808    3.899050202382679    2.011043666254373  -0.5981345760894043
   8.272935982813808    6.743414386049437    4.057007067816239    2.630926059706722 -0.07335222029667597
   3.899050202382679    4.057007067816239    4.345017718250016    3.721990255054609   0.8497573093662784
   2.011043666254373    2.630926059706722    3.721990255054609    9.141455941959554    1.247510317391896
 -0.5981345760894043 -0.07335222029667597   0.8497573093662784    1.247510317391896    2.072879055155237

cov.inverse():
   177.0557581281284   -277.4247418904093    99.97837569111417   0.1596817654406981   0.1914679374547274
  -277.4247418904095    435.0910537645829    -157.096990047229  -0.2083050778199625  -0.1294128839755232
   99.97837569111422    -157.096990047229    57.30656757543894 -0.09442579337305158  -0.1455787685671974
  0.1596817654406956  -0.2083050778199586 -0.09442579337305303   0.1765990565017274 -0.02886738212892209
   0.191467937454697  -0.1294128839754755  -0.1455787685672147 -0.02886738212892209   0.6101416519234988

cov*(cov_.inverse()):
     1.000000000000254  4.078126725204356e-13 -2.971234369653075e-14 -2.151057110211241e-16 -5.551115123125783e-17
-1.808692084992458e-13      1.000000000000672  6.515621375768887e-14 -3.265616943526339e-16 -3.747002708109903e-16
 5.556666238248908e-14  1.047495423733835e-13       1.00000000000002   2.42861286636753e-17  1.110223024625157e-16
-1.154631945610163e-14  1.761368828567811e-13   1.88182802673964e-14     0.9999999999999999 -1.110223024625157e-16
 1.176836406102666e-14 -6.056266599330229e-14  8.326672684688674e-15   4.85722573273506e-17     0.9999999999999999
