5
2

0.03135379046172748
 0.6793780072725886
  2.563366849402628
  5.059760654350042
  11.89279769598494

   -0.436324574295516     0.815806728056102   -0.3795790346779565  3.58360640479569e-05 5.893183639871371e-05
  -0.5794576940891257   0.05649316228828804    0.7874650999101237   -0.1211568528803482   -0.1620402320389928
  0.09471571175713335   0.08037057044180607   0.06387752570719094   -0.7931577472552852    0.5927815407311927
  -0.6606073985447389   -0.5139412152339315   -0.3451423618769511    0.1406945182749727    0.4006795413259762
   0.1687496535138416    0.2463187036418362    0.3355814127808869    0.5800231514450098    0.6795652359111278

47.43392861863919
 74.7654658766769
106.2148754293503
185.2232485723889
220.1483395677126

   2.11710232331791
-0.5579778941946401

  -0.03613255143821014   0.000172331774254282    0.03593369348785812   1.43197333383996e-05  1.212880244164279e-05
     1.640031660064127     0.3323378640643517    -0.9717487096665082 -0.0003631904233465759 -0.0003002992346525096

 2.228041092965904e-06    0.02272687308719744  -0.007341495745036269     0.2914821348762289     0.8515059571525566
-7.432647058304003e-05    -0.7831101011398641      0.789054573975428     -23.52745564277926      4.540218381177972

cov:
15.41418972256913 14.60556880034979 13.67603343973539 11.00313072208795 9.855512777553516
14.60556880034979 15.38824583579373 16.28648787951659 17.93419975239233 18.71224414831438
13.67603343973539 16.28648787951659 19.29095475265512 25.91019071450576 28.90449333276506
11.00313072208795 17.93419975239233 25.91019071450576 52.23102143582305 54.11283369840048
9.855512777553516 18.71224414831438 28.90449333276506 54.11283369840048 71.74879031165092

cov.inverse():
   194.4057870769635   -362.1464788428945    167.4951788976203   0.1218291224518068   0.1762930103614323
  -362.1464788428937    677.0276751063627   -314.8944822764586 0.003394047889498985  0.02946251431474007
   167.4951788976192   -314.8944822764573    147.9125712404929  -0.2287757187806701  -0.2972408207259203
  0.1218291224519943 0.003394047889148284  -0.2287757187805068   0.1306974008883326 -0.02402771111766685
  0.1762930103614792   0.0294625143146527  -0.2972408207258799 -0.02402771111766675   0.1199049495064922

cov*(cov_.inverse()):
    0.9999999999999059 -7.743805596760467e-14  3.641531520770513e-13  2.220446049250313e-16  2.220446049250313e-16
 4.676259379721159e-13     0.9999999999992092  6.163958232718869e-13   3.33066907387547e-16  8.881784197001252e-16
 1.332267629550188e-14 -1.592503906522325e-12     0.9999999999999467 -1.110223024625157e-16                      0
 1.165290086646564e-12 -1.844968622322085e-12  -1.06581410364015e-14                      1 -8.881784197001252e-16
-9.467981954003335e-13 -4.791722574282176e-13 -2.085442929455894e-12                      0     0.9999999999999991
