5
2

0.04665493031727817
 0.1182693033908256
  1.728674425586688
  4.404214902981782
  13.78807087037574

    0.4317577977622943    -0.8499914324932933      0.166424876827505     0.2517983769971582 -0.0003263035390931529
   -0.1853168894574594   -0.09355706459025212     0.8169652797698105    -0.5380263252665128 -0.0003621020782314664
    0.6396584766251322    0.08697895629490981     -0.260202552481576    -0.6307826723677722     0.3430445253405273
   -0.5742756850931694    -0.4014179987740498    -0.2921558320636231    -0.1764403973016327     0.6265658654620935
    0.2007170280410996     0.3163224490537145     0.3896281477214781     0.4670195468097915     0.6998109975412757

 68.1322577398079
 106.579174589311
130.8776570609875
156.5477199771769
219.1209370083458

  3.037883061229797
-0.8336755334273833

   -0.0633610209861437     0.0479390827841376   0.005790571093820817   0.009622642125291871 -3.235370242598515e-05
     2.370266179226225    -0.9564168276484193    -0.1482081159913361    -0.2653961955095148   0.000751736245607957

-0.0001408700023675202  9.525994276162256e-05    -0.1313285036860946     0.2663851407291849       1.74408921050092
  0.003797951677932899  -0.004588806767180309      4.898452505555512     -17.19875342222152     -1.511100552899259

cov:
15.27967594056201 16.70760320650906 17.62269271787954 18.58207266592157 20.37996712733788
16.70760320650906  22.1723590728576  25.6366308435195 29.29495985436586 37.29458066997618
17.62269271787954  25.6366308435195 30.72811513528633 36.07763494476539 48.01931039574765
18.58207266592157 29.29495985436586 36.07763494476539 43.26162030166213 59.34206449212881
20.37996712733788 37.29458066997618 48.01931039574765 59.34206449212881 101.0707163681078

cov.inverse():
    88.25103162823645    -167.3304671954066     22.14104873493662     56.94449771345035  -0.00430850460561533
   -167.3304671954214     332.5575737647889    -70.45387691233893    -94.74221940121647    0.1280255745588687
    22.14104873496536     -70.4538769123898     60.46827558005774     -12.1135653809516  -0.08397056808350539
    56.94449771343647    -94.74221940118055    -12.11356538097366     49.95878916293292   -0.1002098329161431
-0.004308504605691079    0.1280255745590188  -0.08397056808353665   -0.1002098329161863   0.06225358274569796

cov*(cov_.inverse()):
    0.9999999999995043  1.398881011027697e-13 -4.729550084903167e-14   1.77635683940025e-15  4.440892098500626e-16
-5.331013408493845e-13     0.9999999999993099  1.456612608308205e-13  7.016609515630989e-14 -4.440892098500626e-16
-4.493905247926477e-13  1.693756246368139e-12     0.9999999999998437 -4.796163466380676e-13  8.881784197001252e-16
-1.280642258905118e-13  5.595524044110789e-13  3.552713678800501e-14     0.9999999999998428  8.881784197001252e-16
 4.591882429849647e-13 -3.836930773104541e-13 -2.842170943040401e-14 -3.552713678800501e-14                      1
