6
2

0.03274528794996594
 0.4531947850626164
  1.371068146977509
  1.605391047930191
  3.502965160793702
  5.024844465404154

   -0.4417284112101336     0.8155553143336013    -0.3738254117742061  0.0002264702970711355 -0.0002101188178998653  7.787890592891447e-05
   -0.5264949282090772    0.08401905467255602     0.8053207327202219    -0.2268171315058183   -0.08535594492020224   -0.09203672090673871
   -0.2808238733835717    -0.1353572999604551    0.03698519100545068     0.8778017833783504   0.005401724659337846    -0.3617779700314065
   0.05578077294787438    0.01098893773067493   -0.04262360158220278    -0.2611079980209215     0.6863429788925074    -0.6750606683102757
   -0.1394550160232307   -0.02148531088117525     0.1177633728657397     0.2045058508443604     0.7216549750416509     0.6353061639096877
    0.6528842602736227     0.5557934451983554     0.4412031178590497     0.2608024865763262    0.02885398083731161   -0.03640204030554513

36.99782400363527
58.95935764430672
84.88484878524879
113.8653874113684
154.2632923196563
183.3838233209925

 1.725150617342602
-2.328265936430158

  -0.03586909748251729 -9.152091596098186e-05    0.03587835563173754  5.691847845070179e-05  3.684449267288341e-05  8.367334715574874e-06
     1.638848236276041     0.3294696616621822    -0.9655515613631487  -0.001781458234650785  -0.001449509362798456  1.232758775119788e-05

2.527864054598078e-06  0.009807973012768485   0.02154168024318751 -0.009088260855632305    0.1137842640668848   -0.1924986088391707
-0.000101089396197158   -0.3311257265525044    -1.019075361600728    0.3496183939666882    -4.303768403116392     20.87047199310909

cov:
  11.21465691961523   9.262426042302698    6.95903066951236   3.472897252548054  -0.654211611208014  -1.583339150471722
  9.262426042302698   7.842175782233154   6.163424116330304   3.371329648594188  0.2312482636447906 -0.6069853790768925
   6.95903066951236   6.163424116330304   5.225765408645209   3.253048462202161   1.275118295842606  0.5463111094102628
  3.472897252548054   3.371329648594188   3.253048462202161   3.865338419628243   1.551972448751237   1.216149553407023
 -0.654211611208014  0.2312482636447906   1.275118295842606   1.551972448751237   7.627084707120909   4.403106341591863
 -1.583339150471722 -0.6069853790768925  0.5463111094102628   1.216149553407023   4.403106341591863   6.408371629516074

cov.inverse():
  183.3868172389631  -336.1585261869953   151.9412837987709  0.3557717212074062  0.3119589135050354  0.2351214702987368
 -336.1585261869964   620.3670555968403  -283.9951620848434 0.02053006566395074 -0.1928245338230834 0.04284216188001812
  151.9412837987723  -283.9951620848451    133.496636130151 -0.9402013081974984 -0.2652422072806218 -0.3785217811274345
 0.3557717212071761 0.02053006566437401 -0.9402013081976914  0.6929854479573907 0.03953150889316805 0.01132515214517742
 0.3119589135049422 -0.1928245338229113  -0.265242207280701 0.03953150889316825  0.2607805005556997 -0.1052561693963513
 0.2351214702986081 0.04284216188025577 -0.3785217811275435 0.01132515214517749 -0.1052561693963514  0.3206357864557303

cov*(cov_.inverse()):
    0.9999999999998537 -3.017031069418863e-13  3.449462937510361e-13  1.804112415015879e-16 -2.498001805406602e-16  1.110223024625157e-16
-4.993228053251642e-14      1.000000000000313  7.235878562994458e-14  -3.95516952522712e-16 -5.273559366969494e-16 -2.775557561562891e-16
-1.497968415975492e-13  2.199837534355709e-13     0.9999999999998286  1.006139616066548e-16 -8.326672684688674e-17 -1.387778780781446e-16
 7.277511926417901e-14  1.585467868103763e-13  9.514611321037592e-14     0.9999999999999997  -3.05311331771918e-16 -1.110223024625157e-16
 5.573319583618286e-14  5.997979890537408e-14 -4.662936703425657e-14 -1.734723475976807e-16                      1                      0
 9.303668946358812e-14  5.034861416675085e-14 -4.929390229335695e-14   9.71445146547012e-17 -2.220446049250313e-16                      1
