5
2

0.03493470157322196
 0.4681875551486369
  1.449678263699411
  4.664181882082286
  17.15638088322587

   -0.4385186854410378     0.8157815245171295    -0.3770966158531212 -4.617889489305932e-05 -8.339787464882445e-05
   -0.5132629555967846      0.095664554486491     0.8038846637060153    -0.2171039806259981    -0.1845121689254325
    0.2313834772668962     0.1337362549104622    0.02023628880611799    -0.8295409186264439     0.4899271961323992
    -0.669578681981017     -0.471818627829779    -0.2421743954064448    0.03757294944950609     0.5186438149140283
     0.205884861064532     0.2912912525750775     0.3905248322389611     0.5131432521800479     0.6759698131606885

31.47823990792374
49.35557314497385
70.12417565438986
94.98335413491219
132.0962407819014

   1.388802052189263
-0.02968363222621126

  -0.0353247905546961 -0.001041693330817404    0.0362604841866189 5.652060567312841e-05 5.308085196256002e-05
    1.616438024059757    0.3673126080267991   -0.9803796100194671 -0.001719082368460776 -0.001772286655706473

 1.180248934608425e-06    0.01033710957601125   -0.01597188409850242     0.3348577820929506      1.957143104176561
-4.819903616954181e-05    -0.3467585921207685     0.8487358839260465     -22.17224403234705      16.14531398527861

cov:
22.40056634108856 24.57891425095791 27.11318766940765 30.17045008341886 33.66828323305506
24.57891425095791 29.85829974927525 35.99113950281117 43.37307163644294 52.76737987897952
27.11318766940765 35.99113950281117 46.30846356548203 58.71311526252751 74.95702317743833
30.17045008341886 43.37307163644294 58.71311526252751 78.99201235816157 101.6766157091321
33.66828323305506 52.76737987897952 74.95702317743833 101.6766157091321 140.8586427138678

cov.inverse():
    158.8139128302114    -293.3161993989372     133.6236917896155    0.4328184014651259    0.5004580880525141
   -293.3161993989307     545.3584690319067    -251.7071660032811   -0.1787137080117222   -0.1156744524738162
    133.6236917896062    -251.7071660032694     119.4690564017195   -0.7896558971929571   -0.6510636747960924
   0.4328184014660965   -0.1787137080135226   -0.7896558971921296    0.5434301262990493 -0.008560916915832053
   0.5004580880543238   -0.1156744524771867   -0.6510636747945295 -0.008560916915834219    0.2834509290516575

cov*(cov_.inverse()):
    0.9999999999997744  1.502797886132612e-12  9.379164112033322e-13 -2.775557561562891e-15 -3.552713678800501e-15
 -1.06581410364015e-13      1.000000000001498  7.389644451905042e-13  4.496403249731884e-15  5.329070518200751e-15
 6.252776074688882e-13 -2.442490654175344e-12      1.000000000002075 -8.215650382226158e-15 -3.552713678800501e-15
-9.805489753489383e-13   1.77635683940025e-12  9.947598300641403e-14      1.000000000000012   1.06581410364015e-14
 5.258016244624741e-13  2.469136006766348e-12  1.236344360222574e-12  4.218847493575595e-15                      1
