5
2

0.5153717074001984
 2.215931650476433
 2.381561600085623
 4.408165828279182
 11.59818355763085

 -0.5169183906405916   0.8328877419601353 -0.09295055306139637  -0.1075732697376736  -0.1374102362766831
 -0.2804816663928069  -0.1530741072724519    0.498270457965421   0.5193686140687106  -0.6163449893846242
  0.1536316494557984  0.08244944747779388  -0.7185615311342562   0.6638948342981086  -0.1118587496013527
 -0.7718543114250563  -0.4048580221739373  -0.1529013596768151   0.1383399389118111   0.4447630147919428
  0.1864501286003798   0.3349005784815891   0.4509736639621932   0.5087140106704906   0.6252285676755802

 40.4734810076631
90.35794134750672
129.9477361119879
156.1319782962489
185.6195112965764

  1.792574226124779
-0.1924052830570843

  -0.03592054995707005    0.03587714269295485  1.088367513368089e-05  2.041629734387098e-05  2.138929229923616e-05
     1.814814483623918    -0.8134593048940736 -0.0003461570214562497 -0.0005960087463725353 -0.0007882807733321437

 0.01286697521307921  0.02251906353409592 -0.01450368714319597   0.2567143140815508   0.7192067684180706
  -0.429070238556345   -1.888024909940295    1.200641943221586   -20.82746821592561    8.742617257399969

cov:
16.84421776292804 14.64022288317747 12.30449825356033 10.56204591136464 9.780713609057901
14.64022288317747 18.61026241781178 20.78819967908549 21.72556175881235 25.04815555980839
12.30449825356033 20.78819967908549 31.96211565900278 29.01724364423745 35.55868683988074
10.56204591136464 21.72556175881235 29.01724364423745 39.01126532145769 41.99157622086044
9.780713609057901 25.04815555980839 35.55868683988074 41.99157622086044 58.36972337628077

cov.inverse():
    1.057111047081196    -1.593418887460844    0.1396711218382616    0.1928821997049815     0.282799943758356
   -1.593418887460845     2.626990449737375   -0.3131423272305427   -0.3454815243837762   -0.4210101831193171
   0.1396711218382618   -0.3131423272305428    0.1768387801562419  0.006856298396757681 -0.001687640322235595
   0.1928821997049815   -0.3454815243837761  0.006856298396757686    0.1791200273185029  -0.01710105478415213
   0.2827999437583562   -0.4210101831193173 -0.001687640322235615  -0.01710105478415207    0.1637433461523709

cov*(cov_.inverse()):
                     1  8.881784197001252e-16 -1.387778780781446e-16 -5.551115123125783e-16 -4.440892098500626e-16
                     0      1.000000000000011 -2.775557561562891e-16 -6.106226635438361e-16                      0
-5.329070518200751e-15                      0     0.9999999999999996  2.220446049250313e-16  8.881784197001252e-16
  1.77635683940025e-15                      0  6.522560269672795e-16      1.000000000000001                      0
-3.552713678800501e-15  7.105427357601002e-15 -4.163336342344337e-17  2.220446049250313e-16      1.000000000000004
