4
2

0.1761095493143317
 1.341777624312731
  4.30261400001185
 34.54671121565085

 -0.6126595513688379   0.7806249260857253 -0.06924424674390775  -0.1023632413665109
 -0.1647925703220016  -0.1271178679414159   0.8179135445730561  -0.5363784951138852
  -0.745843059530951  -0.5297898025010521  0.03138505512774938   0.4025616400379383
   0.203002003518962   0.3062491430021979   0.5702961039770799   0.7346863295082268

22.83342897390678
35.76034195134033
68.59087494256785
 89.0265470448816

   1.00341771095422
0.07748668866380584

 -0.07414684677402993   0.07314225458855401 0.0003926263322802607 0.0006437216677344622
    2.661947521951391    -1.633264525156759  -0.01105967868339049  -0.01843769406333624

0.003176833927222411 0.005215696051894811   0.3114420648468904    9.601080109298913
-0.09004093289597115  -0.4144595580044946    -20.8798198714338    24.27720301040138

cov:
 59.5415868445786 81.53529583716364 137.4954292267085 172.6009856026536
81.53529583716364 117.1783241808318 207.9469883267795 264.7004843153072
137.4954292267085 207.9469883267795 389.3858811879875 499.4969802603716
172.6009856026536 264.7004843153072 499.4969802603716 647.7133326037427

cov.inverse():
    12.1475981906022   -15.38737407118892     1.29181230787598      2.0550782803612
  -15.38737407118899    19.67224569695595    -1.80135311428122   -2.549903651704442
   1.291812307876212   -1.801353114281506   0.5265040858863089 -0.01410537087155952
   2.055078280361053   -2.549903651704242 -0.01410537087161469   0.5068566115794764

cov*(cov_.inverse()):
     1.000000000000114  5.684341886080801e-14 -8.881784197001252e-15 -2.842170943040401e-14
                     0      1.000000000000455 -1.731947918415244e-14 -5.684341886080801e-14
-2.273736754432321e-13 -2.273736754432321e-13     0.9999999999999885 -2.842170943040401e-14
                     0  2.273736754432321e-13 -1.243449787580175e-14                      1
