5
2

4.925802449448774e-05
6.211212251553201e-05
9.216396572750863e-05
 0.007577066330965746
    0.516381720552787

 0.03713900872083201   0.1075406194122508   0.2305704032941031  -0.8446969044765089   0.4694466294481848
-0.05854175909437168  -0.5063086784061953   0.8188483274881727 0.009846757439060107   -0.263846247937065
  0.4946261472013371  -0.7117665998970845  -0.2742054052967856  0.08314578929058913   0.4082051631287579
 -0.7421915562731359  -0.1598129301481565  0.03348159875371617   0.2817088882082399      0.5857735108416
  0.4468671220564261   0.4471405505827063   0.4472304595457893    0.447344454490566   0.4474851487374767

0.3987330559325932
0.3989252070762029
0.3989273376951191
0.3989301621374514
0.3989335430627631

-6.221641639216409e-05
    0.3989099093885397

 0.7060160840414453   2.138258838168869   2.279175576345237  0.6110839429947839  -5.734536365295438
 0.9381511074505146  0.4684962022138139  0.4204744387597332 0.05398370954379644 -0.8810543615516787

-5.887687765519215e-09  8.724297565894283e-09 -3.472213308640785e-08 -0.0002282929222159072 -0.0004907681560917945
-6.721835757342134e-10  1.100179329416329e-09 -2.887047169477228e-09 -7.222260800372408e-05     0.1190998141983105

cov:
0.05327904203668905 0.05328680250726862 0.05328928094760556 0.05329228872121491  0.0532960986012196
0.05328680250726862 0.05331406817214246 0.05332300931176193 0.05333432254805021 0.05334830659994211
0.05328928094760556 0.05332300931176193 0.05333410611373533  0.0533481736349589 0.05336553559174911
0.05329228872121491 0.05333432254805021  0.0533481736349589  0.0533657885751917 0.05338748650938819
 0.0532960986012196 0.05334830659994211 0.05336553559174911 0.05338748650938819 0.05341450313594729

cov.inverse():
 30269012.62094139 -32115833.97213541 -24864051.61316901 -8240758.260929469  34951965.63561784
-32115833.98906763  130856349.5648287 -74268642.13150096 -45698804.59061214  21226710.15994129
-24864051.57954981 -74268642.14604428  204564093.3601168 -80863402.59456545 -24568521.21163687
-8240758.280482597 -45698804.63809624 -80863402.48341995  294908429.4353563 -160105334.7996281
 34951965.63848379   21226710.2050367 -24568521.30370668 -160105334.7555195  128495480.5035045

cov*(cov_.inverse()):
                     1 -1.164153218269348e-09 -1.396983861923218e-09                      0  1.862645149230957e-09
-2.328306436538696e-10     0.9999999990686774                      0                      0  9.313225746154785e-10
                     0 -2.328306436538696e-10                      1                      0  1.862645149230957e-09
                     0 -1.164153218269348e-09  6.984919309616089e-10      1.000000001862645  9.313225746154785e-10
                     0 -4.656612873077393e-10 -2.328306436538696e-10                      0      1.000000000931323
