6
2

7.920589463103944e-05
8.205087824342082e-05
 9.35624475871591e-05
0.0001055802948144452
  0.01192302280250112
   0.5650559944993976

   -0.313128739458696    0.7156361012396141   -0.2506333577918612   -0.3285155392655295   -0.2306437195184094    0.4072828233517117
   0.1223499208957095   -0.2000593101384919    0.1481340676847504    0.3637560437239328   -0.8072126091183253    0.3730313815345732
  -0.2764164999779511    0.2495997293068603   -0.4423758002981529    0.7570403326182158   0.01585921109412949    -0.303703745767522
   0.5241349665954119   -0.2015534465836402   -0.7435241489341659  -0.04428366839076051    0.1285719599220232    0.3366582729559366
  -0.6080301863678408   -0.4226160364989325 -0.007258184045666407    0.1338276037181386    0.3338899823769207    0.5676706343252061
   0.4076231558428408    0.4078150463428319    0.4082426092163815    0.4083848002822957    0.4085908644851478    0.4088319742571356

0.3967880106366333
0.3968401285393645
 0.396923332059589
0.3969133313778151
0.3969001961333415
 0.396883760653286

0.0001879499175692843
   0.3969961484612354

  0.4143519017432497    1.663713061417082   0.6047860460855692   0.3975750422008379   -0.549116142556402   -2.531303298198231
  0.4824140566770786    1.087062113584924 -0.09234048248795748  -0.1906580515160882 -0.02742202002044478  -0.2592073124793564

-7.881343967202204e-10  -3.69563897504724e-09  9.578762074767034e-09 -1.681237253295679e-08 -0.0003591668422880732 -0.0008275560999266646
 3.848303960669496e-09 -2.127707159998639e-09  9.873025848298421e-10  2.236059762693299e-10 -0.0001327586124811241     0.1300230090848405

cov:
0.05310442691878597 0.05311336695620533   0.053133112517355 0.05313942511627003 0.05314895315327035 0.05316012791348181
0.05311336695620533 0.05312722156430098 0.05315793560947107 0.05316797458239386 0.05318278688939534 0.05320013685801902
  0.053133112517355 0.05315793560947107  0.0532132476481154 0.05323162616146707 0.05325827971750911 0.05328946614114712
0.05313942511627003 0.05316797458239386 0.05323162616146707 0.05325285921778413 0.05328352650582993 0.05331941237512057
0.05314895315327035 0.05318278688939534 0.05325827971750911 0.05328352650582993 0.05331991167146991 0.05336245581923374
0.05316012791348181 0.05320013685801902 0.05328946614114712 0.05331941237512057 0.05336245581923374 0.05341280127904632

cov.inverse():
 51227839.42167659 -56711387.46132305 -5789672.126102191 -2979595.243130854  2385313.374280891  11867711.24983462
-56711387.44655702   98341055.3145247 -32161759.29236794 -25897997.18686851 -4196163.626175182  20626021.35803384
-5789672.152038929 -32161759.27454445  85221123.12691776 -14174682.17935547 -17924274.48815091 -15171071.33355433
-2979595.255933056 -25897997.14958161 -14174682.22665121  102501770.2459926 -30675874.84819017 -28773256.55273537
  2385313.39928064  -4196163.66495337 -17924274.45531705 -30675874.87094503  106777229.8946795 -56366031.84859812
 11867711.24880774  20626021.35646775 -15171071.32720573 -28773256.55279166  -56366031.8522975  67816441.26474325

cov*(cov_.inverse()):
     1.000000000232831 -4.656612873077393e-10                      0  6.984919309616089e-10  4.656612873077393e-10 -4.656612873077393e-10
 3.492459654808044e-10                      1 -3.492459654808044e-10  4.656612873077393e-10                      0                      0
 1.164153218269348e-10  4.656612873077393e-10     0.9999999991850927  6.984919309616089e-10                      0                      0
 2.328306436538696e-10  4.656612873077393e-10 -3.492459654808044e-10                      1                      0 -4.656612873077393e-10
 3.492459654808044e-10 -4.656612873077393e-10 -8.149072527885437e-10  4.656612873077393e-10     0.9999999995343387 -4.656612873077393e-10
                     0  6.984919309616089e-10 -2.328306436538696e-10                      0                      0     0.9999999995343387
