5
2

5.402375503153308e-05
6.559039831232122e-05
9.080735410175024e-05
  0.01175409190803175
   0.5164630514364056

 -0.0135835390809467   0.5697094063107725  -0.7849175330369639   0.2428059668471837 -0.01401458603150086
-0.08327673036705478   0.2997651571952883 -0.02628467912682379  -0.7600914490458992   0.5698911663129743
  0.7057205826080432  -0.5098108111905126  -0.4059733180881997 -0.06105975538629042   0.2711250031798234
 -0.5434624839049821  -0.3549640933937991  -0.1361146450304448   0.3989987511270142   0.6331838761341486
  0.4466401924554048   0.4468394253947398   0.4470705205927359    0.447635961940011   0.4478806331951403

0.3997815302398333
0.3998576582032372
0.3999041560552692
0.4000147870323847
0.4000284831908472

-0.0001424001079730467
    0.3999458707670897

 0.4674425398978468   1.133345413689283   1.380084120157393 -0.7007772004550233   -2.28009261218309
 0.6047104844759436  0.6405231414927682  0.2507632360776488 -0.1234508567158483 -0.3725188454083819

 -1.69896310362342e-09 -2.160577472762802e-09 -1.140901703987751e-08 -0.0003547239463446219 -0.0007216313652073919
 3.943437591691593e-10  7.139644559550386e-11 -7.838085407302589e-10 -0.0001209250936228086     0.1190441765376773

cov:
0.05325091472280218 0.05326048971418602 0.05327158971723874 0.05329877684282205 0.05331034344525577
0.05326048971418602  0.0532749981058145 0.05329180593354879 0.05333295598244411 0.05335063282231892
0.05327158971723874 0.05329180593354879 0.05331525102909671 0.05337261285578154  0.0533973850214185
0.05329877684282205 0.05333295598244411 0.05337261285578154 0.05346962757622594 0.05351174605672312
0.05331034344525577 0.05335063282231892  0.0533973850214185 0.05351174605672312 0.05356146620828835

cov.inverse():
 62075499.78969909 -52084220.10106507  -30582189.2820702  8355914.416240543  12235088.04173883
-52084220.12113021   163615759.627385 -129948995.6601149 -1792069.144994005  20209615.73594213
-30582189.26216421  -129948995.680034  231243252.8891113 -57650388.46886919 -13061701.68229843
 8355914.435524197 -1792069.180388914     -57650388.4529  154945499.9311118 -103859608.2859442
 12235088.02261426   20209615.7711911 -13061701.69828072 -103859608.2860864  84477115.43445688

cov*(cov_.inverse()):
    0.9999999998835847  9.313225746154785e-10 -3.492459654808044e-10                      0                      0
-4.656612873077393e-10     0.9999999997671694  6.984919309616089e-10 -9.313225746154785e-10 -9.313225746154785e-10
-2.328306436538696e-10  9.313225746154785e-10     0.9999999990686774 -9.313225746154785e-10                      0
-1.164153218269348e-10 -1.629814505577087e-09 -4.656612873077393e-10     0.9999999990686774 -9.313225746154785e-10
-5.820766091346741e-10  2.328306436538696e-10 -5.820766091346741e-10 -9.313225746154785e-10                      1
