5
2

4.375584909234516e-05
6.108807160809865e-05
8.073698754691331e-05
 0.007744257160082885
   0.5237490620979848

  -0.2071090175230117    0.6461693611188284   -0.7088921881667644    0.1527750489093376    0.1170583683417112
  -0.5195541162982362     0.529358721081983    0.5262022166137482   -0.3890482595849035   -0.1469542227931586
   0.2442360811316112 -0.000878772239387815   -0.1281945629575296    -0.734808598884128    0.6196534849953615
  -0.6541988739028093   -0.3201083036724097   0.06406461574053771    0.2918046358073302    0.6166849169840601
   0.4467011810550548    0.4469612990461876    0.4472638727027477    0.4474456544341479    0.4476952830909667

0.4009071468807616
 0.400952679530956
0.4009871476924998
0.4010536062791951
0.4010604309082037

-0.000122711420931118
   0.4009987196358793

     2.6349543374067    2.400753734964262   -2.503559605610268  -0.9095698662763734   -1.622573828743868
   1.463909257366041   0.5796530534682661  -0.5799779076532359 -0.04976758732766404  -0.4137352897474752

 4.693443272882129e-09 -3.072013767888993e-09  4.076060031831902e-09 -0.0002350187361614396 -0.0008427654366825526
 8.165135300513918e-10 -2.532961340004315e-09  1.379157945878323e-09 -8.696534068122503e-05     0.1223748183226186

cov:
0.05476263428964789 0.05478139742677256 0.05480340105197265 0.05481674103056004 0.05483458467234773
0.05478139742677256 0.05480687905047206 0.05483659975697205 0.05485451463348681 0.05487888430444064
0.05480340105197265 0.05483659975697205 0.05487520061989647 0.05489837603904601 0.05493025070215545
0.05481674103056004 0.05485451463348681 0.05489837603904601 0.05492467802652187 0.05496099623101815
0.05483458467234773 0.05487888430444064 0.05493025070215545 0.05496099623101815 0.05500367374572992

cov.inverse():
 103897318.6502823 -143628876.7095062 -1380174.552501699  10103639.80418682  31007627.30554049
-143628876.6115151  293175067.2499572 -164591227.2918075 -3528373.262232262  18574568.16786231
 -1380174.65822792 -164591227.1008134  339194372.6123064  -96973723.3739952 -76249366.27188994
   10103639.701471 -3528373.203788329 -96973723.23685344  135584872.8648826 -45187608.21238171
 31007627.41599302   18574568.0164143 -76249366.32376567 -45187608.11951175  71855415.43374331

cov*(cov_.inverse()):
     1.000000001164153  1.280568540096283e-09 -4.656612873077393e-10  4.656612873077393e-10 -4.656612873077393e-10
 2.328306436538696e-09       1.00000000197906 -2.793967723846436e-09                      0  4.656612873077393e-10
 1.164153218269348e-09  1.047737896442413e-09     0.9999999976716936  9.313225746154785e-10  9.313225746154785e-10
 1.164153218269348e-09  3.259629011154175e-09  9.313225746154785e-10      1.000000000931323                      0
 2.328306436538696e-09  1.164153218269348e-10 -4.656612873077393e-10                      0                      1
