5
2

6.212891056679593e-05
6.294620465067242e-05
7.197387558563474e-05
 0.007047425730131633
   0.5175872841291326

-0.09056065453787811   0.6513861543808207  -0.7278190421415025 -0.02566468205747503   0.1926541245905495
 -0.1507611605262598   0.2854989903697174   0.3816223387209204   -0.813522377937833   0.2971651563662807
   0.542000496566265  -0.4862981929052385  -0.3521365115673972  -0.2402514591160624   0.5366830003948033
 -0.6897262822449751   -0.240511716197523  0.02510819938672732   0.2821880790095534   0.6214267747214479
  0.4467470846339045   0.4470509885098779   0.4472284517224963   0.4474056203790511   0.4476353190562415

0.3997779210429233
0.3999193112514441
0.3999293910798037
0.3999439958158514
0.3999632381690119

-0.0002160950066324015
    0.3998519605892042

   2.077537003664502    1.624328720274833   0.6662905247857077  -0.7406061582736514   -3.627547422253796
   1.414654933936825   0.4768088552383285 -0.07608008673170077  -0.1290028091038909  -0.6863472496171158

-1.138203882197251e-09 -2.800395233306138e-10 -8.637626365078805e-09 -0.0002120805713899951  -0.000775364007005751
 4.204712526868885e-10 -8.130177938082021e-10  1.161954390181439e-09  -7.72424112046276e-05     0.1195289800246113

cov:
0.05349122407560714 0.05351220416475233 0.05352434502280334 0.05353674315725254 0.05355261441006998
0.05351220416475233  0.0535432396821985 0.05356131667870654 0.05357946424019498 0.05360292128193133
0.05352434502280334 0.05356131667870654 0.05358291373124354 0.05360445708386504 0.05363240019689654
0.05353674315725254 0.05357946424019498 0.05360445708386504 0.05362929891584059 0.05366158017526014
0.05355261441006998 0.05360292128193133 0.05363240019689654 0.05366158017526014 0.05369959949916833

cov.inverse():
 64579341.67667483 -77022793.40673126 -34288860.77940503  6415285.258044893  40316757.06737544
-77022793.42147581  176147661.1517525 -62266717.31494754 -40397133.83688325  3538765.319784696
-34288860.75018797 -62266717.37251106  197926428.4380209 -57183674.37798446 -44185934.83362063
 6415285.244150398 -40397133.79266364 -57183674.41133436  178346824.1260995 -87181760.18179239
 40316757.06679761  3538765.318383702 -44185934.82861719 -87181760.18481699  87511897.54392488

cov*(cov_.inverse()):
     1.000000000465661 -1.396983861923218e-09 -4.656612873077393e-10 -9.313225746154785e-10 -9.313225746154785e-10
                     0     0.9999999986030161  9.313225746154785e-10 -1.862645149230957e-09                      0
                     0  -4.94765117764473e-10     0.9999999995343387                      0 -9.313225746154785e-10
-4.656612873077393e-10 -2.735760062932968e-09  4.656612873077393e-10     0.9999999990686774                      0
                     0 -2.328306436538696e-10                      0                      0                      1
