6
2

5.378827336577832e-05
 5.76538659942126e-05
6.734286401932296e-05
9.800132489505071e-05
 0.009562920776547504
   0.5668401195367192

-0.002506221132380691    0.0182440967028634   -0.1927638422459685   -0.2365561476560878    0.8475001243894437   -0.4339213074737078
 0.003720425922481529  -0.06503170966557846   -0.4767396541208982    0.8315899870718094  -0.01666574581347771   -0.2768694343476767
   -0.105560476760266    0.6530894894383067   -0.6373479545789469   -0.2027463251719897  -0.04373949768589566    0.3363026513377932
   0.6654363724566859   -0.5034515009465312   -0.3996952285821426   -0.1567373326615602   0.05297893216656421    0.3414694509786639
  -0.6162277810751374   -0.3860237259611553  -0.05439441871702291    0.1416888492704994    0.3314784886820266    0.5816670298136194
   0.4077923725079165    0.4079637455074073    0.4082082306450914    0.4083514277920604    0.4084946666801338    0.4086786297613421

0.3997000994962425
0.3997829274077837
0.3999254277314195
 0.399936324104174
0.3999518629929271
0.3999714773413351

-0.0002283987668430989
    0.3998545318116109

 0.4241653675662984   1.367270272632433   1.490473558947597   1.032381423328971 -0.3430784129422358  -3.971206433138666
 0.6546922050505695   0.664087074990579  0.2747670094573519 0.03615766952610261 -0.0479466017529725 -0.5817206797614825

 2.675576813979097e-09   3.87520084924965e-09 -7.399443455949474e-09 -2.437434999578876e-08 -0.0002878481955309798 -0.0007476187576941987
 4.650571519759771e-10  6.709358246383117e-11 -5.166072172056012e-11 -2.068276831472639e-09 -9.363295142573855e-05     0.1309349486607019

cov:
 0.0534664761043288 0.05347594988310381 0.05348929673842162 0.05349701075249878  0.0535050847896377 0.05351509150986218
0.05347594988310381 0.05349029511151857 0.05351063137769084 0.05352247969465625 0.05353455552883617 0.05354983740805215
0.05348929673842162 0.05351063137769084 0.05354105262472494 0.05355885480536329 0.05357669748009067 0.05359958055998815
0.05349701075249878 0.05352247969465625 0.05355885480536329 0.05358018680118327 0.05360143629519984 0.05362881460008926
 0.0535050847896377 0.05353455552883617 0.05357669748009067 0.05360143629519984 0.05362599272952491  0.0536577193829251
0.05351509150986218 0.05354983740805215 0.05359958055998815 0.05362881460008926  0.0536577193829251 0.05369518755536771

cov.inverse():
 48572691.58565985    -50169557.42667 -13224107.57235081 -5005662.876535879   3933742.53213492  15893013.49707998
-50169557.45916249  121830457.3443166 -62720109.70677658 -38743101.71715067 -3407104.226396337  33208989.33317574
-13224107.49213256 -62720109.87233749  187425061.6971343 -68493330.44018543 -50134057.98119751  7146481.216148583
-5005662.869232711 -38743101.67566513 -68493330.49775572  239010888.8788081 -72372583.37712449 -54394889.41981917
  3933742.44103353 -3407104.034014836 -50134058.13622315 -72372583.32808544  249057476.9833236 -127078438.4821407
 15893013.53315276  33208989.23237683  7146481.343401681  -54394889.4776399  -127078438.486847  125224875.6565574

cov*(cov_.inverse()):
    0.9999999997671694  1.396983861923218e-09 -2.502929419279099e-09 -2.328306436538696e-09 -9.313225746154785e-10                      0
-3.492459654808044e-10      1.000000000698492 -6.984919309616089e-10  4.656612873077393e-10 -1.862645149230957e-09  9.313225746154785e-10
-1.164153218269348e-10                      0     0.9999999973806553  9.313225746154785e-10                      0 -9.313225746154785e-10
-8.149072527885437e-10  1.396983861923218e-09  -2.91038304567337e-10     0.9999999995343387  9.313225746154785e-10                      0
-4.656612873077393e-10  1.396983861923218e-09 -2.270098775625229e-09  4.656612873077393e-10     0.9999999990686774                      0
-2.328306436538696e-10  6.984919309616089e-10 -6.402842700481415e-10  4.656612873077393e-10                      0                      1
