7
2

4.489279873897424e-05
5.315326562938987e-05
6.375319081963127e-05
7.114251548951717e-05
0.0001081085763257956
  0.01081583521486013
    0.609865713791693

  0.01131611229057641  0.008358152778000838  -0.01833130025620216  -0.07191601180085816   -0.3394082948530843    0.8354875442883741    -0.425507591337976
-0.003076642113814984   0.01474747399557225   0.08324766214506205    0.4905078374906034   -0.7960982815927327   -0.1140745197709015    0.3247452299509004
  0.03605579717427893   -0.2513932176135651   -0.4931844364810669    0.7282799528756176    0.2687662746776014   0.01068949545991986   -0.2992144310742771
  -0.1434345284755179     0.742654501506044   -0.6300453218342024  -0.08647590040169384  -0.05039166629535493   0.02529578303452655    0.1423953715786306
   0.7144053195180898   -0.3296478319957472    -0.428895749384143   -0.2700425139158866   -0.0993383751555223   0.08693804739471168    0.3265830465281664
  -0.5701557398957593   -0.3655931834873951   -0.1607092486580826  -0.02436227564466237    0.1531138080564722    0.3709031774939606    0.5948361691087457
    0.377540020547808         0.37769342842    0.3778448991080294    0.3779469509065481    0.3780779734364702    0.3782407092918222    0.3784065979448357

0.3981852040727419
0.3982649959597748
0.3983955659450788
0.3984046291976737
0.3984154753068388
0.3984294312989893
0.3984440503521191

-0.0001851758714359357
    0.3983452597374726

 0.06806250210822691   0.6797894910060618   0.9288485643820683    1.499394826681073    1.361223356963575  -0.7622753110412678   -3.775044687141067
  0.6067099130725205   0.5745982350462341 -0.01206727811232891   0.3007653746311162 -0.02790019642616548   0.4752663618819006  -0.9173835725973452

 7.840219724099035e-10 -3.955473511300808e-09  7.936671228338261e-09 -4.277863686287245e-09 -2.820307270760655e-08 -0.0003267288748268449 -0.0007721641979687873
 1.586417262234958e-09 -4.994793608100626e-10  1.522120301732288e-09  1.032981342412449e-09 -1.023047447708321e-09 -0.0001093858561600866     0.1403187616560565

cov:
0.05305250474565879 0.05306039305928142 0.05306799745085385 0.05307323466422819 0.05307979696708161 0.05308812380635564 0.05309648395041656
0.05306039305928142 0.05307320239872977 0.05308571368671988 0.05309421862596368 0.05310503399476957 0.05311858025713017 0.05313230661958215
0.05306799745085385 0.05308571368671988 0.05310315402813625 0.05311492757317117  0.0531300038016084 0.05314877874293634 0.05316788099630566
0.05307323466422819 0.05309421862596368 0.05311492757317117  0.0531288880795443 0.05314679674027808 0.05316905156915229 0.05319173176056173
0.05307979696708161 0.05310503399476957  0.0531300038016084 0.05314679674027808 0.05316840249259101  0.0531951846536674 0.05322252229015378
0.05308812380635564 0.05311858025713017 0.05314877874293634 0.05316905156915229  0.0531951846536674 0.05322753019466524 0.05326058187601568
0.05309648395041656 0.05313230661958215 0.05316788099630566 0.05319173176056173 0.05322252229015378 0.05326058187601568 0.05329951486454481

cov.inverse():
 48122989.80163713 -43394035.83177674 -12929114.15518139 -8533138.903912956 -3299400.522850378   9505722.80844873   10527146.2871043
-43394035.84387004  133931682.8845565 -49488275.42973672 -47855220.71171907 -26779432.58259822  3466800.496332376  30118199.55156743
-12929114.15523148 -49488275.39607568   156632841.473089 -52587997.98544656 -43064203.80313129 -18597528.00860356  20034475.82017952
-8533138.897309888 -47855220.66430429 -52587998.11121112   225937158.898023 -74788522.54349497  -50144084.0794673    7971526.7515272
-3299400.520361743 -26779432.76861496 -43064203.53711303 -74788522.62532629  300601372.2236049 -108844634.3746646 -43824631.34661161
 9505722.837310195  3466800.555676437 -18597528.04148645 -50144084.10467605  -108844634.488229  351767438.1270226 -187154239.9811607
  10527146.2612945  30118199.58507096   20034475.7464198  7971526.786820767 -43824631.23238882  -187154240.064611  162327712.6715023

cov*(cov_.inverse()):
     1.000000000116415  1.164153218269348e-09 -9.313225746154785e-10  4.656612873077393e-10  1.396983861923218e-09 -1.862645149230957e-09 -1.862645149230957e-09
-5.820766091346741e-10     0.9999999993015081 -6.984919309616089e-10 -6.402842700481415e-10  2.328306436538696e-09 -1.862645149230957e-09  1.862645149230957e-09
-2.328306436538696e-10  6.984919309616089e-10     0.9999999997671694 -1.164153218269348e-10                      0  3.725290298461914e-09                      0
-6.984919309616089e-10                      0                      0     0.9999999988358468  9.313225746154785e-10 -3.725290298461914e-09                      0
-1.164153218269348e-10 -1.164153218269348e-09 -1.629814505577087e-09  6.402842700481415e-10      1.000000000931323                      0                      0
 2.328306436538696e-10  4.656612873077393e-10 -6.984919309616089e-10  9.895302355289459e-10  1.862645149230957e-09                      1                      0
                     0                      0 -4.656612873077393e-10 -2.328306436538696e-10  9.313225746154785e-10                      0                      1
