4
2

4.763557888529362e-05
7.948853991525946e-05
 0.008528971488334309
   0.4628343331886816

0.04850510484583424   0.524768079688915 -0.8148155040371603   0.241539669048733
 0.6757702434714554 -0.6300528544058674 -0.2924167702703874  0.2466990295039373
-0.5398365143449301 -0.2790692425289166 0.02344957729642598  0.7938179973891194
 0.4995581754133754  0.4997721691620734  0.5000182438370854  0.5006507406753457

0.4002035975093846
0.4002586111683389
0.4002802380094688
0.4002841449845537

0.0001480988990484341
   0.4004039109880724

0.4760772948116451   1.08876460895901  2.264100042951204 -3.828938985344679
0.7024766370689441 0.6432543425148036 0.2184667865751759 -0.564140689949015

-4.935904601497289e-09 -1.245309543456587e-08 -0.0002580376361872679  -0.000622779772307149
 1.301596411607808e-10 -8.443172472500581e-10 -7.284789559506602e-05     0.1069382561533628

cov:
0.05348050309462858 0.05349315751427898 0.05350761226954776 0.05354504817846131
0.05349315751427898 0.05351077954913656  0.0535309798567629 0.05358305463826162
0.05350761226954776  0.0535309798567629 0.05355785522785054 0.05362691419683733
0.05354504817846131 0.05358305463826162 0.05362691419683733 0.05373923404882101

cov.inverse():
 73316012.78480335 -56166120.03374982 -48692232.34563761   31542262.1447238
-56166120.12428402  184186851.7988265 -159277215.9776697   31255917.3747394
-48692232.21955505 -159277216.1343974  306120488.8307749 -98150068.32359314
 31542262.10917571  31255917.44093258 -98150068.35423835  35351579.74191828

cov*(cov_.inverse()):
     1.000000000232831  1.629814505577087e-09 -9.313225746154785e-10  2.328306436538696e-10
 2.328306436538696e-10                      1 -9.313225746154785e-10 -6.984919309616089e-10
 2.328306436538696e-10  6.984919309616089e-10     0.9999999990686774 -6.984919309616089e-10
-2.328306436538696e-10                      0                      0                      1
