5
2

2.170059321115782e-05
3.133710499374532e-05
4.737945122042707e-05
 0.009940779255204627
   0.5169695854882345

 0.01357497848573878  0.05453263374962852   0.3013548457265404  -0.8319468521253184    0.462484166227717
-0.06137070638264198  -0.4999494658104635   0.7994913091008948  0.07932731022587849  -0.3174980197708192
  0.6616373535947208  -0.6570489319957082  -0.2627048868358077  0.01031915152165005   0.2477950177786714
 -0.5990206638257648  -0.3401045488096351 -0.03184306076078649   0.3180838252068537   0.6506241924582079
  0.4466090158014296   0.4468694667735255   0.4471812446237431   0.4475352593313171   0.4478718486156887

0.3998217380376313
0.3998548630264233
0.3998754799412895
0.3998878267727913
  0.39989515716055

8.196345477473392e-06
   0.3999382557554443

 0.4424277943450261  0.8123710850350877   1.894028539481924     1.1449910528436  -4.293815120998004
 0.7408165968507818  0.6374091355674335  0.4062054784483982 0.09459007088688592 -0.8790177697600512

-1.091258636646813e-09  2.489474235419592e-09 -4.019969658090798e-09 -0.0002995288724232362 -0.0008191265084601075
-1.497500554990075e-10  2.427646332942397e-10 -5.661626936921911e-10 -0.0001200956013700621     0.1191932874998723

cov:
0.05334254777766508  0.0533583067219556  0.0533772734809258 0.05339881517854374  0.0534193061166694
 0.0533583067219556 0.05338071247913601 0.05340758635181635 0.05343810535033139 0.05346712754025576
 0.0533772734809258 0.05340758635181635 0.05344387853789763 0.05348508574060083 0.05352426571582919
0.05339881517854374 0.05343810535033139 0.05348508574060083 0.05353842800098618 0.05358913862273186
 0.0534193061166694 0.05346712754025576 0.05352426571582919 0.05358913862273186 0.05365080831413502

cov.inverse():
 199241692.0670231 -160840730.8343937 -118706506.6321167 -25900332.61868946    106205185.47175
-160840730.6826403  453159458.4666494 -295235758.4813221 -139747976.0561899  142665446.3159064
-118706505.8520677 -295235759.3704101  874484062.1386212 -469015473.3044761  8474151.612894433
-25900334.67168776 -139747973.6612753 -469015473.0219879  1476221717.471529 -841557512.9949845
 106205186.5929461  142665444.9618338  8474151.221369691 -841557512.3705868  584212102.9951736

cov*(cov_.inverse()):
                     1 -1.862645149230957e-09 -5.937181413173676e-09                      0                      0
-1.862645149230957e-09     0.9999999953433871  1.455191522836685e-09 -1.490116119384766e-08 -3.725290298461914e-09
-9.313225746154785e-10 -1.862645149230957e-09      1.000000003376044 -7.450580596923828e-09 -3.725290298461914e-09
-9.313225746154785e-10                      0 -6.461050361394882e-09     0.9999999925494194 -3.725290298461914e-09
-9.313225746154785e-10 -9.313225746154785e-10                      0                      0                      1
