5
2

 5.44813521353843e-05
6.106667970420633e-05
7.184428779529054e-05
 0.006126592447223724
   0.5154406631812968

 0.05776906985758318  0.07276841561838519   0.2608622494862965   -0.846362667257526   0.4549600142010891
 -0.2557609646352867  -0.2965071958823952   0.8542931179642993  0.03772475090935621   -0.339749795476685
  0.5719033455903263  -0.7946721499731729  -0.0315348314439321  0.06353721371787197    0.190765076044803
 -0.6359692644288573  -0.2746022108238533 -0.03397643084525326   0.2794408121828945   0.6639993638144939
  0.4468990059745351   0.4470772196679406   0.4471971734532828   0.4473510183302226   0.4475432856911871

0.3982028184580061
0.3983303830695366
0.3983379163167283
0.3983459970273945
 0.398357675112694

-0.0001517223735995838
    0.3982897257744482

  1.843873763228078   1.557506066876956   1.620688472008404 -0.1495257384037753  -4.872536485951078
  1.394496326592676   0.327526606115439   0.401503008452172 -0.2468650830452795 -0.8766613448254005

-4.296862346790965e-09  7.834708407290373e-09  -6.05614597650941e-09 -0.0001851439895448195 -0.0006491449168862777
 5.705169185222976e-11  6.628997372736051e-10  1.763502638778252e-09 -6.161485225611953e-05     0.1185992655267914

cov:
0.05307626893733493 0.05308879829988099 0.05309729778174561 0.05310808327426889 0.05312173259550884
0.05308879829988099 0.05310624731539926 0.05311801076608044  0.0531330541262739  0.0531519279060382
0.05309729778174561 0.05311801076608044 0.05313195940233612 0.05314983467729067 0.05317218749473076
0.05310808327426889  0.0531330541262739 0.05314983467729067 0.05317140950259883 0.05319829112152299
0.05312173259550884  0.0531519279060382 0.05317218749473076 0.05319829112152299 0.05323073909707895

cov.inverse():
 82042988.90809458 -66292652.78933053 -57007648.42430834 -12024538.86814647  53281673.74183238
 -66292652.7566221  147708026.8086814 -56675042.30935904 -33532973.01781947   8792795.76730261
-57007648.50517739 -56675042.20974694   218825088.877386 -66128932.58867574 -39013728.99875029
 -12024538.8012046 -33532973.08803649 -66128932.61894936  242499124.2652903 -130811869.6192941
 53281673.72305138  8792795.770615721 -39013728.94973388 -130811869.6528427  107750624.1913496

cov*(cov_.inverse()):
                     1  5.820766091346741e-11  1.862645149230957e-09                      0  9.313225746154785e-10
                     0      0.999999999825377 -1.396983861923218e-09                      0                      0
-4.656612873077393e-10 -1.164153218269348e-10      1.000000001164153  9.313225746154785e-10                      0
-4.656612873077393e-10  9.313225746154785e-10  1.164153218269348e-09     0.9999999981373549                      0
-4.656612873077393e-10 -9.895302355289459e-10  1.164153218269348e-09                      0      1.000000000931323
