6
2

4.037731402163623e-05
5.755838730376739e-05
6.565768177824082e-05
9.320474874189704e-05
  0.01183872619796644
   0.5660823736022692

  -0.0356293876520553  -0.08373860017693474    0.6191174139471581   -0.7580480788553686    0.1435695249808163    0.1147297823749233
 -0.05884506999751714      0.60230995124348    -0.532375846168615   -0.4207378862081622    0.4162593591977153 -0.006611790658382728
  -0.1033111328070566    0.3749621209798291   -0.0354014290398007    -0.111243563377836   -0.7056535050044863      0.58065046023598
   0.7100092111976267   -0.4287487664683664   -0.3756934663413324   -0.2419025534440053    0.0010790124285889    0.3352578485050899
  -0.5605976363512164   -0.3733959542347903   -0.1559829603412361    0.1034396039327771    0.3757592944478452    0.6083422297818822
   0.4076908441976632    0.4078773515613944    0.4080932006505286    0.4083515811592678    0.4086231229632144    0.4088524315299876

0.3995945754520304
0.3996697657224806
0.3997148425095861
0.3997505519023842
0.3998221095400748
0.3998339932989924

-0.0001258753495617373
    0.3997613389114567

 0.4484267760840812   1.191282130887569   1.644844184301915  -0.526131129208499 -0.5848659812463411  -2.173544894608395
 0.5711075456530053  0.6664275947400536  0.3948968521312778 -0.1499779779907317 -0.2076632827734993 -0.2747254101560972

 1.578339011422243e-09 -6.369629883796722e-10 -1.934315036869286e-09 -1.226958628650865e-08 -0.0003572877962701884 -0.0008104604893642933
  3.59798284889741e-10  4.506684041166244e-10  7.785817441494618e-10  -7.35334080070826e-10 -0.0001249166494473764     0.1305474512028316

cov:
0.05330650614695811 0.05331615630709886   0.053327274120394 0.05334064791909702  0.0533547284580708  0.0533664136419153
0.05331615630709886 0.05333074299034191 0.05334757412992044  0.0533677688000754 0.05338900864403261 0.05340680831110661
  0.053327274120394 0.05334757412992044 0.05337105094547434 0.05339916670964111 0.05342872240637176 0.05345362454679006
0.05334064791909702  0.0533677688000754 0.05339916670964111 0.05343673965114316 0.05347621799611579 0.05350959559429629
 0.0533547284580708 0.05338900864403261 0.05342872240637176 0.05347621799611579 0.05352611930061313 0.05356839005923585
 0.0533664136419153 0.05340680831110661 0.05345362454679006 0.05350959559429629 0.05356839005923585 0.05361826804799039

cov.inverse():
 62331852.57726791 -52894817.38571856  -33931053.2695125  6934186.648703782  6466415.805108768  11093471.33326278
-52894817.39351083  167578922.3385891 -113124293.9839038 -35293244.46770095  6871778.484593675  26861591.03606166
-33931053.21114907 -113124294.1913708  337198503.0800232 -208883717.6409485 -6622274.242982512  25363216.88927074
   6934186.5445726 -35293244.12710387 -208883717.8623853  415506475.5183539 -101439240.3709846 -76824711.82558756
 6466415.872260361   6871778.38785807 -6622274.344707449  -101439240.184371  180453185.0744922 -85730454.60173865
 11093471.31967089  26861590.99187493  25363217.06332966 -76824711.99717265 -85730454.54643381  99237375.45097221

cov*(cov_.inverse()):
     1.000000000465661  1.396983861923218e-09 -4.190951585769653e-09  9.313225746154785e-10  9.313225746154785e-10 -9.313225746154785e-10
 5.820766091346741e-10      1.000000000465661 -2.095475792884827e-09  4.656612873077393e-10 -9.313225746154785e-10                      0
 1.164153218269348e-10                      0      1.000000002095476 -1.862645149230957e-09                      0 -9.313225746154785e-10
 1.164153218269348e-10 -6.984919309616089e-10 -1.164153218269348e-09     0.9999999986030161                      0                      0
 9.313225746154785e-10  1.164153218269348e-09  9.313225746154785e-10                      0                      1                      0
 2.328306436538696e-10 -6.984919309616089e-10  4.656612873077393e-10  4.656612873077393e-10                      0      1.000000000931323
