4
2

  0.00017718824772667
0.0002246030720717653
 0.006977537196818784
   0.4584040030018712

  0.3748214410666226  -0.7335399137633803  -0.1791646288154195   0.5378922922055924
-0.00689323786938153   0.4589451639482279  -0.8121612972649537   0.3601608626504522
 -0.7811210692818049 -0.03645384865817016   0.2409561950771602   0.5748574641561113
  0.4993107706754046   0.4999596466941649   0.5002341202479874   0.5004946861902743

0.3983251586671741
0.3986973636508662
 0.398808049934529
0.3989123904084724

-0.001411427275375551
   0.3981479969227404

 3.508142706128298 -0.461237261386468 -1.222335484142811 -1.824132932930419
 -2.02415042884531  7.248422498842029  1.211944893852873  -5.43280989523597

 2.797591014264569e-08  5.038964086851178e-09 -0.0001979873719303717 -0.0007080127004504567
-2.893144874768371e-07  2.015849623851959e-08 -7.371999195846967e-05     0.1051516614701152

cov:
0.05241853683783384 0.05245828573079071 0.05247654127357884 0.05249119031948583
0.05245828573079071 0.05252517044040067  0.0525534717158502 0.05258026444056156
0.05247654127357884  0.0525534717158502 0.05258562667581868 0.05261688140465719
0.05249119031948583 0.05258026444056156 0.05261688140465719 0.05265366388163458

cov.inverse():
 4488331.056577831 -8819590.011699989 -2031868.159440028  6363262.812881936
-8819590.011317413  21314044.73729673 -3202874.446147996 -9291320.485767478
-2031868.160141303 -3202874.444593701  14098972.56322589 -8865115.346414665
 6363262.813200679 -9291320.486939298 -8865115.345561644  11793682.06924098

cov*(cov_.inverse()):
                     1 -5.820766091346741e-11                      0                      0
 5.820766091346741e-11                      1                      0  1.164153218269348e-10
                     0                      0     0.9999999999417923                      0
                     0 -5.820766091346741e-11                      0                      1
