5
2

5.381235897984392e-05
5.771534364711446e-05
 8.80388484698851e-05
 0.008662495754838613
   0.5174836696077091

-0.003358570198552369    0.1799491531011659    0.2316480257497018    -0.848562479802488    0.4403270742778739
 -0.01564189277562435   -0.5247062817313007    0.8126846448937938  -0.02019317215320178   -0.2521399469626907
   0.4636887125581921   -0.6865353063224622   -0.2841839930506429   0.02508314416217988    0.4819464129875655
  -0.7650360157664458   -0.1451681346395871   0.07122532115165145    0.2805423408339995    0.5566588325821208
   0.4466057810003653    0.4470985417867875    0.4472686797001894    0.4474380231363476    0.4476562452599859

0.3996600426600028
0.3998841410547805
0.3998946986425996
0.3999098175302289
0.3999289182274728

-0.000221987104098518
   0.3998154819086661

  0.9972908852573301    2.178368073651023    1.467852178299063  -0.3103619601113744    -4.33314039210243
  0.9321143920090118    0.604178790324726   0.2574033272511351 -0.03400819445144132  -0.7596494493166365

-2.652428115910463e-09  3.774501638699017e-09 -2.748726856469897e-08 -0.0002606695500104132 -0.0007390263838743817
-4.066190370475942e-10  2.325613367345025e-10 -3.276220776155722e-09 -9.116327223344699e-05     0.1195050668131113

cov:
0.05345630643841705 0.05347964967250544 0.05348757632061557 0.05349581398162224 0.05350606304283632
0.05347964967250544 0.05353190177957812 0.05354991041128349 0.05356790470575725 0.05359102289445537
0.05348757632061557 0.05354991041128349 0.05357144779310644 0.05359284576681025 0.05362045803774394
0.05349581398162224 0.05356790470575725 0.05359284576681025 0.05361754557345773 0.05364950238280781
0.05350606304283632 0.05359102289445537 0.05362045803774394 0.05364950238280781 0.05368719953647347

cov.inverse():
 27825011.43016854  -38814840.7560567 -21086690.38073134  2576724.440820089  29499736.06769266
 -38814840.8159154  154644333.4131576 -88446770.15334365 -51772915.80030584  24389962.89118939
-21086690.28599631  -88446770.3878767  227222480.7691521   -73726988.566671  -43960917.8780411
 2576724.426409479 -51772915.67451394 -73726988.70932721  248863295.5779918 -125941080.8073824
 29499736.04722739  24389962.94007061 -43960917.87518264 -125941080.8386568  116012459.6466658

cov*(cov_.inverse()):
    0.9999999993015081  1.164153218269348e-09 -4.656612873077393e-10 -9.313225746154785e-10  9.313225746154785e-10
-6.984919309616089e-10      1.000000001164153 -4.656612873077393e-10  9.313225746154785e-10                      0
-4.656612873077393e-10 -1.164153218269348e-09     0.9999999986030161                      0                      0
-4.656612873077393e-10  1.396983861923218e-09 -1.396983861923218e-09     0.9999999990686774  9.313225746154785e-10
-4.656612873077393e-10  2.328306436538696e-10 -4.656612873077393e-10  9.313225746154785e-10      1.000000000931323
