6
2

5.073740014453552e-05
5.583640598924687e-05
6.474087076699272e-05
7.354686659786045e-05
 0.008511946947864654
   0.5647546013000199

 -0.0323358543907351 0.006565070073087913  0.06572592987917728    0.386385618886432  -0.8273412717363755   0.4010037008765129
 0.04257568675177186   -0.040786745630747  -0.5933012955726467   0.7323212816182353    0.151304375461275  -0.2921127374928819
 -0.1557311569425771  -0.5560776473617562   0.6478311978960573   0.3550636156625264  0.05245175818601668  -0.3435386991160518
   0.682023161580565  -0.6460271036995259  -0.1856980720767681  -0.1271683316965071  0.01904142401947128   0.2578279541963249
 -0.5842926404441491  -0.3244031039730789  -0.1514050544331172  0.07390259030300771   0.3501907069200714   0.6343075924824381
  0.4078431408841114    0.408022791959758   0.4081435401485267   0.4082990881687841   0.4084924871637632   0.4086881045999216

 0.398173852229766
0.3983006646445531
0.3983073858796326
0.3983149165834175
0.3983253046466639
0.3983356746373667

-0.0001367619006926329
    0.3982638929730952

 0.8536880278753033   1.020236488390446    1.54584456224631    1.05503728741207 -0.9752118384221491  -3.499595581493403
  1.093963409824996   0.185890904679217  0.3908976113635066 0.09163149543934387  0.2518706281083051  -1.014260516516395

-2.784635665227888e-10  2.260122106947839e-09  7.657107417916765e-09 -7.675334417176002e-09 -0.0002570047142621922 -0.0007852534637995331
-1.514095481356737e-09  6.502456590458102e-10  1.566258099415872e-09  1.541970603777899e-09 -9.470079224958049e-05     0.1299200660028047

cov:
 0.0530772413575132 0.05308960369847204 0.05309798785489211 0.05310868404944743 0.05312214592619592 0.05313556517440692
0.05308960369847204 0.05310688024903146 0.05311852367222351 0.05313347104468221 0.05315214595079294 0.05317092547038749
0.05309798785489211 0.05311852367222351 0.05313234833180672 0.05315012219526271 0.05317226727236566 0.05319461507050472
0.05310868404944743 0.05313347104468221 0.05315012219526271 0.05317158787947497 0.05319824976742605  0.0532252450138395
0.05312214592619592 0.05315214595079294 0.05317226727236566 0.05319824976742605 0.05323045965630702  0.0532631520687526
0.05313556517440692 0.05317092547038749 0.05319461507050472  0.0532252450138395  0.0532631520687526 0.05330171074876426

cov.inverse():
 92772857.48062584 -61431421.77147187 -56410922.75132309 -24080087.14719978  12907755.32579427  36241715.91203158
 -61431421.7619416  151484168.3676012 -55840460.24060848 -40514271.93848985 -13323934.58092557  19626170.82933722
 -56410922.7693253 -55840460.16519963  221089716.9228574 -70250966.52198066 -42464130.10119148  3876632.532267109
-24080087.15398742 -40514271.95333801 -70250966.52826393  263078373.6492133  -84643207.5047546  -43589283.1970122
 12907755.35683273 -13323934.71931338 -42464129.91160406 -84643207.60131165  273964731.0780773 -146442233.2985643
 36241715.89625283  19626170.91669488  3876632.406368777 -43589283.12837384 -146442233.3128829  130287460.2412863

cov*(cov_.inverse()):
    0.9999999997671694 -1.629814505577087e-09 -1.688022166490555e-09 -1.862645149230957e-09  9.313225746154785e-10 -9.313225746154785e-10
 4.656612873077393e-10     0.9999999987194315 -8.731149137020111e-10 -1.396983861923218e-09  9.313225746154785e-10 -1.862645149230957e-09
                     0 -4.656612873077393e-10     0.9999999982537702 -2.793967723846436e-09                      0 -9.313225746154785e-10
 4.656612873077393e-10                      0 -5.820766091346741e-10     0.9999999972060323 -9.313225746154785e-10 -9.313225746154785e-10
 4.656612873077393e-10 -9.313225746154785e-10 -1.076841726899147e-09 -4.656612873077393e-10      1.000000000931323 -9.313225746154785e-10
                     0 -1.164153218269348e-09 -9.022187441587448e-10 -9.313225746154785e-10 -9.313225746154785e-10                      1
