5
2

3.911727201799678e-05
4.624663483847934e-05
6.986907919034997e-05
   0.0104630924593506
   0.6067997538002787

 0.01082759539496392  -0.1754385749692793 -0.06667897496451985   0.8004506110420098  -0.5691544633672529
 -0.3716538540878657    0.817218655612487  -0.4217417704397111  0.07718565409573332  -0.1010115613617911
  0.6062543424036326 -0.09707963914978297  -0.7614346675348341  0.05053164799639046   0.2017300562786126
 -0.5431979321986706   -0.304015572041155  -0.1954763046299655   0.3875051413357714    0.651259793153343
  0.4462598510861422   0.4466822706921613   0.4468714074187211    0.447892299636196    0.448358704070837

0.4169162796854831
0.4167416189556306
0.4167397672838036
0.4162390661023463
0.4160151845057887

0.002514588343635729
  0.4175365118379223

-0.2447094021701194   2.476637170562587  0.5707315824791028   1.545754864504683  -4.348822741293907
  3.200626297026807   4.221440878237237  -4.082865444830332  -9.659135464816142   7.321723093661198

 4.953512364488088e-09  5.203135648840057e-09 -7.920737876400364e-09 -0.0003245754076496291  -0.001985097058141655
-1.887080115653754e-08  5.340685696761815e-09  2.747576452623852e-08 -0.0001312045788623712      0.164199180963558

cov:
0.07335972788225895 0.07341491142381863 0.07343953400805499 0.07357261613951366 0.07363356941961967
0.07341491142381863 0.07347642910077272  0.0735039222816621 0.07365242668666662 0.07372035829123376
0.07343953400805499  0.0735039222816621 0.07353272380546057 0.07368822275967747 0.07375932065793883
0.07357261613951366 0.07365242668666662 0.07368822275967747 0.07388131779027275 0.07396942312306173
0.07363356941961967 0.07372035829123376 0.07375932065793883 0.07396942312306173 0.07406522748772713

cov.inverse():
 139952548.5466922 -155305439.3604437 -21746365.34401467 -1475003.210007011  38575041.26264893
-155305439.5283434  334306041.3355792 -138360096.0171967 -63287872.35237819  22645536.51491699
-21746365.24748663 -138360096.2832134  204836376.7781851 -57983584.49262419  13253704.84793467
-1475002.911731496 -63287872.25884651 -57983585.01891911  422037961.3576279 -299288358.4042923
 38575041.03574823  22645536.51950249  13253705.20473649 -299288358.5387802  224811959.3142868

cov*(cov_.inverse()):
     1.000000001396984  1.396983861923218e-09 -1.513399183750153e-09 -3.725290298461914e-09 -1.862645149230957e-09
 4.656612873077393e-10     0.9999999972060323  5.820766091346741e-10                      0 -3.725290298461914e-09
 9.313225746154785e-10 -2.095475792884827e-09     0.9999999991850927                      0 -1.862645149230957e-09
-1.396983861923218e-09  1.862645149230957e-09 -3.492459654808044e-10                      1 -1.862645149230957e-09
 1.396983861923218e-09  4.656612873077393e-10  1.164153218269348e-10                      0     0.9999999981373549
