5
2

5.673401034172754e-05
7.098652471851435e-05
9.061019032902949e-05
 0.006170899663575677
   0.5089732024567293

-0.004736265346008005   -0.1820405196040622   -0.1318049686013374    0.8296323256689286   -0.5110542744856169
 -0.07733519475286256    0.5319281075292515   -0.8034435192812391    0.1259437068488782    0.2229090624066836
    0.600263414213977   -0.6175060308419373   -0.3641521387820824    0.0278565201836759    0.3535355279653058
  -0.6586210521294553    -0.320391831837331   0.06699790524673145     0.308259013909318    0.6033697413858391
   0.4471006359771567    0.4471566991652795     0.447225292319165    0.4472681315913757    0.4473171850859651

0.3787847907734891
0.3788310754453347
0.3789307853519759
0.3789179606457835
0.3789029832849833

0.0002440836081950708
   0.3789994576977991

    1.10836426775059    2.689526801797065    1.545271796728541   0.5134254334057168   -5.856614928913082
   0.633437995678361   0.9404439680483154     0.46872520364043 -0.09362882060806299  -0.9488879535544025

 8.756525093273352e-09 -5.731704701267201e-09 -2.967514915696976e-08 -0.0001852059276893502 -0.0002203880890221198
 5.512955536895138e-10 -7.490117736857995e-10 -5.823181226744443e-09 -4.906588408010114e-05     0.1158050546054371

cov:
0.05180109561427891 0.05179909990193537 0.05179733049324372 0.05179624292601932  0.0517945245776566
0.05179909990193537 0.05180147546538347 0.05180468988195618 0.05180670870969071 0.05180878983856826
0.05179733049324372 0.05180468988195618 0.05181362973507287 0.05181920307716594  0.0518256383009472
0.05179624292601932 0.05180670870969071 0.05181920307716594 0.05182700200396154 0.05183614637376167
 0.0517945245776566 0.05180878983856826  0.0518256383009472 0.05183614637376167 0.05184861447106078

cov.inverse():
  45091600.0409201 -53037137.83538564 -14100548.88461014 -1122327.965807426  23168199.50726807
-53037137.84901695  112892653.5334187  -49969385.7242372 -35724013.09835126  25838531.55912538
-14100548.84548044 -49969385.79468652  149651747.9963162 -55288478.82792336 -30293404.49582229
-1122327.994232168 -35724013.02866172 -55288478.88106771  217082510.8521121  -124948599.630493
 23168199.51019447   25838531.5462536 -30293404.47399705 -124948599.6423728  106235837.7375493

cov*(cov_.inverse()):
    0.9999999993015081  4.656612873077393e-10 -2.328306436538696e-10                      0                      0
-2.328306436538696e-10                      1 -2.328306436538696e-10 -9.313225746154785e-10                      0
                     0                      0     0.9999999993015081  9.313225746154785e-10                      0
                     0                      0                      0     0.9999999990686774  9.313225746154785e-10
                     0  4.656612873077393e-10 -1.396983861923218e-09                      0      1.000000000931323
