5
2

4.259134756031452e-05
5.143837029442534e-05
8.372460027034036e-05
  0.01002417741529732
   0.5148432303130926

-0.0001386782727868661     0.1019578765831955     0.2689143954654771    -0.8367370382356426     0.4660050953874477
  -0.02874132815515771    -0.5433064498369364     0.7950519453120747     0.0418272415380079    -0.2648299902621852
    0.4801120370435658    -0.6866844906684805    -0.3066028561030913    0.06648456266765188     0.4466893033390943
   -0.7545903164960672     -0.151776535873595    0.03916909594173314     0.3056144827714085     0.5591269151561634
     0.446385262929296     0.4470469621883266      0.447255992379596     0.4475502223854004     0.4478281884395548

0.4050633090539994
0.4052436360851326
0.4052421128780563
0.4052398352313077
0.4052394600471508

6.190222252507761e-06
   0.4052483335275518

  0.5667280511250236    1.776627945077853    1.903120780782206 -0.01556569370519228   -4.230923306337504
   1.083311310408622   0.5952226225174008 -0.08191867334599226  -0.3941405691418479  -0.2024165398489153

-2.296132543115353e-09  4.369349179993201e-09 -2.398991520822984e-08  -0.000300762536002209 -0.0008735964697611107
 4.969935934336853e-10 -1.012147762212208e-09  1.393240785503676e-10 -0.0001150178899747256     0.1182137108154593

cov:
0.05287372904450179 0.05290630975436571 0.05291656515166742  0.0529311768462124 0.05294484480476214
0.05290630975436571 0.05297553115572226 0.05299738450715204 0.05302818503167633 0.05305725535677493
0.05291656515166742 0.05299738450715204 0.05302291891776782  0.0530588460256408 0.05309279621803278
 0.0529311768462124 0.05302818503167633  0.0530588460256408 0.05310193445939133  0.0531426927465122
0.05294484480476214 0.05305725535677493 0.05309279621803278  0.0531426927465122 0.05318993382442795

cov.inverse():
  33201457.1842629  -41136975.1760376 -29656833.31054247  4160946.086531785  33431313.00923634
-41136975.25165512  184560531.5671096 -118105445.3743079 -62131205.48765924  36813044.95434286
-29656833.22722138 -118105445.5794273  292175217.2490617 -114379025.0007911 -30033176.47705454
 4160946.127688744 -62131205.45880081 -114379025.1442055  387246435.6894862 -214897907.6845535
 33431312.96037596  36813045.05498574 -30033176.45543816 -214897907.7579522  174686906.4285496

cov*(cov_.inverse()):
     1.000000000232831 -9.313225746154785e-10  6.984919309616089e-10                      0                      0
 4.656612873077393e-10                      1  2.328306436538696e-10 -1.862645149230957e-09                      0
 4.656612873077393e-10  6.984919309616089e-10     0.9999999988358468                      0                      0
 6.984919309616089e-10 -1.629814505577087e-09 -4.656612873077393e-10      1.000000001862645                      0
 2.328306436538696e-10  2.328306436538696e-10  4.656612873077393e-10                      0                      1
