5
2

6.146976292374292e-05
 7.00367172612433e-05
9.807047249562593e-05
  0.00891163980167572
   0.5166269406425051

-0.009791919092132515    0.0167108778950573   -0.3306362980432708    0.8091248547468245   -0.4854085626847149
  -0.0902534263561327    0.6284415781887431   -0.7039528151908289   -0.1264357128756509    0.2921984707851034
   0.6603742617404718   -0.5319339659200818   -0.4399368586001741   0.01629916961534072    0.2951982178911666
  -0.5966917850205045   -0.3493536529422583  -0.04014239017209399    0.3589404556245731    0.6256686636649138
   0.4467921054262733    0.4469677957527277    0.4471847731725997    0.4474673913554262    0.4476553544914281

 0.398952472165281
0.3990347585274719
0.3991727610949934
0.3991985084659202
0.3992160247829462

-0.0002240354085377217
    0.3991072504745554

  0.6175960753672799    1.278802690424864    2.134132452371813  -0.1401167049335969   -3.890407786004568
  0.7445196667180217   0.6119801788365441   0.2418382481505757 -0.02549740999487007  -0.5728226870607365

 4.098823359801304e-09 -9.189642706689302e-09 -2.271731197202448e-08  -0.000268854474159242 -0.0006371853654732917
 6.816410663193011e-10 -8.338008706501395e-11 -1.055813241346028e-09 -8.222103363597185e-05     0.1191699428937952

cov:
0.05330838614710046  0.0533176086081129 0.05332883162441545 0.05334362493178266 0.05335340160484719
 0.0533176086081129  0.0533317139628542  0.0533490151828756 0.05337165781851528 0.05338668077774171
0.05332883162441545  0.0533490151828756 0.05337393143156045 0.05340638573766655  0.0534279687648587
0.05334362493178266 0.05337165781851528 0.05340638573766655 0.05345151847692404 0.05348156622542368
0.05335340160484719 0.05338668077774171  0.0534279687648587 0.05348156622542368 0.05351728140464142

cov.inverse():
 47032820.81319676 -48127263.94703069 -16397051.05516628  1346001.145856897  16145603.04824397
 -48127263.9598802  110010458.4969212 -67320131.42470159 -13523425.33947704  18960078.54783899
-16397051.04716397 -67320131.43271221  150082072.5018374 -53402122.90873148 -12962435.20403088
 1346001.172844625 -13523425.37837382 -53402122.90130938  176552140.9466956 -110972770.9534996
 16145603.02610362   18960078.5818967 -12962435.21146125 -110972770.9579867  88829562.20593336

cov*(cov_.inverse()):
                     1  1.396983861923218e-09 -1.047737896442413e-09 -9.313225746154785e-10                      0
-2.328306436538696e-10      1.000000000582077  3.492459654808044e-10 -9.313225746154785e-10  9.313225746154785e-10
 2.328306436538696e-10  5.820766091346741e-10     0.9999999998835847 -1.862645149230957e-09  9.313225746154785e-10
 1.164153218269348e-10  1.047737896442413e-09  5.820766091346741e-10      1.000000000931323                      0
                     0  4.656612873077393e-10 -4.656612873077393e-10                      0     0.9999999990686774
