5
2

9.228882074007154e-05
0.0001248104695645231
0.0001756890282158169
 0.007639346880308764
   0.6054437789795397

  0.5427855085669956  -0.4182980686986175  -0.6198182557567345   0.1391349959932129   0.3561985403301404
  0.1817483570780793  -0.7390451429048851   0.5767243295270985   0.2000475963036016   -0.219430668760743
  0.1546220917243392 -0.09719093139499779   0.2878399142558139  -0.8145860192768414   0.4693013238477791
 -0.6702780678795528  -0.2640176164704702   0.0186330922677367   0.2770156270660371   0.6355605086430856
  0.4462854992709609   0.4468642115000142   0.4472307784533008   0.4475872782631783   0.4480980793999843

0.4150174435655543
0.4148421940418185
0.4146559024233791
0.4144741570590015
0.4142592785304006

0.002691437393114763
  0.4158626145850374

  4.030382308915669 -0.2977275539465542 -0.7765419331888309  -1.290964515416464  -1.665606693988138
  7.620722185848984  -3.417439556479276  -3.713277847024402  -5.745357147201609   6.256868660960289

 1.720975291227864e-08  9.532428445229635e-09  2.156136341653427e-08 -0.0002365637637189876  -0.002129915106036338
 7.918287041050153e-08  -1.17320852134364e-08  2.487261481262346e-07 -0.0001102917246932454     0.1632434375352297

cov:
0.07303468421631014 0.07311345653636479 0.07316237186472234 0.07321058214705578 0.07328012549131355
0.07311345653636479 0.07320200676577829 0.07325768106305913 0.07331210077493927 0.07339024755281512
0.07316237186472234 0.07325768106305913 0.07331809893957288 0.07337680654923645 0.07346094258829382
0.07321058214705578 0.07331210077493927 0.07337680654923645 0.07343950155367884 0.07352907105661301
0.07328012549131355 0.07339024755281512 0.07346094258829382 0.07352907105661301 0.07362629261195772

cov.inverse():
 37493375.76919826 -35763739.68593961  -31329289.4553826  7117059.349886992   22483256.1866466
-35763739.68976422   55912940.0521645  2172771.076772476  -13760321.6594054 -8563833.641938452
-31329289.45617766  2172771.067514388   69141601.5039092 -10315055.82416783 -29668704.10036805
 7117059.360838224 -13760321.65738934 -10315055.85028153  26340523.39931694 -9381242.173549077
 22483256.18031546   -8563833.6385212 -29668704.08430855 -9381242.186694792  25129773.09461973

cov*(cov_.inverse()):
     1.000000000232831 -2.328306436538696e-10  4.656612873077393e-10  1.164153218269348e-10  4.656612873077393e-10
 9.313225746154785e-10      1.000000000232831  4.656612873077393e-10                      0  2.328306436538696e-10
                     0 -4.656612873077393e-10      1.000000000931323  1.164153218269348e-10  2.328306436538696e-10
 9.313225746154785e-10 -4.656612873077393e-10 -4.656612873077393e-10      1.000000000116415  6.984919309616089e-10
 9.313225746154785e-10 -8.149072527885437e-10                      0  2.328306436538696e-10      1.000000000465661
