5
2

6.263618313927077e-05
6.868612424037551e-05
9.136786607805517e-05
 0.004873417031614949
    0.517121929446537

-0.03654145416578308 -0.01628222117055906   0.4771936003159131  -0.7955574599388525   0.3711794810524698
  -0.109603540883539  -0.4641945380186009   0.7301764415781763   0.2588030262979167  -0.4151793015586884
  0.6645904634622085  -0.6825188761110422  -0.1929163398889737 -0.02311604562518505   0.2339581882852209
 -0.5875087236691366  -0.3442985111985681 -0.04388393032044009   0.3153926833771177   0.6594647001401386
  0.4469953036005959    0.447084823144356   0.4471980751806092   0.4473280957211569   0.4474615243864358

0.3998961951079176
0.3998893099394581
0.3998809958470163
0.3998662275827948
0.3998591274425159

0.000176311678291958
  0.3999327868388062

   1.980599119522718    2.322895818650808    2.469298116099592   -1.141753192231274   -5.631032327459018
  0.9892999557890118    1.166172667840187   0.2242512294666867 -0.01578003580881099   -1.363998338773577

-4.459056303606614e-10   1.20306595778283e-08 -1.700116469823284e-08 -0.0001459525154698661 -0.0006132509399419467
-1.733550886910647e-09  3.595005896489638e-10 -4.177976067793068e-09 -4.505555541543912e-05     0.1193953887767681

cov:
0.05343902046285966 0.05344632011447258 0.05345566771232057 0.05346619771672131 0.05347734750123612
0.05344632011447258 0.05345504250581225 0.05346612063162684 0.05347872781220196 0.05349186657969696
0.05345566771232057 0.05346612063162684 0.05347935530318353 0.05349452539959736 0.05351012264082283
0.05346619771672131 0.05347872781220196 0.05349452539959736 0.05351277332853441  0.0535313071746485
0.05347734750123612 0.05349186657969696 0.05351012264082283  0.0535313071746485 0.05355266549684534

cov.inverse():
 55809177.67632429 -43390930.88520928 -36764995.43689736 -450773.3770220827  24797365.13270026
-43390930.91598791  101546877.3583508 -58051310.45522014 -20277260.50661064  20172681.76093604
-36764995.38552932 -58051310.47118073   175509889.782413 -56175566.89067581 -24518607.97596568
-450773.3922427254 -20277260.58551883 -56175566.75105992  175586936.7730216 -98681588.48438591
 24797365.12733134   20172681.8250253 -24518608.08017257 -98681588.43889879  78229111.34154022

cov*(cov_.inverse()):
     1.000000000698492                      0  1.164153218269348e-09 -1.862645149230957e-09 -9.313225746154785e-10
 4.656612873077393e-10      1.000000000698492  2.328306436538696e-10 -1.862645149230957e-09                      0
 4.656612873077393e-10  4.656612873077393e-10      1.000000000465661 -1.862645149230957e-09  4.656612873077393e-10
                     0 -4.656612873077393e-10  1.164153218269348e-09     0.9999999981373549  4.656612873077393e-10
                     0  2.328306436538696e-10  4.656612873077393e-10                      0     0.9999999990686774
