6
2

4.893386559162354e-05
4.957491353494386e-05
6.349963188894587e-05
9.969050092073331e-05
  0.01195789540177351
   0.5651532321544059

0.001181838495638165  0.03497992103980434  -0.1425132315482591   -0.204801651816633   0.8219515458694634  -0.5108002808059812
 0.01741594461398588   0.1791894038671179  -0.7302990453573146   0.6521398164061978  -0.0279925551759299 -0.09045011596209834
-0.08669740998330402   0.6961372710983127  -0.3488293691461581  -0.5380683394444882 -0.03183960613906681   0.3092947327056094
  0.7238438179274913  -0.4275205531944677  -0.3680801348875452  -0.2722107756834791  0.06122194143439174    0.282748095722002
  -0.549538492895851  -0.3645602443349917  -0.1504610689731604  0.04949039621039718   0.3897150474320472   0.6230069199355628
  0.4077210067031982   0.4079000702381623   0.4081051769208285   0.4082945011178284   0.4086225254075843   0.4088453375660828

0.3967860544175162
0.3968365515067555
 0.396853092019946
0.3969153873209343
0.3968895490774527
 0.396870837403664

0.0002118689327598111
   0.3969971301577414

0.09835102538350828  0.6262714100457131   1.320215241075036   1.438981045479047 -0.2562908479300026  -3.227522531678387
 0.3509014671157035  0.9468139388077766  0.4291110236968494 -0.3504249225514071 0.08685101753512373 -0.4633879123368522

 2.339760649951141e-09  9.518637690417577e-10 -7.247689454311925e-09 -1.990094666162816e-08 -0.0003604003052821979 -0.0007707393057082535
 8.434319917965453e-10 -8.028054605224878e-10  2.102662984786381e-09 -3.369517782335806e-09 -0.0001250828198769774     0.1301089318076485

cov:
0.05313879661550908 0.05314757123373229 0.05315745833333906 0.05316640193041969  0.0531823866205338  0.0531930719894379
0.05314757123373229 0.05316126453086398 0.05317682198814836 0.05319106403433544 0.05321606411532486 0.05323293127051636
0.05315745833333906 0.05317682198814836 0.05319895392738044 0.05321932754314977 0.05325476400448078 0.05327878722580637
0.05316640193041969 0.05319106403433544 0.05321932754314977 0.05324543442410756 0.05329061565776334 0.05332132241064848
 0.0531823866205338 0.05321606411532486 0.05325476400448078 0.05329061565776334 0.05335238869900125 0.05339446650597599
 0.0531930719894379 0.05323293127051636 0.05327878722580637 0.05332132241064848 0.05339446650597599 0.05344434770274358

cov.inverse():
 54711037.36351701 -44817613.22253455 -24553595.94682683 -3737176.446748717  5349481.556236054  13048135.03742644
  -44817613.259501  152151907.9988382 -99717146.03747171 -36628812.86523405  1834811.155046043  27176513.77175417
-24553595.92912678 -99717146.00840512  269301000.4948409 -124964229.4657601 -40114940.87806572  20048150.14224243
-3737176.404097136 -36628812.96481268 -124964229.4565827  269818197.5283158 -75156632.78502099 -29329972.00776393
 5349481.549199834  1834811.117678393 -40114940.68862235 -75156632.96176872  283094119.4148179 -175007482.8015803
 13048135.02107778  27176513.84266693  20048149.99038817 -29329971.87876585 -175007482.8332877  144064777.6904733

cov*(cov_.inverse()):
    0.9999999997671694                      0                      0 -2.328306436538696e-10                      0                      0
-4.656612873077393e-10     0.9999999997671694  4.656612873077393e-10 -2.095475792884827e-09                      0 -9.313225746154785e-10
-3.492459654808044e-10                      0     0.9999999995343387 -4.656612873077393e-10 -1.862645149230957e-09 -9.313225746154785e-10
 1.164153218269348e-10                      0 -1.862645149230957e-09      1.000000001164153                      0 -9.313225746154785e-10
-9.313225746154785e-10  2.328306436538696e-10 -9.313225746154785e-10 -4.656612873077393e-10      1.000000001862645 -1.862645149230957e-09
-6.984919309616089e-10  4.656612873077393e-10 -4.656612873077393e-10 -1.164153218269348e-09                      0     0.9999999990686774
