4
2

8.037469070674316e-05
0.0001029439704205267
 0.003726898050855023
   0.4748543910973754

   0.2160353737992776 -0.009644690214427295   -0.7858133480296994    0.5794247831051321
   0.3559357161936461   -0.8624656751071271    0.2774042504586463    0.2291497480408841
  -0.7593647868152668  -0.07777359091754166    0.2356889541378551    0.6014707856564602
   0.5000036037371401    0.5000112076428549    0.4999949807580431    0.4999902076022797

0.3922015639909597
0.3923731851369243
0.3923611010145585
0.3923598375707991

0.0001291674463813248
   0.3924074117087329

 3.532242335080419  3.881189249077925  1.050045322487808  -8.46301628022022
 2.760285344973162 -4.601080521309211   3.94040312699691 -1.099575426997803

-3.232089799123313e-08  -3.96149235236161e-08 -0.0001087136591671579  8.210968455443894e-05
-1.998007506930711e-08  6.137917290751537e-08 -2.043009940751277e-05     0.1127355967441755

cov:
0.05638049675316723 0.05637416012233249 0.05636902763691361  0.0563646331669647
0.05637416012233249 0.05637429228772706 0.05637211378326907 0.05637118084718534
0.05636902763691361 0.05637211378326907 0.05637131779089095 0.05637197002960027
 0.0563646331669647 0.05637118084718534 0.05637197002960027 0.05637449273930735

cov.inverse():
 19220843.62825089 -29285816.50438774 -16974546.07327499  27040400.48250781
-29285816.50149601  70205897.15745504 -21404443.88902181 -19517592.05667397
-16974546.07868879 -21404443.87821931  102852763.2110626 -64473396.90149894
 27040400.48502983  -19517592.0645848 -64473396.89610992  56951303.67431589

cov*(cov_.inverse()):
                     1                      0                      0                      0
 2.328306436538696e-10                      1                      0                      0
                     0                      0      1.000000000465661                      0
 2.328306436538696e-10 -4.656612873077393e-10                      0     0.9999999995343387
