4
2

6.866542766916743e-05
9.646069862962511e-05
 0.006135760575259399
   0.4617849483692541

0.06583656966684565  0.4631277480321191 -0.8307342255119384  0.3017596421993499
 0.4861747234100589 -0.7248152373805405 -0.2045557646821393  0.4432086970191894
-0.7139035730990679 -0.1009900922281401  0.1340657797513062  0.6798301672387085
 0.4996412440221878  0.4999565600484102  0.5000639483086727  0.5003379986953445

0.3839619264890277
0.3842191710421993
0.3842469259973096
0.3843126148439181

-0.000617453426663143
   0.3840699173083631

0.8922559014581408  2.420528433328095  3.346422675058711 -6.659713071829961
-1.184401020699122  2.387512315187412  3.247701927252854 -3.453193647674418

-1.702029341953793e-08 -4.612152316276078e-08 -0.0001867419444901945 -0.0005790159042305991
-1.278817085847652e-08 -4.188172468754203e-08 -4.923346169269758e-05     0.1062327490295004

cov:
0.05325404865158771 0.05327116590278781 0.05327629212979697 0.05329082606974766
0.05327116590278781 0.05330246153727819 0.05331301054188434 0.05334015107854435
0.05327629212979697 0.05331301054188434 0.05332565249248016 0.05335762515349714
0.05329082606974766 0.05334015107854435 0.05335762515349714 0.05340083743649279

cov.inverse():
 26335778.47246849 -31403305.52342629 -22290577.42876019  27358633.61007743
-31403305.54801358  101952941.1281052 -65665206.25741364 -4886397.669341867
-22290577.39358163 -65665206.32020998  150866085.8958896 -62908765.33544907
 27358633.59948666 -4886397.631132972 -62908765.36306792  40436450.58746813

cov*(cov_.inverse()):
                     1 -4.074536263942719e-10  9.313225746154785e-10                      0
-4.656612873077393e-10      1.000000000145519  1.396983861923218e-09 -4.656612873077393e-10
-2.328306436538696e-10 -4.365574568510056e-10      1.000000001396984                      0
                     0 -1.455191522836685e-10  4.656612873077393e-10                      1
