5
2

8.536289602020308e-05
9.216931272773927e-05
0.0001069234348362776
  0.01164669150903235
   0.5156241850051307

 0.4802036558686891 -0.7556854318481172  0.2827394821433323  0.2396610709171286 -0.2469107800543465
 0.1893174551893254 -0.1742612669657553  0.2957719510401866  -0.787080818702759  0.4762506165919403
 0.4029520656062444 -0.1489238802257302  -0.785723848061707 0.09740983910149163  0.4342817847383175
-0.6097612475665026 -0.4204953788167282  0.1228534060135147  0.3365095821115098  0.5683688935347663
 0.4465245836914096  0.4467413717357096  0.4473504369431012   0.447592426556134  0.4478577332092393

0.3993992424203708
0.3994571103734434
0.3995476778503591
0.3995367328558665
0.3995312613875817

0.0001150698231082679
   0.3995981786340121

  0.6147996488284473    1.915589614496227   0.2086444976073794  -0.5558404398225381   -2.183195901653329
  0.6257785341580766   0.8097226281710235  -0.0213725972679189 -0.06524149601324633  -0.3489476808502264

-5.009843083811139e-09 -6.439064578738666e-09   -1.3761968815629e-08 -0.0003503248103411791 -0.0007757086318706483
-1.799220569632328e-09 -1.221523306059135e-09 -1.089769844357816e-10 -0.0001281810203030428     0.1186093095014357

cov:
0.05306037735459612 0.05307045184077603 0.05309781843122566 0.05310887703854905 0.05312119786823988
0.05307045184077603 0.05308541358890426   0.053126757918273 0.05314331383910377  0.0531616008501765
0.05309781843122566   0.053126757918273 0.05320826155845139 0.05324059263889329 0.05327601019639962
0.05310887703854905 0.05314331383910377 0.05324059263889329 0.05327915025232576 0.05332129643806842
0.05312119786823988  0.0531616008501765 0.05327601019639962 0.05332129643806842 0.05337077004566142

cov.inverse():
 50069657.65927283 -58930385.65102521 -2470064.055143159  1685195.271962776  9645950.562606927
-58930385.65483773  83884745.88367867 -25154226.83545936 -9978800.763998996  10177944.54292244
-2470064.072842781 -25154226.81129101  75268582.28049326 -24798475.92339526 -22845297.94642125
 1685195.322241121 -9978800.829823107 -24798475.91025238  81636409.27680871 -48543910.62753587
 9645950.533841008  10177944.58076533 -22845297.95309516 -48543910.62993921  51564766.61444399

cov*(cov_.inverse()):
     1.000000000349246  1.047737896442413e-09  6.984919309616089e-10  9.313225746154785e-10  4.656612873077393e-10
-1.164153218269348e-10      1.000000000116415                      0  4.656612873077393e-10 -4.656612873077393e-10
-1.746229827404022e-10  6.984919309616089e-10     0.9999999995343387                      0  4.656612873077393e-10
-1.164153218269348e-10 -1.164153218269348e-10  2.328306436538696e-10                      1  9.313225746154785e-10
 5.820766091346741e-11 -2.328306436538696e-10  2.328306436538696e-10                      0                      1
