6
2

5.660015816419776e-05
 7.09919316817242e-05
8.007891947479711e-05
0.0001005168277079542
  0.00622409733123179
    0.557519353886249

-0.003467784958216463    -0.157007848666902  -0.04168406841505111   -0.1229368970290221    0.8354665205067632   -0.5103735502806179
  0.08166250252363497   -0.5635000410737706   0.04749624401194182    0.7803142455504212   -0.1239805525379143   -0.2219944751106764
  -0.2370703979406664     0.572461876924916   -0.6307372718475593     0.433137589847814   0.03394996884219361   -0.1717403495588479
   0.6122916185374103   -0.2778888946738085   -0.6459028101350348    -0.116372252844454    0.1007815052218701     0.327088494017434
  -0.6289900025401087   -0.2936888117941303   -0.1197303944931575   0.09037296320582305    0.3295534275655009    0.6221015649130678
   0.4081511817240605    0.4082012771640641    0.4082293860583818    0.4082624794052044    0.4083007983158674    0.4083445904402514

 0.378730291472164
0.3787769915510115
0.3788880701789281
0.3788772024779269
0.3788646878138156
0.3788501286626396

0.0002382496680046546
   0.3789442180277989

 0.9210890387284789   2.177456598761008   1.296065970241451   1.207796649305849  0.2442918413814144   -5.84672644609484
 0.5669930377845899  0.7614599197655673  0.4423596618647008  0.3787109944193114 -0.2069463543520757  -0.942483301995769

 8.459150607397307e-09  5.644104078767032e-09  1.119790390656092e-08  -2.93670108070916e-08 -0.0001867868858335449 -0.0002362751499600377
 3.895662844173788e-10  8.498544631165617e-10  2.188935336395115e-09 -5.287845064840088e-09 -4.856075560810076e-05     0.1268460938085543

cov:
0.05179532662865673 0.05179350479310608 0.05179283183312802 0.05179191265033849 0.05179094750101172 0.05178937643604306
0.05179350479310608 0.05179605346849455 0.05179763557564904  0.0517994444342791 0.05180158512699223  0.0518038126352808
0.05179283183312802 0.05179763557564904 0.05180040281750639   0.051803619909859  0.0518073726267132 0.05181157195849202
0.05179191265033849  0.0517994444342791   0.051803619909859 0.05180856025047105 0.05181425496631598 0.05182083567425749
0.05179094750101172 0.05180158512699223  0.0518073726267132 0.05181425496631598 0.05182217487636112 0.05183146410814946
0.05178937643604306  0.0518038126352808 0.05181157195849202 0.05182083567425749 0.05183146410814946 0.05184407606353743

cov.inverse():
  47207060.9137056 -46959742.99394795 -15007880.80397446 -10289762.41302558  1933748.494166797  23116362.33181399
-46959742.98909637  129448699.7972291 -41808342.86097982 -39354232.68823899 -26827859.58488181  25502085.25673022
-15007880.81248774 -41808342.80894917   104319895.005263 -26210237.22193181 -21822293.08770229  528901.2492817475
-10289762.45742154     -39354232.7226 -26210237.16710516  156129348.4128351 -50123560.90161981 -30151612.49137563
 1933748.581262951 -26827859.63355099 -21822293.06092722 -50123561.06004407  222120473.6288591 -125281419.6097974
  23116362.2927752  25502085.29258158  528901.2111971176  -30151612.3568811 -125281419.7030194  106286236.2747201

cov*(cov_.inverse()):
     1.000000000232831 -9.313225746154785e-10 -3.456079866737127e-10  4.656612873077393e-10                      0                      0
-4.656612873077393e-10     0.9999999995343387  -4.94765117764473e-10  9.313225746154785e-10                      0                      0
 2.328306436538696e-10 -6.984919309616089e-10      1.000000000112777  4.656612873077393e-10                      0 -9.313225746154785e-10
 2.328306436538696e-10 -4.656612873077393e-10  8.258211892098188e-10      1.000000000465661  9.313225746154785e-10 -9.313225746154785e-10
                     0 -6.984919309616089e-10  1.709850039333105e-10  4.656612873077393e-10     0.9999999990686774  9.313225746154785e-10
-2.328306436538696e-10 -1.629814505577087e-09 -4.401954356580973e-10  1.862645149230957e-09                      0     0.9999999990686774
