5
2

5.672634689187248e-05
6.416500013310818e-05
9.065986659525408e-05
 0.007363737829668699
   0.5172648536715237

0.003088340195328225  -0.1119008029610009  -0.2061197333544835   0.8265688827039915  -0.5116319088161652
-0.04139070291237474     0.47756549890209  -0.8151851347570733  0.05937435680562927   0.3196339872351302
  0.6147982712133211  -0.6612181883269483  -0.2940701545391075  0.02817504622588373   0.3123179535637598
 -0.6485563944122751  -0.3498191790987107  0.08043755400623878   0.3351097527151621   0.5815775088002716
  0.4468500429084889   0.4470195229689795   0.4472587569939886   0.4473993610911231   0.4475399437197926

0.3996759846169762
0.3997587777966315
0.3999002852643415
0.3999110364160015
0.3999262006393574

-0.0002298749143110883
    0.3998300321811664

 0.9556038157497743   2.384279916797582   1.735481096155314 -0.7173786053469835  -4.358004470081889
 0.7162646336914146  0.8259031268968726   0.311265640368576 -0.1879775823238596 -0.6654230474973326

 3.266670495128796e-09 -7.209956136025421e-09 -2.367686927313191e-08 -0.0002217326602939355 -0.0006141666246562041
 9.882136444241459e-11 -4.644794686617333e-10 -3.373145354215503e-09 -6.389860871315298e-05     0.1194854551387628

cov:
0.05344842871337605 0.05345817938689516 0.05347165324846296 0.05347950919102604 0.05348765098704682
0.05345817938689516 0.05347279149896286 0.05349323932398378 0.05350522516294542 0.05351736391567639
0.05347165324846296 0.05349323932398378 0.05352374859033791  0.0535416810672851 0.05355957891617725
0.05347950919102604 0.05350522516294542  0.0535416810672851   0.053563143165535 0.05358444714417028
0.05348765098704682 0.05351736391567639 0.05355957891617725 0.05358444714417028 0.05360905706467236

cov.inverse():
 46413837.49728614 -54363517.17470765 -14000017.86797329  2299879.775102616  19650080.12844676
-54363517.16583265  112482043.6293301 -63732246.98637938 -24125395.01308362  29738494.25600537
-14000017.87393876 -63732246.95908642  185129054.7753677 -65709030.55735252  -41687773.3533083
 2299879.753679709 -24125395.02428782 -65709030.48392626  213273715.2519233 -125737964.9630682
 19650080.14695985  29738494.24879175 -41687773.40540663 -125737964.9222692   118036351.012868

cov*(cov_.inverse()):
                     1                      0  4.656612873077393e-10  9.313225746154785e-10                      0
                     0      1.000000000232831  9.313225746154785e-10  9.313225746154785e-10                      0
-2.328306436538696e-10 -4.656612873077393e-10      1.000000001862645 -9.313225746154785e-10                      0
 2.328306436538696e-10 -2.328306436538696e-10                      0                      1                      0
-4.656612873077393e-10                      0  9.313225746154785e-10                      0                      1
