4
2

0.0001042331034198231
0.0001416666130181263
 0.002299411396664681
   0.3563743490512245

  0.1300810891123146   0.2799577056401226  -0.8455798207712097    0.435542604130298
  0.5496214040310932  -0.7883880728996377 -0.03530222109364493   0.2740699033574119
  -0.656569269134512  -0.2238249611856312   0.1836391150686698   0.6964882317708025
  0.4999120095721014   0.4999703154313913   0.5000251946724088   0.5000924625165214

0.4002101490500132
 0.400217753866321
0.4002223582645127
0.4002299989950062

-0.0001747892581461648
    0.4001849549193173

 4.754243923140191  6.108215314632925  2.051702273339528 -12.91406175439685
 1.336126687544243  1.313663270127608 0.5731386526546693 -2.222862418394113

-5.465974936810496e-08 -1.166915927595201e-07 -6.929727224806154e-05 -0.0002149068195178453
-9.899886000542334e-09 -1.867993000940969e-08 -1.382223741479978e-05    0.06346138870762326

cov:
0.03174178063844568 0.03174396567916952 0.03174604218651001 0.03174853791370203
0.03174396567916952 0.03174717746420108 0.03175016461897368 0.03175382804508493
0.03174604218651001 0.03175016461897368 0.03175405513517899   0.031758812912684
0.03174853791370203 0.03175382804508493   0.031758812912684 0.03176498165059843

cov.inverse():
 16690926.40540078 -18211067.66887791 -11113712.34118095  12633941.26593712
 -18211067.6726846  38193709.00849195 -20409913.29426029  427291.9852864032
-11113712.33435662 -20409913.30422912  65879384.98106272 -34355885.34359546
 12633941.26291947   427291.991448577 -34355885.34673999  21294701.91452827

cov*(cov_.inverse()):
                     1  8.731149137020111e-11 -2.328306436538696e-10                      0
-1.164153218269348e-10     0.9999999999890861 -2.328306436538696e-10                      0
                     0 -1.800799509510398e-10                      1  1.164153218269348e-10
                     0 -9.094947017729282e-12                      0                      1
