5
2

 7.38033771240748e-05
9.913515671130454e-05
0.0001241339569974889
 0.004325889061970459
   0.5716336138628429

 0.09473149410248538  0.07573701962180493   0.1400589566913853  -0.8325588965794449   0.5220335432334358
 -0.2640239061552531  -0.1949563502895818   0.8822392870466185  -0.1012608851934235  -0.3219991800946208
  0.5097150094788302  -0.8343263041503012  0.04488497088616849   0.1014392247345858   0.1782853061491305
  -0.679447652644137  -0.2453718298542541 0.004627725438757285   0.2936667098038981   0.6260047924261953
  0.4470557207239398   0.4471556872694859    0.447214995933508   0.4472827563124485   0.4473587567358927

0.4017495214527327
0.4019414354855912
0.4019437512492323
0.4019455474788002
0.4019482392825451

-5.492945047494293e-05
    0.4019309131478985

  1.86924761931202  2.571944173775607  3.133108332945466  1.048189599515324 -8.622488458268661
 1.057476715348517 0.4942102668733944 0.4055014130768497 0.3933965069904957 -1.350575752518931

-2.485557797334286e-08  4.363044546597753e-08 -3.826673602455052e-08 -0.0001305542006491878 -0.0005287863863771913
-4.565466633839406e-09  3.707523066875941e-09 -8.629470957239596e-10  -2.93392654913354e-05     0.1460161911669307

cov:
0.06531550790254938 0.06532458133366331 0.06533007074095955 0.06533629676820557 0.06534317536409597
0.06532458133366331 0.06533721191215387 0.06534471651820208 0.06535329088377706 0.06536286966236958
0.06533007074095955 0.06534471651820208 0.06535341518948973 0.06536333309899571 0.06537446731348255
0.06533629676820557 0.06535329088377706 0.06536333309899571 0.06537483059355921 0.06538775909113255
0.06534317536409597 0.06536286966236958 0.06537446731348255 0.06538775909113255 0.06540276690027524

cov.inverse():
 25625854.30460552 -21034669.70556225 -19780989.46595667 -8414431.994874122  23604264.12033997
-21034669.70931394  50097927.80149857 -17984107.63168258 -15063815.83497389  3984822.294059996
-19780989.47035969 -17984107.64221713   82930707.8807023 -30202499.52294298 -14963151.98281422
-8414431.976844937 -15063815.82996661 -30202499.56789055  128971493.7469147 -75291076.20942602
 23604264.11046537  3984822.295835659  -14963151.9528041 -75291076.23133716  62665343.49166503

cov*(cov_.inverse()):
                     1  4.074536263942719e-10 -1.164153218269348e-10                      0  4.656612873077393e-10
 4.656612873077393e-10     0.9999999997380655 -4.656612873077393e-10  1.862645149230957e-09 -4.656612873077393e-10
 2.328306436538696e-10 -4.365574568510056e-10      0.999999999650754  1.862645149230957e-09 -4.656612873077393e-10
                     0 -1.746229827404022e-10 -1.164153218269348e-10                      1 -4.656612873077393e-10
                     0   2.91038304567337e-11 -2.328306436538696e-10                      0                      1
