5
2

4.160701143992292e-05
6.005308921450942e-05
6.859975715100122e-05
  0.01006867101209596
   0.5289671105598329

 0.08286842444324075  -0.6114837900399069   0.7681759494564018   -0.105105110425588   -0.134458265599058
  0.6450217681473005   -0.555840080665152  -0.4554868010024307    0.197842397206926   0.1684603315985018
 -0.1352437732947331 -0.04318063447407821 -0.01595554735058945   0.7902651885907707  -0.5958782650858779
 -0.5995757834418916  -0.3400953674148618 -0.04730385814987033    0.353381804546884   0.6306565358357253
   0.446427759599994   0.4467661056010792    0.447152379287205   0.4476757013136001   0.4480441032931282

0.4001634805090318
 0.400201560419329
0.4002284084600402
 0.400292216886688
0.4002951802405329

-4.485308840741821e-05
    0.4002704927196906

  1.344528230055068   1.560392991530518 -0.1226203637197671 -0.1933420176265314  -2.588981640556125
  1.006901237141076  0.1806334865913652  0.7293520719251363 -0.2446057998402177 -0.6722913890050813

-9.841530906637643e-10 -1.509696430428521e-09  5.377298025379773e-09 -0.0003073896924617366  -0.001118397376192479
 1.124137086487173e-09  1.991144256512727e-10  2.432313511483227e-10 -0.0001226748005847372     0.1246874733242352

cov:
0.05580119151472784  0.0558276802387658 0.05585813435436658 0.05589914986705959 0.05592831513509471
 0.0558276802387658 0.05586103286825885 0.05589922354000103 0.05595082745901307 0.05598732105564975
0.05585813435436658 0.05589922354000103 0.05594615012592766 0.05600970227578098 0.05605446568248813
0.05589914986705959 0.05595082745901307 0.05600970227578098 0.05608961313176178 0.05614568831106963
0.05592831513509471 0.05598732105564975 0.05605446568248813 0.05614568831106963  0.0562096045927357

cov.inverse():
 123223219.4494756 -127443617.9838652 -44235790.46855154  7640470.745270839  40814978.74946551
-127443617.9545241  302059004.4898607 -200989797.5152525 -619590.7057620198  26995304.98004378
-44235790.45571242 -200989797.5173733  398452010.3405071 -74306413.94168419 -78920964.91047427
 7640470.611151224 -619590.5703779538 -74306413.89216834  149945120.1770894 -82658384.08434521
 40814978.84140395  26995304.87612284 -78920964.94927143 -82658384.03356576  93768273.69348411

cov*(cov_.inverse()):
     1.000000001396984  1.164153218269348e-09  3.725290298461914e-09  9.313225746154785e-10                      0
 1.396983861923218e-09      1.000000002095476                      0 -9.313225746154785e-10                      0
 1.862645149230957e-09 -9.313225746154785e-10      1.000000000931323                      0                      0
 9.313225746154785e-10  1.164153218269348e-09  9.313225746154785e-10      1.000000000931323                      0
 9.313225746154785e-10  2.328306436538696e-10  9.313225746154785e-10  9.313225746154785e-10                      1
