5
2

7.399341658044288e-05
0.0001000098837534942
 0.000151566379556458
 0.004629353067702285
    0.571659263311026

  0.1026551910531817  0.03968650163215123   0.1574114896658354   -0.827438742161958   0.5276870703633506
 -0.3184387738341014 -0.07972298536461621   0.8664999927593428  -0.1081761147302003  -0.3601620241967833
  0.5781206930003604  -0.7994030167235691   0.1496061386847851   0.0656748261745024 0.006008465096602628
 -0.5949493826326315  -0.3912875482462024  0.04481394849584397   0.3150583504473489   0.6258268390906017
  0.4470686250439659   0.4471220176120684   0.4472237681041584    0.447289737409277   0.4473637646467012

0.4017133912422694
0.4019032482080893
0.4019065952574233
0.4019080040542466
0.4019102185306448

-4.532912058473221e-05
    0.4018959383743448

 2.098041683293467  1.441386678606184  3.517358138770269    1.4455691765589 -8.502375640150206
 1.089317031200731  0.293887605496848 0.4775247200090652  0.466337365409628 -1.327061176491691

-2.658925745014662e-08  5.171660252314534e-08  1.448963924910138e-08 -0.0001397332779427494 -0.0005150364334338389
-4.858994043398992e-09  4.710683693101537e-09  1.123155184506649e-08 -3.054483944498801e-05     0.1460353346035772

cov:
0.06532409011687454  0.0653292749024046 0.06533858982510568 0.06534478364376652 0.06535163736329234
 0.0653292749024046 0.06533539371727179 0.06534658603668654 0.06535396119927775 0.06536217342806142
0.06533858982510568 0.06534658603668654 0.06536188728702184 0.06537177867238293 0.06538289500892787
0.06534478364376652 0.06535396119927775 0.06537177867238293 0.06538325159696376 0.06539616463566741
0.06535163736329234 0.06536217342806142 0.06538289500892787 0.06539616463566741 0.06541115997036855

cov.inverse():
  26628531.5551556 -16824548.76216973 -20872112.60226747 -10426156.08079694  21494508.02332117
-16824548.76373139  28748261.95359697 -10972492.63657524 -7426699.995170167  6475255.229554443
-20872112.61394468 -10972492.63091883  80567488.91950621 -32732788.89597389 -15989994.93622543
-10426156.05382014 -7426700.011886729 -32732788.92336931  126412894.5661321 -75827463.41971907
 21494508.00958325   6475255.23905293  -15989994.9148507 -75827463.43685445  63847826.49862584

cov*(cov_.inverse()):
                     1 -5.820766091346741e-11  6.984919309616089e-10 -9.313225746154785e-10  9.313225746154785e-10
-2.328306436538696e-10     0.9999999997671694  3.492459654808044e-10                      0 -9.313225746154785e-10
-4.656612873077393e-10  1.746229827404022e-10     0.9999999995343387  9.313225746154785e-10                      0
-2.328306436538696e-10 -5.820766091346741e-11 -5.820766091346741e-10                      1 -4.656612873077393e-10
                     0 -1.164153218269348e-10                      0                      0      1.000000000465661
