5
2

0.0001828827032930985
0.0001995577722939695
0.0002288518862564273
  0.01057306761283759
   0.5158204695999434

   0.3193053454639221   -0.1988882091121496   -0.3353526288706305   -0.4937516494237514    0.7086857552083358
   0.2622744796519083   -0.4168594687269185   -0.5302524537889411    0.6901049463936931 -0.005270566363947712
   0.1418546190261066   -0.7589636093884899    0.6349902120440777  -0.02441124733103009  0.006559595788958931
  -0.7809561263007817   -0.1036242413800664   0.05578784386902068     0.281236765700896     0.545126722410697
   0.4463641893518369     0.447110634889481    0.4472651301465691    0.4475203283384179    0.4478063752469927

0.3968269160868481
0.3969663944536858
0.3969547495631203
0.3969529465371019
0.3969306575585008

0.0001596292107221284
   0.3970314212024176

   2.200582503319133    0.203068954429106 -0.04497122336864919  -0.6767144278949659    -1.68195833984588
   1.214413781179574  0.02584366649088371   0.2133719229966723  -0.1426393961576645  -0.3111465064169571

-6.037021275032343e-09   2.31821073269741e-09  7.068863141466467e-09  -0.000318523399735524 -0.0008231367630970734
 5.384729631168272e-09  3.894693101770576e-09  1.516653588396752e-08 -0.0001284361560505292     0.1186388760367728

cov:
0.05308038781846332 0.05310988666230898 0.05311432578537063 0.05312495807186227 0.05313589772873352
0.05310988666230898 0.05319089033953354 0.05320737030012127 0.05323512483546762 0.05326609923117991
0.05311432578537063 0.05320737030012127 0.05322680033826171 0.05325853007978813 0.05329421883445379
0.05312495807186227 0.05323512483546762 0.05325853007978813 0.05329604203103393 0.05333835976136923
0.05313589772873352 0.05326609923117991 0.05329421883445379 0.05333835976136923 0.05338855173233267

cov.inverse():
 5165368.561949815 -6699132.097250957 -4974281.588562571 -236864.6413615391  6744977.166680206
-6699132.097348021  16544849.11036566  -1657259.38432835 -3934225.405200274 -4254614.421491688
-4974281.588315409 -1657259.385148199  18121712.70243213 -4533984.047875191 -6955771.929733514
-236864.6415808385 -3934225.404167654 -4533984.048649676  19260100.16253697  -10555074.8053099
 6744977.166749413 -4254614.421801534 -6955771.929531734 -10555074.80527103   15020450.6339535

cov*(cov_.inverse()):
     1.000000000058208 -1.164153218269348e-10 -5.820766091346741e-11 -1.164153218269348e-10  1.164153218269348e-10
 5.820766091346741e-11     0.9999999999417923 -1.164153218269348e-10 -1.164153218269348e-10                      0
 1.164153218269348e-10 -1.164153218269348e-10     0.9999999998835847 -1.164153218269348e-10  1.164153218269348e-10
-5.820766091346741e-11 -1.164153218269348e-10                      0      1.000000000116415                      0
 5.820766091346741e-11  5.820766091346741e-11 -5.820766091346741e-11 -1.164153218269348e-10                      1
