5
2

5.722652257419634e-05
7.161781911246749e-05
8.322765984369505e-05
 0.004508499677704624
   0.5089963646711698

  0.1562861969212544  0.03229349936050445   0.1466024364951416  -0.8372408533675276   0.5020629777398912
 -0.4690026761328976  0.02655090825378977   0.8303738672131967  -0.1086152162041314  -0.2793089946804589
   0.469971560362131  -0.8267615351554869   0.2942890547171952  0.09054998068159766 -0.02804905899221023
 -0.5786401136316834  -0.3387740399544457 -0.04886424343123114   0.2810482734880801   0.6848590529682141
   0.447116836832575   0.4471573470381968   0.4472059975566527   0.4472617323550896   0.4473260329230543

0.3783915442018614
0.3785023126313335
0.3784909058485266
0.3784780226532001
0.3784626286138709

0.0002481312043512345
   0.3785602098826508

  3.153878191903042   1.630930933158533    1.35685909390411 0.01678965795142767   -6.15848792656659
   1.32299835724866   0.604364621280607  0.5633477919990707 -0.2842315811174054  -1.206379384930583

-7.733652509961319e-09  7.227550620219471e-09  4.900124965166113e-09 -0.0001353090306161546 -0.0002881682261225042
-1.926823254099966e-10   1.18569904022305e-09  2.050303463243439e-09 -3.869961646204847e-05     0.1157926865961418

cov:
0.05179984936654628 0.05180171525440976 0.05180394274701671 0.05180651968211318  0.0518092193010648
0.05180171525440976 0.05180476402903642 0.05180839745933787 0.05181258336165781 0.05181725258484604
0.05180394274701671 0.05180839745933787 0.05181375196625618 0.05181987688140783 0.05182692539677316
0.05180651968211318 0.05181258336165781 0.05181987688140783 0.05182822297105211 0.05183797704008088
 0.0518092193010648 0.05181725258484604 0.05182692539677316 0.05183797704008088 0.05185105281574973

cov.inverse():
 82246757.02959791  -56971024.9744357 -48964292.10364763 -23888149.20389319  47577120.02607113
-56971025.02940234  99140628.91975398 -29380316.31469656 -19630651.93884982  6841405.263711538
-48964292.02715801 -29380316.39098424  153498630.1782857 -51217580.14076498 -23936588.07220355
-23888149.20353863 -19630651.97219062 -51217580.09482886  217533150.4617309 -122797814.0908412
 47577120.00419333  6841405.318374017 -23936588.11793825 -122797814.0778912  92316635.86398251

cov*(cov_.inverse()):
     1.000000000931323  5.820766091346741e-11 -6.984919309616089e-10                      0  9.313225746154785e-10
-4.656612873077393e-10      0.999999999825377 -2.328306436538696e-10 -9.313225746154785e-10  1.862645149230957e-09
 4.656612873077393e-10  1.164153218269348e-10     0.9999999993015081 -9.313225746154785e-10  9.313225746154785e-10
 4.656612873077393e-10   2.91038304567337e-10                      0                      1  9.313225746154785e-10
 9.313225746154785e-10   2.91038304567337e-10 -4.656612873077393e-10                      0                      1
