4
2

                  nan
                  nan
1.992248554318302e-09
   0.2969141654379988

-0.8662980365997575  0.2880772647335043  0.2884566999908956  0.2886727101016485
                  0  0.1874004979779568 -0.7820162184764421  0.5944170988434124
                 -0  0.7951721276868353 -0.2345028952618228 -0.5592045059401913
 0.4995274885163033  0.4995936651432513  0.5002516950336005  0.5006263073204772

 0.162770312230843
0.1634831971190071
0.1654486402536939
0.1666648216358151

-0.01536254992268591
  0.1584321833215654

 -0.00268282569063756  0.004816285720947036 0.0004059243093077697  -0.01326305015242001
   0.2488243332037357   -0.4466965883081745  -0.03764830713645426     1.230109590026829

                     0  1.106507162241418e-20  4.426028648965671e-20 -0.0004734726531026541
                     0 -1.026253430443514e-18 -4.105013721774056e-18    0.04391322090346998

cov:
0.02199786941461803   0.022000783658241 0.02202976155421587 0.02204625848853334
  0.022000783658241 0.02200369828793845 0.02203268002286004 0.02204917914266578
0.02202976155421587 0.02203268002286004 0.02206169993049915 0.02207822078179341
0.02204625848853334 0.02204917914266578 0.02207822078179341  0.0220947540046877

cov.inverse():
 nan  nan  nan  nan
 nan  nan  nan  nan
 nan  nan  nan  nan
 inf  nan  nan -inf

cov*(cov_.inverse()):
nan nan nan nan
nan nan nan nan
nan nan nan nan
nan nan nan nan
