6
2

3.755807941494084e-05
4.508908060440563e-05
5.935344480139363e-05
9.336123609340556e-05
  0.01176240134899772
   0.5788554344575447

 -0.01955339390118966 0.0007668558024707178    0.3744461595664811    -0.824098249865948    0.4220383295736838   0.04639906511529328
-0.008460027340063316   -0.0642162256798397    0.5660685947200075    -0.101295503207126   -0.7383760358764601    0.3462818231468933
 -0.06997571107009802    0.7154297434953342   -0.4714753847789523   -0.3039456695969277   -0.2179909959725858    0.3479534439233625
   0.7261756264178608   -0.4332201055632231   -0.3624438619792784   -0.1972062488820534  -0.06560780631642561    0.3323086784876063
  -0.5488354732076464   -0.3606385460667205   -0.1384861539131207    0.1120067291343142    0.2407142942352223    0.6921359467573142
   0.4075513164377599    0.4077942491508265    0.4080728039125681    0.4083901487079167    0.4085543390910006    0.4091249197794474

0.3999516282355743
0.4000213537346056
0.4000617222073184
0.4000907054761415
0.4001527807050568
0.4001638688874185

-6.807342853272386e-05
    0.4001237898453879

  0.269170688421639  0.6891272230400144  0.7023606258220949  0.7521111514788612    1.14169573966644   -3.55447479375537
  1.237338956876439 -0.1224697999727183 -0.6326733205740362  0.3163206983940265   1.130748501464648 -0.9292747547601869

-6.296526779240486e-11 -3.657376356444026e-09 -5.535182302758912e-09 -1.535861735106463e-08 -0.0003589789428405964  -0.001101529259827378
-1.238060674969788e-10 -3.150152785294558e-09 -1.909001075200488e-09   6.41100986032898e-09 -0.0001221498854319251     0.1364168012055602

cov:
0.05569676213056921 0.05571563893963062  0.0557368101741135 0.05576112689700807 0.05577377624096752 0.05581741885043052
0.05571563893963062 0.05573944965650166 0.05576642386808328 0.05579728754497372  0.0558133005335632 0.05586874103235545
 0.0557368101741135 0.05576642386808328 0.05580025809728154 0.05583884838037081 0.05585883217214643 0.05592819975427859
0.05576112689700807 0.05579728754497372 0.05583884838037081 0.05588615693677457  0.0559106177666107 0.05599569088235853
0.05577377624096752  0.0558133005335632 0.05585883217214643  0.0559106177666107 0.05593738274572287 0.05603052437864515
0.05581741885043052 0.05586874103235545 0.05592819975427859 0.05599569088235853 0.05603052437864515 0.05615197420246396

cov.inverse():
 62197658.90745228 -50045414.83181968 -28376321.03584857  1452189.917072213 -3914372.286324516  18686895.02991433
-50045414.87287305  168853850.6050941 -95410954.12596573 -49173566.64621614  -17458024.1179164  43232795.47620788
-28376320.95278507 -95410954.29059513  335181812.2636749 -198082712.4803929 -61658323.42453815   48347259.5259198
 1452190.032727695 -49173566.87603034 -198082712.6349409  517183033.9956516 -189478694.8944314 -81899406.72218487
-3914372.492050108 -17458023.63251134 -61658323.38150985 -189478695.3968609    408423886.77921 -135915561.3027685
 18686895.07797482  43232795.34419256  48347259.55587158 -81899406.48846263  -135915561.482486  107548199.8495725

cov*(cov_.inverse()):
    0.9999999991850927  9.313225746154785e-10 -3.725290298461914e-09 -4.656612873077393e-09 -1.862645149230957e-09 -9.313225746154785e-10
-4.656612873077393e-10      1.000000000465661 -3.259629011154175e-09                      0                      0  9.313225746154785e-10
-3.492459654808044e-10 -9.313225746154785e-10                      1 -3.725290298461914e-09  2.793967723846436e-09                      0
-3.492459654808044e-10  1.862645149230957e-09 -3.725290298461914e-09     0.9999999981373549  1.862645149230957e-09                      0
-9.313225746154785e-10  1.862645149230957e-09  4.656612873077393e-10 -2.793967723846436e-09      1.000000000931323  1.862645149230957e-09
-6.984919309616089e-10                      0  4.656612873077393e-10 -1.862645149230957e-09                      0      1.000000000931323
