4
2

3.147486564564605e-05
4.836645425255969e-05
 0.006835187812284361
   0.4638264181894638

 0.08866044187414568   0.3251133929103072  -0.8396730226022326   0.4258988411713041
  0.5823132500372671  -0.7600944361211237 -0.09464001541679462   0.2724169497124867
 -0.6352134416699875  -0.2583427248282945   0.1893657965778488   0.7027826941071461
  0.4995542897418518   0.4998167328695106   0.5001330599774183   0.5004954220188096

0.4013224376076711
0.4013466741280748
0.4013572326989756
0.4013578201762642

0.0001146111975606174
   0.4014606174498892

 1.142677906014896  1.854496330899888  2.165892145870341 -5.163068003917828
 1.174951909710832 0.3889009031440648 0.5699921038935584  -1.13376926000172

-3.282430984329515e-09 -5.510682354410866e-09 -0.0002066560760342205 -0.0006711534939211076
-7.240482777306099e-10  6.032301609359183e-11 -7.174624772125096e-05      0.107343090880813

cov:
0.05370674349423427 0.05372376245793253 0.05374447277409997 0.05376818031441455
0.05372376245793253 0.05374743619425577 0.05377604495583541  0.0538088119956041
0.05374447277409997 0.05377604495583541 0.05381404227603408 0.05385757215048585
0.05376818031441455  0.0538088119956041 0.05385757215048585 0.05391344736835352

cov.inverse():
 152895576.4132809 -160106597.9205525 -98707935.63533738  105917891.5269065
-160106597.3956846  353667280.4500151 -244811138.3991531   51251735.5134663
-98707936.61792132 -244811137.0313022  715522452.7642106 -372002914.3476742
 105917891.9846227  51251734.67048704 -372002913.9624147  214832626.6302852

cov*(cov_.inverse()):
     1.000000000931323 -3.259629011154175e-09 -3.725290298461914e-09                      0
                     0     0.9999999981373549 -3.725290298461914e-09 -1.862645149230957e-09
                     0                      0     0.9999999925494194                      0
 9.313225746154785e-10 -4.656612873077393e-10                      0      1.000000001862645
