6
2

 5.62877285626622e-05
7.394504732531203e-05
 8.65216354868716e-05
9.160839488507224e-05
  0.01248923115279534
    0.579254385156489

 -0.073009288574088  0.4353583561162674 -0.8506115950297426  0.1999192117984052  0.1494426351198399  0.1388951673203465
-0.1529108154884947  0.4548748163667183  0.1250218874979036 -0.6705681218110037 -0.2488522792640151  0.4924303490895101
 0.2394807614831743 -0.2212424507447855 -0.1022099720998296   0.376514009175636 -0.7373287827775017  0.4447890864820857
-0.6135553548620885  0.4487748143543497   0.289053247012518  0.4289355846704507 -0.3048167244396747 -0.2483953333258949
-0.6095273196269728 -0.4324746945104022 0.01227043459549582  0.1334224581224074  0.3348413391783299  0.5580064936155914
 0.4073857684264425  0.4076402651761473  0.4082648900862392  0.4084367950261697  0.4087220939471226  0.4090374845925714

0.4004424476906811
0.4005092162034408
0.4005716310993488
0.4006319208569287
0.4006320272609372
0.4006373162190573

-2.966229032782603e-05
    0.4006193566048159

  0.579446817008616   1.696844891912751 -0.3054002932402243  0.7731548396119091 -0.3487415343588998  -2.395304163192581
    1.3970215908199  0.1415737605836293 -0.3412823611064701  0.1311977115996204  -0.710066193780837   0.381576615300757

 2.300075019828104e-09 -5.282628025280563e-09 -5.409357524837144e-09  1.133453423480449e-08 -0.0003807479098505739  -0.001156324209154296
 7.066988800811702e-10   4.63321914460069e-10  8.090796262890031e-09 -5.994731960199243e-09  -0.000144168483831509     0.1365461103972543

cov:
 0.0557445113168132 0.05576245896778921 0.05580555811073467 0.05581753829535348 0.05583738812002385 0.05585928350854681
0.05576245896778921 0.05578533188118024  0.0558407618098419 0.05585610115240013 0.05588153651015759 0.05590962081661441
0.05580555811073467  0.0558407618098419 0.05592718154929169 0.05595095884119679 0.05599042620796841 0.05603405765474798
0.05581753829535348 0.05585610115240013 0.05595095884119679 0.05597704434437212 0.05602032760501403 0.05606819552781756
0.05583738812002385 0.05588153651015759 0.05599042620796841 0.05602032760501403 0.05606998104009929 0.05612488195205589
0.05585928350854681 0.05590962081661441 0.05603405765474798 0.05606819552781756 0.05612488195205589 0.05618759800032364

cov.inverse():
 58479789.76494499 -62639338.49036434  -8297902.22383127 -5169789.186505658  2212185.212947699  15415675.10737875
-62639338.43972466  128202471.8107097 -88004126.49967401 -16504153.39917666   5322702.78651136  33621072.57864656
-8297902.270401932 -88004126.41491699  242578082.7327863 -59372410.32083586 -46243389.05581275 -40659032.93041807
-5169789.226794867 -16504153.39010591 -59372410.24056079  135712780.1441601 -12715493.46839034 -41950830.22230996
 2212185.178742943  5322702.826904542 -46243389.07599859 -12715493.44261665  102069628.8703251 -50645833.70971937
 15415675.17780328  33621072.49506523 -40659032.95232002  -41950830.1990271  -50645833.6979427  84218592.14454357

cov*(cov_.inverse()):
     1.000000000349246 -4.656612873077393e-10  9.313225746154785e-10                      0 -4.656612873077393e-10 -9.313225746154785e-10
 2.328306436538696e-10      1.000000000232831  9.313225746154785e-10                      0  9.313225746154785e-10 -1.862645149230957e-09
-1.164153218269348e-10  4.656612873077393e-10      1.000000000465661 -4.656612873077393e-10 -4.656612873077393e-10 -1.862645149230957e-09
-1.164153218269348e-10  4.656612873077393e-10  9.313225746154785e-10     0.9999999995343387  4.656612873077393e-10 -1.862645149230957e-09
-6.984919309616089e-10  1.164153218269348e-09  1.396983861923218e-09  4.656612873077393e-10                      1 -9.313225746154785e-10
                     0                      0                      0                      0                      0     0.9999999990686774
