5
2

3.979498170061978e-05
5.790614323892904e-05
8.240286612000357e-05
  0.00929717723277898
   0.5237853584503869

-0.04316959979431671   0.4501730617236971  -0.8274025283214534   0.3163082854755309   0.1040899842381927
 -0.1221394032431819   0.4621627584561184  0.01500320618864677  -0.7725915389784443   0.4175700762442283
  0.4918894979624507  -0.5795552529124359  -0.3238943246090945  -0.1352178673924364   0.5467806008260629
 -0.7361121163772005  -0.2191885947419853   0.1009463010339663   0.2907389664589977   0.5615834842190665
  0.4465445394873004   0.4470143934496734   0.4473055675093992   0.4474800153734736   0.4477225384312761

0.4007483643713038
0.4008622059734473
0.4008936785773212
0.4009584983938884
0.4009635837876901

-8.888957898563696e-05
    0.4009181951643876

  1.224206685468734   2.911388006164271 -0.4497769380895863  -1.436039337296764  -2.249751266736977
 0.9307893248605793  0.7575410239238944 -0.2384234129428155   0.121892129825026 -0.5717056605252677

 1.491027369523191e-09   4.55791865950008e-09 -1.341340986827319e-08 -0.0002822733819963998 -0.0008109343900255347
 7.556523908022715e-10 -3.354996606779052e-10 -1.582442965555703e-09 -0.0001003452366391311     0.1224158166778244

cov:
0.05475300426265908   0.054777671561642  0.0547929749708209 0.05480227138111883 0.05481475147041341
  0.054777671561642 0.05482550571178177  0.0548551470531905  0.0548729441644813 0.05489755448120003
 0.0547929749708209  0.0548551470531905 0.05489367401829991 0.05491673613802882 0.05494886037506087
0.05480227138111883  0.0548729441644813 0.05491673613802882 0.05494292458749414 0.05497950103761047
0.05481475147041341 0.05489755448120003 0.05494886037506087 0.05497950103761047 0.05502244237825739

cov.inverse():
 41264902.04190988 -71087687.41321848 -1455744.509142691  9721863.546725679  21556715.52159342
-71087687.45310298  241134827.5569934 -205488852.2351419 -5031204.937612492  40473175.63808597
-1455744.474098993 -205488852.3218273  447808888.3894116 -162267803.5001457 -78596174.35764544
 9721863.602096239 -5031204.981276932 -162267803.5820959  243884000.7320022 -86308245.71303132
 21556715.47106329  40473175.72855177 -78596174.32733636 -86308245.78327574  102875315.6422837

cov*(cov_.inverse()):
                     1 -1.396983861923218e-09                      0                      0 -9.313225746154785e-10
-4.656612873077393e-10      1.000000000465661                      0  9.313225746154785e-10 -9.313225746154785e-10
 2.328306436538696e-10  4.656612873077393e-10     0.9999999990686774  9.313225746154785e-10 -1.862645149230957e-09
 2.328306436538696e-10 -1.396983861923218e-09  9.313225746154785e-10                      1 -9.313225746154785e-10
                     0  4.656612873077393e-10 -9.313225746154785e-10                      0                      1
