4
2

7.432438174834305e-05
0.0001022943863920753
 0.005486339141326353
    0.456155482353769

 -0.5880545687121923   0.7916571661949794  -0.1598624184645282 -0.04375800031451921
 -0.2302355400213988 -0.03766109056291047   0.8083630238706686  -0.5404835427719672
 -0.5929071101477296  -0.3493694635557431   0.2661413388365965   0.6749599428360954
  0.4996444526501234   0.4998015120070366   0.5001619903227408   0.5003916995393043

0.4333928278415404
 0.433378817851807
0.4333288765122774
 0.433311182254152

0.0003718218817417621
   0.4334687285090515

 2.929118239342401  2.193348539916514 -1.137679437144838 -3.985622852833946
 4.468555438107546 0.3701216901719405 -8.850230778863542  5.002698525109122

 2.044882162416226e-09  4.996779834674015e-09 -0.0001654262351729041 -0.0007574050756714844
-6.291047089919153e-09 -1.140678797441802e-07 -5.290176826569329e-05     0.1028811862694385

cov:
0.05195608456033905 0.05196806199592016 0.05199455546592398  0.0520111440783843
0.05196806199592016 0.05198184071178518 0.05201285239424644 0.05203244351019645
0.05199455546592398 0.05201285239424644 0.05205530706696736 0.05208247697173046
 0.0520111440783843 0.05203244351019645 0.05208247697173046 0.05211470764773684

cov.inverse():
 67677156.24802478  -83438204.8574097 -773393.8692779158  16536744.87854858
-83438204.86560358   113591477.332506 -25822216.14556652  -4333530.11212788
-773393.8487384638 -25822216.17098339  67075284.43767624 -40480489.08259221
 16536744.86620282 -4333530.094904362 -40480489.08747033  28278279.72677591

cov*(cov_.inverse()):
    0.9999999997671694 -3.201421350240707e-10                      0                      0
-1.164153218269348e-10     0.9999999993306119 -4.656612873077393e-10                      0
-1.164153218269348e-10 -4.365574568510056e-10     0.9999999995343387                      0
-2.328306436538696e-10 -1.746229827404022e-10                      0      1.000000000232831
