5
2

5.771253687324762e-05
6.748536333874149e-05
9.791555673686317e-05
 0.009248288160371536
   0.5166631725467393

0.002220381623722059 -0.01538709169250966  -0.5444761844086259   0.8021868126790124  -0.2445410180121166
 -0.1074909676035795   0.6573332625520463  -0.5981819519886946  -0.2899727823670085   0.3383087519229428
  0.6683143134994127  -0.4971601478464365  -0.3814843315166733  -0.1580240859636248    0.368355614627707
 -0.5849804729915355  -0.3474870641704039  0.01357429649044773   0.2174648901718003   0.6996966103034867
  0.4467600993592638   0.4469460224450734   0.4472241945701119   0.4473807247168238   0.4477562658232639

0.4010821712239337
0.4011614116150302
 0.401299188469089
0.4013077858337071
 0.401336577380674

-0.0001851903421339644
    0.4012418952057184

  0.4717725967658271    1.296926513967754    1.426763438532107   0.6417309250274418   -3.837194129022737
  0.6946286521774407   0.6257027366447139   0.2485462128693158 -0.02327045420017407  -0.5455798214926281

 2.189600862507991e-09 -6.994925115961588e-09 -2.290094928172057e-08  -0.000278197026999981 -0.0006730164279671398
-9.547059363595466e-11  4.611852320866985e-11 -1.332184508275734e-09 -8.614621311115127e-05     0.1191746831749819

cov:
0.05330921849368746 0.05331950084848428 0.05333461129816459  0.0533430787066745 0.05336374032013259
0.05331950084848428 0.05333463232457192 0.05335708518808125 0.05336970049443442 0.05340017269168411
0.05333461129816459 0.05335708518808125 0.05339071720041388 0.05340963676702067 0.05345502790791006
 0.0533430787066745 0.05336970049443442 0.05340963676702067 0.05343212546009286 0.05348593921376844
0.05336374032013259 0.05340017269168411 0.05345502790791006 0.05348593921376844 0.05355968869366021

cov.inverse():
 49128797.50580462 -50178022.65760452 -12836826.19873522 -3638131.088979532  17524381.98905278
-50178022.66046447  120727925.6985179   -64040302.795191 -37365101.73236702  30854895.97586653
-12836826.21330928 -64040302.79716739  182753179.3837267 -86759297.54913135  -19116793.3397142
-3638131.062026953 -37365101.73719343 -86759297.59222895  214269464.5198313 -86506023.96997266
 17524381.97953421  30854895.97980953 -19116793.31316725 -86506023.99094413  57243094.43755207

cov*(cov_.inverse()):
     0.999999999650754 -4.656612873077393e-10 -5.820766091346741e-10 -1.862645149230957e-09                      0
                     0     0.9999999993015081  1.746229827404022e-09                      0                      0
-1.164153218269348e-10  9.313225746154785e-10     0.9999999982537702  9.313225746154785e-10  4.656612873077393e-10
-1.164153218269348e-10 -2.328306436538696e-10 -9.313225746154785e-10      1.000000000931323                      0
-2.328306436538696e-10  2.328306436538696e-10 -2.328306436538696e-10                      0                      1
