4
2

0.0001543736778326074
0.0002013587988780642
 0.007642735788151533
   0.4425008175453797

 -0.3328428632003972   0.4790362516086579   0.4965989501375828  -0.6427514144547171
  0.1893885372877272  -0.7190965302473528   0.6564685701812604  -0.1268115865936758
 -0.7781542583065183 -0.06016871287415491   0.2677204229021942   0.5649614601294241
   0.497818803019743   0.4998041374598781   0.5007636910235136   0.5016054119429784

0.4212132022555475
0.4214514918149106
0.4214872981905841
0.4215516492728173

-0.0006190993589349032
    0.4212078695030262

 2.480859101626352 0.8318459595548851 -0.629565345756582 -2.682557661447344
 7.133120531304892 -8.901531011992232 -6.674345501351804   9.45229255429018

 2.345766271400811e-08 -8.167528887898322e-09 -0.0002140562865812867  -0.001971883205618608
-3.819744209541354e-07  8.805776623892015e-08 -8.538299879092345e-05    0.09810530643055482

cov:
0.04856095498607423   0.048721830150645  0.0488004708208773  0.0488690112399653
  0.048721830150645 0.04891363754244828 0.04900635209718317 0.04908769239419127
 0.0488004708208773 0.04900635209718317 0.04910560355208502 0.04919275073427452
 0.0488690112399653 0.04908769239419127 0.04919275073427452 0.04928525323464755

cov.inverse():
 5543712.055456219 -10048656.48528606 -3873013.920703397  8377228.746319664
-10048656.48544849  22382875.29314308 -1660908.336784138 -10671572.24992758
 -3873013.92036098 -1660908.337518542  20978294.13362601 -15444365.72432843
 8377228.746139668 -10671572.24935562 -15444365.72472036   17737715.5671074

cov*(cov_.inverse()):
                     1 -1.164153218269348e-10                      0                      0
-5.820766091346741e-11     0.9999999998835847                      0 -1.164153218269348e-10
                     0 -1.164153218269348e-10                      1                      0
-5.820766091346741e-11                      0                      0                      1
