5
2

0.0001675750030444606
0.0001926371109590493
 0.000206482860425713
 0.008890221654944491
   0.5159929490885703

 -0.5167177583876452    0.565467349390597   0.4204363723535147  0.01681552334411121  -0.4860040431075656
 0.03085132357547246  -0.3552267206552303 -0.03982387423089897   0.8165127528272592  -0.4523086957796248
 0.03921607887090751   -0.569539744281706   0.7882657374381984  -0.2276069382900175 -0.03031151043378431
 -0.7287881987122264  -0.1726990006079212  0.01664541280411016   0.2845641113741046   0.5981546734392874
  0.4465207885152358   0.4470572542507928   0.4472218389759747    0.447484648681075   0.4477824391188163

0.3969024867511659
0.3969804218394417
 0.396966323942046
0.3969606968325242
0.3969329250623886

0.000206407372035101
  0.3970622907056992

   2.900384017464944 -0.02057224902715148  -0.2889668083095672   -0.890784810512408   -1.700071473664924
   1.568784737371847 -0.06708478254459105  0.09639445026670923  -0.2349244082817686  -0.3633090194764332

-2.304196492846738e-08  5.563249829225883e-09  6.478683155263889e-09  -0.000267569711563669 -0.0008578963171471331
-1.784308340054403e-08  1.517747269441332e-09  1.024081255836713e-08 -0.0001117797122856777     0.1186951446079255

cov:
0.05312687356110266 0.05315860340929959 0.05316726855787166 0.05318308572306642 0.05320043190434229
0.05315860340929959 0.05321490482638105 0.05323187120904861 0.05325950306262207 0.05329067220230096
0.05316726855787166 0.05323187120904861 0.05325176123521978 0.05328336687485407 0.05331924057554336
0.05318308572306642 0.05325950306262207 0.05328336687485407 0.05332073993158967 0.05336323165621743
0.05320043190434229 0.05329067220230096 0.05331924057554336 0.05336323165621743 0.05341358782151047

cov.inverse():
 9576421.852454236 -11222606.03777767 -7044543.394749048  157428.2930260443  8533395.360533286
-11222606.03724018  22395622.24021744 -1682612.584460454 -4437610.163743738 -5053197.921179717
  -7044543.3949576 -1682612.583732919  20911494.07461995 -4832562.725580206 -7351378.709640561
 157428.2920888684 -4437610.162818248 -4832562.724670449  19191947.49389308 -10079229.12651463
 8533395.361141497 -5053197.922295218 -7351378.710031329 -10079229.12561655  13950367.20741539

cov*(cov_.inverse()):
    0.9999999999417923  1.164153218269348e-10  5.820766091346741e-11  1.164153218269348e-10 -3.492459654808044e-10
                     0      1.000000000174623  1.164153218269348e-10                      0 -2.328306436538696e-10
 5.820766091346741e-11  1.746229827404022e-10      1.000000000174623 -1.164153218269348e-10 -2.328306436538696e-10
                     0   2.91038304567337e-10 -1.164153218269348e-10      1.000000000116415 -2.328306436538696e-10
 5.820766091346741e-11  1.164153218269348e-10                      0  1.164153218269348e-10     0.9999999998835847
