4
2

4.417439156203736e-05
6.800123855355645e-05
 0.007698791953721525
   0.4638757232485202

-0.2935146476179709  0.7480674744182159 -0.5814899722561498  0.1269394245961162
 0.5537735403116041 -0.3442773987185268 -0.6305176639360309   0.421017118710163
-0.5979842946667194 -0.2684222428140201  0.1193192146096237  0.7457393699675379
 0.4995986399264883  0.4998175927394399  0.5000798062860919  0.5005035067975245

 0.402353222609507
0.4023832611376383
0.4024017348472417
0.4024531083807894

4.792720965400569e-05
   0.4024784807686685

  2.533458921384066   2.556011097156577  -3.383362896021891   -1.70610145899731
  1.331148763465874  0.8147814438654388 -0.7682465360179648 -0.3776889909771574

 5.696618439668828e-09  8.961443368377753e-09 -0.0002297991266111404 -0.0005614666166872225
 1.205138879914015e-09  3.616208890638227e-09 -8.227081225481944e-05     0.1073887121795389

cov:
0.05373003754378967  0.0537418921579605 0.05375633832399056 0.05377968766344005
 0.0537418921579605 0.05376020046878587 0.05378223146303199 0.05381783408090229
0.05375633832399056 0.05378223146303199 0.05381319214626808 0.05386321181515461
0.05377968766344005 0.05381783408090229 0.05386321181515461 0.05393653443358592

cov.inverse():
 110472683.0921581 -153746613.2487028  11954609.40776586  31318468.81380447
-153746613.1926835  312407679.3666358 -175973713.0558392  17313859.20681858
 11954609.31705661 -175973712.9356796  259250953.7440335 -95231926.90397061
  31318468.8484944  17313859.14267875 -95231926.87452097  46599333.89848185

cov*(cov_.inverse()):
    0.9999999995343387 -8.149072527885437e-10  1.862645149230957e-09 -4.656612873077393e-10
 4.656612873077393e-10      1.000000003143214  9.313225746154785e-10 -4.656612873077393e-10
-2.328306436538696e-10  4.889443516731262e-09     0.9999999981373549  4.656612873077393e-10
 1.164153218269348e-09  2.328306436538696e-10                      0      1.000000000465661
