5
2

4.081425184699089e-05
6.338442757977702e-05
8.574970484528798e-05
  0.01080003899978444
   0.5168801698647918

-0.05826448608914676   0.5672293414217506   -0.795843741798904   0.1564572739006387   0.1304223292772917
 -0.0969944204391507   0.3033453411777977   0.1399563481764781  -0.8130826933667678   0.4667787920867293
  0.5508835243954004  -0.5680175014791052  -0.3821224899420553 -0.07254953223871331   0.4718076182254426
 -0.6959859562447476  -0.2526510805407717  0.03156495855258427   0.3299000725345765   0.5847568518152827
  0.4464618945937356    0.446940742974936   0.4472482703339178   0.4475714051463169    0.447844360155908

0.3997274685523029
0.3998479995273129
0.3998838674126666
0.3999556002811637
0.3999675735141633

-0.000127371763707246
   0.3998939787088371

   0.8324471214669021     2.438004877650236   -0.2805637778327491   -0.6253642089639487     -2.36451146795511
     0.79100715535097    0.8353137200765048 -0.009733320272489548    -0.251263898184966   -0.3652589182116101

    1.918110449687e-09  9.769571890083809e-11 -1.389177290896699e-08 -0.0003257970061767848 -0.0008042463673914086
 5.805707867167942e-10  8.401021318856357e-10 -1.390480606109729e-09 -0.0001234479612024608     0.1191821938653249

cov:
0.05331004939543611 0.05333117112489505 0.05334478087397754 0.05335910665712425 0.05337097680545581
0.05333117112489505 0.05337528988443252 0.05340363284585869 0.05343342407375428 0.05345850558149567
0.05334478087397754 0.05340363284585869 0.05344142663252161 0.05348113346231017 0.05351468616685404
0.05335910665712425 0.05343342407375428 0.05348113346231017 0.05353125553580527 0.05357369662322908
0.05337097680545581 0.05345850558149567 0.05351468616685404 0.05357369662322908 0.05362374243005795

cov.inverse():
 45655628.64682644  -69717423.3424717 -4171403.264302131  8720105.545646166  19513125.48237494
-69717423.38174935  259933146.4076247 -230909884.2034207 -2511702.871455246  43206246.27852835
-4171403.216160663 -230909884.3674881  404951072.7416678  -99302191.6776522   -70567899.622053
 8720105.570189692 -2511702.712684299 -99302191.97480656  179964120.7640648 -86870964.93472575
  19513125.4489674  43206246.24454685 -70567899.44082327  -86870965.0485663  94720035.69641452

cov*(cov_.inverse()):
    0.9999999991850927  9.313225746154785e-10 -2.793967723846436e-09 -2.793967723846436e-09  9.313225746154785e-10
                     0     0.9999999986030161  4.656612873077393e-10 -9.313225746154785e-10                      0
-5.820766091346741e-10 -2.328306436538696e-09     0.9999999976716936 -9.313225746154785e-10 -9.313225746154785e-10
-3.492459654808044e-10  1.862645149230957e-09 -1.396983861923218e-09                      1 -9.313225746154785e-10
                     0                      0                      0                      0                      1
