6
2

7.360377646332427e-05
9.875431560441106e-05
0.0001241105487319135
0.0001546939291467282
 0.004698112199175269
   0.6261910837218592

-0.07997524970473179 -0.03174050539282935 -0.06963883470336533  -0.1243635735044619   0.8331336375528177  -0.5274172693574239
  0.2279765308358295  0.06041187282684406     0.17948960339454  -0.8939276677583059    0.107444414275942   0.3186057311788024
 -0.5228363286573954  0.02147054594401187   0.8255657302278605 -0.04261774840853014  -0.1010264310632342   -0.180554152301944
  0.4397166696216649  -0.8381857396193895    0.301126293252663   0.1061950516397853  0.02798447463807469  -0.0368286852045235
 -0.5552980033107041  -0.3545719431078285  -0.1551145904541381   0.0751891670573563   0.3415058433400036   0.6477520178509544
  0.4081252408694643     0.40817320423475   0.4082126399168984   0.4082645638387287   0.4083238031139006   0.4083902318202882

0.4017283771819809
0.4019184206723284
0.4019200601762791
0.4019222242022371
0.4019238976232438
0.4019264140419401

-5.158626111321046e-05
     0.401910148121983

 1.335944311839791  1.090733595171281  2.309039760060539  2.817505088016211 0.8416078979945082 -8.394841297347735
0.9454214593880021 0.2281830288430528 0.4334499795991882 0.3465976706056423  0.355267759092356 -1.308912922984858

  2.42493395415812e-08 -4.211052157181578e-08   3.91528285667023e-08  2.394074682309003e-08 -0.0001418202630427834 -0.0005548914648601108
 4.497549989991826e-09 -3.721231239845453e-09  8.334332248023047e-10  1.076705133035926e-08 -3.031838650195607e-05     0.1599629930953906

cov:
0.06531997132792489 0.06532516854891193 0.06532904063424698 0.06533452994881435 0.06534074743723914 0.06534762562110917
0.06532516854891193 0.06533129991310248 0.06533602812790093 0.06534253919651965 0.06534993822490316 0.06535817508951614
0.06532904063424698 0.06533602812790093 0.06534167622597865 0.06534918470077734 0.06535775520802192 0.06536733911320577
0.06533452994881435 0.06534253919651965 0.06534918470077734 0.06535788871409645 0.06536780458070333 0.06537894614562126
0.06534074743723914 0.06534993822490316 0.06535775520802192 0.06536780458070333 0.06537930223373449 0.06539224071865024
0.06534762562110917 0.06535817508951614 0.06536733911320577 0.06537894614562126 0.06539224071865024 0.06540726167972609

cov.inverse():
 32350201.45023523 -14240702.24998239 -17261114.63931461 -15664922.48142439  -5852594.41239067  20669279.57581336
-14240702.26057085  29954320.73586939  -7874231.31762896 -8589081.283316936 -5342144.628260872    6091583.2473871
-17261114.63407101 -7874231.306422518  52236136.70101588 -15802163.47443675 -13796838.02682214  2498437.140169886
 -15664922.4707035 -8589081.331594799 -15802163.43268716  85383665.26950754 -28568996.69138733 -16758472.53245683
-5852594.411474086 -5342144.609005444 -13796838.04759211  -28568996.6978869  130007952.5094501 -76447656.39641649
 20669279.56952075  6091583.254614742  2498437.135640417 -16758472.52176509 -76447656.40351386  63946974.99011887

cov*(cov_.inverse()):
     1.000000000698492 -1.746229827404022e-10 -1.746229827404022e-10                      0 -9.313225746154785e-10  4.656612873077393e-10
                     0                      1 -4.656612873077393e-10  2.095475792884827e-09 -9.313225746154785e-10 -4.656612873077393e-10
 6.984919309616089e-10 -1.746229827404022e-10     0.9999999995343387  2.328306436538696e-10 -9.313225746154785e-10                      0
-2.328306436538696e-10 -4.074536263942719e-10  8.731149137020111e-11      1.000000001629815 -1.862645149230957e-09 -4.656612873077393e-10
 6.984919309616089e-10 -5.820766091346741e-11 -3.201421350240707e-10  4.656612873077393e-10                      1 -4.656612873077393e-10
 4.656612873077393e-10 -2.328306436538696e-10  -4.94765117764473e-10  2.328306436538696e-10 -9.313225746154785e-10                      1
