5
2

5.705348972506503e-05
7.094618993537325e-05
0.0001117213909683345
 0.006853230820626954
   0.5166320490289643

 0.02841209327040035  0.02874927405663863   0.2817924478424634  -0.8258009183024568   0.4868388767004765
 -0.1526241300649955   -0.264624167387981   0.8440238026781404  0.01380797645348173  -0.4405826656316754
  0.5665535564022842  -0.7954323485257384 -0.04895098498484208  0.08737724343510911   0.1904559399059211
 -0.6746951979923115  -0.3107580608601316  0.07606795744040593   0.3317889311482131   0.5764942223777592
  0.4468803927360622     0.44706189258839   0.4472519466380692   0.4473740108838319   0.4474994630136672

0.3997161310891786
 0.399886178185949
0.3998705541785609
0.3998552518693597
0.3998480216485544

0.0001805229612079366
   0.3999236267445289

   1.204555726977069    1.562599339160967    2.977515024656915 -0.04761246792806845   -5.697029882629399
   1.054489261978728   0.4763044697196785  0.06621553451997961   0.1778217943869521  -0.7748861305445577

-5.911355347218682e-09  2.227314426524196e-08 -2.241011874811672e-08  -0.000205334358538459 -0.0005733328586686807
-1.503131939488838e-09  5.675722696511818e-10  1.039364257108883e-09 -5.834003446182222e-05     0.1191947149676733

cov:
 0.0533236028695123 0.05333370941341059 0.05334412495694379 0.05335058247053515 0.05335779284600551
0.05333370941341059 0.05335006872687556 0.05336709216144928 0.05337792476408491 0.05338932245820842
0.05334412495694379 0.05336709216144928 0.05339116643042573 0.05340664688103701 0.05342249624330124
0.05335058247053515 0.05337792476408491 0.05340664688103701 0.05342521031133187 0.05344400010822577
0.05335779284600551 0.05338932245820842 0.05342249624330124 0.05344400010822577 0.05346561328853338

cov.inverse():
 30601979.76142029 -27825879.66588453 -25356312.21528588 -3665320.446175445   26245610.2054255
-27825879.66621226  64859680.67563994 -38765882.72142009 -13590047.23817904   15321807.3560657
-25356312.22571905 -38765882.71187666  166117622.3476948 -69515912.43574327 -32480101.68975273
-3665320.423650475 -13590047.25937814 -69515912.45447013  210152997.8408812 -123379608.6574692
 26245610.19366162  15321807.36739345 -32480101.67191575 -123379608.6748702  114291033.1905308

cov*(cov_.inverse()):
     1.000000000232831                      0  1.164153218269348e-09 -9.313225746154785e-10  9.313225746154785e-10
 4.656612873077393e-10      1.000000000582077  1.164153218269348e-09                      0  9.313225746154785e-10
 2.328306436538696e-10  5.820766091346741e-10      1.000000000232831                      0                      0
 2.328306436538696e-10  3.492459654808044e-10 -4.656612873077393e-10                      1                      0
 2.328306436538696e-10  1.164153218269348e-10                      0                      0                      1
