5
2

6.860811071046408e-05
 8.79932655462756e-05
0.0001136274640894827
 0.006868120303997416
   0.5166468197849943

 0.01772412359490702  0.02337769546065036   0.2162386593159541  -0.8066370679956695   0.5492875581608686
 -0.1590407410569954  -0.4584281072140472   0.8361273890293078  0.03478243954241531  -0.2534381273895044
  0.6139663664197046  -0.7196228153204598  -0.2125554152198169  0.09063000947351625   0.2275844929234015
 -0.6306387977765534  -0.2674926756184439 -0.09482721572675529   0.3738411837542943   0.6180557771885387
  0.4469137565248606   0.4470881636006891   0.4471686775149999   0.4473877436260923   0.4475093841470157

0.3997540058426033
0.3999244025681092
0.3999176127531335
0.3998937996324776
0.3998877522353907

0.0001733077632797745
   0.3999605680117715

  1.191099386690435   1.469399903558338   2.435155260786921 -0.6602856472475856  -4.435339314774525
 0.9573865137574737  0.3000133132141385  0.5533089474205223 -0.1667661325641654 -0.6440024106914513

-6.221002758662083e-09  1.760847871057999e-08 -2.469887256759389e-08  -0.000205819447020101 -0.0005510665544564645
-3.558242326663739e-10  2.557087822947889e-09  1.195821231757224e-09 -5.645711093668276e-05     0.1192129782731874

cov:
 0.0533319917629834 0.05334198408744233 0.05334645475638677 0.05335864898533146  0.0533658964035167
0.05334198408744233 0.05335822887808007 0.05336564932684587 0.05338587865076998  0.0533973134722322
0.05334645475638677 0.05336564932684587  0.0533744943050345 0.05339853857867652 0.05341196433572452
0.05335864898533146 0.05338587865076998 0.05339853857867652 0.05343296787596717 0.05345179553862079
 0.0533658964035167  0.0533973134722322 0.05341196433572452 0.05345179553862079 0.05347345000948145

cov.inverse():
  32537880.6668673 -24712312.29280717 -26466565.42179565  552955.4525519666  18088092.38415486
-24712312.28638252   67368860.9275993 -36582970.28363894 -11119029.23671796  5045099.830550686
-26466565.42538942  -36582970.2569577  103724597.0311924 -34792886.95625998 -5882318.764227286
  552955.439732871 -11119029.28176976  -34792886.8778583  139026384.1141818  -93665849.0306275
 18088092.39414292  5045099.855345399 -5882318.819540534 -93665849.01009692  76413864.62249045

cov*(cov_.inverse()):
    0.9999999998835847 -1.164153218269348e-10 -4.074536263942719e-10  9.313225746154785e-10                      0
-2.328306436538696e-10     0.9999999992433004 -5.820766091346741e-11  9.313225746154785e-10 -9.313225746154785e-10
-4.656612873077393e-10  5.820766091346741e-11     0.9999999991850927                      0 -4.656612873077393e-10
-1.164153218269348e-10 -2.328306436538696e-10 -4.074536263942719e-10                      1 -4.656612873077393e-10
                     0 -1.164153218269348e-10 -1.746229827404022e-10                      0                      1
