5
2

6.223149301880773e-05
8.295927847907705e-05
0.0001238684793504783
  0.00583156834874028
   0.5147676910700038

  0.0581324362402381  0.05384344508220056     0.23803062872623  -0.8367462932749701    0.486742810688816
 -0.2274175082878242  -0.1954017329289769    0.859684246722434 -0.02399153373665107  -0.4128763034357323
  0.5784523457854897  -0.8027364973585589  0.03171215061906178  0.06927667498266891   0.1232967204358509
 -0.6407131546070106  -0.3385973476069582    0.057084453825341     0.30720558519965   0.6141698325875912
  0.4469691644282969   0.4470850010815373   0.4472360901806267   0.4473315523468555   0.4474460076624786

0.3997699937634885
0.3999557049168438
0.3999571681186694
0.3999591690940958
0.3999580741267713

-3.311879346208276e-05
    0.3999492022088482

 1.421919001597688  1.535329015703909  2.957690149025943 0.9477203093250651 -6.862722772265083
0.9700091795331106  0.397352046972588  0.509781920261924 0.1604489796109429 -1.037587782978959

-1.264081832349576e-08  3.255316067094907e-08 -1.682639869339771e-08 -0.0001763543038995648 -0.0005274298323337587
-1.704656607313982e-09   3.88541871422979e-09  2.170869826725751e-09 -4.471617782957758e-05     0.1183735410122754

cov:
0.05295320416768758 0.05296032884862707 0.05296960825600205 0.05297546646170916 0.05298233559019892
0.05296032884862707  0.0529705903335178 0.05298392220239797 0.05299235213727781 0.05300237731079192
0.05296960825600205 0.05298392220239797 0.05300260290136362 0.05301439559226125  0.0530285546789087
0.05297546646170916 0.05299235213727781 0.05301439559226125   0.053028328076962 0.05304509795857652
0.05298233559019892 0.05300237731079192  0.0530285546789087 0.05304509795857652  0.0530650835778185

cov.inverse():
 30207368.05841396 -22992010.61827197 -23640025.72039034 -9161314.830487534   25586194.4945749
-22992010.62157943  48297435.51763313 -22758610.75788604 -14579693.37434196  12032941.01099194
-23640025.72924022 -22758610.75801126  122081754.8406983 -54281942.02309359 -21401338.73890542
-9161314.804182475 -14579693.38759163 -54281942.05965966  181186181.8272143 -103163873.4299085
 25586194.48042715  12032941.02105936 -21401338.71131428 -103163873.4534193  86946626.66114071

cov*(cov_.inverse()):
    0.9999999997671694  5.820766091346741e-10  6.984919309616089e-10                      0 -9.313225746154785e-10
                     0      1.000000000116415 -2.328306436538696e-10  9.313225746154785e-10 -9.313225746154785e-10
 2.328306436538696e-10  1.164153218269348e-10                      1                      0                      0
 2.328306436538696e-10                      0  2.328306436538696e-10      1.000000001862645 -9.313225746154785e-10
 2.328306436538696e-10  1.164153218269348e-10 -4.656612873077393e-10  9.313225746154785e-10                      1
