5
2

6.200965685919945e-05
8.101446000355461e-05
0.0001065677962260084
 0.005544399577713407
   0.5147382867887854

 0.05625032089017682  0.09083041506726852   0.2118606471703051  -0.8425238136442755   0.4835849736306385
 -0.1556425952118122  -0.3604817073435356   0.8602246361288816 -0.01934419533222341  -0.3247579078795528
  0.5151661035493881   -0.787763305417131  -0.1210070022406762  0.09209758697706769   0.3015098676225103
 -0.7123584362294869  -0.2032218401498447  0.02186421231595915   0.2849583092119115   0.6079202745835036
  0.4469458893892027   0.4471382702182674   0.4472224314656418   0.4473211620674175   0.4474400675229306

0.3997647466031265
0.3999509127948482
 0.399951820945787
0.3999538050540447
0.3999527240598025

-3.229093167778949e-05
    0.3999439956702123

 1.371844632971222  2.343299896303201  2.643332503293478 0.5972531968151408 -6.955791585095314
 1.007103391619605 0.4428204526967279 0.5094580850528136 0.1301330812417359 -1.089510486062446

-1.160053260960057e-08   2.27289902559205e-08 -3.976358052463451e-08 -0.0001676590327151962  -0.000545514593707295
-1.659993103159338e-09  3.105651463964569e-09  -2.36416172251195e-09 -4.369815349940337e-05     0.1183514933301076

cov:
 0.0529432803833443 0.05295490570932176 0.05295994585913143 0.05296587825407944 0.05297288868143733
0.05295490570932176 0.05297452892091243 0.05298308470166756 0.05299313771588546 0.05300520638486752
0.05295994585913143 0.05298308470166756 0.05299321466609928 0.05300508436582995 0.05301939008959164
0.05296587825407944 0.05299313771588546 0.05300508436582995 0.05301909431869369 0.05303601203650333
0.05297288868143733 0.05300520638486752 0.05301939008959164 0.05303601203650333 0.05305614772911695

cov.inverse():
 27899407.51071345 -25852897.64339974 -22789714.34267657 -7695160.695925487  28438614.96790865
-25852897.63722429   76589462.8155497 -33848443.42865846 -25229744.57343441  8341563.929379215
-22789714.35945418 -33848443.45689213  125707704.0847512 -49937383.58236748 -19132285.96031617
-7695160.681004345  -25229744.4969763 -49937383.72182509  185412482.5706613 -102550723.3068149
 28438614.96358967  8341563.887330007 -19132285.86586936 -102550723.3548935  84903311.27484515

cov*(cov_.inverse()):
    0.9999999997671694                      0  1.164153218269348e-10                      0 -9.313225746154785e-10
-2.328306436538696e-10      1.000000000174623  4.656612873077393e-10 -9.313225746154785e-10 -9.313225746154785e-10
-6.984919309616089e-10 -1.164153218269348e-10      1.000000000465661                      0 -1.862645149230957e-09
-4.656612873077393e-10  8.731149137020111e-10                      0     0.9999999981373549                      0
-2.328306436538696e-10 -5.820766091346741e-11 -5.820766091346741e-10                      0     0.9999999990686774
