4
2

  9.7681852032852e-05
0.0001368444512533924
 0.002441306688616382
   0.4192248582614041

   0.1489921592322644    0.2488604339919111   -0.8457362475786113    0.4478839363186793
   0.5658083792005667   -0.7906133725712069 -0.009094859033448782    0.2338988171777942
  -0.6385346724801506   -0.2510474371598637    0.1860874569946401    0.7032923394189641
   0.4999356824176512    0.4999741631328598    0.5000189410613156    0.5000712031552255

 0.405487336535487
0.4054902250397969
0.4054918100438888
0.4054949819749555

-6.498293790866207e-05
    0.4054772006850013

 4.611966387121612  5.441360993302482  1.921242014712994 -11.97454510807316
 1.314201717813817  1.328171288057321  0.589325431033241 -2.231690588303541

 -4.72009487887968e-08 -8.447160367016077e-08 -7.375489285685362e-05 -0.0002181595449896843
-9.270922886736266e-09 -1.561469832610275e-08 -1.568941762623092e-05    0.08782857875749192

cov:
0.04392850363947944 0.04393039581542542 0.04393267329897981 0.04393530133768495
0.04393039581542542 0.04393321767015668 0.04393648408832188 0.04394030198191769
0.04393267329897981 0.04393648408832188 0.04394091260266732 0.04394606843411501
0.04393530133768495 0.04394030198191769 0.04394606843411501 0.04395283611848683

cov.inverse():
 19490491.39272641 -19975167.68992941  -13500710.3957529   13985387.1813822
-19975167.69484921  39880208.99073839 -21681701.83143153  1776725.807422414
-13500710.38666888 -21681701.84415337  74972393.30710334 -39790006.19217488
 13985387.17721799  1776725.815224432 -39790006.19581268  24027875.32555942

cov*(cov_.inverse()):
     1.000000000116415  1.455191522836685e-11 -2.328306436538696e-10 -2.328306436538696e-10
                     0                      1 -2.328306436538696e-10 -2.328306436538696e-10
 1.164153218269348e-10 -7.275957614183426e-11                      1 -4.656612873077393e-10
                     0 -4.365574568510056e-11                      0                      1
