5
2

6.442893220035855e-05
7.361341661106839e-05
9.770827363392629e-05
 0.006248333984628558
   0.5123933876649487

 0.1166552351613936 -0.3471599149885636 -0.2839474512093218  0.8285852807486694 -0.3141525537266127
-0.1389215196326549  0.6386827944163399 -0.7369285185812809 0.09029675063121902  0.1468603242081769
 0.6231219758742218 -0.4192668537318496 -0.4197115838970409  -0.235930372077639  0.4517890596487982
-0.6150898741232381 -0.3090956004979359 0.01292523964165113   0.223148245251916  0.6900450386207233
 0.4477452595238262  0.4474812807886878  0.4471971913777759  0.4470286898224654  0.4466147203318491

 0.350792322897906
0.3509655204034949
0.3512031237903509
 0.351267850884413
0.3514369880979004

-0.001546188474560111
   0.3507859519267443

 0.3622550498921411    3.30556967119403   1.474231138733658 -0.5837382635414758  -4.558401443942778
 -1.030551642038413   5.212993374956768  -4.209483268292723   1.961401645683346 -0.9299302210572339

 -2.38915825989554e-09  1.367330097723668e-09 -3.532978825127963e-08 -0.0001757369030539886   0.001011756049141931
 4.909237534813811e-09  3.584756486265896e-08 -1.855834978070738e-08 -4.824967354887701e-05     0.1182263579460408

cov:
0.05264909589720838 0.05261070889626279 0.05256958101192497 0.05254472563637987 0.05248485316759558
0.05261070889626279 0.05257601030362927 0.05253874322636662 0.05251641047935977 0.05246214009252919
0.05256958101192497 0.05253874322636662 0.05250555613059986 0.05248587304909126 0.05243750275016239
0.05254472563637987 0.05251641047935977 0.05248587304909126 0.05246793198723797 0.05242340822111535
0.05248485316759558 0.05246214009252919 0.05243750275016239 0.05242340822111535 0.05238745019859946

cov.inverse():
 47520280.47018259 -53489949.52768363 -16482029.52814516  5567727.139328259  16883805.47958776
-53489949.54086621  122724536.0760366 -44676361.53787276 -48293515.23189915  23735605.24348582
 -16482029.5516231 -44676361.47301703  138090660.0482326 -58585120.24601737 -18344531.99620945
 5567727.201581386 -48293515.36279663 -58585120.17287024  172727659.8423097 -71420834.27905381
 16883805.45399361   23735605.2963484 -18344532.02798018 -71420834.27455203  49147291.74971074

cov*(cov_.inverse()):
    0.9999999995343387  4.656612873077393e-10  6.984919309616089e-10 -4.656612873077393e-10                      0
-2.328306436538696e-10      1.000000000465661  3.492459654808044e-10  1.396983861923218e-09                      0
 2.328306436538696e-10  1.164153218269348e-09                      1 -4.656612873077393e-10                      0
-3.492459654808044e-10  2.328306436538696e-10  6.984919309616089e-10      1.000000001862645 -9.313225746154785e-10
-4.656612873077393e-10  9.313225746154785e-10  3.492459654808044e-10 -1.396983861923218e-09      1.000000000465661
