5
2

4.499851288571535e-05
5.126562851073129e-05
6.477129292483491e-05
 0.008191665147289228
   0.5677534545494358

-0.01144979074695977  -0.3026430898256744  0.06098198841146438    0.787055373414868  -0.5339485918520489
 -0.2914837516854052   0.7524740394639428  -0.5254467541008462   0.2201760346041517  -0.1557185436198692
  0.6131789649018063  -0.2456988701965785  -0.7075566635012185   0.1191481573821544   0.2209319051507363
 -0.5825352518573031  -0.2864146724094098  -0.1401867283526003   0.3429520482874501   0.6643424489985535
  0.4467329875224674   0.4469772709280868   0.4470997146309599   0.4474974437163339   0.4477598018772913

0.4226496578732999
0.4227115948128133
0.4228103406769427
0.4228565973577741
0.4228834942681234

-0.0003387897996622671
    0.4226939953276605

0.9076838061036155  1.362807956493182  1.307087241422084 0.6376034982619734 -4.215315995643072
 3.752611002086646 -4.649186468688835 0.5390041875172826  4.095408479274494 -2.737598100089124

 4.878839850226613e-09  2.288830910255802e-09 -6.538132272123187e-09 -0.0002472134218670281 -0.0009954972586289782
 1.231522991208862e-08  -9.32322931169641e-09  1.235556926198614e-08 -9.019822056536272e-05     0.1438368182210671

cov:
0.06435307900321906 0.06437667784632503  0.0643885936665838 0.06442698293134248 0.06445220035323922
0.06437667784632503 0.06440618617644632 0.06442101523220897 0.06446903475568093 0.06450065846671692
 0.0643885936665838 0.06442101523220897  0.0644372894208253 0.06449006181638044 0.06452484958266612
0.06442698293134248 0.06446903475568093 0.06449006181638044 0.06455855407586363  0.0646037927073707
0.06445220035323922 0.06450065846671692 0.06452484958266612  0.0646037927073707  0.0646559887027006

cov.inverse():
 122018512.2714617 -117652184.9905173 -45482463.43897931 -11458237.03882833   52574812.5257204
-117652185.4914553  275066641.2634644 -118117423.8193474 -61576279.07908797  22279961.23523669
-45482462.75538298 -118117424.5920303  226221097.8081395 -40411719.10220315  -22210402.2973692
 -11458237.2681956 -61576279.08826505 -40411718.73593023  327755463.3779336 -214310647.3005872
 52574812.57242688  22279961.51616351 -22210402.75273155 -214310647.1728566  161667467.9268156

cov*(cov_.inverse()):
    0.9999999981373549  2.328306436538696e-10 -2.095475792884827e-09  1.862645149230957e-09                      0
                     0     0.9999999962747097  3.492459654808044e-09  1.862645149230957e-09                      0
 9.313225746154785e-10 -6.984919309616089e-10      1.000000002328306                      0  1.862645149230957e-09
-4.656612873077393e-10                      0  2.095475792884827e-09     0.9999999981373549  1.862645149230957e-09
-9.313225746154785e-10 -2.328306436538696e-10  2.328306436538696e-10                      0      1.000000001862645
