5
2

2.175464345334222e-05
3.147683098297412e-05
 6.67165678794642e-05
  0.01136273167845235
   0.5169251056415493

0.004921384534504435  0.06109888718867924   0.3058482254399906  -0.8315180768379155   0.4596490583538184
-0.01677644389350142   -0.539711419126353   0.7808780795485141  0.07948711260097988  -0.3038772100798121
  0.5811619421338795  -0.6620878872322958  -0.3107313613939662  0.03670729008765243   0.3549493238423265
 -0.6801650145575119  -0.2586051258779555  0.01100503381124478   0.3171665471461547   0.6080980286465545
  0.4464534476199153     0.44692452214982    0.447226115240265   0.4475683668982212   0.4478941274549234

0.3997856338952488
0.3998819551226296
0.3999021026523087
0.3999139552154661
0.3999205675656418

1.322459072270706e-05
   0.3999667563094588

 0.2372081229784377  0.9273183034983778   2.017078466233034   1.161102211205136  -4.342702064970118
 0.5460596509166037  0.6817443212468492  0.4938288044686129  0.1481960946615737 -0.8698236163446689

-1.082285428789759e-09  2.459707164549401e-09 -1.158041760192254e-08 -0.0003423367172195416 -0.0007920928763941483
-1.550714994468342e-10  2.819921730227409e-10 -2.629608177775555e-09 -0.0001322379587971394     0.1191952233132174

cov:
0.05332052276568944 0.05333969735702839 0.05335200113303355 0.05336594555668423  0.0533792600170122
0.05333969735702839 0.05338188318680015 0.05340889672736675 0.05343954649420636 0.05346873533847236
0.05335200113303355 0.05340889672736675 0.05344532195947584  0.0534866562286412 0.05352599874334182
0.05336594555668423 0.05343954649420636  0.0534866562286412 0.05354012570090171 0.05359099830884514
 0.0533792600170122 0.05346873533847236 0.05352599874334182 0.05359099830884514 0.05365282881601201

cov.inverse():
 76218758.71086335 -76670788.52512404 -50612641.97624173 -5201647.413037414  56266238.25047291
 -76670788.2367067  400367899.4911969 -339660438.0032565 -156109333.8294446  172072640.1904137
-50612642.26386737 -339660438.9297878  834785466.9097326 -477286214.7333384  32773637.81705143
-5201647.681934078  -156109330.650829 -477286218.7671511  1467644191.307169 -829046076.8126957
 56266238.51857775  172072638.2267488  32773640.63670459 -829046077.9367895  567932954.4621388

cov*(cov_.inverse()):
     1.000000000465661 -1.862645149230957e-09  5.122274160385132e-09  7.450580596923828e-09 -3.725290298461914e-09
                     0     0.9999999962747097  6.984919309616089e-10                      0                      0
-4.656612873077393e-10 -1.862645149230957e-09      1.000000001862645  1.490116119384766e-08 -7.450580596923828e-09
-4.656612873077393e-10                      0  2.095475792884827e-09     0.9999999925494194  3.725290298461914e-09
 4.656612873077393e-10                      0 -1.862645149230957e-09                      0                      1
