5
2

5.727653108704047e-05
6.793149219787077e-05
9.580409222380253e-05
  0.00663496991641517
    0.516379995108048

 0.02759604476233335  0.06840308552558455   0.2348670002589133  -0.8305152620897279   0.4996412391200961
  -0.102610458922002  -0.4112319211451573   0.8430389754366754 0.001925620914193852  -0.3311207916000676
  0.4925888830385862  -0.7699047879084323   -0.179759536214051   0.1105767120750692    0.346499797617902
 -0.7392207090252934  -0.1831656707019714  0.04227356317826315   0.3128170892366789   0.5660048541860269
  0.4467868481594246   0.4471088005774569   0.4472384521487207   0.4473912726554737   0.4475422313360915

0.4012349576699338
0.4013990499680916
0.4013904643125251
0.4013768668759012
0.4013693866519466

0.0001639785847048305
   0.4014405640116426

  1.477161775250406   2.181385274263404   2.115144511727583 -0.5341474856633872  -5.239555629291256
  1.097898188935936  0.3537731178423909  0.3577610807563372 0.03374787859935863  -0.843318625030179

-4.879977582243173e-09  1.139098262744939e-08 -2.943164603248227e-08 -0.0001996344092033467 -0.0007008520129515866
-1.019813532073176e-09  1.489497564972069e-09 -7.741830372997741e-10 -5.846362693791335e-05     0.1190274984609161

cov:
0.05325198869100197 0.05327224345105688 0.05328035519893141 0.05328975889179456 0.05329950530769287
0.05327224345105688 0.05330615265922307 0.05331978548769412 0.05333582265669287 0.05335177776286996
0.05328035519893141 0.05331978548769412  0.0533356707110838 0.05335439428738618 0.05337286744393319
0.05328975889179456 0.05333582265669287 0.05335439428738618 0.05337635405097423 0.05339784612056835
0.05329950530769287 0.05335177776286996 0.05337286744393319 0.05339784612056835 0.05342217313500909

cov.inverse():
 28962481.54923674 -31596878.59528903 -26417890.70822162 -1099824.320973004  30152096.77931179
-31596878.58552876  102654593.0232123 -55150749.88855063 -26765188.00219377  10857851.41428217
 -26417890.7247057 -55150749.90500876  174346836.3885016  -61272369.7138552 -31506149.23261968
-1099824.315756617 -26765187.91783551 -61272369.84747474  211588011.4917414 -122448623.3213959
 30152096.78081925  10857851.35614309 -31506149.13194366 -122448623.3654406  112943547.6022339

cov*(cov_.inverse()):
                     1  6.984919309616089e-10  2.328306436538696e-10                      0 -9.313225746154785e-10
 2.328306436538696e-10      1.000000001396984 -6.984919309616089e-10  1.862645149230957e-09 -9.313225746154785e-10
                     0  3.492459654808044e-10                      1  2.793967723846436e-09 -9.313225746154785e-10
                     0  6.984919309616089e-10  1.164153218269348e-09      1.000000001862645 -9.313225746154785e-10
 2.328306436538696e-10  1.164153218269348e-10  2.328306436538696e-10                      0                      1
