5
2

2.177261342874721e-05
3.755406455170751e-05
 7.36010137331286e-05
  0.01222937284541018
   0.5168370170251435

0.005922987676468968  0.02275140278137412   0.3468648884489045  -0.8236224605006626   0.4480826749703984
-0.06023388003429574  -0.3904420893262101   0.8021226987902267  0.08768679843882406  -0.4391321623880784
  0.6699442081973057  -0.6930788796464242  -0.1830199439732582  0.01343955190268948   0.1927161203522494
 -0.5900143535375403  -0.4087759433744619  0.05228725994700322   0.3367943248522048   0.6071415946322398
  0.4465362453771946   0.4467451659060669    0.447273593902068   0.4476003006370596   0.4479111980867865

0.3997189630602278
0.3997822870727201
0.3998344396876297
0.3998458291234246
0.3998521459798572

1.695177428186526e-05
   0.3999006074742129

  0.222598599450535  0.5483470926633883   2.299871720502949   1.347284743415598  -4.418099118554961
  0.473143214412946  0.5841342406782238  0.5361955666869119  0.2200251874428928 -0.8134948085080687

-1.079778246419172e-09  5.183645498039945e-09 -8.045347377257607e-09 -0.0003684929831814451 -0.0007557820961632668
-1.629065763453808e-10   7.75739544128384e-10 -1.840855896817352e-09 -0.0001360537713181355     0.1191813592346962

cov:
0.05331445656227902 0.05332337879462758 0.05334572617336048 0.05335959097343791 0.05337281946255724
0.05332337879462758 0.05333723547540174  0.0533721054081905 0.05339369904098688 0.05341427173015906
0.05334572617336048  0.0533721054081905 0.05343884623363201 0.05348010346720243 0.05351936177332894
0.05335959097343791 0.05339369904098688 0.05348010346720243 0.05353349661841262 0.05358428539822137
0.05337281946255724 0.05341427173015906 0.05351936177332894 0.05358428539822137 0.05364603213937894

cov.inverse():
 85502182.06257099 -68752821.77425949 -52559172.66516434 -12375083.52023562   48184975.8136461
-68752821.77556482  197860787.2342386 -182003410.8019472 -65525350.06668438  118420268.6057258
-52559172.57237118 -182003411.1259203  716201140.7337825 -553234538.8860272  71596354.91667677
-12375083.70577104 -65525349.40752202 -553234539.6925856  1436471593.966383 -805335655.4506787
  48184975.9076947  118420268.2692303  71596355.49205402 -805335655.7836084  567133182.9905902

cov*(cov_.inverse()):
    0.9999999995343387                      0  4.656612873077393e-09 -1.490116119384766e-08  3.725290298461914e-09
-9.313225746154785e-10     0.9999999990686774  5.122274160385132e-09                      0                      0
-4.656612873077393e-10                      0      1.000000008381903  7.450580596923828e-09                      0
-4.656612873077393e-10  9.313225746154785e-10  5.587935447692871e-09     0.9999999925494194  3.725290298461914e-09
                     0                      0 -9.313225746154785e-10                      0                      1
