4
2

7.960754240647771e-05
 0.000133769028833679
 0.007962929011538453
   0.4514893355528299

 -0.5922012610120461   0.7931445248027132 -0.09663767602781322  -0.1043100608913846
 -0.1141146423301722  -0.0687554772493135   0.7862608436400044  -0.6033609355208409
 -0.6214629494410984  -0.3408215425118758   0.3500002287575317   0.6124739329159019
  0.5000593138154418   0.5000351220499649   0.4999548831645989   0.4999506717495024

0.4089703375780365
0.4091657305278888
0.4095942373612304
0.4097028575863175

-0.001693474880026143
   0.4089249027543704

  3.202083159569221  0.1049438368383782 -0.8701938349103145  -2.436284702232864
   4.68202889892233  -1.207169604500312  -11.09651832457729   8.623159373359373

-9.346463550552316e-09  7.392783965199896e-09 -0.0002423762210649444  0.0001278666634451688
-2.254391842433304e-08 -2.572986652665323e-07  -6.97872149395422e-05     0.1021375374950142

cov:
0.05099723817446682 0.05098370801468081 0.05094830815211972 0.05093753872974251
0.05098370801468081 0.05097518418101415 0.05095207075403776 0.05094597087075697
0.05094830815211972 0.05095207075403776 0.05095923735129394  0.0509646136626695
0.05093753872974251 0.05094597087075697  0.0509646136626695 0.05097439288111753

cov.inverse():
  56072686.0383383 -73674404.32030094  4012834.010893054  13589115.34702917
-73674404.32419461  99531033.53718036 -15117532.37898271 -10739767.23403403
 4012834.025052859 -15117532.39731305   36023489.1087683 -24917407.67934058
 13589115.33676356 -10739767.21959804 -24917407.68351114  22067135.50954483

cov*(cov_.inverse()):
                     1  4.656612873077393e-10                      0                      0
-1.164153218269348e-10     0.9999999997671694                      0                      0
                     0 -3.492459654808044e-10                      1                      0
-4.656612873077393e-10  6.984919309616089e-10 -2.328306436538696e-10                      1
