5
2

4.548642368633574e-05
5.777768377265583e-05
8.687198909620391e-05
  0.01191654531530127
   0.5166790021913792

 0.05657071030271103   0.3102340737317397  -0.6621597816750509   0.6051060181602073  -0.3097510363985961
-0.08366763841038488   0.5596706378020075  -0.4365187445915803  -0.5139288021712196   0.4744439644301195
    0.70551214599789  -0.5141136199780042  -0.3891909061936958 -0.08400766772164811   0.2818030303290986
 -0.5409521299953227  -0.3557935443545033  -0.1402682462413421   0.4027859386378771   0.6315615991977084
  0.4465678962057744    0.446790483590324   0.4470470520926716   0.4476941952770079   0.4479667605771634

0.3977575237797937
0.3978202948380711
0.3978517334965725
 0.397880521278286
0.3979230300491512

3.432169217507483e-05
   0.3979436752915796

 0.3385723819928602   1.022200175905309   2.196254676231043  -2.523737735443675  -1.033294797037041
 0.5710558329434392  0.6654493576009852  0.4721569470932757 -0.8309936655452832  0.1222499416555557

-4.810586865541503e-09   1.30807266901413e-09 -9.211514161110485e-09  -0.000358421615199768 -0.0008036510246046546
-1.271615540510276e-09  2.015042757740022e-09 -1.413406633746532e-10 -0.0001234596403353571     0.1191005171888356

cov:
0.05327893182723206 0.05329123742970485 0.05330526885602357 0.05334070350175296 0.05335562485518678
0.05329123742970485 0.05330843742366262 0.05332814716075139 0.05337789662047886  0.0533988477057064
0.05330526885602357 0.05332814716075139 0.05335447611005093 0.05342088831619334 0.05344885875441119
0.05334070350175296 0.05337789662047886 0.05342088831619334 0.05352929447754615 0.05357495243215429
0.05335562485518678  0.0533988477057064 0.05344885875441119 0.05357495243215429 0.05362806847325711

cov.inverse():
 69601055.30840391 -53605675.21147011 -43547335.41675609  21570400.50803034  5981861.700639924
-53605675.05931323  175372383.5723813 -145956434.7707433   10291383.4943165  13898049.89838362
-43547335.65942942 -145956434.4430314  289066353.0776422 -122121415.0094687  22558765.91494365
  21570400.6700719  10291383.16853055 -122121414.8388772  257026055.5304324 -166766376.4422326
 5981861.629114669  13898050.04861414  22558765.82939176 -166766376.4353864  124327721.7167263

cov*(cov_.inverse()):
                     1  1.164153218269348e-10 -4.656612873077393e-10                      0  9.313225746154785e-10
 5.820766091346741e-11      1.000000000349246 -2.328306436538696e-10                      0  9.313225746154785e-10
-4.656612873077393e-10  8.149072527885437e-10     0.9999999993015081 -1.862645149230957e-09 -9.313225746154785e-10
 2.328306436538696e-10  5.820766091346741e-10  1.629814505577087e-09                      1  9.313225746154785e-10
-6.984919309616089e-10 -2.328306436538696e-10  4.656612873077393e-10                      0                      1
