5
2

  6.7077811807231e-05
7.637052704758925e-05
8.311633580481793e-05
 0.005754762314693652
   0.5166233709242536

 -0.3320233220535059   0.7965063961377323  -0.4607120993917067  -0.1486445952762608   0.1448696665747472
 -0.4235556927255348   0.1905076739121694   0.7578527610359113  -0.4524776434875989 -0.07232272170294951
 -0.3972952303362237   0.1335545939224941    0.113637255851042   0.7075642363709467  -0.5574577077103956
 -0.5940087417761617  -0.3341139650543005 -0.02246597433449844   0.2690214063336525   0.6801795615722813
  0.4468458385371119   0.4470071765532938    0.447197281011612   0.4473802641848756   0.4476369865924955

0.4012940197609092
0.4012859158420614
0.4012724877505725
0.4012642683100437
0.4012546208377776

0.0001621382768345701
   0.4013341631250465

  2.462460429474662   2.298293673246442  0.4406517863267119  -1.342960946780351  -3.858468588172584
  1.210765667139941   1.085872356086426  0.3164754123029322 -0.6622724917545848 -0.9509688827107543

 2.027653829507881e-09  3.589978875197824e-09  4.002685546006744e-09 -0.0001730792802344874 -0.0008688207011332431
 1.249827562152254e-09  1.763281616265007e-09 -1.647775003087695e-09 -6.339031717074404e-05      0.119028940184333

cov:
0.05330387371409439 0.05331799807434832 0.05333454031152698 0.05335063020376996 0.05337316150222744
0.05331799807434832 0.05333437617549224 0.05335360453137281 0.05337221056591603  0.0533982899743981
0.05333454031152698 0.05335360453137281 0.05337606802399564  0.0533976859136668 0.05342802165688003
0.05335063020376996 0.05337221056591603  0.0533976859136668 0.05342213796589725 0.05345644780653566
0.05337316150222744  0.0533982899743981 0.05342802165688003 0.05345644780653566 0.05349638603517352

cov.inverse():
 78118514.21571063 -80285442.69504124 -27573455.36480921  3131369.591385298  26608835.75441553
-80285442.70726748  149808460.5620672 -54605846.07762757 -27416852.14492062  12499201.98859653
-27573455.36824131 -54605846.08976931  147516347.8279886 -31934654.77258815 -33401361.52206111
 3131369.627407541 -27416852.16202185 -31934654.81322661  112485845.0635545  -56265601.7470561
 26608835.73405172  12499202.00561313 -33401361.49699664 -56265601.76877324  50558465.15957456

cov*(cov_.inverse()):
    0.9999999997671694 -3.492459654808044e-10                      0 -4.656612873077393e-10 -4.656612873077393e-10
                     0     0.9999999997671694 -6.984919309616089e-10                      0                      0
 2.328306436538696e-10 -1.164153218269348e-09      1.000000000232831                      0 -4.656612873077393e-10
 4.656612873077393e-10  3.492459654808044e-10 -1.164153218269348e-09      1.000000000465661                      0
-4.656612873077393e-10  4.656612873077393e-10                      0                      0     0.9999999995343387
