5
2

6.845622369653651e-05
7.824849933441167e-05
9.305049747053877e-05
 0.004554707284888741
   0.5087699303475995

-0.01065851141994232  -0.3121022472387618  0.02867893891415572   0.8021798763768662   -0.508097970672566
 -0.3147431373367531   0.7633032124330943  -0.4989380739485583   0.2097122447058443  -0.1593315291261434
  0.4748341959792395  -0.2579151477839269  -0.7417516793035207   0.1621814667598875   0.3626484261131755
 -0.6895020895262554  -0.2312160004912879 0.006517733623499522   0.2935994159255892   0.6203893388609344
  0.4471493134305435   0.4471904860551498    0.447213911038198   0.4472412941178355   0.4472729628426863

0.3787655911018439
0.3788134024428548
 0.378924834002184
0.3789144191895117
0.3789024944194211

0.0002269479295151167
   0.3789782392236841

  2.186444908774129   3.584715336391652   1.333507299717231 -0.4478091927796254  -6.656851580701675
 0.7723154554214745   1.001356348796848  0.4353550130471055 0.09722608798121116  -1.306149786622784

 8.994098148928106e-09  1.438530134892221e-08 -2.911132481120086e-08 -0.0001366917207211939 -0.0001624378432434994
 2.030896607245222e-09   3.26066704859623e-09 -5.821674444806171e-09 -3.200969563436376e-05     0.1157335842324074

cov:
0.05176435208729017 0.05176255715357786 0.05176186832635234 0.05176093363616208  0.0517599262835737
0.05176255715357786  0.0517651319167682 0.05176669780390818 0.05176849062982587 0.05177058865074154
0.05176186832635234 0.05176669780390818 0.05176944863166846 0.05177264944527606 0.05177635926397837
0.05176093363616208 0.05176849062982587 0.05177264944527606 0.05177757315353348 0.05178322464901526
 0.0517599262835737 0.05177058865074154 0.05177635926397837 0.05178322464901526  0.0517911010625692

cov.inverse():
 42266823.81618597 -52664261.88591681 -15095929.80825968 -3720303.380897335  29213392.13870029
-52664261.87742265  123628484.7059356 -42015061.27701941 -32115289.21536797  3166548.407903709
-15095929.80564386 -42015061.31405406  104377817.5248609 -26073637.83363413 -21193171.04935254
-3720303.407941071 -32115289.11180191 -26073637.91965156  147539721.5387798 -85630433.75611767
 29213392.15463408  3166548.349866489 -21193170.99775388 -85630433.76561305  74443467.09025384

cov*(cov_.inverse()):
     1.000000000931323 -2.328306436538696e-10  2.328306436538696e-10                      0                      0
                     0     0.9999999998544808 -4.656612873077393e-10                      0 -4.656612873077393e-10
 2.328306436538696e-10  1.455191522836685e-10                      1  9.313225746154785e-10 -9.313225746154785e-10
                     0  5.238689482212067e-10 -2.328306436538696e-10                      1 -4.656612873077393e-10
 2.328306436538696e-10 -3.201421350240707e-10 -1.164153218269348e-09 -9.313225746154785e-10                      1
