5
2

 5.68572983357158e-05
6.554214848200939e-05
9.204207476429325e-05
 0.007019675763228936
   0.5174343449693704

-0.00149346203957166  -0.1239529993322195  -0.1637906164554114   0.8213704930649205  -0.5321245818519652
-0.01899680174899924   0.4474891096988234  -0.8341290920678575  0.09949436608757889   0.3061407308855627
  0.6084868998042976  -0.6835666172267867  -0.2654572175760481   0.0398290253260048    0.300709971497531
 -0.6555412004900644  -0.3425040958103164  0.08299821196737801   0.3371735729803872   0.5765257646515555
  0.4468179923873318   0.4470086965863046   0.4472639647615367   0.4474136952132113   0.4475632223682124

0.4004007497371869
0.4004569431739485
0.4005602225174971
0.4005483674203016
0.4005422885170558

0.0001407566515670817
   0.4006032499137131

  0.9722734960982717    2.445653813565064    1.940001740513328  -0.5240814395870479   -4.833870831925202
   0.627677021269466    1.117240093174461  0.00848026083975123 -0.06969043010278714  -0.6838004420684487

 4.911857549682126e-09  -8.91057819575245e-09 -2.600491387957188e-08 -0.0002107800307840586 -0.0006943349307924201
 5.360346384398828e-10  1.137015198843508e-09 -5.018891687888364e-09 -5.968044079814065e-05     0.1195296112894421

cov:
 0.0534741447973791 0.05348684026449275 0.05350363560670406 0.05351333893581705 0.05352349660938081
0.05348684026449275 0.05350438924492348 0.05352775393663035 0.05354138374788543 0.05355523919840906
0.05350363560670406 0.05352775393663035 0.05356006611812297 0.05357903126857987 0.05359791539351043
0.05351333893581705 0.05354138374788543 0.05357903126857987 0.05360119356480036  0.0536230786929054
0.05352349660938081 0.05355523919840906 0.05359791539351043  0.0536230786929054 0.05364779947674531

cov.inverse():
 43798272.76684863 -51014557.68525206 -15303331.03843946  2036812.997215545  20482976.09266564
-51014557.70945834  106525378.5349195 -59192126.04007662 -24345469.88690761  28026107.39185567
-15303331.03559742 -59192126.09396571  178583201.8836552 -62182261.12180021 -41905666.72504442
 2036813.084307239  -24345469.9003978 -62182261.31408858  211185925.8285957 -126692798.1994077
 20482976.02693914  28026107.43502851 -41905666.58380534 -126692798.3180943  120087868.3474139

cov*(cov_.inverse()):
    0.9999999997671694  6.984919309616089e-10 -4.656612873077393e-10 -2.793967723846436e-09  1.862645149230957e-09
                     0      1.000000000465661                      0 -9.313225746154785e-10                      0
-2.328306436538696e-10  4.656612873077393e-10     0.9999999995343387 -9.313225746154785e-10  9.313225746154785e-10
                     0  1.629814505577087e-09 -9.313225746154785e-10     0.9999999990686774  1.862645149230957e-09
 2.328306436538696e-10  2.328306436538696e-10                      0                      0     0.9999999990686774
