5
2

4.327743960552808e-05
6.357272727851812e-05
9.634934504574196e-05
  0.01038934944410021
   0.5188267545977786

 0.05392925323725713   0.1805882921927215  -0.7309021372044628   0.6400227589885704  -0.1436399602297157
 -0.1861562408206657    0.722573168835187  -0.3296813896895366  -0.4990785444118464   0.2923433896689362
   0.684510124313495  -0.3703273535533498  -0.3880708447600542  -0.3101670899925951   0.3840585068127504
 -0.5424962718162634  -0.3292213112818477 -0.08096607143271364   0.2119511074289077   0.7388046741864371
  0.4467450888667594   0.4469304910278842    0.447144005714372   0.4473975623867391   0.4478499984225909

0.3999420825068142
0.4000168281574733
0.4000618554926638
 0.400097108256236
0.4001779641408402

-0.000123176887632998
   0.4001086576780976

    0.6728773270857   1.649546431037029   1.849416309745629  -2.333585249543577  -1.838249941467403
  0.607353595741102  0.7502750418002204  0.4329975985755613 -0.5211660430333013 -0.2694173238473466

-4.208615009348845e-09  4.381711087940179e-09 -7.892383670667805e-09 -0.0003141609503752615 -0.0006750878789997013
-8.298849718542999e-10  1.890024258815779e-09  2.602554353079452e-10 -9.941793257105349e-05       0.12017280982454

cov:
0.05375527134413075 0.05376507098968763 0.05377621096332535 0.05378955113835641 0.05381311215841694
0.05376507098968763 0.05377980330165319 0.05379666500788553 0.05381675990561078 0.05385246791147255
0.05377621096332535 0.05379666500788553   0.053820197346061 0.05384815428593199 0.05389800388898784
0.05378955113835641 0.05381675990561078 0.05384815428593199 0.05388539340555489 0.05395192940005994
0.05381311215841694 0.05385246791147255 0.05389800388898784 0.05395192940005994 0.05404848966856011

cov.inverse():
 60603517.02151836 -55387764.08286674 -34474584.46331717  18545286.27258584  10713735.84407065
 -55387764.1086373  161374424.9212012 -113935538.5198029 -15146109.29542785  23094758.94075928
-34474584.42519642 -113935538.5198436  328346397.6145491  -196087109.873733  16151369.04588184
 18545286.26551011 -15146109.35801288 -196087109.7811369  290703712.6210665 -98016551.58579618
 10713735.83879655  23094758.97761436   16151368.9913655 -98016551.56286092  48056981.83393714

cov*(cov_.inverse()):
     1.000000000232831  1.396983861923218e-09  -3.37604433298111e-09 -9.313225746154785e-10                      0
 3.492459654808044e-10      1.000000000698492 -2.677552402019501e-09 -9.313225746154785e-10                      0
 1.164153218269348e-10  6.984919309616089e-10     0.9999999972060323 -9.313225746154785e-10 -4.656612873077393e-10
 2.328306436538696e-10 -1.164153218269348e-09 -2.328306436538696e-10                      1 -9.313225746154785e-10
 4.656612873077393e-10 -4.656612873077393e-10 -1.280568540096283e-09                      0                      1
