6
2

5.236495114966881e-05
5.642051008117092e-05
6.365238788235219e-05
9.527403234832993e-05
  0.00968228805656089
   0.5647505162055295

-0.01214941254567093   -0.268550438019195   0.7532619350388203  -0.5912896202323668  0.01659507835788438    0.102130796608202
 0.00959910871434368  -0.1677592996635415   0.2438034366462998    0.416284392333851  -0.8046172180754774    0.302692906827132
-0.07097238918718042   0.5722879957414589  -0.2591812339727377  -0.5052375257194968  -0.2624021655886851   0.5255041426657514
   0.682665300293902  -0.5160095261618818  -0.3570302077839191  -0.1767800936498045  0.03939024360054821    0.327763473579432
 -0.6019742758354376  -0.3735071656647003  -0.1091209905679786   0.1543132484379597   0.3391829492255677   0.5893677342357291
   0.407821318553587   0.4079834502202676   0.4081708828476505   0.4083566482319498   0.4084901160479647   0.4086667099371291

0.3984273878745366
0.3984857679194374
0.3985115508009479
0.3985821557498761
0.3985782804570702
0.3985705611713604

0.0001037522566968665
   0.3986244248425106

  0.514973443347596   1.403336683737627   1.537791982419308  0.6366792289922559 -0.8113341803574388  -3.281436695964411
 0.5245697007043506  0.8498414999952917  0.6317090502663245 -0.4204459925787715 -0.4351377942533423 -0.1507358810252883

 1.375846570835547e-10  2.197253002556147e-10 -5.936402408962794e-09    -1.944019335547e-08  -0.000291822050746871  -0.000703758928629988
 1.281194850495307e-09  4.645892814813277e-10  2.158669538975712e-09 -2.706616607376111e-09 -9.406943861577212e-05     0.1299550030187984

cov:
0.05308003428655662 0.05308822232898536 0.05309768310136266 0.05310698076811433 0.05311390961034509 0.05312276238549227
0.05308822232898536 0.05310132707176926 0.05311645532203645 0.05313140308486566 0.05314229691786491 0.05315651552259819
0.05309768310136266 0.05311645532203645 0.05313815410889707 0.05315963982961482 0.05317512329586686 0.05319555282260818
0.05310698076811433 0.05313140308486566 0.05315963982961482 0.05318764794475478 0.05320770207782106 0.05323432063269654
0.05311390961034509 0.05314229691786491 0.05317512329586686 0.05320770207782106 0.05323097227665351 0.05326193146268252
0.05312276238549227 0.05315651552259819 0.05319555282260818 0.05323432063269654 0.05326193146268252 0.05329877562192096

cov.inverse():
 52671131.35905835  -48145951.4639351  -24912722.4553516 -570718.9990453371    5056912.1659277  15901340.75336215
-48145951.44498584  145312071.3972706 -102932811.8841254 -25344909.19400033  1473651.712442108  29637826.73892116
-24912722.50991621  -102932811.815497  256219424.7311465 -91273751.23504058 -41829958.26224991  4729729.915285879
-570718.9421963552  -25344909.2016876 -91273751.28455816  248387313.3704396  -76845252.9623961 -54351725.09704174
 5056912.146487059  1473651.624430053 -41829958.17180752 -76845252.85958058  220645285.9660215 -108501420.1488598
 15901340.75156934  29637826.78494173  4729729.888424354 -54351725.20021331  -108501420.063055  112584312.7390722

cov*(cov_.inverse()):
     1.000000000116415  4.656612873077393e-10  1.047737896442413e-09                      0 -1.862645149230957e-09 -9.313225746154785e-10
-1.164153218269348e-10     0.9999999997671694  6.402842700481415e-10 -4.656612873077393e-10  9.313225746154785e-10 -9.313225746154785e-10
-1.164153218269348e-10  9.313225746154785e-10      1.000000001949957 -4.656612873077393e-10 -1.862645149230957e-09 -9.313225746154785e-10
 1.164153218269348e-10  4.656612873077393e-10  1.600710675120354e-09     0.9999999990686774                      0 -1.862645149230957e-09
 1.164153218269348e-10  9.313225746154785e-10  1.746229827404022e-10  1.396983861923218e-09      1.000000000931323 -1.862645149230957e-09
                     0                      0  1.193257048726082e-09                      0 -9.313225746154785e-10     0.9999999990686774
