4
2

5.573394945025931e-05
8.781902848607039e-05
 0.009467376191445387
   0.4631323277010905

-0.04257129572192578   0.6239731876354228  -0.7596530306816446   0.1782481945738533
  0.6953820069507988  -0.5300986508391384  -0.4156429071434343   0.2503602574870049
 -0.5147859779060223  -0.2825886904491295 -0.01337068683130577   0.8092961471026821
  0.4996268068678624   0.4997964720972538   0.4999894713403533   0.5005867246411522

0.4021149923175951
0.4021820472464124
0.4022181765912982
0.4023050266147183

-1.959645611104621e-05
     0.402294162695195

  1.078123056776469   1.485116142629165   0.139082314295435  -2.702316885150108
 0.8439596033753645  0.4627519769534204  0.1366021966480117 -0.4433018252054526

 9.114990397850462e-10 -5.953125782719833e-09 -0.0002835495873406569 -0.0004910305089272099
  2.17527180142771e-10  1.340432956520428e-09 -8.298200736605477e-05     0.1071032036617129

cov:
0.05356662775754322 0.05357408960561569 0.05358235134853376 0.05360840130123205
0.05357408960561569 0.05358640310914599 0.05360027092770581 0.05364345970730951
0.05358235134853376 0.05360027092770581 0.05362064910441462 0.05368371039226853
0.05360840130123205 0.05364345970730951 0.05368371039226853 0.05380751502113168

cov.inverse():
 63286698.46056139 -56347141.07536692 -27066071.21290989  20126630.85852885
-56347141.15197176  161778079.4711682 -124026085.7557961  18594516.69199776
-27066071.11124169 -124026085.8790852  208177358.7265618 -57084514.91596854
 20126630.83346582  18594516.73868186 -57084514.93758977  18363212.93399428

cov*(cov_.inverse()):
                     1 -1.280568540096283e-09                      0 -2.328306436538696e-10
-4.656612873077393e-10     0.9999999989522621  4.656612873077393e-10 -1.164153218269348e-10
 4.656612873077393e-10  -3.14321368932724e-09      1.000000002793968                      0
 2.328306436538696e-10 -9.313225746154785e-10  4.656612873077393e-10      1.000000000116415
