4
2

6.613865728386267e-05
  7.8820894519665e-05
  0.00712684639837351
   0.4370704293622169

 -0.4609074505070272   0.8268232565480956  -0.3189420582048617 -0.04694239029237238
 -0.2614955141860588   0.1095294829801222   0.7498223847167996  -0.5978208592850275
 -0.6865796204389625  -0.2348186117447103   0.2917209453652405   0.6231914107330013
  0.4977879497593043   0.4992262156253381   0.5009403606427311   0.5020349567370409

0.3937700918824098
0.3938357008992535
0.3937673478582561
0.3937288450785649

0.0004550735729484047
   0.3939923336067351

   3.563280292676481  -0.6620637237836973 -0.03969977864440867   -2.860323883128019
   4.654685282575026   -3.498285662245508   -2.965541475696386    2.816118763069586

-8.935951348913083e-09   4.19916283865887e-09 -0.0002074912332143847  -0.002412978522259434
-1.847802193686808e-08 -3.421668308187201e-08 -7.539956818953314e-05    0.09529387116400867

cov:
0.04735994984978741 0.04748096112005108 0.04762560322488253 0.04771813370222471
0.04748096112005108 0.04761274169257919 0.04776993166610356 0.04787036717337556
0.04762560322488253 0.04776993166610356 0.04794177298867602 0.04805142503642577
0.04771813370222471 0.04787036717337556 0.04805142503642577 0.04816689821847139

cov.inverse():
 59579946.81168525 -91726506.31780031  2041686.214255326  30100168.17741514
-91726506.32098129  158216110.4649117 -47067719.65097756 -19415296.40023706
 2041686.222508783 -47067719.66356226  113753468.5574043 -68725469.63353154
 30100168.17234289 -19415296.39083388 -68725469.63786221  58036771.58988612

cov*(cov_.inverse()):
     1.000000000931323 -6.984919309616089e-10 -1.396983861923218e-09                      0
 4.656612873077393e-10      1.000000000349246 -4.656612873077393e-10                      0
 2.328306436538696e-10 -1.164153218269348e-10     0.9999999995343387                      0
                     0 -2.328306436538696e-10                      0                      1
