5
2

7.971754578096088e-05
  9.4919823425573e-05
0.0001058586937327972
  0.01110043582035765
   0.5157225982042585

 -0.3446005710913868   0.7502211913655563  -0.2879896763960272  -0.3968716630337109   0.2792372464405557
 -0.2903583393503995    0.239677639716239  -0.4011994477491339   0.7714625305733834  -0.3195797722585591
  -0.509200069978328    0.184149628452433   0.7429340687866289 -0.02517776166496363  -0.3927075920180105
 -0.5815191126940219  -0.3822872710322658  0.06398004060981628    0.215679718555705   0.6819683111300396
  0.4466467188716289    0.446842421658499   0.4472767300618409   0.4474223802219132   0.4478786656554665

0.3968253166489084
0.3968780252773855
0.3969623692392303
0.3969527851895754
 0.396924062309702

0.0001822241545429139
   0.3970326531095013

  0.4400547585408698    1.645920170437749   0.4925649313391634   0.2203186553639972     -2.7988505880765
  0.4707946421440871    1.089443716178726 -0.08702938973718438  -0.1864491616784673  -0.2869155078107957

 4.596228804145632e-10  1.021278960520321e-08  1.724103995497252e-08 -0.0003345179332654739 -0.0007024711577047799
 4.283385308154315e-09  9.657227923441135e-10  1.524379015211005e-10 -0.0001148044220074521     0.1186856891471772

cov:
0.05310086343358921 0.05310982823800488 0.05312944536160603 0.05313587937948665 0.05315667534657299
0.05310982823800488  0.0531237097632981 0.05315429909333198 0.05316446368525163 0.05319672709114419
0.05312944536160603 0.05315429909333198 0.05320949239542175 0.05322800474974738 0.05328596110317241
0.05313587937948665 0.05316446368525163 0.05322800474974738 0.05324937745167706 0.05331605869524038
0.05315667534657299 0.05319672709114419 0.05328596110317241 0.05331605869524038 0.05340960150068984

cov.inverse():
 51184366.81120461 -56771548.52111138 -5212976.477547541 -2198111.984100292  12998466.82406884
 -56771548.5050609  97969991.58053304 -32462623.10445646 -26744369.59572703  18008191.25651052
-5212976.498560327 -32462623.07821376  80170934.64620368 -18036483.78696812  -24458921.9978784
-2198111.992886373 -26744369.58701272 -18036483.78401202  90898684.17433535 -43919274.54559901
 12998466.83781723  18008191.23760394 -24458921.99560448 -43919274.54271468  37371345.46971454

cov*(cov_.inverse()):
    0.9999999998835847 -4.656612873077393e-10 -4.656612873077393e-10 -9.313225746154785e-10 -2.328306436538696e-10
-1.164153218269348e-10      1.000000000931323 -4.656612873077393e-10 -4.656612873077393e-10                      0
 2.328306436538696e-10  2.328306436538696e-10     0.9999999990686774                      0 -2.328306436538696e-10
-3.492459654808044e-10  5.820766091346741e-10                      0     0.9999999990686774 -4.656612873077393e-10
-1.164153218269348e-10                      0  2.328306436538696e-10                      0     0.9999999997671694
