5
2

6.941106653345765e-05
7.540030545572413e-05
 0.000100110059130279
 0.007023427776421049
   0.5174075903324636

  0.02968769558959807   -0.2036018110098805  -0.05663394066667057    0.7964101819423922   -0.5658518906455345
  -0.1660487882614204     0.705536703479308   -0.6751159006849392    0.1373366591268884 -0.001709579683526189
   0.6295957200491238   -0.4134935977091102   -0.5774765098588909   0.05057844714966948     0.310797321729974
  -0.6127617474919025   -0.2999049471051665  -0.08704719891027445    0.3796255572880337    0.6187788659352726
   0.4468542388228951    0.4470395172157303    0.4471630386447399    0.4474323648285052    0.4475784345424971

0.4004478930196863
0.4005039908953198
0.4006145668517683
0.4005947743265164
0.4005889433642401

0.0001421090522503153
   0.4006505962821547

  0.976430027241034   2.264396962290326   1.803636549888966  -1.176330755429001  -3.868159245303692
 0.6914656606781376   1.281059671010828  -0.259654121491356 -0.2435976051453887 -0.4693567985571987

 3.458136608173773e-09  3.574631408574048e-10  -2.63060663700295e-08 -0.0002108560549257441 -0.0006737445310533147
-7.420041489234169e-10  5.296688915023861e-09 -1.028436248199751e-09 -5.762567767023304e-05     0.1195310489190813

cov:
0.05347463622822247 0.05348733659387227 0.05349567948374883 0.05351379570299138 0.05352404245280188
0.05348733659387227 0.05350488988143869  0.0535165185901857 0.05354184672230248 0.05355578963680689
0.05349567948374883  0.0535165185901857  0.0535303975924018 0.05356062787122163  0.0535770864156592
0.05351379570299138 0.05354184672230248 0.05356062787122163 0.05360163172036012 0.05362360157081988
0.05352404245280188 0.05355578963680689  0.0535770864156592 0.05362360157081988 0.05364840817408006

cov.inverse():
 44592330.52239614 -47833762.31221703 -16907444.27522436  4068919.045142197  16080153.32872121
-47833762.30069029  113223485.7958841 -57562534.31786083 -18701439.41173763  10873659.96404506
-16907444.29297422 -57562534.28987141  114110247.0477057 -28585440.05730654 -11054914.68093103
 4068919.053248868 -18701439.43500616 -28585440.04116132  135224377.0486656 -92004745.97578472
 16080153.32683767  10873659.97085063 -11054914.68683635 -92004745.97480147  76104675.68262315

cov*(cov_.inverse()):
     1.000000000582077                      0  1.280568540096283e-09 -9.313225746154785e-10                      0
 8.149072527885437e-10      1.000000000582077  2.328306436538696e-10 -9.313225746154785e-10  9.313225746154785e-10
 5.820766091346741e-10 -3.492459654808044e-10      1.000000000698492                      0  4.656612873077393e-10
 4.656612873077393e-10                      0  3.492459654808044e-10      1.000000000931323                      0
 3.492459654808044e-10                      0 -1.164153218269348e-10                      0                      1
