5
2

6.240207772239307e-05
8.162252213777309e-05
 0.000109690337295548
 0.004393650617318948
   0.5151491823450499

 0.05751828536497788  0.09996131234129568   0.2311546132494618  -0.8492008583675836   0.4605701138859636
 -0.1629614519814366  -0.4175696590834682   0.8475437256220735  0.01665985908115875   -0.283674509314936
  0.6605126387140952   -0.708836661287492  -0.1596583628876491  0.01986668500874643   0.1881174199816257
 -0.5779399722224305  -0.3365777143504403 -0.05253611389389456   0.2794801542101991   0.6869000151766927
  0.4470387618800568      0.4471122293847   0.4471983249399655   0.4472991275115137    0.447419432311245

0.3999667317289295
0.3999670483746059
0.3999679000136369
0.3999696064610381
0.3999683778309775

-2.786430186573754e-05
    0.3999608765807545

 1.711418601232052  2.535129913423563  2.686532634861429 0.3349690815640904 -7.268131683068352
0.8273014444268895 0.8517032221955865 0.7899058639363667 0.1415087607522269 -1.610423654991756

 -1.03545208439502e-08  2.003220817523751e-08 -2.955189338787582e-08 -0.0001328583723730078 -0.0005575711010577586
-2.128352769756887e-09  4.251904023357014e-09 -5.817793456081383e-09 -3.615563347325979e-05     0.1185311822637377

cov:
0.05304069859687193 0.05304671099106995 0.05305375896699958 0.05306201553326399 0.05307174435602838
0.05304671099106995 0.05305387239634827 0.05306223431252017 0.05307203807950642 0.05308366549178931
0.05305375896699958 0.05306223431252017 0.05307217000757641 0.05308379021592513 0.05309765358536365
0.05306201553326399 0.05307203807950642 0.05308379021592513  0.0530975506438735 0.05311402502232358
0.05307174435602838 0.05308366549178931 0.05309765358536365 0.05311402502232358 0.05313371518007603

cov.inverse():
 41112826.01540562 -27212077.11886019 -26080058.81644838 -11868749.88193202  24048279.12888591
-27212077.08323791   70503509.3764926 -37780904.60018109 -24018851.84967821  18508454.94314913
-26080058.85875533 -37780904.49391145  123661615.1534646 -48554768.98562022 -11245953.22707335
-11868749.89461025 -24018851.93194295 -48554768.85005473  185270735.2464265 -100829128.7673748
 24048279.14824896  18508454.95476658 -11245953.29867668  -100829128.726752   69518851.2867295

cov*(cov_.inverse()):
                     1 -4.656612873077393e-10  3.492459654808044e-10  1.862645149230957e-09                      0
                     0     0.9999999998835847 -5.820766091346741e-10  9.313225746154785e-10                      0
                     0  1.164153218269348e-10      0.999999999650754  9.313225746154785e-10  4.656612873077393e-10
 2.328306436538696e-10                      0  5.820766091346741e-10                      1  4.656612873077393e-10
                     0  2.328306436538696e-10  3.492459654808044e-10                      0                      1
