5
2

 7.41021069515182e-05
0.0001240308854464945
0.0001540156339706353
 0.004681835624387944
    0.571629853230361

  0.1075819898810355  0.04294550926610097  0.09451412111923214  -0.8108609250951231   0.5658210315550776
 -0.5349417670775759  0.02286242975400571   0.8148527799442837  -0.1095880641335833  -0.1931838977715006
  0.4566225210457391  -0.8256071361300987   0.3276614453674332  0.04941081002597063 -0.00807954931862357
 -0.5421016593716566  -0.3406973223479088  -0.1405385338156725   0.3577402247359167   0.6650729114693356
  0.4470850986887032   0.4471366500921615   0.4471788519807228    0.447298021247365   0.4473692939890571

0.4017636443680428
0.4019537314419146
 0.401955486128549
0.4019595077760253
0.4019621588212773

-5.409223655787593e-05
    0.4019450768179096

 1.855877859186268  1.376318108074899  2.828887700984231  1.773690575480285 -7.834785419553822
 1.014978700292027 0.2572735264756843 0.4940731657953477 0.4759923058613933  -1.24231143392482

-2.935096656147828e-08  4.096646451968144e-08  1.871562929588524e-08 -0.0001413535537848734 -0.0004959502967243381
-5.062542560166859e-09  8.208072199273165e-10  1.059135558260626e-08 -2.988201527779236e-05     0.1460279709650441

cov:
0.06532103928191857 0.06532615868508115 0.06532995154100728 0.06534144414962716 0.06534820532652695
0.06532615868508115 0.06533221190543805    0.06533686081369 0.06535055603246415 0.06535867573403038
0.06532995154100728    0.06533686081369 0.06534242969342202 0.06535829357108087 0.06536776044476018
0.06534144414962716 0.06535055603246415 0.06535829357108087 0.06537962380579422  0.0653924448860317
0.06534820532652695 0.06535867573403038 0.06536776044476018  0.0653924448860317 0.06540734859800333

cov.inverse():
 29512804.30861487 -15838016.19592715 -20172545.09014415  -11133324.5097697  17631235.60631899
-15838016.18981339  29110546.43113356 -9451950.038960692 -8229836.932817541  4409002.037511455
-20172545.08653652 -9451950.038030256  49315469.85183665 -19081183.53906729 -609564.8508625132
 -11133324.5392448 -8229836.911214302 -19081183.52185282  120627330.1983075 -82183239.39927509
 17631235.62607275  4409002.021091409 -609564.8635389105 -82183239.38993232  60752710.33380765

cov*(cov_.inverse()):
                     1  -2.91038304567337e-10 -2.983142621815205e-10                      0  9.313225746154785e-10
                     0      1.000000000058208 -5.456968210637569e-10                      0  4.656612873077393e-10
 2.328306436538696e-10  -2.91038304567337e-10     0.9999999994106474 -9.313225746154785e-10  9.313225746154785e-10
                     0 -5.820766091346741e-11 -4.802132025361061e-10      1.000000000931323                      0
                     0 -5.820766091346741e-11   2.91038304567337e-10                      0                      1
