6
2

 3.96156374391824e-05
5.344691865762426e-05
6.417747859329746e-05
9.119963872322212e-05
  0.01020925821405797
   0.5736740874226633

-0.03244210450996695 -0.03526221391396483     0.47658889962319  -0.8161324745682997   0.3074737699875635  0.09977360174648375
0.007245854049849012  -0.4356964896066122    0.655130157851498   0.2042713325284755  -0.5664263132866878   0.1354806153681284
  -0.123427617276446   0.5221155942011209  -0.1646660586073074  -0.2513723786924201  -0.5488666571367226   0.5662184548760995
  0.6810137107435797  -0.4765955747736241  -0.3668405529765574  -0.1849271607203477 -0.02629743280133505   0.3736514188830024
 -0.5946607038885727  -0.3778455811207683  -0.1240929160179113    0.167432795300807   0.3402560813634878   0.5868597536254717
   0.407749437495036   0.4079336054311765   0.4081440224457391   0.4083884647957727   0.4085348812437783   0.4087384730522672

0.4008015767636354
0.4008742281487949
0.4009186577814984
0.4009519366377565
0.4010178585177467
0.4010245732651515

-0.0001082968022123059
    0.4009688652265223

 0.6638515423937934   1.617108153665545   1.811744544478326 -0.7920156657752171  -1.327255362996128   -1.97341989163535
 0.6725331025949017  0.7515883962096798  0.2407759643894553 -0.4142058710017485    0.20770040384272 -0.4583047453070748

 1.296788000678538e-09  2.313299870498786e-09  1.129514338564351e-09 -1.280242230365048e-08 -0.0003098669534517523 -0.0008169128839108938
 6.632477803380431e-10 -1.226042670923509e-09   1.55984674010046e-12 -7.372197517035851e-10 -0.0001022937223458827     0.1340970712524236

cov:
0.05475322274138585 0.05476449116386793 0.05477700042084248 0.05479173453396206 0.05480067156403864 0.05481270879588826
0.05476449116386793 0.05478068384915839 0.05479893600184453 0.05482027154327761 0.05483312163157794 0.05485074228164546
0.05477700042084248 0.05479893600184453 0.05482391992427906 0.05485298074225541 0.05487041135212242 0.05489456759816628
0.05479173453396206 0.05482027154327761 0.05485298074225541 0.05489092286539794  0.0549136156213162 0.05494528112599769
0.05480067156403864 0.05483312163157794 0.05487041135212242  0.0549136156213162 0.05493943278307168 0.05497554746669592
0.05481270879588826 0.05485074228164546 0.05489456759816628 0.05494528112599769 0.05497554746669592 0.05501802223230864

cov.inverse():
 60151541.05465118  -55043364.5120325 -33291155.62335783  9779410.113557016  6500126.631935096  11903801.80524258
-55043364.57053918  160743707.1880948 -110484619.1746886  -34088377.3713429  11413441.77845761  27458364.71532494
-33291155.55709116 -110484619.5506973  317740118.9792078 -182786232.6648325 -13429563.16725646   22252233.8236231
 9779410.111889504 -34088376.77864347 -182786233.4571739  458473123.1652806 -166316653.0750649 -85060809.82490517
 6500126.672600115  11413441.57413747  -13429562.9731287 -166316653.0487453  245782193.3167713 -83950866.10498205
 11903801.75848529  27458364.64444799  22252234.11209286 -85060810.05253181 -83950866.04819076  107397860.3934205

cov*(cov_.inverse()):
     1.000000000232831 -1.396983861923218e-09 -1.164153218269348e-09                      0                      0 -9.313225746154785e-10
-2.328306436538696e-10     0.9999999995343387 -1.164153218269348e-09 -1.862645149230957e-09                      0                      0
 2.328306436538696e-10 -2.328306436538696e-09     0.9999999972060323                      0  9.313225746154785e-10 -9.313225746154785e-10
-1.164153218269348e-10 -9.313225746154785e-10 -9.313225746154785e-10     0.9999999962747097                      0  9.313225746154785e-10
 1.164153218269348e-10 -2.328306436538696e-10  9.313225746154785e-10 -1.862645149230957e-09      1.000000000931323                      0
-4.656612873077393e-10  2.328306436538696e-10  6.984919309616089e-10                      0 -9.313225746154785e-10                      1
