5
2

5.494930675000098e-05
5.750857727360265e-05
8.498762600258483e-05
  0.01084448722680125
    0.516923014861187

 0.07788725046162442  -0.5536068744261777   0.7928445748211574 -0.09311389897816337   -0.224009568539716
-0.04569400733798098   0.2115859352956397    0.189133131897719  -0.8310980075866146   0.4760758446745497
  0.5416398865653949  -0.6157334339403245  -0.3587327877703686 -0.01286730649709128    0.445694728498658
 -0.7065299772125714  -0.2643660387009135  0.08278649476629316   0.3164165508568563   0.5691686494438641
  0.4464160150469011   0.4469158270667881   0.4473067424687774   0.4475722314554431   0.4478557365925108

0.4004343644364838
0.4005329219362128
0.4006129486581205
0.4006124681649541
0.4006117557168855

8.383555304950639e-06
   0.4006180029172124

  0.6002674085167558    2.060748078345838   0.9905905634636188  -0.6930985314008777   -2.958514433286191
  0.8141061637881408   0.6963927412211163  0.06550663177432423 -0.04619896923084055  -0.5297686668759445

 1.263828824932713e-09 -7.821424637604536e-10 -1.884291930340369e-08 -0.0003281230035458678 -0.0008421271913182137
-4.444828749047187e-10 -3.018765517873553e-10 -1.783043859585434e-09 -0.0001258369610864806      0.119181596643842

cov:
0.05331013712859402 0.05333301387704421 0.05335080125905404 0.05336305950923977  0.0533758782606599
0.05333301387704421 0.05337896089575563  0.0534148476008131 0.05343928794566338  0.0534652851381035
0.05335080125905404  0.0534148476008131 0.05346495399212754 0.05349895739961056 0.05353530332196613
0.05336305950923977 0.05343928794566338 0.05349895739961056 0.05353940543726813 0.05358271306562828
 0.0533758782606599  0.0534652851381035 0.05353530332196613 0.05358271306562828 0.05363356229220501

cov.inverse():
 43261892.63444918 -63375674.10818992 -9063019.592983015  8114039.985841066  21062859.72272427
-63375674.03792062  167529769.5526987 -102685784.6583031 -35002397.47459307  33533916.74987538
-9063019.683294108 -102685784.4851889  236819062.0132233 -71339222.15141676  -53730532.5407375
 8114039.927888143 -35002397.45304404 -71339222.03634228  211747534.0703053 -113520733.2276828
 21062859.80071912  33533916.62548135 -53730532.57300904 -113520733.1490121  112654854.8580178

cov*(cov_.inverse()):
     1.000000000931323 -1.164153218269348e-09  4.656612873077393e-10                      0 -9.313225746154785e-10
 6.984919309616089e-10      1.000000000465661 -1.862645149230957e-09 -9.313225746154785e-10                      0
 4.656612873077393e-10  1.396983861923218e-09      1.000000001396984 -9.313225746154785e-10                      0
 6.984919309616089e-10 -6.984919309616089e-10 -4.656612873077393e-10     0.9999999990686774 -9.313225746154785e-10
 6.984919309616089e-10 -9.313225746154785e-10 -4.656612873077393e-10                      0                      1
