5
2

6.089005216099667e-05
7.366647448271125e-05
9.186628780049374e-05
 0.005765401508037218
   0.5163009879804812

-0.007042361718401186   -0.2252001825581538  -0.09413282827171607     0.829187669250871   -0.5028141830945876
  -0.1042629077079463    0.5896208504268026   -0.7743165160796325    0.1534917665552872    0.1354647900537114
   0.5853738334423432   -0.5656171681399352   -0.4359286449914621   0.03376045756761508    0.3824148823033824
  -0.6683281062208996   -0.2860295520354046   0.03905055887672692    0.2960392458245545    0.6183530193834722
   0.4469392226845997    0.4470978024834549    0.4472294868355525    0.4473355375984562    0.4474657407521388

0.3992193573427668
0.3992887184779256
0.3994082058629417
0.3994099829887164
0.3994102658803593

-4.202197169560754e-05
    0.3993979425677202

    1.462756933965325     2.644801931944717     1.737401089788304   -0.1620769193378082    -5.682943219815193
   0.9284867299681865    0.8800358194540963 -0.006316413802979121  -0.04850041117202686   -0.7537389258732586

   7.2432186520885e-09 -3.978325440264289e-09 -3.017751188791599e-08 -0.0001737876931326755 -0.0005756739268470841
 4.992143937309148e-10  1.722570462590268e-09 -2.037075609852617e-09 -4.497124475818209e-05     0.1190609621808322

cov:
0.05326279484624943 0.05327318901889341 0.05328165748887054 0.05328858501770332 0.05329693883196007
0.05327318901889341 0.05328846194206142  0.0533010604481159 0.05331125634055604 0.05332370909940572
0.05328165748887054  0.0533010604481159 0.05331718656851427 0.05333015719993835 0.05334609719575834
0.05328858501770332 0.05331125634055604 0.05333015719993835 0.05334533578935082 0.05336402948755879
0.05329693883196007 0.05332370909940572 0.05334609719575834 0.05336402948755879 0.05338618847175644

cov.inverse():
 42632635.05370246 -50127026.76312311 -15182055.13579517 -2188257.048041497  24865001.43531062
-50127026.74857562  115652129.2946669 -49196496.03814345 -35953199.40491444  19624274.77516802
-15182055.13415813   -49196495.996954  135390874.7869954 -44696887.50885573 -26315271.38229852
  -2188257.0918096 -35953199.42085091 -44696887.38682178   189923177.966408 -107085303.9457635
 24865001.46289419  19624274.76446258 -26315271.46150624  -107085303.883434  88911643.59669061

cov*(cov_.inverse()):
                     1 -5.820766091346741e-10                      0  1.862645149230957e-09                      0
 4.656612873077393e-10      0.999999999650754  6.984919309616089e-10  9.313225746154785e-10                      0
 2.328306436538696e-10  2.328306436538696e-10      1.000000000465661  9.313225746154785e-10                      0
                     0 -3.492459654808044e-10  1.164153218269348e-09      1.000000000931323                      0
 2.328306436538696e-10  2.328306436538696e-10  4.656612873077393e-10                      0                      1
