4
2

0.0002067891105634895
0.0002861220802360042
 0.009722675517012343
   0.4221369583869858

  -0.293238614161245   0.5652724608313039   0.3919672353035567  -0.6639577144961879
  0.1237242154195674  -0.6561342410222516   0.7202953202562693  -0.1880287953848696
 -0.8071468353214463 0.002033001438273712   0.2766342435640585   0.5215202282016181
  0.4972096337704849   0.4999507672651659   0.5010088156441423   0.5018186694849505

0.3957118677575528
0.3961263462847848
0.3962672210561451
0.3963221364452363

-0.00117482621869222
  0.3957667379366126

  2.284019625045642   0.387215239800711 -0.8690026966989093  -1.802107693231301
  0.992739140349689  -1.650768824289982   5.268349555516519  -3.606659365688064

 1.731944747426709e-08 -2.116781230846905e-08 -0.0002857638996065885  -0.001868276665673619
 1.383532933697731e-07  4.649059130596048e-07 -0.0001161005774886141    0.08872503263876391

cov:
0.04411563839459657  0.0442967508214301 0.04436956067977309 0.04442263506351118
 0.0442967508214301 0.04454117938548543 0.04463541665704094  0.0447076377010165
0.04436956067977309 0.04463541665704094 0.04473713794689578 0.04481577394893881
0.04442263506351118  0.0447076377010165 0.04481577394893881 0.04490031095602817

cov.inverse():
   2204762.0082522  -4867990.56508748 -1601690.505853351  4264469.799672831
-4867990.565087665  12731156.71929052 -591517.8746496711 -7269919.415881395
 -1601690.50585337 -591517.8746504161  9931210.071620191 -7738881.503285952
 4264469.799673037 -7269919.415880837 -7738881.503286714  10743954.58534571

cov*(cov_.inverse()):
    0.9999999999708962 -1.746229827404022e-10                      0                      0
 -2.91038304567337e-11     0.9999999999417923                      0                      0
 -2.91038304567337e-11 -5.820766091346741e-11     0.9999999999417923  5.820766091346741e-11
                     0 -5.820766091346741e-11                      0      1.000000000058208
