4
2

4.269342128380018e-05
8.093586892117371e-05
 0.009116796442052669
   0.4634707413454261

-0.09786630790783667   0.6183538213844242  -0.7463542483893839   0.2258673798202969
  0.5203640055151662  -0.5830931831822281  -0.4086678986641742   0.4713960013534662
 -0.6856881605351398  -0.1666401844028402   0.1606939586597744   0.6901016208460709
  0.4994749583739277   0.4998719238443823    0.500123320954719   0.5005292094840242

0.4022192206106165
  0.40231296542391
0.4023317894492938
0.4023835654714866

4.456899498706013e-05
   0.4024070916345368

  1.341971145671246   2.772049384105009  -1.791371619106301  -2.322629329029307
  1.037025995382558  0.5204477649876114 -0.1317016848802108 -0.4257312595301355

 4.365735178103767e-09 -8.390366344664966e-09  -0.000272023750102984 -0.0005369922950542523
 4.054991882845098e-10  5.849417031716522e-10 -9.248858846124237e-05     0.1072237874512983

cov:
0.05362763988727519 0.05364064494085753 0.05364896280995435 0.05366234151663435
0.05364064494085753 0.05367608509700642 0.05369854294152806 0.05373479043739716
0.05364896280995435 0.05369854294152806 0.05372992363676209 0.05378059507231078
0.05366234151663435 0.05373479043739716 0.05378059507231078 0.05385460381294407

cov.inverse():
 46596695.33078074 -79518831.37997264  7608557.711746987    25313475.612928
-79518831.40838283   261677753.704232 -216821282.2772214  34662682.17864673
 7608557.757719663 -216821282.3510431   331105923.104781 -121893393.8254481
 25313475.59536555  34662682.22405818 -121893393.8532971  61917230.52529543

cov*(cov_.inverse()):
                     1  9.313225746154785e-10 -3.725290298461914e-09 -4.656612873077393e-10
 2.328306436538696e-10      1.000000002095476 -9.313225746154785e-10 -9.313225746154785e-10
 4.656612873077393e-10  4.656612873077393e-10     0.9999999981373549                      0
 2.328306436538696e-10                      0 -9.313225746154785e-10                      1
