5
2

4.329566810992704e-05
6.371721260557476e-05
 8.78940234128301e-05
 0.009338768030640456
   0.5169958190439455

 -0.2295665244084398   0.7034532362024195  -0.6596705928799669  0.08906597310224168  0.09671978428489586
  -0.584050425767504   0.4342718115030713   0.6030332016352261  -0.2709233132697335  -0.1823310449351885
  0.1699495777301172  0.04062684413926754 -0.03283911542743274  -0.7790065173984705   0.6012795014910198
 -0.6146770626386919  -0.3394144450642636 -0.01075706633895185    0.333956818148057   0.6287504053945359
  0.4466246306766472   0.4468879414654046   0.4472041420164681   0.4475371495478704     0.44781308844611

0.3997084115477339
 0.399753512290475
0.3997894207453509
0.3998630624725662
 0.399870345441332

-0.0001283953970744646
     0.399799295048868

  2.008082693265622   2.309998784059999  -2.068554704239847 -0.6110276816952397  -1.638496434714268
   1.24967541115843  0.7456901426831787  -0.489410888913917 -0.2131937969768276 -0.2926985343850551

 4.340730623139116e-09 -3.868138758127618e-09 -4.750709793811207e-11 -0.0002817297927686234  -0.000827025532483276
  9.62050564204649e-10 -2.395514026652572e-09  1.922335118684742e-09 -0.0001108656919578628     0.1192150589955391

cov:
0.05334917928595391 0.05336585310558432 0.05338598140133581 0.05340725597592642 0.05342439486453347
0.05336585310558432 0.05338915948274697 0.05341719828852019 0.05344677006908717 0.05347100430119482
0.05338598140133581 0.05341719828852019  0.0534546877849188 0.05349416617631694 0.05352687267379227
0.05340725597592642 0.05344677006908717 0.05349416617631694 0.05354404592898801 0.05358563122165894
0.05342439486453347 0.05347100430119482 0.05352687267379227 0.05358563122165894 0.05363483067439989

cov.inverse():
 115878268.5307087 -147727660.5413443 -6686068.357686138  10927422.26776024  27608020.55709685
-147727660.6704009  310653955.0398699 -183224260.0591925   346228.710658802  19952531.80486895
-6686068.134368606 -183224260.3697441  321859120.3689987 -68273799.64492105 -63675658.21794602
 10927422.20718748  346228.8399689071  -68273799.7229189  100865503.1354847 -43866322.72977245
 27608020.52340836  19952531.85705376 -63675658.22718136 -43866322.73903327  59982304.34624924

cov*(cov_.inverse()):
    0.9999999997671694  1.629814505577087e-09  1.396983861923218e-09  9.313225746154785e-10 -9.313225746154785e-10
-2.328306436538696e-10     0.9999999983701855  1.396983861923218e-09                      0 -9.313225746154785e-10
-9.313225746154785e-10 -2.328306436538696e-09      1.000000000465661                      0 -4.656612873077393e-10
-2.328306436538696e-10 -1.862645149230957e-09  3.725290298461914e-09      1.000000000465661 -4.656612873077393e-10
-4.656612873077393e-10  6.984919309616089e-10  4.656612873077393e-10 -4.656612873077393e-10                      1
