5
2

6.307972189206952e-05
6.654729585068144e-05
7.848102788211577e-05
 0.005119041918773946
   0.5176663908823924

 0.02933344804262273 -0.01432377837170729   0.3635071392667094  -0.8197996757297502   0.4412770440150027
 -0.3348318877197183  -0.1738498114068883   0.8130054062736457   0.1220480168496369  -0.4263687851997789
  0.5575373591909806  -0.8161719775509207  0.07733752589838015   0.1079709887063035  0.07332509019883572
 -0.6135477681024604  -0.3218262285525443 -0.03027636181597246   0.3181837241131273   0.6463973039059062
  0.4469210054974118   0.4470595644018955    0.447199081031104   0.4473635619535321    0.447524508918958

 0.400563668666815
 0.400675044201267
 0.400668240986375
 0.400657261312015
0.4006517201648645

0.0001241853619042394
   0.4007064487492245

  2.829251292556976   1.769413749162515   1.554576274100521  -1.411619105807971  -4.741669140044095
  1.949619482596689 -0.1169333959718404   0.266008250957714 -0.2160489762289186 -0.8827325417616296

-1.243048774786944e-09   8.22981539891426e-09 -1.518893469651627e-09 -0.0001537304822459313 -0.0007583392198341243
-2.262203591881583e-10 -2.931629840090144e-10  6.867233299202965e-09 -4.732405941911625e-05     0.1196018734605857

cov:
0.05353545819114955 0.05354735753610931 0.05355938095355533 0.05357347857824853 0.05358747832621257
0.05354735753610931 0.05356150382003937 0.05357575423218334 0.05359252120135675 0.05360903561863922
0.05355938095355533 0.05357575423218334 0.05359224708360802 0.05361167778799751 0.05363070506478211
0.05357347857824853 0.05359252120135675 0.05361167778799751 0.05363430531132485 0.05365633241758359
0.05358747832621257 0.05360903561863922 0.05363070506478211 0.05365633241758359 0.05368119700011182

cov.inverse():
 76014767.22554475 -60833573.44066237 -51788396.14762135 -5505221.530917431  42112095.79176134
-60833573.44008613  115032139.6028612 -43472141.72536147 -16151348.78057001  5424981.107218469
-51788396.14370868 -43472141.69662687  183433406.5513136 -51131690.73977507 -37041178.15848771
  -5505221.5406258 -16151348.83767721 -51131690.63997006  174162596.8298676 -101373082.1782593
 42112095.79698081  5424981.136166863 -37041178.22564471   -101373082.14527  90876220.04203303

cov*(cov_.inverse()):
     1.000000000465661  3.492459654808044e-10 -6.984919309616089e-10  9.313225746154785e-10  9.313225746154785e-10
-9.313225746154785e-10      1.000000000582077  2.328306436538696e-10  1.862645149230957e-09                      0
-1.396983861923218e-09  3.492459654808044e-10     0.9999999988358468                      0  9.313225746154785e-10
-9.313225746154785e-10  1.105945557355881e-09 -9.313225746154785e-10                      1                      0
-4.656612873077393e-10  1.164153218269348e-10 -6.984919309616089e-10                      0      1.000000000931323
