5
2

3.135438050657635e-05
4.975201248500098e-05
8.176717726656353e-05
  0.01092388436635751
    0.516705454325565

 0.03368265451721109   0.3132100278543445  -0.7831088541703431   0.5282397632627456 -0.09202299856169491
 -0.1629933853398685   0.5898453217955375  -0.2390406866306026  -0.6186625910815226   0.4308500913575796
  0.5418392195789641  -0.5373348052107628  -0.3590547682248285  -0.1588100547491885   0.5133620624478842
  -0.692419464769501  -0.2559776217214327  0.02553438609155512   0.3356213618627449    0.584582790179869
  0.4463901657233283   0.4469102136831853    0.447244610025794   0.4476125767629542   0.4479088308770587

0.3975993177633224
0.3976914325919846
0.3977091470558735
 0.397717362295477
0.3977584990107648

4.772968625894016e-05
   0.3977871240275985

0.5061881816514835  1.986808598369917  2.519993388480661  -3.91884313097882 -1.094151128409796
0.7796474463018485 0.8866094910925023 0.3144730675823301 -1.132047944799332 0.1512151380471822

-3.247654344446566e-09  6.039764897883901e-09 -1.094790315599867e-08 -0.0003281127259451048 -0.0008723673156717572
 -5.44851206507143e-10   2.68867989221198e-09  6.052925359851699e-10 -0.0001253344570034462     0.1190537060177306

cov:
0.05325766753297749 0.05328358026131957  0.0533001737447989 0.05331840702945672 0.05333314536307387
0.05328358026131957 0.05333230485510688 0.05336360310481265 0.05339803537432299 0.05342577797431604
 0.0533001737447989 0.05336360310481265  0.0534043911871696 0.05344927271994949 0.05348540449152136
0.05331840702945672 0.05339803537432299 0.05344927271994949 0.05350566688661032 0.05355103921294089
0.05333314536307387 0.05342577797431604 0.05348540449152136 0.05355103921294089 0.05360383746180496

cov.inverse():
 55802949.08779462 -71654976.70576741 -40188944.87351197   45964399.1096094  10076829.19648666
-71654976.69256318  283530463.3716532 -277600445.0173398  33632433.69055648  32092292.22624477
-40188944.89423532 -277600445.0062189  666170620.2024375 -352507513.2678294  4125845.740629592
 45964399.11158373  33632433.73333453 -352507513.3366998  442235413.8736221 -169324145.4171735
 10076829.20203141  32092292.18555023  4125845.799897437 -169324145.4412915  123029022.9094765

cov*(cov_.inverse()):
     1.000000000582077 -2.328306436538696e-09 -3.579771146178246e-09 -1.862645149230957e-09 -9.313225746154785e-10
                     0      1.000000000698492 -2.211891114711761e-09                      0 -9.313225746154785e-10
-2.328306436538696e-10 -2.328306436538696e-09      1.000000005646143                      0                      0
-1.164153218269348e-10 -9.313225746154785e-10  3.201421350240707e-10     0.9999999962747097 -9.313225746154785e-10
-1.164153218269348e-10 -2.328306436538696e-10  2.270098775625229e-09  1.862645149230957e-09      1.000000000931323
