4
2

 7.62725527519161e-05
9.625592242054716e-05
   0.0065235289535422
   0.4587415840371892

-0.2255562415548148  0.6569065900156194 -0.6764287374840714   0.245035256637535
  0.574668537540491 -0.4839668856322563 -0.5098159009653634  0.4190702479243347
-0.6085704025720703 -0.2914745236949503  0.1792137737426115  0.7159379096339308
 0.4985203295453536  0.4992918862171383  0.5004141619993508  0.5017676353235747

0.4367534273310573
0.4371384152917784
0.4377232100382831
0.4382851136869541

-0.004167113903056306
   0.4364139424406389

 9.097553825351092 -8.757068858974641  2.246968309792828 -2.584459891387047
-87.85289749688593  148.4367953342307 -58.69126438720416  -0.91323124767819

-5.792943147545647e-08  6.705781991467357e-08 -0.0001885958269709415  -0.001978479724349779
 9.121934506698371e-07 -8.596788453168058e-07 -4.140616668946599e-05     0.1028359810365527

cov:
0.05231579791567185 0.05238852320855537 0.05249407321060964 0.05262217016003844
0.05238852320855537 0.05246566773288763 0.05257774505512546 0.05271330019371624
0.05249407321060964 0.05257774505512546 0.05269952604998859 0.05284614449767602
0.05262217016003844 0.05271330019371624 0.05284614449767602 0.05300542073911402

cov.inverse():
 44397437.61764075 -55483168.62141617 -5397081.795546523   16481830.6977924
-55483168.65149311  99459197.90769817 -49752708.42347962  5774145.355181576
-5397081.739075683 -49752708.49772494  106704868.1987684 -51547657.45098676
 16481830.67140246  5774145.399344306 -51547657.46876038  29287796.89938341

cov*(cov_.inverse()):
     0.999999999650754 -8.731149137020111e-10 -4.656612873077393e-10  2.328306436538696e-10
-2.328306436538696e-10     0.9999999997671694 -4.656612873077393e-10  2.328306436538696e-10
                     0 -1.047737896442413e-09     0.9999999995343387                      0
-3.492459654808044e-10                      0                      0                      1
