5
2

5.396502682959839e-05
5.740879375970008e-05
8.409075363438744e-05
 0.008834610198651843
   0.5155634326513046

 0.06581686662161017  -0.5375895489350122   0.8045050153502299   -0.211546788181286  -0.1211827282679853
-0.04710899310118373   0.3261630614600821  0.07629319827085142  -0.8189377592517171   0.4635932424845742
  0.4941600131479618   -0.603498158468495  -0.3731954454463844 -0.01940832197644697   0.5019405648748416
 -0.7414534202003419  -0.2013469081913402  0.08728407718389278   0.2898548363347959   0.5639786449489808
  0.4466560084851956   0.4470621092217067   0.4472780763039499   0.4474331165362557   0.4476380337580835

0.3984660829956709
0.3985528999274433
0.3986247690423937
0.3986217636612105
0.3986154855389551

8.714023589396321e-05
   0.3986609469692305

  0.986007084765931   2.517239708563602  0.8867771717680877 -0.8213724403321264  -3.568637039244328
 0.8188485740677981   1.200761081952332 -0.2490007371868694 -0.4512173629075351 -0.3195965463557345

 9.111386419693086e-11 -4.597837044531895e-10 -2.219064203973799e-08 -0.0002662475810365655  -0.000681107957793953
-1.915549597949298e-09  1.830562233554413e-09 -2.678238039879247e-09 -9.223009874558747e-05     0.1186111706270695

cov:
0.05307156056694749  0.0530885140002345 0.05309745223623125 0.05310413745599681 0.05311260389125869
 0.0530885140002345 0.05312828976660044 0.05314941424375283 0.05316465360798155 0.05318469536015939
0.05309745223623125 0.05314941424375283 0.05317705915039328  0.0531968682194827 0.05322309727249882
0.05310413745599681 0.05316465360798155  0.0531968682194827 0.05321989299952971 0.05325046184382145
0.05311260389125869 0.05318469536015939 0.05322309727249882 0.05325046184382145 0.05328691422033602

cov.inverse():
 36701234.64202031 -58984043.52893706 -8989358.016155677  5565648.517319232  25706468.28552721
-58984043.51596697  183022421.1552711 -109109152.1968478 -40338796.11030497  25409446.00653766
   -8989358.024247 -109109152.2576682  243707480.3821928 -76372847.78191687 -49235207.56045172
 5565648.495176231 -40338795.94276724  -76372847.9902572  218912190.1413815 -107767081.3789928
 25706468.30279144  25409445.91278974  -49235207.4210224 -107767081.4419379  105886540.1787481

cov*(cov_.inverse()):
     1.000000000698492  1.164153218269348e-09 -9.313225746154785e-10  1.862645149230957e-09                      0
 2.328306436538696e-10      1.000000000931323 -9.313225746154785e-10  1.862645149230957e-09 -9.313225746154785e-10
 2.328306436538696e-10                      0     0.9999999986030161  9.313225746154785e-10                      0
 4.656612873077393e-10  2.328306436538696e-10  4.656612873077393e-10      1.000000000931323  9.313225746154785e-10
                     0 -4.656612873077393e-10                      0                      0                      1
