5
2

5.324199710251487e-05
5.941373522801919e-05
8.912630129302718e-05
 0.007392402296535089
   0.5153365432816627

  0.0110057231526944   0.3302542669231964  -0.7692118971565519   0.5361195118620058  -0.1081661662007634
 -0.0271330795961534   0.4095904076021377  -0.3381016556962891  -0.6205944880311605   0.5762371437461432
  0.6305493960000297  -0.6413686898666391  -0.3063636978128721 0.005471347966344206   0.3117130280828884
 -0.6339130539766579  -0.3346183475873144  0.01165084725103683   0.3567111096037359   0.5990043768617448
  0.4468829480428853   0.4470397994541688   0.4472201584331842   0.4473987025717545   0.4475260654761741

0.3984678470031652
0.3985269383137588
0.3985529984162916
0.3986242613748383
0.3986206635129644

9.659843611172202e-05
   0.3986639112260009

   1.03227196902096   2.289942443136221   1.553876788927865  -1.011348747012805  -3.864753477734804
 0.5534351024923221  0.8770787973857699  0.6364129608647706 -0.4785760808855698 -0.5885572970972806

-1.564206101848119e-09 -4.288289344299398e-09 -1.989113600787245e-08 -0.0002228686462965673 -0.0005653651396017619
-1.096178035547728e-09  3.067827377963506e-10 -4.723330529226872e-09 -6.340016149566703e-05     0.1185824340554002

cov:
0.05305780246450463 0.05306604298938361 0.05307545421579548 0.05308469185192737 0.05309141513210414
0.05306604298938361 0.05307919904760261 0.05309427574378383 0.05310916212864992 0.05311985176797103
0.05307545421579548 0.05309427574378383 0.05311591974777561 0.05313734169272002 0.05315262195989931
0.05308469185192737 0.05310916212864992 0.05313734169272002 0.05316528469221983 0.05318513703568006
0.05309141513210414 0.05311985176797103 0.05315262195989931 0.05318513703568006 0.05320820880930406

cov.inverse():
 50311219.64537513 -52773610.39965533 -24706730.35889413  7281815.074539538  19887451.64324772
 -52773610.4658577  137788276.0039917 -104110350.8317837 -9992569.934962951  29088127.94877921
 -24706730.2641418 -104110351.0110438  252928327.4444934 -86249110.93854064 -37862415.33005904
  7281815.09994666 -9992569.837289291 -86249111.14711425  210504995.8132739 -121544566.7955291
 19887451.58929072  29088127.96416368 -37862415.20599396  -121544566.881022  110431120.0286864

cov*(cov_.inverse()):
     1.000000000232831  1.164153218269348e-09 -4.656612873077393e-10  9.313225746154785e-10  9.313225746154785e-10
                     0                      1  4.656612873077393e-10 -1.862645149230957e-09                      0
 4.656612873077393e-10                      0     0.9999999990686774  9.313225746154785e-10 -9.313225746154785e-10
 4.656612873077393e-10  2.328306436538696e-10 -2.328306436538696e-10     0.9999999990686774  9.313225746154785e-10
                     0                      0 -2.328306436538696e-10                      0                      1
