4
2

6.160358287540609e-05
9.052058437427711e-05
 0.006502585445387079
   0.4591285739938123

-0.06792786320951606    0.563956037250509   -0.774472884205113   0.2784441507367421
  0.6173456931173953  -0.6016061242376579  -0.3662146183942702   0.3504871177996213
 -0.6035792402815582  -0.2646408939770053   0.1267653665455236   0.7413419182676561
  0.4999621998614786   0.4999888564393191   0.5000091466662703   0.5000397938126937

 0.395077362330587
0.3951801876573506
0.3952563014405189
 0.395404993990272

-0.0004989554666978794
    0.3951946226286186

   2.36693657117572    1.28462744144746  0.2013650262429774  -3.852907892075072
-0.9856566494134184   3.442808981825695 -0.3263477700459132  -1.130617615300221

-2.523975603227331e-09 -6.028792030884897e-09 -0.0001944790481480357 -5.158095326745434e-05
 7.386894739927733e-09 -2.422515827996946e-08 -5.055978914297856e-05     0.1054088810480047

cov:
0.05270720132862471 0.05270135415819675  0.0526935048322922 0.05268105321285327
0.05270135415819675  0.0527003783360396 0.05269813301772884 0.05269448476499024
 0.0526935048322922 0.05269813301772884 0.05270237284058567 0.05270889203972293
0.05268105321285327 0.05269448476499024 0.05270889203972293 0.05273139055879384

cov.inverse():
 47736170.95414994 -55416490.27261394 -13730411.38215686   21411656.3099216
-55416490.27261028  127978566.5130988 -88203631.50776736   15640591.5236773
-13730411.38216282 -88203631.50775938  174419847.0054917 -72486224.91332144
 21411656.30992394  15640591.52367295 -72486224.91331942  35434455.00535116

cov*(cov_.inverse()):
                     1                      0  4.656612873077393e-10                      0
                     0     0.9999999998835847 -9.313225746154785e-10 -2.328306436538696e-10
 2.328306436538696e-10 -2.328306436538696e-10                      1                      0
 2.328306436538696e-10 -5.820766091346741e-10  9.313225746154785e-10     0.9999999997671694
