5
2

6.854046256830601e-05
7.781487837887319e-05
0.0001010380418357435
 0.006268824727641249
   0.5149335501510313

 0.03230333629343795  -0.4150961442412378  -0.1128422764117584   0.8356489409969785   -0.340013460858848
 -0.1860879450507923   0.6598808999687018  -0.6889949330781262   0.2342077086788429 -0.01900541899943285
  0.6306839155603616  -0.3520549970359294  -0.5572946453928064  -0.1145279911642851   0.3931934576920909
 -0.6056189140064051  -0.2615337062736732 -0.04461605800058145   0.1834606285844125   0.7274458444505403
  0.4469802018235701   0.4471127245307852   0.4471964763187157   0.4472841754470196   0.4474942331508002

0.3930967076108772
0.3931491626323098
0.3932600018931803
0.3932514104359993
0.3932299273778217

0.0001769632851908201
   0.3933035792031142

   0.9583286990505732     1.790595309593283     1.382517504223401     1.239090123378301    -5.370524429435646
   0.6855799349507301    0.9948039137103909 -0.005305443939179449    0.1101346676964764    -0.785226755030966

 9.363534756070685e-09  2.682265441834931e-09 -3.113670336074158e-08 -0.0001882306153395046 -0.0004890674811294442
-1.464419506846993e-10  3.471101523590381e-09 -2.411743657083554e-09 -4.818515966729161e-05     0.1184546154247222

cov:
0.05299039208834766  0.0529979021672717 0.05300266607381762 0.05300763394627331 0.05301958661415614
 0.0529979021672717  0.0530100847275706 0.05301777923367924 0.05302583251528967 0.05304514436746015
0.05300266607381762 0.05301777923367924 0.05302733658298731 0.05303732892263242 0.05306128195767782
0.05300763394627331 0.05302583251528967 0.05303732892263242 0.05304937894028012  0.0530782082376311
0.05301958661415614 0.05304514436746015 0.05306128195767782  0.0530782082376311 0.05311868785706095

cov.inverse():
  44913458.3216829 -44879501.77301418 -14030138.41576874 -8529821.919122294  22525997.90715357
-44879501.78053805  120733194.0435356 -45895754.18696184 -44365813.60816261  14407892.99670903
-14030138.40758366 -45895754.19048934  111531725.4421056 -40470280.52418442 -11135578.31108557
-8529821.917043636 -44365813.62162505 -40470280.51053198  158990796.3471938 -65624795.17970949
  22525997.9044137  14407893.00617507 -11135578.32008046 -65624795.17744078  39826430.75012692

cov*(cov_.inverse()):
                     1 -1.280568540096283e-09  8.149072527885437e-10                      0                      0
-2.328306436538696e-10     0.9999999997671694  1.047737896442413e-09  4.656612873077393e-10                      0
-2.328306436538696e-10 -9.313225746154785e-10      1.000000000349246  9.313225746154785e-10                      0
 2.328306436538696e-10  3.492459654808044e-10  5.820766091346741e-10     0.9999999995343387  9.313225746154785e-10
                     0  1.164153218269348e-10  1.164153218269348e-10 -4.656612873077393e-10                      1
