5
2

4.356046996030977e-05
6.282645923704359e-05
9.480315660447634e-05
  0.01106498162271282
   0.5146277547711211

-0.00199720512589977 -0.04544987451998713  -0.2146527419482629   0.8083628920611846  -0.5462636315831143
-0.05810105453839894   0.5730402293010577  -0.7753184937105191 0.001282782940731815   0.2590921666945878
  0.6792025520142173  -0.5699279854742513  -0.3895128259393518  0.03316707873718616   0.2470742561001013
 -0.5795401946631623  -0.3809315393447612 -0.03344143298269019   0.3808905169446621   0.6105967652746839
  0.4465840735408844   0.4468024823279313   0.4471765453077218   0.4476272424641667   0.4478763179448158

0.4045999609468408
 0.404667530439254
0.4047851289819381
0.4047849280669603
0.4047866097737946

-1.752360543321174e-05
    0.4047818917084454

 0.3129984448145697   1.061277140031479    1.80695823230577   0.535071911109351   -3.71632762930198
 0.9184287249539769  0.3279991605631573  0.3489029430926713 -0.4303070534604553 -0.1649686591586004

 3.844171544839346e-09 -6.999048707549541e-09 -1.794433903250083e-08 -0.0003319756497264994 -0.0007817200432544722
-6.629207282192758e-10 -7.073710415215604e-10  2.210325667779246e-09 -0.0001142930232131842     0.1181789932788671

cov:
0.05286045357644382 0.05287218556819423 0.05289177266917412  0.0529156818109013 0.05292884336010498
0.05287218556819423 0.05288877524376737 0.05291682832536818 0.05295083571019719 0.05296959565203232
0.05289177266917412 0.05291682832536818 0.05295970979446234 0.05301138561487072 0.05303994238844693
 0.0529156818109013 0.05295083571019719 0.05301138561487072 0.05308413953588813 0.05312437760758275
0.05292884336010498 0.05296959565203232 0.05303994238844693 0.05312437760758275 0.05317109648083141

cov.inverse():
 52187919.94627676 -51455219.73133362 -17797233.52863676  1634944.479694909  15429901.40612757
-51455219.75169488  120423001.7414497  -82717473.2449612 -21280324.32991508  35029210.99746372
-17797233.49182883 -82717473.34858045  193454493.8960113 -93134014.04442382  195019.8552575022
 1634944.464374527 -21280324.14488472 -93134014.30098121  344495833.4476117 -231716672.3462498
 15429901.40500136  35029210.89569114  195020.0450032126 -231716672.4330958   181062491.049922

cov*(cov_.inverse()):
     1.000000000116415 -2.328306436538696e-10 -6.311893230304122e-10  1.862645149230957e-09                      0
 2.328306436538696e-10                      1  2.510205376893282e-10                      0 -1.862645149230957e-09
 3.492459654808044e-10  6.984919309616089e-10      1.000000000854925                      0  1.862645149230957e-09
 3.492459654808044e-10  1.396983861923218e-09  4.001776687800884e-10                      1                      0
 3.492459654808044e-10 -2.328306436538696e-10 -2.819433575496078e-10                      0                      1
