5
2

4.002535172219225e-05
 5.28867908496005e-05
9.677292398744004e-05
 0.009657229883273999
    0.567297778885095

-0.02495869147302339  -0.2230829837714002 -0.01148965630481708   0.8064494167270418  -0.5469171528944894
-0.06118589782109159   0.6633984837092397  -0.7293386352624618   0.1534058724178462 -0.02627795923045514
  0.5731036648901916  -0.5213519309920142   -0.512653313831592    0.106542540652859   0.3543721492852545
 -0.6839048378202907  -0.1961641295816153 -0.07192281957859652    0.338362659066273   0.6116630003890667
  0.4466091263322039   0.4470438820522163   0.4471541465231412   0.4475101949108738   0.4477497632545017

0.4214066842671395
0.4215705979595912
0.4216696748999005
0.4217162051542203
0.4217471527904968

-0.0003560937115687538
    0.4215483729991731

0.3658901624704671  1.715522999780041  1.437851774530005  1.050689393692677 -4.570018862242508
 1.517026114141307 -2.770703976421697   1.00069814395176  4.737209091423353 -3.483908831676955

 4.707390156959364e-09   9.74143229413166e-10 -2.743347167973184e-08 -0.0002919075290162383 -0.0008899533091492088
 1.008391449400935e-08 -5.153449741016746e-09   1.00301750730298e-08 -0.0001020329465305425     0.1436595372316127

cov:
0.06423509892975908 0.06426647144515826 0.06427439571115585 0.06429940497051272 0.06431640797860118
0.06426647144515826 0.06432010375041232  0.0643336919188314  0.0643774091278743   0.064406874989343
0.06427439571115585  0.0643336919188314 0.06434872908251837 0.06439720979481479 0.06442985115118431
0.06429940497051272  0.0643774091278743 0.06439720979481479 0.06446143734386407 0.06450456295779892
0.06431640797860118   0.064406874989343 0.06442985115118431 0.06450456295779892 0.06455467667446708

cov.inverse():
 36804173.99623552 -42940022.93970299 -15238369.88208051  -9402309.17550713  30777292.51016173
-42940023.01121458  217434149.5167779 -142845689.7794377 -81845312.47405365  50196465.39258365
-15238369.84550075 -142845689.7573437  218325462.0278325 -51617904.15137617 -8624703.998017065
-9402309.055649264 -81845312.86829293 -51617903.91262715  415587738.7518428 -272721496.2631571
 30777292.42523576  50196465.69321787 -8624704.178092448 -272721496.2987909  200372592.8748393

cov*(cov_.inverse()):
    0.9999999986030161  1.396983861923218e-09 -2.328306436538696e-10 -3.725290298461914e-09 -1.862645149230957e-09
-6.984919309616089e-10     0.9999999986030161  5.820766091346741e-10                      0 -5.587935447692871e-09
-4.656612873077393e-10 -1.862645149230957e-09      1.000000002677552                      0 -3.725290298461914e-09
-9.313225746154785e-10  1.862645149230957e-09  1.164153218269348e-10                      1 -1.862645149230957e-09
-9.313225746154785e-10  9.313225746154785e-10  2.328306436538696e-10                      0     0.9999999981373549
