6
2

4.638973191322647e-05
6.471177869074437e-05
7.349210038217628e-05
9.857877401340089e-05
 0.006958959397201774
   0.5632400334025609

-0.01071036387350825    0.123058122118101  -0.1142597146457779   -0.375996845423221   0.8049536428235455  -0.4270394705790313
  0.1140419162975365  -0.3128569497739148  -0.3318429280362351   0.7735834292209453   0.1533461163714118  -0.3962939414705374
 -0.1304204797791657   0.6362540379843498   -0.726789695708661  0.07917073892779074 -0.05878740409037407   0.2005593952734102
  0.6324266770192748  -0.4330279902544251   -0.421457320192193  -0.2676944660887507  0.09772597261355477   0.3920284329091201
 -0.6346707686395597  -0.3573986409900844 -0.06534108907124701   0.1252133251660192   0.3861673867317411   0.5480749415522853
   0.408778352552925   0.4085474241531726   0.4082964563506688   0.4081523494854635   0.4079252705100984   0.4077890358042618

 0.349144538490112
0.3493023813217095
0.3495242028738761
0.3495814561732532
0.3496656295620645
0.3497296204190536

-0.001348679793485718
   0.3491639472046749

 0.3655099887271178   3.612797155209072   1.114730190576765  -1.397213567541548   1.744884886703305  -5.440782341951704
-0.6643123114410543   6.438610611555209   -5.81587635132262    -3.2706136949802   10.29158826889539  -5.974662159692837

 9.827417934206208e-09 -4.843454670390813e-10  7.367985752867752e-10  -3.29577326113455e-08 -0.0001975397054736839    0.00106820296906912
 2.911529597962038e-08   5.25813125797406e-09  3.428569941301807e-08 -1.183664374604945e-08 -5.856420257397295e-05     0.1304513927705072

cov:
0.05303012172901315 0.05299164547173742 0.05295012438187345 0.05292558068995597 0.05288811448309667 0.05286547260714452
0.05299164547173742 0.05295692420867977 0.05291933730593604 0.05289736253245662 0.05286341401319312 0.05284295478441316
0.05295012438187345 0.05291933730593604 0.05288591126051141  0.0528666371973186 0.05283639806533671 0.05281823842012505
0.05292558068995597 0.05289736253245662  0.0528666371973186  0.0528491371611455 0.05282131290381262 0.05280465328809007
0.05288811448309667 0.05286341401319312 0.05283639806533671 0.05282131290381262 0.05279680875993659  0.0527822041734349
0.05286547260714452 0.05284295478441316 0.05281823842012505 0.05280465328809007  0.0527822041734349 0.05276888068240844

cov.inverse():
 47474547.16449032 -52672707.04897907  -18345943.8642512   3603647.07529411  7944337.062797862  11995869.11687968
 -52672707.0459568  124660338.4791153 -48577511.17324896 -58041031.32698552  23290347.78556016  11340891.15977786
-18345943.85552678 -48577511.19697998  148441075.9687694 -40382242.23138992 -51218572.93132109  10086428.69213166
 3603647.097026157 -58041031.32844596 -40382242.33001395  217133897.9759414 -115865749.1467596 -6453814.759241483
 7944336.956053096  23290347.90134924 -51218572.74269426  -115865749.369679   308332260.346059 -172481254.4788392
 11995869.19014549  11340891.07220201  10086428.58712412 -6453814.614672742 -172481254.5040949  145512511.4841101

cov*(cov_.inverse()):
     1.000000000232831 -2.328306436538696e-10  5.820766091346741e-10  5.238689482212067e-10                      0                      0
 2.328306436538696e-10                      1  1.280568540096283e-09 -5.820766091346741e-10  1.862645149230957e-09 -9.313225746154785e-10
-1.164153218269348e-10  5.820766091346741e-10      1.000000001629815 -1.105945557355881e-09                      0  9.313225746154785e-10
 3.492459654808044e-10 -1.164153218269348e-10  1.629814505577087e-09     0.9999999997089617  1.862645149230957e-09  9.313225746154785e-10
-4.656612873077393e-10  1.047737896442413e-09  1.513399183750153e-09 -6.984919309616089e-10                      1                      0
 3.492459654808044e-10 -1.164153218269348e-10  1.164153218269348e-09   2.91038304567337e-10                      0      1.000000001862645
