4
2

5.867906872998836e-05
9.861970579004228e-05
 0.009550829451755725
   0.4624506360983224

 -0.1127798510702872   0.6747871703536269   -0.713448273703765   0.1514415420808553
  0.6878974310916164  -0.4636637120882554    -0.49071339251302   0.2664834944203067
 -0.5141508937023724  -0.2825367646772903 -0.01407699800012199   0.8097059177491823
  0.4997266132548581   0.4998511912803393   0.4999937652459134   0.5004281499832611

0.4010366466442862
0.4011241797398596
0.4011825920944299
0.4013384105925463

-0.0002926091932357678
    0.4011784595633213

  1.213345556846362    1.99578716982906 -0.7713175203336214  -2.437852945419695
 0.6461064547174086  0.3977202023516175  0.5285918223794273 -0.5721863859122884

 4.789515179698502e-09 -3.519477736648931e-09 -0.0002874118571484155 -0.0003606823851486581
-9.237058559034707e-10 -1.476566023151796e-09  -8.34931054317021e-05     0.1068515836730585

cov:
0.05343081535935116 0.05343325852957974 0.05343590526703774 0.05344369807565882
0.05343325852957974 0.05344061346951888 0.05344893241605632 0.05347413510077732
0.05343590526703774 0.05344893241605632 0.05346383651766904 0.05350922128477582
0.05344369807565882 0.05347413510077732 0.05350922128477582 0.05361655699350003

cov.inverse():
 52351055.76174314 -54894800.69858783 -11339163.35703129   13883169.9349848
-54894800.63227132  154346610.0720125 -116423936.7894385  16972068.31460547
-11339163.44496026 -116423936.6828577   172587367.976761 -44824577.55708592
 13883169.95659742  16972068.27434064 -44824577.53843366  13969465.12727928

cov*(cov_.inverse()):
     1.000000000582077 -4.656612873077393e-10 -9.313225746154785e-10  1.164153218269348e-10
 5.820766091346741e-10      1.000000000232831 -4.656612873077393e-10  4.656612873077393e-10
 2.328306436538696e-10  1.746229827404022e-09     0.9999999995343387  2.328306436538696e-10
 5.820766091346741e-10                      0 -4.656612873077393e-10      1.000000000116415
