4
2

3.174228279475386e-05
6.331788810664454e-05
 0.008327959493691124
   0.4638108669040187

0.03491123402321016  0.3816217417026261 -0.8272961815965646  0.4107640197419616
 0.4808904999197873 -0.7638484577176139  -0.128010491928365  0.4109661478584063
-0.7198224656792923 -0.1450037919525091  0.2213668341168303  0.6417368954453759
 0.4993807672800966  0.4998742644122319  0.5001910301325823   0.500553196397724

0.4014130308002498
0.4014822436588327
0.4014845986555739
0.4014757558998788

0.0001970691242005012
   0.4016198072670146

0.6393959445760621  2.159714881208842  2.500061419631068 -5.299164084738059
 0.876775737728434 0.5012266641218783  0.580797433662836 -0.958703650769747

-3.424216005784646e-09 -1.539526162243355e-08 -0.0002511103268005719 -0.0006705949803290655
 -6.57344490489477e-10 -1.722216714939848e-09 -8.256485954200031e-05     0.1073500315618647

cov:
0.05368293967248813 0.05370725542602304 0.05372299541435623 0.05374091672284887
0.05370725542602304 0.05375454590961755 0.05378492184432083 0.05381963802548027
0.05372299541435623 0.05378492184432083 0.05382463178936855 0.05387005395121397
0.05374091672284887 0.05381963802548027 0.05387005395121397 0.05392776281283915

cov.inverse():
 58899005.66135902 -78397904.65260957  -44021776.6131791  63520450.22009631
-78397904.65068871  290073952.2887987 -288952557.5608148  77277264.99392456
-44021776.61676218 -288952557.5545453  683363179.7569577 -350389441.1879086
 63520450.22175857  77277264.98957597 -350389441.1852223  209591810.5282345

cov*(cov_.inverse()):
     1.000000000931323 -4.656612873077393e-10 -3.725290298461914e-09  1.862645149230957e-09
 1.396983861923218e-09      1.000000000465661                      0  1.862645149230957e-09
 9.313225746154785e-10 -9.313225746154785e-10     0.9999999925494194 -1.862645149230957e-09
                     0  4.656612873077393e-10                      0                      1
