5
2

5.473627378674663e-05
6.023852243055144e-05
9.354248989409794e-05
  0.01176929929541069
    0.517085845523197

 0.00135093203002442    0.435934694665448  -0.7139682763162224   0.5002328017748248   -0.223552144727229
-0.04798001569712563   0.4584948726519777  -0.3264172951580319  -0.6240258607154553   0.5399294809746913
   0.708941608320145  -0.5235329750042219  -0.4066355527951519 -0.01879025584599055   0.2400197357799954
 -0.5437285656432653  -0.3549787387302238  -0.1359559558044154   0.3995069758741691   0.6326606485804226
  0.4466062426481717   0.4468184338985107   0.4470621378735241   0.4476605541031755   0.4479192163059729

0.4005939162301622
0.4006576241720451
0.4006901132889661
0.4007667025357448
0.4007647635540125

2.267135198761789e-05
   0.4007793170361938

  0.3138335692074093    1.031936485925189    1.671993994494849  -0.4282490687107381   -2.589526345218093
  0.6761042402371814   0.5403173817124579   0.2532530608618778 -0.05163450481702522  -0.4179970023281542

-1.134906949050368e-09 -4.421948969495388e-09 -1.409784403424504e-08 -0.0003564931965350935 -0.0007688023152765708
 3.692843249374185e-10 -2.207708989376993e-10 -5.157840380205149e-11 -0.0001217459798643652      0.119317965549735

cov:
0.05337136005481288 0.05338247487307914 0.05339508127867967 0.05342621360279429 0.05343954247917201
0.05338247487307914 0.05339855137256116   0.053416893743527 0.05346205652053604 0.05348149426838885
0.05339508127867967   0.053416893743527 0.05344190307892826  0.0535033469181706  0.0535298744379531
0.05342621360279429 0.05346205652053604  0.0535033469181706 0.05360460806085333 0.05364846705711118
0.05343954247917201 0.05348149426838885  0.0535298744379531 0.05364846705711118 0.05369988085412565

cov.inverse():
 58075656.01302282 -48281142.92183877 -28951002.38696506  6952748.897601005  12203944.84952254
-48281142.84997356  152686313.4873014 -120798369.9348986  -4939168.22462949  21332083.89170336
-28951002.46436613  -120798369.800082  218400318.6389572 -62199719.50021248 -6450971.171085757
 6952748.848325281 -4939168.306443064   -62199719.319671  190876197.7136488  -130690603.854211
 12203944.90433406  21332083.91056585 -6450971.294212007 -130690603.8047587  103605933.4258985

cov*(cov_.inverse()):
     1.000000000232831  4.656612873077393e-10 -1.746229827404022e-10                      0 -9.313225746154785e-10
 1.164153218269348e-10     0.9999999995343387 -5.820766091346741e-10 -9.313225746154785e-10                      0
 1.164153218269348e-10  2.328306436538696e-10      0.999999999650754 -9.313225746154785e-10  9.313225746154785e-10
-1.164153218269348e-10 -2.328306436538696e-10 -1.862645149230957e-09                      1 -9.313225746154785e-10
 2.328306436538696e-10                      0 -6.984919309616089e-10                      0                      1
