5
2

  6.2145762688406e-05
8.699768925598872e-05
 0.000106389999029351
  0.01010907062012561
   0.5239021676382711

 -0.1667642468414712   0.4873912225064147  -0.7901855858923693   0.2362162945832533   0.2333411327228671
 -0.5726030022080356   0.6281814752925144   0.3787495349135166  -0.3581275807508582  -0.0762053913446858
  0.2321706342398317 -0.05473146685328878  -0.1063563429186519  -0.7171788994571231   0.6460990772530185
 -0.6252346523612394  -0.4064095978307895   0.1439683014277743    0.318344549444957   0.5673118580643498
  0.4466474156660209   0.4468484481903522   0.4473443708774036   0.4475015889257294   0.4477252418414516

0.4010508868575071
0.4011222365762941
0.4011963642501002
0.4012608878670391
0.4012658741586732

-8.935747530233451e-05
    0.4012205869800561

  1.074160660512482   2.792553438198006  -2.091301414619123 -0.4571931489479366  -1.318219261470375
 0.7319447127569536  0.9101164204924761 -0.4830510732972759   0.114216607655942 -0.2731358542756797

 9.341866882511019e-09  4.626473302994375e-09  -2.31854706619928e-09 -0.0003066811452937533 -0.0007430986626689199
 2.573957621548578e-09 -3.817640634576279e-10 -9.834588634514582e-10 -0.0001037930697840687     0.1225077918071381

cov:
0.05479574148416449 0.05480639847663853 0.05483203054618958 0.05484016355022679 0.05485167645003566
0.05480639847663853 0.05482197352482567 0.05485993543326775  0.0548719744733053 0.05488906536224586
0.05483203054618958 0.05485993543326775 0.05492892762146764 0.05495079252666201 0.05498191569504843
0.05484016355022679  0.0548719744733053 0.05495079252666201 0.05497578401733489 0.05501134244648331
0.05485167645003566 0.05488906536224586 0.05498191569504843 0.05501134244648331 0.05505327066661499

cov.inverse():
 55287253.87458744 -69690707.97166573  3283216.101054586  2181779.504063327  8938962.706151655
-69690707.95169897  113912427.0521888 -67771031.45632215  3552765.979058076  19995982.23616951
 3283216.026630055 -67771031.35878836  181625173.3747929 -59512051.62537568 -57625340.21703161
 2181779.552517182   3552765.90885635 -59512051.60040498  76835924.27216931 -23058448.46840833
 8938962.712155562  19995982.22880406 -57625340.21889246  -23058448.4651859   51748986.0655813

cov*(cov_.inverse()):
     1.000000000407454 -4.656612873077393e-10 -9.313225746154785e-10                      0  9.313225746154785e-10
 8.149072527885437e-10     0.9999999993015081 -2.328306436538696e-09  6.984919309616089e-10  4.656612873077393e-10
 5.820766091346741e-11                      0     0.9999999995343387  4.656612873077393e-10  4.656612873077393e-10
 4.074536263942719e-10 -9.313225746154785e-10 -2.793967723846436e-09      1.000000000931323                      0
 5.820766091346741e-10 -4.656612873077393e-10 -9.313225746154785e-10  2.328306436538696e-10                      1
