6
2

5.642146364698624e-05
 6.68983831452194e-05
8.857303958347298e-05
0.0001129448980431821
 0.006907025987272167
   0.5659444034878417

 -0.02331842267724648  -0.02026630991653946  -0.06246003737592373   -0.2235711072319297    0.8322078260218768   -0.5025836904399517
  0.06498279239159209    0.1064744146393162    0.3585803406444923   -0.8632049506231401 0.0003947307030440808    0.3327726437537502
   -0.172034636731568   -0.4793022438001354    0.8036218571811237    0.1644486120322374  -0.06439168577741654   -0.2523404809319494
   0.6172848005938936    -0.714430894014913   -0.2052211639048303  -0.03866109743532687     0.112265121419864    0.2287664935606507
  -0.6466562775046619   -0.2855620652363686   -0.1138836223721601   0.09824658109487344    0.3519783632456027    0.5947935165477716
   0.4079616468996129    0.4081233139294169    0.4081979766436645    0.4082924883949331    0.4084011062887637      0.40851297097232

0.3997427370217546
0.3999132729659645
0.3999063650194596
0.3998981029579338
0.3998830716458899
0.3998762395357189

0.0001749960107524226
   0.3999495272879701

 0.8664893081880415   1.128173088287467   1.740335222360051   2.271362418830805 -0.3795160839819908  -5.626816119765334
 0.9376940068654513  0.3294888115044402   0.585957712570927 -0.1652735898911505 0.06993159898652923 -0.7578517003097349

 5.897304341828328e-09 -1.357285355542513e-08  1.982166314479755e-08 -2.609902650508464e-08 -0.0002069483001633846 -0.0006125552411978028
 1.308019393301035e-09  8.799934826667593e-10  2.441440568499925e-09    8.1700357457971e-10 -5.770518708604193e-05     0.1305802606844087

cov:
0.05332719626560748 0.05333717102838975  0.0533416330712514  0.0533474402718221 0.05335380711280647 0.05336093467809117
0.05333717102838975 0.05335339800466827  0.0533608096741796 0.05337027456000716 0.05338101615112369 0.05339233094127532
 0.0533416330712514  0.0533608096741796 0.05336964573124445 0.05338084357170127 0.05339366540051601 0.05340697100561127
 0.0533474402718221 0.05337027456000716 0.05338084357170127  0.0533942013737701 0.05340959048549192 0.05342535684701764
0.05335380711280647 0.05338101615112369 0.05339366540051601 0.05340959048549192 0.05342806233203842 0.05344676917049106
0.05336093467809117 0.05339233094127532 0.05340697100561127 0.05342535684701764 0.05344676917049106 0.05346829940037764

cov.inverse():
 34765807.00997838 -22362243.94360776 -21887296.71304132 -16374352.74622157  749492.8050364156  25108677.06653268
-22362243.96429949  71958608.23954557 -28674608.29651577 -26995630.16552693 -7644180.870453889  13717741.94679649
-21887296.69925337 -28674608.30127955   115576736.102619 -47308613.59916483 -24699709.96834496  6993427.067049712
-16374352.74683982   -26995630.176669 -47308613.57956624  185759293.6342065 -60211947.29043394 -34869303.51979651
 749492.8410652282 -7644180.939526621 -24699709.95520725 -60211947.27682797  219077063.3812724 -127268546.9763102
 25108677.03802639  13717742.01108253   6993427.04333778 -34869303.52556416 -127268546.9826107  116316700.8304762

cov*(cov_.inverse()):
    0.9999999995343387  3.492459654808044e-10  1.164153218269348e-10  2.095475792884827e-09 -9.313225746154785e-10                      0
-4.656612873077393e-10      1.000000000698492  1.222360879182816e-09  2.328306436538696e-10                      0                      0
-2.328306436538696e-10  3.492459654808044e-10     0.9999999995925464  4.656612873077393e-10 -9.313225746154785e-10                      0
                     0  3.492459654808044e-10  3.492459654808044e-10      1.000000002095476 -2.793967723846436e-09                      0
                     0  1.164153218269348e-10 -1.164153218269348e-10  4.656612873077393e-10     0.9999999981373549                      0
 2.328306436538696e-10  2.328306436538696e-10 -1.746229827404022e-10  9.313225746154785e-10 -9.313225746154785e-10                      1
