5
2

5.028194213475622e-05
6.193912273730366e-05
9.111360171690371e-05
 0.007670748325743014
   0.5154040325079005

  0.0341156718030259   0.1113839430660003   0.2350284069626448  -0.8455472434413654   0.4650174676222475
-0.06328126415174694  -0.5027481291763923   0.8198269179384002  0.01259355025212943  -0.2663926187653584
  0.4979388393548572  -0.7132396329467943  -0.2677557495153041  0.07572600279316763   0.4073310316662944
 -0.7397876919894738   -0.161907880506407  0.03057948873800377   0.2810806214294189   0.5886922694720773
   0.446769163648982   0.4471163160303516   0.4472328543546925   0.4473818484902763   0.4475673915501596

0.3978960921757304
 0.398103912203545
0.3981121282678319
0.3981217317009329
0.3981345454834633

-0.0001689673037041701
    0.3980580180135838

 0.7987564532378696   1.966957696617948   2.203616105778093  0.5652118008342771  -5.534540164055735
 0.9521034567373611  0.4011931809492931  0.6246589050750492 -0.2299152800748939 -0.7480526319761805

-5.782973871803675e-09  8.626774741278779e-09 -3.160286689422681e-08 -0.0002319053306951049 -0.0006285211287367858
 1.783125849364535e-10  1.713142104739871e-09 -2.502371428870424e-09 -7.385682951077873e-05     0.1185967822340903

cov:
0.05305492480416441 0.05307096532156817 0.05307641880410906 0.05308319884153363 0.05309183056112148
0.05307096532156817 0.05310670024205882 0.05311870287060919 0.05313401205097903 0.05315311788977154
0.05307641880410906 0.05311870287060919 0.05313289762150344 0.05315104543425966 0.05317364125619412
0.05308319884153363 0.05313401205097903 0.05315104543425966 0.05317289785747907 0.05320003331918305
0.05309183056112148 0.05315311788977154 0.05317364125619412 0.05320003331918305 0.05323275124649295

cov.inverse():
 31380039.87026361 -32982714.67792783 -26411912.99942501 -7078711.178757947  35093350.90431624
-32982714.62148558  132068107.3528491 -74075786.84592421  -45407960.4713326  20398444.87922834
-26411913.04964659 -74075786.80497558  205676227.0588183 -78353192.04693183 -26835840.91169367
-7078711.225390595 -45407960.30187628  -78353192.1638359  283515376.4804727 -152674929.4283493
 35093350.94472825   20398444.7252659 -26835840.80406276 -152674929.4224299  124018773.5929988

cov*(cov_.inverse()):
    0.9999999995343387  4.656612873077393e-10  9.313225746154785e-10 -1.862645149230957e-09                      0
-2.328306436538696e-10      1.000000000232831 -1.396983861923218e-09 -1.862645149230957e-09  9.313225746154785e-10
                     0  4.656612873077393e-10     0.9999999986030161 -1.862645149230957e-09  9.313225746154785e-10
-2.328306436538696e-10 -2.328306436538696e-10 -1.629814505577087e-09                      1                      0
                     0  2.328306436538696e-10 -6.984919309616089e-10 -9.313225746154785e-10                      1
