6
2

3.341192816819635e-05
4.633853258267841e-05
6.680490381499646e-05
0.0001165607866725307
  0.01271556267786501
   0.6630604485144107

-0.005549598537535207   0.02233665369487724    0.1339493702901478   0.07682962593912103   -0.8028886435656816    0.5753215419815032
 0.001962459074111327    0.3729480814409768    -0.826364905884587    0.4140448292042061  -0.03557973151463049   0.07299234028883349
  -0.1426677348770145    0.6813937462961797  -0.03327937409835428   -0.7005883712902242   0.05078777198160234    0.1443519983346165
   0.7345852829790079   -0.3373765048612693   -0.3326424889398696   -0.4026617577156547   0.07795053099427275    0.2601879208210565
  -0.5235217702436455   -0.3407308678351483   -0.1447442220913238  -0.05576666916424208    0.4221230400325854    0.6384189530711151
   0.4073336301450292    0.4076676767068589     0.408006343705485     0.408158804246449    0.4089747727514626    0.4093448770735807

0.4168009944619244
0.4166654492406347
0.4164684796359331
0.4164563112150842
0.4159040996706685
0.4156546197072026

0.002777893191380628
  0.4173393716492195

 -0.5947587893739243    0.525116918253867    2.846974951753434   0.5502800874755214 -0.01710365909926922   -3.311072077786429
 -0.5215878447378103    5.446444486554622    4.447546364820309    -4.16744202669538   -17.53990633038509    13.33697635055894

 -1.62155358104753e-09 -4.662129536718732e-09 -2.304771299068225e-09 -3.594285180171816e-08 -0.0003931215367814404  -0.001922109734325441
 2.473373024047243e-08 -3.807143568506053e-09  3.388070804935545e-08   1.09844298972361e-09 -0.0001428461857246392     0.1791886056657641

cov:
0.07299121145928049 0.07303555009443558 0.07307961092827148 0.07309938230152038 0.07320506203231116 0.07325303494270866
0.07303555009443558 0.07308535904817058 0.07313525828623695 0.07315768130224795 0.07327760010750393  0.0733320177408687
0.07307961092827148 0.07313525828623695  0.0731914237973036  0.0732166879752793 0.07335187042387468  0.0734131967985644
0.07309938230152038 0.07315768130224795  0.0732166879752793 0.07324324779911998 0.07338535620948454 0.07344981885712254
0.07320506203231116 0.07327760010750393 0.07335187042387468 0.07338535620948454 0.07356468980799651 0.07364599799299654
0.07325303494270866  0.0733320177408687  0.0734131967985644 0.07344981885712254 0.07364599799299654 0.07373493331940344

cov.inverse():
 44309093.24144986  -39792706.5341767  -18341990.0804965  621774.1752204588  6548450.543442191  6657789.398635156
-39792706.50973453  177636086.5122971 -137668197.5639313 -23515815.84897307 -16426584.85276168  39766374.91933552
 -18341990.1319419 -137668197.4408168  342488313.0129383 -135042167.2054349 -84931824.14348078  33493525.73137933
 621774.2087336822 -23515816.10006778 -135042166.8329577  207038231.8527629  -72399918.0994119  23297453.25640365
 6548450.511523182 -16426584.36142529 -84931825.05790633 -72399917.70736268  579056766.6617328 -411845970.1301908
 6657789.424044563  39766374.58042072  33493526.34499725  23297453.01925094  -411845970.193152   308631135.299317

cov*(cov_.inverse()):
    0.9999999995343387 -3.725290298461914e-09  1.396983861923218e-09 -2.328306436538696e-09                      0 -3.725290298461914e-09
-4.656612873077393e-10     0.9999999990686774 -4.656612873077393e-10  1.396983861923218e-09 -3.725290298461914e-09 -3.725290298461914e-09
-5.820766091346741e-11 -2.793967723846436e-09      1.000000001862645 -1.396983861923218e-09  3.725290298461914e-09 -3.725290298461914e-09
-4.074536263942719e-10 -9.313225746154785e-10  2.793967723846436e-09     0.9999999981373549                      0 -3.725290298461914e-09
-7.566995918750763e-10 -1.396983861923218e-09 -4.656612873077393e-10 -3.259629011154175e-09                      1 -3.725290298461914e-09
-2.328306436538696e-10 -1.396983861923218e-09 -4.656612873077393e-10  9.313225746154785e-10                      0                      1
