5
2

3.387742975051305e-05
 7.58681360979193e-05
0.0001066877970548007
  0.01179836516734201
   0.5166989631954343

 0.04982740544694383   0.2219960095976689  -0.7922013567353169   0.5645370218834522 -0.04415838197696173
 -0.5393354520799618   0.7511053035498091   -0.066907609422363  -0.3273722820781056   0.1825071336616995
   0.386367543873785  -0.1333990469056772   -0.404180246379937  -0.4980364963282528   0.6492478664477281
 -0.5983462516749581  -0.4113615877435854  0.06711073850301365   0.3545302995203181   0.5852929375408673
  0.4464710337117015    0.446704525515238   0.4472972830254408   0.4476530519241963   0.4479403628181125

0.3976743100889608
0.3977348343923703
0.3977799249343179
0.3977862524802608
0.3978281076370793

6.419556675804267e-05
   0.3978642783330094

 0.4993332801782938   1.391828566504313   3.181193311084912  -4.672656027364645 -0.3997027939731399
 0.6238680013392179  0.7873833362983732  0.3679619169626001  -0.860222692346889 0.08090702129472255

-5.516350212362937e-09  1.162709695107911e-08  8.982093398162283e-09 -0.0003547364648618863 -0.0008432910350377044
-6.597078691734761e-10  3.031633506910749e-09  5.329575930955294e-09 -0.0001294733076467017     0.1190761821560046

cov:
0.05326823296983552 0.05328048433788545 0.05331128878655095 0.05332975679073251 0.05334478669327068
0.05328048433788545 0.05329762989132946 0.05334092054809206 0.05336689072748371 0.05338794183209562
0.05331128878655095 0.05334092054809206 0.05341617906122652 0.05346134877896422 0.05349780984421899
0.05332975679073251 0.05336689072748371 0.05346134877896422 0.05351805432175169 0.05356377236974098
0.05334478669327068 0.05338794183209562 0.05349780984421899 0.05356377236974098 0.05361694202965589

cov.inverse():
 65816768.18940092  -65266944.2012162 -41844809.01955957  38277433.34290192  3017857.116852304
-65266944.21024062   142518174.715637 -157229781.5159463  72315107.24450102   7663215.94963572
-41844808.99990996 -157229781.4792553  561957426.9007648 -368188464.4634634  5305195.750492892
 38277433.33775634  72315107.11583211 -368188464.2042469  318104431.5047417 -60507985.72488353
 3017857.111372677  7663216.032588957  5305195.547617435 -60507985.59948161  44521568.34340626

cov*(cov_.inverse()):
    0.9999999993306119   1.33877620100975e-09 -2.211891114711761e-09  1.396983861923218e-09                      0
-5.820766091346741e-11      1.000000000814907  3.492459654808044e-09  9.313225746154785e-10 -4.656612873077393e-10
 5.820766091346741e-11  4.656612873077393e-10     0.9999999993597157  1.862645149230957e-09                      0
 2.037268131971359e-10  4.074536263942719e-10  1.396983861923218e-09      1.000000003259629 -4.656612873077393e-10
 -2.91038304567337e-10  3.492459654808044e-10 -1.396983861923218e-09                      0      1.000000000465661
