6
2

4.261864487013483e-05
5.133068998116244e-05
6.362992147584514e-05
 9.58323006566361e-05
  0.01115788102885897
   0.5638960085982806

-0.002732672417925837   0.01109518320699831   0.09878681323645866    0.2565131632965282   -0.8368826737812551    0.4732219165697951
 0.009198011271349617   0.07154415886785248    0.4852538688808201   -0.8220572788166712  -0.03128774423362408     0.287347211683081
 -0.06651572960336805    0.6202628677544072    -0.673445302954804   -0.2346437127375388   0.03665903538603914    0.3176782959628069
   0.6868504622611733   -0.5319345356205558   -0.3625676630243255   -0.1526493790638167   0.06698036185679725    0.2933233373460082
  -0.5979599688155176   -0.4009320691795908  -0.05627519469619205    0.1153272791734714    0.3547570618706095    0.5825611554084256
     0.40763207061172     0.407837505440696    0.4081899856511418    0.4083661852097424     0.408614293299364    0.4088484045065314

0.4048735488553732
0.4049399087198811
0.4050556030116572
0.4050545786594413
0.4050531591245572
0.4050533897804325

-2.49934842743487e-06
   0.4050573965262544

  0.2590975876789505   0.8093689671565277    1.334366276648389    1.590799288295127 -0.03479942453807518    -3.95885270731987
  0.9231780104535033   0.4036372475496207   0.3992412200668806  -0.2834894024121037  -0.3424320761739121  -0.1000732483596967

-2.354246105894405e-09 -4.575160541450225e-09 -8.283872628348536e-09 -1.967871900369782e-08 -0.0003348606464372222 -0.0008836820727116573
 3.776104115035399e-10  1.175416024820068e-09  -2.33764097545772e-10  2.439309083301417e-09 -0.0001181233774302962      0.129511686734946

cov:
0.05288110339420393 0.05289305589699341 0.05291308723308325  0.0529231521502253  0.0529374884893864 0.05295087606701284
0.05289305589699341 0.05290987040535212 0.05293837365312418 0.05295265808697653 0.05297288215846747 0.05299187131480298
0.05291308723308325 0.05293837365312418 0.05298171286211607 0.05300337699735066 0.05303390222545382 0.05306269194833464
 0.0529231521502253 0.05295265808697653 0.05300337699735066 0.05302872288983501 0.05306437511721724   0.053098045026476
 0.0529374884893864 0.05297288215846747 0.05303390222545382 0.05306437511721724 0.05310718854606465 0.05314766627415121
0.05295087606701284 0.05299187131480298 0.05306269194833464   0.053098045026476 0.05314766627415121 0.05319462640833979

cov.inverse():
 52500791.28620854 -49737997.16508352 -14506694.21955211 -10817843.37653345  5555296.785796464  17006721.07553526
-49737997.20364501  127844787.3669717 -68390466.72728088  -47860260.4925225 -4226273.827481532  42369338.46966392
 -14506694.1444024 -68390466.90353309  221071413.9260438 -92390260.38686034 -60020324.94255262  14236758.60193105
-10817843.36867227  -47860260.4794471 -92390260.50399236   308839875.874427 -111664340.7768248 -46106152.11202638
 5555296.725418029 -4226273.559864845 -60020325.07381644 -111664341.0080989  386786629.7809027 -216431789.3237623
  17006721.0914649  42369338.32666185  14236758.74922336 -46106151.97694726 -216431789.4790599  188925097.9206294

cov*(cov_.inverse()):
     1.000000000814907 -9.313225746154785e-10  1.047737896442413e-09 -9.313225746154785e-10                      0                      0
                     0                      1                      0 -4.656612873077393e-10 -1.862645149230957e-09  1.862645149230957e-09
 6.984919309616089e-10                      0     0.9999999998835847 -9.313225746154785e-10 -1.862645149230957e-09                      0
 1.164153218269348e-10 -4.656612873077393e-10  1.164153218269348e-10     0.9999999972060323                      0                      0
 1.164153218269348e-10 -4.656612873077393e-10  3.492459654808044e-10 -1.396983861923218e-09     0.9999999981373549                      0
 2.328306436538696e-10                      0 -1.164153218269348e-10                      0                      0                      1
