4
2

5.912405238476487e-05
7.420933841179111e-05
 0.006428406347627318
   0.4480517253494352

0.009592002003374343   0.4172716059521608  -0.8195090696672142   0.3926796214432947
  0.3449909788867221  -0.7587924144344304  -0.1243956611804269   0.5382759661763046
 -0.7949512539612763 -0.01043967430048526   0.2501638654547872   0.5525952926388477
   0.498940599480282   0.5000094917732789   0.5003485231649843   0.5006996521803301

0.3904106235632446
0.3903258273812376
0.3902409975983014
0.3901509554455042

0.00128455121146174
 0.3907339293463155

0.007594619046088795    6.931594948586017   0.6116965739805279   -7.550140086800512
  -28.24189988725152    55.13091559231239    27.45132600960157   -53.34313303881768

-2.005269218379926e-09 -5.175047484685873e-08 -0.0001693287641027561 -0.0009311818484271482
-7.239394583911277e-08 -4.609616030899251e-07 -3.035068920298497e-05     0.1006347234523501

cov:
 0.0500012529435888 0.05008254188004551 0.05010794021713171 0.05013317633493759
0.05008254188004551 0.05018950092525289 0.05022341502349272 0.05025852885476157
0.05010794021713171 0.05022341502349272 0.05026016627415902 0.05029855804876691
0.05013317633493759 0.05025852885476157 0.05029855804876691 0.05034076185645464

cov.inverse():
 21653783.10858004 -46389824.50486168 -10046368.95408613  34787500.50613048
 -46389824.4919605  154360328.1661063 -80683779.50045331 -27293508.04989499
-10046368.97809438 -80683779.44300975  194934335.8161261 -104213988.1782541
 34787500.51723853 -27293508.09444246 -104213988.1448136  96731511.78185436

cov*(cov_.inverse()):
                     1  9.313225746154785e-10 -9.313225746154785e-10  9.313225746154785e-10
-2.328306436538696e-10      1.000000000698492 -2.793967723846436e-09                      0
 2.328306436538696e-10                      0                      1                      0
 2.328306436538696e-10 -2.328306436538696e-10                      0                      1
