5
2

9.837240984745021e-05
0.0001235309611603789
0.0001546375046139742
 0.004356891525534035
   0.5716338904167246

  0.2431511902708063  0.06237128433719664   0.1779543387465821   -0.869609484542996    0.386133292107985
 -0.5242251106829116  0.02294805433618725   0.8149112601024742 -0.08132377874978895   -0.232309064179007
  0.4363298019299707  -0.8368770251199077   0.3090575093081349   0.1148527479102935 -0.02335489267610842
  -0.525150963215991  -0.3086688021069834 -0.09356678133249312   0.1547420967374736     0.77216590015846
  0.4470998789761063   0.4471505620309618   0.4471919105381875   0.4472465955124369    0.447378979218611

0.4017766221459227
0.4019668649234731
0.4019686838275248
0.4019710992984508
0.4019758391467644

-5.816826909006285e-05
    0.4019575844848502

  1.37473894325542  1.127966994854788  2.397372087686207  2.997580408316434 -7.897667228174086
 0.956850741620209 0.2452106034195134 0.4741794066893339 0.4259216367624289 -1.102154624838017

-4.669246369483763e-08  4.348739282632686e-08  2.213186168631498e-08  -0.000131527595816362 -0.0004870683038858735
-4.486591889742173e-09   1.70665193596616e-09  1.036615789921319e-08 -2.672139727024896e-05     0.1460360860045702

cov:
0.06532507386517422 0.06533030236524805 0.06533420485670312 0.06533972151906339 0.06535291016557229
0.06533030236524805 0.06533646495971303 0.06534122359203305 0.06534776181595169 0.06536349063022759
0.06533420485670312 0.06534122359203305 0.06534690218399587 0.06535443771071051 0.06537268515568147
0.06533972151906339 0.06534776181595169 0.06535443771071051 0.06536316840329487 0.06538431843269102
0.06535291016557229 0.06536349063022759 0.06537268515568147 0.06538431843269102 0.06541272661433456

cov.inverse():
 32094399.03161355 -14482908.16825073 -17881516.78711452 -16964998.05878128  17235157.68705454
-14482908.17805032  29729789.92882224 -8442161.547501864 -9749152.389353447  2944164.152232396
-17881516.77048962 -8442161.538516808  50785275.92813642 -18850616.33933554  -5610786.54964286
 -16964998.0649448 -9749152.422561634 -18850616.28867837  79131422.66625871 -33566680.67722487
 17235157.68639284  2944164.166656016 -5610786.574690037  -33566680.6659398  18998125.09040849

cov*(cov_.inverse()):
     1.000000000698492  2.037268131971359e-10  2.328306436538696e-10                      0 -2.328306436538696e-10
                     0      1.000000000349246  4.656612873077393e-10  4.656612873077393e-10 -4.656612873077393e-10
 6.984919309616089e-10  3.783497959375381e-10     0.9999999998835847 -4.656612873077393e-10                      0
 2.328306436538696e-10  1.164153218269348e-10  2.328306436538696e-10                      1 -4.656612873077393e-10
 4.656612873077393e-10  1.455191522836685e-10                      0  4.656612873077393e-10     0.9999999997671694
