5
2

5.256603138331002e-05
5.877359135212657e-05
8.875510261259458e-05
 0.008320763727229116
   0.5163809108379593

0.004194300430692514   0.2235840256801724   0.1606456953457794  -0.8456512487551692   0.4572302673164132
-0.01954414854165875   -0.501636868852423   0.8317908383846485 -0.09258955607207678  -0.2180129660168358
  0.4622428525770638  -0.6914732453869645  -0.2773583080556861  0.02640814816593565   0.4801783781245995
 -0.7658333846447095  -0.1426210180551477  0.07305954205608935   0.2745868529054751   0.5589479722644703
   0.446577212032506   0.4470957742939615   0.4472713203563095   0.4474436383580744   0.4476792588241827

0.4010532851628586
0.4012076818929748
0.4011930645306405
 0.401185300442146
0.4011738123620673

0.0001746487816872245
   0.4012599845786559

 0.8920915563913344   2.169969754453142   1.853831702852475 0.03182586983599092  -4.947714616773674
  1.048908492152065  0.4984764200616499  0.3519754714713398 -0.4119210672016779 -0.4875770766095083

-4.151512904261648e-09   5.22208208092658e-09 -3.133053313905623e-08 -0.0002502165689924308  -0.000802909774131844
 8.228792572322961e-10  5.756770659551472e-10 -1.594856607478165e-09 -8.545727696256363e-05     0.1189586970476467

cov:
0.05321878873613835 0.05324749037903272 0.05325695979441868 0.05326679499520215  0.0532797766789258
0.05324749037903272 0.05330316562391008  0.0533219595132392 0.05334051224567483 0.05336579304796904
0.05325695979441868  0.0533219595132392 0.05334398980951661 0.05336555685641812 0.05339509563383303
0.05326679499520215 0.05334051224567483 0.05336555685641812 0.05338995016098362 0.05342346525231359
 0.0532797766789258 0.05336579304796904 0.05339509563383303 0.05342346525231359 0.05346259995128703

cov.inverse():
 27249417.45942834 -37395884.33872833 -20738256.46040903  786797.3288320045  30097786.04647688
-37395884.34648602   151635680.955081 -83447599.92729458 -57298909.07304804  26506096.89460277
-20738256.44765024 -83447600.04060821  219397289.0129765 -72389047.60283998 -42820372.28120617
 786797.3261931437 -57298908.91562182 -72389047.82299949  261376107.7281831 -132476085.2421943
 30097786.04411483  26506096.84273105   -42820372.161601 -132476085.3075645  118692473.1501823

cov*(cov_.inverse()):
     1.000000000698492 -4.656612873077393e-10                      0  9.313225746154785e-10                      0
 4.656612873077393e-10      1.000000000465661  4.656612873077393e-10  9.313225746154785e-10  9.313225746154785e-10
 4.656612873077393e-10 -4.656612873077393e-10     0.9999999995343387  1.862645149230957e-09  9.313225746154785e-10
 6.984919309616089e-10  1.396983861923218e-09                      0                      1  9.313225746154785e-10
 4.656612873077393e-10  4.656612873077393e-10                      0                      0                      1
