5
2

4.812065180979019e-05
6.669431687362515e-05
7.521889399232533e-05
 0.004985306491137769
   0.5138228037360856

   0.1291309936654776   -0.1057866462696803   -0.4281563363260047    0.7969157058922902   -0.3920993258245495
  -0.1040332504980385   -0.4272986871659619    0.7764843817988509    0.1720362137827659   -0.4172151252133659
  -0.5633559817908317    0.7309323986028569    0.1172006486160835   0.07450895581014511   -0.3592774553478327
  -0.6743359868122988   -0.2679732545147689 -0.002798935683941831    0.3605442347734553    0.5860557417902383
     0.44766425358314     0.447384824233787    0.4472251450995974    0.4469733427456149    0.4468199140309312

0.3495327883644649
0.3497378818918566
0.3497840905366458
0.3498532751641225
0.3499061631810024

-0.00111352950071398
  0.3494389877971067

 4.011242761782975  1.413292059671673 -1.441274444825951   1.16728818557722 -5.150532833347656
 5.508066185260556 -5.903468780110315 -3.023486544099012  10.32340439425863 -5.900403046981607

 9.112592225366285e-09  9.312986145435799e-10  3.065377134641364e-09 -0.0001410984400640213   0.000999901943124067
 3.049808676999466e-08  1.707891003781908e-08  -2.76292786016539e-08 -4.622148812874148e-05     0.1188938363344783

cov:
0.05292055067250157 0.05288071057013539 0.05285739528527676 0.05282154621858211 0.05279963439254817
0.05288071057013539 0.05284500519169628 0.05282437375097993 0.05279221271580109 0.05277258806773971
0.05285739528527676 0.05282437375097993 0.05280550547804449 0.05277574565106458 0.05275761293256124
0.05282154621858211 0.05279221271580109 0.05277574565106458 0.05274928876133092 0.05273320098853736
0.05279963439254817 0.05277258806773971 0.05275761293256124 0.05273320098853736 0.05271838923806026

cov.inverse():
 65745942.28401492 -68677329.94531207 -53706537.97906356  32988352.26234068  23649547.68047402
-68677329.94306809  140311014.9192187 -39889983.80984306 -43311036.27187946  11570771.33123572
-53706538.01180043 -39889983.82509493    217140657.62636 -115775810.9628942 -7773575.935001197
  32988352.3393647 -43311036.21948285 -115775811.2037751  281899682.2556841 -155800561.3751802
  23649547.6339432  11570771.29633508 -7773575.742107423 -155800561.4866472  128355052.2888945

cov*(cov_.inverse()):
    0.9999999990686774  8.149072527885437e-10 -4.074536263942719e-10  9.313225746154785e-10 -9.313225746154785e-10
-6.984919309616089e-10      1.000000000116415 -5.238689482212067e-10  1.862645149230957e-09                      0
-6.984919309616089e-10  1.164153218269348e-10     0.9999999990686774  1.862645149230957e-09                      0
-1.396983861923218e-09  9.313225746154785e-10  9.895302355289459e-10                      1  9.313225746154785e-10
-6.984919309616089e-10                      0  3.492459654808044e-10 -9.313225746154785e-10                      1
