4
2

9.265009291994392e-05
0.0001306985717767433
   0.0105452292796864
   0.4620965270361358

 -0.5966811758953228   0.7868142429232536  -0.1534562323835889 -0.03668932007976052
 -0.2627280331995168 -0.06188631247194579   0.8235386212480342  -0.4989270529973545
 -0.5704128480588903  -0.3568642551565703   0.2192554743406869   0.7065437871303741
  0.4995745566706071   0.4997412679109837   0.5001623346746145   0.5005212946987651

0.4003327511686938
0.4004503083976435
0.4007080182451553
0.4008354307611418

-0.0007297948717831681
    0.4004209308381836

  1.011902779966535   1.377159059614383   0.306525529270041  -2.695608286168269
  3.023485611899679  -2.249299206338843  0.3819965579569563 -0.1581672136735791

 4.563677286698808e-09  2.128884390191943e-08 -0.0003231547280254276 -0.0004596788510100165
-3.113134461838865e-08 -4.469549050829258e-09 -0.0001056348484078619     0.1063999804231904

cov:
0.05332867852450647 0.05333290898982332 0.05334128361325174 0.05334867211118095
0.05333290898982332 0.05334223364781995 0.05336429624733603 0.05338326600924474
0.05334128361325174 0.05336429624733603 0.05342332713488591 0.05347352663807131
0.05334867211118095 0.05338326600924474 0.05347352663807131 0.05355018851836334

cov.inverse():
 45519388.95684874 -53738215.81661352 -2000567.831153948  10220317.53750126
-53738215.81641684   72344852.6662291 -17050096.07474885 -1557665.706212503
-2000567.831587431 -17050096.07422867  42447027.28876925 -23396272.31202083
 10220317.53773806 -1557665.706536007 -23396272.31193412  14733750.26505776

cov*(cov_.inverse()):
    0.9999999994179234 -1.600710675120354e-10  2.328306436538696e-10                      0
-4.656612873077393e-10      1.000000000043656  2.328306436538696e-10  2.328306436538696e-10
 1.164153218269348e-10 -1.600710675120354e-10                      1  1.164153218269348e-10
-2.328306436538696e-10  1.164153218269348e-10                      0      1.000000000116415
