7
2

3.098229068115732e-05
3.407621807195209e-05
4.106391668182013e-05
  5.4727530335212e-05
0.0001116165027401176
  0.01307358263568532
   0.7152313923343876

0.009005487955919827  -0.0153085375477654 0.004239181360330359   0.2350124109439923   0.1539115347821593  -0.8437824351469548   0.4569225180563831
-0.02218274415810531  0.01834979541517396  0.07657517931717001    0.449793463675111   -0.852658980100745  0.09622083366503048   0.2338963608949291
 0.02321080602837994  0.04255164999566571  -0.6481520597126513   0.6561935340771278   0.2049425137149677  0.04244236240215494  -0.3211802933520213
-0.06937292909463286   0.7171101008809962  -0.4992317320090879   -0.351139320440059  -0.1267814430648951  0.02672710376918656   0.3026904077401078
  0.7268192492369986  -0.4338418162473127  -0.3770764644444939  -0.2103580472616927 -0.08433637258279059  0.09400187161274629   0.2848313776973406
 -0.5689168798215566  -0.3908660109787011  -0.1999570876838586  0.03754630129044094   0.2024547758516737    0.352314971383729   0.5630728268473184
  0.3770183616659887   0.3773280189971251   0.3776444883040426   0.3780290960036748   0.3782966757394994   0.3785430889295163   0.3788880032711052

0.4169141964895278
0.4167796928035434
0.4165822179349639
0.4163923151138188
0.4161956153626452
0.4160194142502289
0.4157696623830593

0.002775247593903365
  0.4174525003036932

-0.5843345190361192  0.3551305142117382    2.07353060721731   1.967157704460751 -0.9512823792971066   1.983165481907604  -4.843934616948814
-0.7783998644417309   8.553763362746249   11.21695133453112  -27.14961818743227  -2.817099885559434   4.411147270222085   7.565136939531157

 -3.42942246836463e-09  1.082270764155067e-09  2.349630852757559e-09 -8.156614787192426e-09 -3.597341142718279e-08 -0.0004048221631866107  -0.002079978873600221
-6.882358974795695e-09 -7.643670643661972e-09 -4.647238208403163e-08  3.859602391759106e-08  1.468146521125728e-10 -0.0001571265061914528     0.1929728119080213

cov:
0.07276934455234321 0.07281174285319159 0.07285421606703855 0.07290530086908338  0.0729408735624779 0.07297382765442512 0.07301985779406618
0.07281174285319159 0.07285962732401917 0.07290795674084011 0.07296632821061472 0.07300696045010301 0.07304451199638846 0.07309700845277881
0.07285421606703855 0.07290795674084011 0.07296257200658959 0.07302875353677118 0.07307480974651367 0.07311729090665826 0.07317671979194616
0.07290530086908338 0.07296632821061472 0.07302875353677118 0.07310465538188311 0.07315745727524116 0.07320607057358396 0.07327412283614278
 0.0729408735624779 0.07300696045010301 0.07307480974651367 0.07315745727524116 0.07321494656055397 0.07326781668522009 0.07334185701654493
0.07297382765442512 0.07304451199638846 0.07311729090665826 0.07320607057358396 0.07326781668522009 0.07332455888605842 0.07340404058015654
0.07301985779406618 0.07309700845277881 0.07317671979194616 0.07327412283614278 0.07334185701654493 0.07340404058015654 0.07349117769275391

cov.inverse():
 44839409.21167926 -41827457.05589307 -20779626.41255047 -1494819.417975558  18569326.35999876 -4306151.951608391  5001841.910025939
-41827457.04145389  188412669.2920385 -121611538.8472326 -56828399.46888839 -38175711.77036779  19173120.21040522  50856583.43889222
 -20779626.3489667 -121611539.0898289  348829126.9781086  -156629497.923168 -110639620.3331999 -20995390.54419216  81821311.82797456
-1494819.496598563 -56828399.48856133 -156629497.9175269  531841214.1004908 -196560590.2274952 -157515463.9430659  37187622.11215921
 18569326.18103613 -38175710.54683009 -110639622.4771216 -196560590.2276537  681630472.1713094  -202556503.766176 -152262203.3384835
-4306151.744883566  19173119.12177328 -20995387.64644815 -157515464.4337654 -202556506.9515914  751699642.9139525 -385499369.9324537
 5001841.882863041  50856583.58070143  81821310.88948755   37187622.5103664 -152262201.2525909 -385499371.5926964  362892560.4941707

cov*(cov_.inverse()):
     1.000000000116415 -1.862645149230957e-09  9.313225746154785e-10 -1.862645149230957e-09                      0                      0 -3.725290298461914e-09
 1.164153218269348e-10                      1  4.656612873077393e-09  1.396983861923218e-09 -7.450580596923828e-09  3.725290298461914e-09 -3.725290298461914e-09
-2.328306436538696e-10  1.862645149230957e-09     0.9999999953433871 -5.122274160385132e-09  3.725290298461914e-09 -3.725290298461914e-09                      0
 5.238689482212067e-10 -1.862645149230957e-09                      0      1.000000006519258 -9.313225746154785e-09  3.725290298461914e-09                      0
-1.746229827404022e-10  1.396983861923218e-09  9.313225746154785e-10 -3.725290298461914e-09                      1  7.450580596923828e-09 -3.725290298461914e-09
 6.402842700481415e-10 -4.656612873077393e-10 -2.793967723846436e-09 -9.313225746154785e-10 -3.725290298461914e-09                      1  3.725290298461914e-09
-5.820766091346741e-11  4.656612873077393e-10                      0                      0 -1.862645149230957e-09                      0                      1
