4
2

6.524906833523622e-05
9.734393077164091e-05
 0.007620718085618769
    0.434283719463006

-0.0797817257199316  0.6273257536822568  -0.748220016022481  0.2006591204791255
 0.5655816436459414 -0.5673927427656473  -0.422288903386619  0.4240931052306299
-0.6517284659590343 -0.1865752230598242  0.1080745971160961  0.7271585619774099
 0.4990012898486226     0.4997174805468  0.5001587459577598  0.5011201265239018

0.3926124143763483
0.3911222266358183
0.3900588840542383
0.3877607783708956

0.01669855330863317
 0.3961302222125232

 22.35828142660072 -24.39018842327231 -6.488300082718947  8.522427204822229
 10.77978981571849 -21.60225393371032   16.5590448649244 -4.663164431224118

-4.478656217152102e-08  3.111722977600522e-07  -0.000262790242108234  -0.001096245847402405
-1.180894721629432e-07  8.891652019455106e-08 -0.0002669316098046813    0.09985564127704724

cov:
0.04698708684356361 0.04703687750414802 0.04706725517357986 0.04713430569038203
0.04703687750414802 0.04709934481588619 0.04713773604148746 0.04722163408069413
0.04706725517357986 0.04713773604148746  0.0471812142611814  0.0472757816133893
0.04713430569038203 0.04722163408069413  0.0472757816133893  0.0473927921474138

cov.inverse():
 35260074.05959297 -45619388.22270186 -11185075.57896229  21544333.90359307
-45619388.18787246  126410091.6194893 -84963389.74692266  4170629.067112743
-11185075.63037698 -84963389.66933466  150314655.9345202 -54162919.29192074
 21544333.92017718  4170629.024355769 -54162919.26574721  28446819.50778294

cov*(cov_.inverse()):
     1.000000000232831 -1.105945557355881e-09  4.656612873077393e-10                      0
                     0      1.000000000261934 -4.656612873077393e-10                      0
 1.164153218269348e-10 -6.984919309616089e-10      1.000000000465661 -4.656612873077393e-10
 3.492459654808044e-10 -2.037268131971359e-10  4.656612873077393e-10                      1
