5
2

5.846068072021085e-05
8.096293493152242e-05
0.0001039343102220618
 0.009996214833480531
   0.5162557214122895

-0.05628863183710122   0.5632980022394964  -0.7906319530823399   0.2260937612124865  0.05752978797888574
 -0.3145378568216203   0.5337457814657819   0.2203606827474155   -0.705074757296963   0.2655035470860342
  0.6251350366085204  -0.2954000894634204  -0.3473032624754742  -0.4390829182926136    0.456652611825446
 -0.5545366275677781   -0.332855956285727 -0.07601072638900465   0.2424456999921505   0.7191234199217837
  0.4467581462516253   0.4469412723732191   0.4471522085509649   0.4474119703163723   0.4478036277352332

0.3994697688675826
0.3995320747592804
0.3995627190172401
0.3996381943556049
0.3996319102650818

4.545239082224117e-05
   0.3996586366636099

   1.032095462967303    1.816060918806085 -0.02110405701946438  -0.3882852901332463   -2.438773182676062
  0.7341888458201075   0.6581176214756534   0.1850219747661264  -0.2267452389919567  -0.3506321080045086

 2.575141395085111e-09  1.745585700110602e-09 -8.934818331888044e-09 -0.0003020846126749592 -0.0006615178332139413
 3.816426003527314e-10  1.493799629980336e-09  1.509555022819147e-09 -9.466607395227038e-05     0.1189784844850766

cov:
0.05322621073108111 0.05323572376724888 0.05324660825884895 0.05325989296763212 0.05328011816571398
0.05323572376724888 0.05325017143629248 0.05326675158230805 0.05328710110906627 0.05331790058112284
0.05324660825884895 0.05326675158230805  0.0532899424787855 0.05331847706737972 0.05336153081495174
0.05325989296763212 0.05328710110906627 0.05331847706737972 0.05335717265113733 0.05341541477092746
0.05328011816571398 0.05331790058112284 0.05336153081495174 0.05341541477092746 0.05349641767961297

cov.inverse():
 52199845.09866679 -51982050.20533309 -17650327.12105098  4697640.691590408   12735094.1967735
-51982050.20117007  144382669.1259532 -102871500.3946923 -8140119.937199862  18610920.94249563
-17650327.12940153 -102871500.3421319  201477093.8466439 -61890022.81153032 -19065593.81718181
 4697640.696328367  -8140120.01375001 -61890022.71783996  108645085.6565644 -43312296.43147061
 12735094.19622299  18610920.97064828 -19065593.86666209 -43312296.40959239  31031834.77257772

cov*(cov_.inverse()):
    0.9999999993015081  8.149072527885437e-10                      0 -9.313225746154785e-10 -2.328306436538696e-10
-2.328306436538696e-10      1.000000000116415  5.820766091346741e-10                      0                      0
                     0  2.328306436538696e-10      1.000000000814907 -9.313225746154785e-10  2.328306436538696e-10
-1.164153218269348e-10  4.656612873077393e-10 -2.328306436538696e-10     0.9999999995343387                      0
-3.492459654808044e-10  1.164153218269348e-10 -1.164153218269348e-10                      0                      1
