4
2

8.819822539148629e-05
0.0001514226034859299
 0.009209355890498519
   0.4531458281195374

 -0.6194686356575958   0.7757145607115096 -0.04409016938233991  -0.1121676722612331
-0.08797966169075128  -0.1110215322440188   0.7923721276974539  -0.5933634718746856
 -0.5991669174409348  -0.3690954423362243   0.3463063893943912   0.6203542892215504
  0.4995169602822573   0.4997096097984978   0.5002742776484381   0.5004985108756475

0.4086269269014254
0.4087708428855741
0.4091289465795658
0.4092155454063837

-0.001045635950501616
   0.4086757352390164

 1.251770713159907  2.219546223913839 -2.166987367117303 -1.303842659381885
 9.051480496604919 -8.619347714719499  -3.17935186377646  3.747649243846513

 9.242092283752296e-09 -2.980642757704856e-08 -0.0002653376203681062 -0.0004620319639051037
-9.780793933365524e-08 -1.050680604023933e-07 -8.635117867442221e-05     0.1025354664163984

cov:
0.05126659620984162 0.05127465839060068 0.05129622493069214 0.05130530176027782
0.05127465839060068  0.0512872327027098  0.0513227717531705 0.05133720490918688
0.05129622493069214  0.0513227717531705 0.05140180710108305 0.05143286579666076
0.05130530176027782 0.05133720490918688 0.05143286579666076 0.05147034847215651

cov.inverse():
 49672709.19960695 -61344802.28302763  468244.7507761556  11204784.84940317
-61344802.28027233  77893427.46833685 -8234852.152703666 -8314985.650682165
 468244.7408090602 -8234852.140419132   27634057.6789589 -19867126.53728321
 11204784.85661484 -8314985.660211297 -19867126.53496558   16977299.2257566

cov*(cov_.inverse()):
                     1  5.238689482212067e-10  1.164153218269348e-10 -2.328306436538696e-10
 1.164153218269348e-10      0.999999999825377                      0 -1.164153218269348e-10
-2.328306436538696e-10  5.820766091346741e-11                      1 -3.492459654808044e-10
 4.656612873077393e-10 -2.328306436538696e-10                      0     0.9999999998835847
