4
2

6.879703336501939e-05
9.552900118417147e-05
 0.009802281181706398
    0.463985201098747

-0.3553918658925445  0.6990389188744596 -0.5755543680977272  0.2319016621757348
 0.5424794403889724 -0.3728866836157839 -0.6102924768616137  0.4406979358057019
 -0.574325818441483 -0.3500925709765972  0.2147527710854734  0.7081428481102012
 0.4995623411389252  0.4997352327261364  0.5001614832840021  0.5005403631347803

0.4020647800300312
0.4021283375155295
0.4021781181766815
0.4022308808868709

4.136194585096907e-05
   0.4022521884039249

  1.340222060517209   2.600549969330221  -2.876938455948453  -1.063820001321951
 0.9056853905668817  0.6335143857117772 -0.3087267009347687  -0.230474714205601

 1.301921914749624e-08  9.529908132879561e-09 -0.0002931856383387262  -0.000496815687599853
 1.160631797324483e-09  3.120385757203717e-09 -9.334208558823094e-05     0.1074819690425865

cov:
0.05375808459531547 0.05376429817404954 0.05377897068677005 0.05379249468484913
0.05376429817404954 0.05377536228896369 0.05380221610108492 0.05382637973224454
0.05377897068677005 0.05380221610108492 0.05385977308509353  0.0539107420975969
0.05379249468484913 0.05382637973224454  0.0539107420975969 0.05398514544445909

cov.inverse():
 58936449.39247704 -74653161.37259963   6937071.69485756  8779972.427767554
-74653161.37969162   118481343.742249 -60069515.59033915  16240581.42230478
   6937071.7100708 -60069515.60877588  110803706.0307092 -57670454.14529845
 8779972.419646399  16240581.43364945 -57670454.14852202  32649530.58297557

cov*(cov_.inverse()):
     1.000000000407454 -1.047737896442413e-09 -4.656612873077393e-10                      0
 1.164153218269348e-10     0.9999999993015081 -9.313225746154785e-10 -2.328306436538696e-10
  2.91038304567337e-10 -1.280568540096283e-09     0.9999999990686774  2.328306436538696e-10
-2.328306436538696e-10 -6.984919309616089e-10                      0                      1
