4
2

8.695826217182703e-05
0.0001460925336844482
 0.009354604534779137
   0.4612379328230617

 -0.6105628483581902   0.7825190575797816 -0.09273097190116251 -0.07923319745819962
  -0.122135807848249  -0.0629809400611909   0.7868150029712181  -0.6016962661756067
 -0.6019094892089274  -0.3656395060388382   0.3497514647138831   0.6178079243214804
  0.5000008194455656   0.5000050773113547   0.4999970308713457   0.4999970723278962

0.3990404058864889
0.3991174096586819
0.3992725879978398
 0.399279760075561

-0.0001600859791324711
    0.3992016846872711

  1.213825769684419   2.025211335475995 -0.9993015646614919  -2.239743004697707
-0.8677918523439514   2.672099540256513  0.2783287101344836  -1.082069740287187

 8.422097060596215e-09    6.0951043764155e-09 -0.0002804081505706245  3.631368800091134e-06
 2.027103019713938e-08  1.724020779314647e-08 -8.977145831976329e-05     0.1064337239733546

cov:
0.05321698907592185 0.05320499052391197 0.05316645517863989 0.05315234400271798
0.05320499052391197 0.05319789176355625 0.05317413944552728 0.05316556890342012
0.05316645517863989 0.05317413944552728 0.05319519388271561 0.05320337917408734
0.05315234400271798 0.05316556890342012 0.05320337917408734 0.05321789348346737

cov.inverse():
 50002171.54735509 -62820562.03129488  2982476.729610664  9836549.732989848
-62820562.03403378   81165583.2269357 -11919437.28188985 -6426408.869734558
 2982476.739669682 -11919437.29436666  30144667.82860702 -21207531.59454327
 9836549.725669771 -6426408.859996674 -21207531.59696119  17797422.84280501

cov*(cov_.inverse()):
     1.000000000232831                      0                      0                      0
 4.656612873077393e-10      1.000000000291038                      0  2.328306436538696e-10
 7.566995918750763e-10 -6.402842700481415e-10      1.000000000232831  2.328306436538696e-10
-5.820766091346741e-11  2.328306436538696e-10 -2.328306436538696e-10      1.000000000116415
