5
2

6.155105285083538e-05
7.880840025202698e-05
 0.000106921609259895
 0.007411069232441032
   0.5162176801861466

    0.04257800512436   0.1177225910373495   0.4134655384387419   -0.856431316692177     0.28266615176131
 -0.1172944211034565  -0.5563962817504773    0.752726345083411   0.1917226808003511  -0.2707594126089515
  0.6193252132228882  -0.6560492469417508   -0.247075974325728 -0.06390781057324811    0.347713848605878
 -0.6333183297559424  -0.2150327756049473 -0.03762106695249075   0.1600814460104344   0.7250016445328523
  0.4469600717281157   0.4471295787760971   0.4471995261326637   0.4472779179062752   0.4475007061943654

0.3986889693021505
0.3988798346551596
 0.398883275251683
0.3988860427929578
0.3988943733265962

-7.381292289548237e-05
    0.3988644329708663

   0.42282708829167   1.110213909710535   1.755772538054432   1.965310199462602  -5.254122007461199
 0.8332532189028157  0.4118099537068021  0.2989630716535168  0.2461695477736116 -0.7901464522070136

-8.689619027705897e-09  1.523934916999925e-08 -3.261416893789584e-08 -0.0002233871149767657 -0.0004281023499433882
-8.585057922365659e-10  9.894229808258289e-10 -1.354221963374998e-09 -6.376476846377824e-05      0.119056800115541

cov:
0.05325776305721881 0.05326339391666628 0.05326555592262384 0.05326801742002538 0.05327490595045402
0.05326339391666628 0.05327866189498585 0.05328489344924855 0.05329189898190811 0.05331177157629068
0.05326555592262384 0.05328489344924855 0.05329286792136203 0.05330179623065624  0.0533271770861496
0.05326801742002538 0.05329189898190811 0.05330179623065624 0.05331288139829573 0.05334439814472687
0.05327490595045402 0.05331177157629068  0.0533271770861496 0.05334439814472687 0.05339346444359906

cov.inverse():
 36252089.71031632 -23707118.00544889 -22953506.04750218 -16709908.78420671  27118815.27061446
-23707117.99933026  91152092.24372897 -40406978.63267818 -40121083.71519907  13082877.04148605
-22953506.04946405 -40406978.60343789  141692117.9286137 -68850248.57399113 -9481536.889561208
-16709908.79173201 -40121083.73994178 -68850248.53008534  199879991.1549279 -74199035.47692409
 27118815.27398296  13082877.04310716 -9481536.906188611  -74199035.4652863  43479175.32529447

cov*(cov_.inverse()):
     1.000000000465661  1.280568540096283e-09 -3.492459654808044e-10  1.862645149230957e-09                      0
 4.656612873077393e-10      1.000000000116415 -1.047737896442413e-09  4.656612873077393e-10                      0
                     0  3.492459654808044e-10     0.9999999990686774  9.313225746154785e-10  4.656612873077393e-10
                     0  4.656612873077393e-10 -6.984919309616089e-10      1.000000000465661  9.313225746154785e-10
 2.328306436538696e-10  4.656612873077393e-10 -1.746229827404022e-10                      0     0.9999999995343387
