5
2

 6.04124505903074e-05
7.035254032906821e-05
9.878436435319106e-05
  0.00773667070074374
   0.5151882101472068

0.007387529761791349  -0.2760085418742018  -0.2727979065646822   0.8634905574344832  -0.3220715271673487
 -0.1005159743809117   0.6443916134085662  -0.7397360384630428  0.03363993357549116   0.1622187896977462
  0.6663019110825756  -0.4663284417561159   -0.422070815408741  -0.1494997605019162   0.3715987030212707
 -0.5883532853662623  -0.3020880007363186 -0.01534495297926749   0.1755559177034468   0.7290596022186555
  0.4469050661882314   0.4470563248648086   0.4472053832090971   0.4473056599906741   0.4475952367740024

0.3981493357676932
0.3982305635586056
 0.398362743849397
0.3983728723986591
0.3984008339146393

-0.0002060499437599704
    0.3983065103066102

 0.3112003629774478   1.401928226932795   1.453156585118764   1.755205435188148  -4.921485543283541
 0.6715478931439194  0.7379031649846803 0.04435865431058264  0.2706730936166386  -0.724491725192129

 8.465799172397205e-09 -4.663175013698119e-09 -3.074818259312721e-08 -0.0002339665971267922 -0.0005422014913198194
 9.352424049670727e-10  1.320337516241407e-09 -2.196212736319772e-09 -6.580452032839452e-05     0.1185452136739344

cov:
0.05303128357389428 0.05303913642249556 0.05304672016808484 0.05305189325812677 0.05306675282122707
0.05303913642249556 0.05305191597603232 0.05306441337089057 0.05307286018240487 0.05309721144030714
0.05304672016808484 0.05306441337089057 0.05308184762500617 0.05309356972800404 0.05312743172966474
0.05305189325812677 0.05307286018240487 0.05309356972800404  0.0531074842409178 0.05314767556359537
0.05306675282122707 0.05309721144030714 0.05312743172966474 0.05314767556359537 0.05320623488985856

cov.inverse():
 47557267.76171131 -45483262.69599853 -14348258.16402246 -9144918.985423459  21419330.62734726
-45483262.71560035  127055399.5833757 -55508663.47150221 -53779044.39644098  27715277.72003587
-14348258.12686152  -55508663.5680132  149205056.4333883   -63104065.148963 -16243892.39758599
 -9144918.99888872 -53779044.31329357 -63104065.24031316   206816655.398838 -80788635.96004689
 21419330.62325349  27715277.71379754 -16243892.36558604 -80788635.98171471  47897905.53037903

cov*(cov_.inverse()):
                     1 -2.328306436538696e-10  3.492459654808044e-10 -9.313225746154785e-10                      0
 4.656612873077393e-10                      1  6.984919309616089e-10 -1.862645149230957e-09 -4.656612873077393e-10
 6.984919309616089e-10 -2.328306436538696e-10                      1                      0                      0
 4.656612873077393e-10 -2.328306436538696e-10  1.396983861923218e-09     0.9999999981373549                      0
 4.656612873077393e-10 -9.313225746154785e-10  8.149072527885437e-10                      0                      1
