4
2

6.040222130985946e-05
9.944186627613156e-05
 0.007058031959699958
   0.4585484559139897

  -0.559938859574868   0.8084947723002394 -0.09334879983857768  -0.1552117207876939
 -0.1392147982141576   -0.110420656544603   0.8093919978605894  -0.5597420051824715
  -0.645995996173893  -0.2902428840903179   0.2933861205707187   0.6421626160239299
  0.4997768366215933   0.4999025405080242   0.5000951705669678   0.5002253331706938

0.4009534034298975
0.4010240553265365
0.4011601594469437
 0.401195320350041

-0.000406080872846072
   0.4009852187682348

  3.383139364008877   0.312808545877741   -1.31483784840376  -2.381150875768207
  2.747671870893595 -0.7484717437946978  -2.039255403784306   1.040728610698789

-4.192504094175817e-09 -2.342754573215169e-09 -0.0002087843674882414 -0.0003085815551369916
-7.715823873611543e-09 -2.504770594756037e-08 -7.411191747257755e-05     0.1050990416763388

cov:
0.05254054826741315 0.05254230677768998 0.05254376849869258 0.05254622491923675
0.05254230677768998  0.0525503801541248 0.05256218587576145 0.05257082610081262
0.05254376849869258 0.05256218587576145 0.05259097913653595 0.05260975269591454
0.05254622491923675 0.05257082610081262 0.05260975269591454 0.05263460821528759

cov.inverse():
 87904322.46996942 -122524631.4211904  2928033.862678466  31692791.31718034
-122524631.3970472     180397807.0854  -29725846.0407383 -28148504.32207255
 2928033.798102156 -29725845.95152438  68639147.09450544 -41840026.41763502
 31692791.35761221 -28148504.38714169 -41840026.39299709  38295108.40511067

cov*(cov_.inverse()):
    0.9999999997671694 -4.656612873077393e-10  4.656612873077393e-10  2.328306436538696e-10
                     0      1.000000001164153                      0  2.328306436538696e-10
-2.328306436538696e-10  1.164153218269348e-09                      1 -2.328306436538696e-10
 2.328306436538696e-10  2.328306436538696e-10                      0      1.000000000232831
