5
2

4.825189774601105e-05
5.355993961742256e-05
6.486193438415516e-05
 0.008432218898468014
   0.5149701464305445

 -0.01814515522371759    0.1234765350604394    0.2775624317127035   -0.8372318368319028    0.4543415527201807
 -0.03705376680348596   -0.5413016821361627    0.7970104720090709   0.04313381158427213   -0.2617886343757588
   0.5702616925316607   -0.6617639858158615   -0.2961570851284071  0.001445006241359089    0.3862109811919359
  -0.6882406271600587   -0.2324008705707097 -0.005443466363196919    0.3113161038671108    0.6126722832242868
   0.4465693819159963     0.446994738941198    0.4472077298211734    0.4475070067867716    0.4477881371351776

0.4050634298485701
0.4051786792756811
0.4051777061659232
0.4051769833980571
0.4051754955706148

-1.592431308817442e-06
    0.4051809273261426

  1.217510658376529    1.45028572310994   1.393555144760221 -0.3720419828496264  -3.689334269915084
  1.268032696674192   0.645928518321979 -0.1589108793723911 -0.2379555792001341  -0.517031186514461

-1.911372270700604e-09  3.529323403155135e-09 -8.849814404422594e-09  -0.000253035311828545 -0.0008883506455158881
-5.365230268471738e-11 -1.142281046102866e-09  6.003231109462809e-10 -0.0001004541352238865     0.1182548459348782

cov:
0.05291983567807743 0.05294790004817584 0.05296201850776788 0.05298196122299254 0.05300050870969917
0.05294790004817584 0.05299079390333714 0.05301228858460795 0.05304253081681289  0.0530708762224215
0.05296201850776788 0.05301228858460795  0.0530374635084235  0.0530728314201103 0.05310605563362169
0.05298196122299254 0.05304253081681289  0.0530728314201103 0.05311536214718984 0.05315539370792127
0.05300050870969917  0.0530708762224215 0.05310605563362169 0.05315539370792127 0.05320190819720342

cov.inverse():
 77924751.85834913 -83669273.09859844 -52601506.29925483  6160665.248431469  52184896.63063453
-83669273.16973493  212784063.3124059 -89086245.60473558 -52769307.86312608  12741456.62467644
-52601506.19940782 -89086245.69022588  275373515.5120239 -87928566.57617736 -45756478.23839521
 6160665.243093862 -52769307.99485804 -87928566.38484208  301717093.5069889 -167181156.3886612
 52184896.60726156  12741456.77076232 -45756478.41537386 -167181156.3343956   148011625.867159

cov*(cov_.inverse()):
                     1 -5.820766091346741e-10  4.656612873077393e-10 -1.862645149230957e-09  9.313225746154785e-10
                     0      1.000000000232831  1.862645149230957e-09  1.862645149230957e-09                      0
                     0  1.164153218269348e-09     0.9999999986030161                      0  1.862645149230957e-09
-4.656612873077393e-10  1.513399183750153e-09  9.313225746154785e-10                      1  1.862645149230957e-09
 4.656612873077393e-10                      0  9.313225746154785e-10                      0      1.000000000931323
