5
2

5.714756736346334e-05
7.803408728674457e-05
0.0001003208306988275
 0.006192593023133522
   0.5088936391608408

-0.003377105907813349   -0.2030772225818389  -0.06422265237855036    0.8128288545874157   -0.5421558271343284
  -0.2588682097089008    0.7752175950037479    -0.562812889660683    0.1074559281935459  -0.06099020516910412
   0.5967917184077978    -0.284825465299091   -0.6846147873254861   0.07545352423677336    0.2971926274532306
  -0.6139265267701906   -0.2769731911081422    -0.102152347022086    0.3493080851680493    0.6433730106006729
   0.4471126365084696    0.4471662194191109    0.4471963697598793    0.4472729635945539     0.447319757439569

0.3786644207900274
0.3787112296599742
0.3788223574260301
0.3787991331216941
0.3787847258629553

0.0002361146437783872
    0.378878024480835

  1.023063349776001   2.503189442333725   1.462559617250861  0.5625170714255956  -5.551356745821439
 0.5975756107739465  0.8668848306976088  0.4910145176572802 -0.1025015407589199 -0.8528797536116738

 9.344251479571244e-09  7.621115525026397e-09 -2.728508595990746e-08  -0.000185831864156176 -0.0002111179276997296
 5.534973554797479e-10  1.717094476166405e-09 -4.907762075996317e-09  -4.76152099023683e-05     0.1157735017757032

cov:
0.05178562213025057  0.0517838866850206 0.05178326169481406 0.05178150526755842 0.05178000197301072
 0.0517838866850206 0.05178652040916966  0.0517881498260868 0.05179222493790638  0.0517945199248756
0.05178326169481406  0.0517881498260868 0.05179096406234281 0.05179805827119531 0.05180232492005564
0.05178150526755842 0.05179222493790638 0.05179805827119531 0.05181298105979248 0.05182233682188842
0.05178000197301072  0.0517945199248756 0.05180232492005564 0.05182233682188842 0.05183501594459107

cov.inverse():
 46406884.36574662 -49631103.89167298 -16602070.45748288 -940014.0311764692  20766082.30364826
-49631103.91909116  119381751.2423975 -48281161.98191951  -39001375.9215818  17532492.83195616
-16602070.45340689 -48281162.01671727  99852328.52784811  -31049585.5873994 -3919470.869771932
-940013.9556866931 -39001375.95065291 -31049585.67883962  204768293.3088515 -133778279.9080244
 20766082.25150031  17532492.86840678 -3919470.809052889 -133778279.9530458  99399737.00196525

cov*(cov_.inverse()):
    0.9999999997671694 -2.328306436538696e-10  2.328306436538696e-10                      0                      0
-2.328306436538696e-10     0.9999999982537702 -1.746229827404022e-10                      0                      0
                     0 -1.164153218269348e-09      1.000000001193257                      0                      0
 2.328306436538696e-10 -1.164153218269348e-09  6.111804395914078e-10     0.9999999990686774  9.313225746154785e-10
-4.656612873077393e-10 -2.328306436538696e-10  1.222360879182816e-09 -9.313225746154785e-10      1.000000000931323
