5
2

5.711349694892801e-05
7.232315190964607e-05
7.884170685070373e-05
 0.007259655355576549
   0.5155893941930725

   -0.442376351043509    0.8346802130781502   -0.3202887548015287  -0.07089401901015405 -0.001121405153135788
  -0.3420678258396054    0.1008958807202919    0.8243866904321735   -0.3991431220995799   -0.1840678584053436
  -0.2382211923450858  -0.01590075490267854    0.1254575844870754    0.7421886200057572    -0.613526100781237
  -0.6564529857958885   -0.3050511415337106   0.04512809616290294    0.2909326246909322    0.6239670995459621
   0.4467806033392056    0.4470122259983446    0.4472421576924006    0.4474070477468841    0.4476254553719258

0.3985103568906024
0.3985354817225219
0.3986048912881284
0.3986008281476874
0.3985934320430838

0.0001114999989105092
   0.3986507005861877

   2.524314562681282    1.285759842855999  0.05875232639845633  -0.9398134114568873   -2.928991323740044
   1.308299854472718   0.6408931277414603 -0.04838311640132664   -0.367160149037886  -0.5338297291080791

 2.477537273095115e-11  1.197444445165657e-09  3.015233069964644e-09 -0.0002185935852246329  -0.000725336768454998
-5.530433871977422e-12 -9.307390692155636e-10 -1.696406844384028e-09 -7.886611539567363e-05     0.1185998806269863

cov:
0.05308629570920528 0.05310164491203317 0.05311683870666009 0.05312791936743734 0.05314233897528779
0.05310164491203317 0.05312352291807147 0.05314521317638578 0.05316085529430178 0.05318145499390928
0.05311683870666009 0.05314521317638578 0.05317338738439728 0.05319357096283824 0.05322032964145271
0.05312791936743734 0.05316085529430178 0.05319357096283824 0.05321695645030828 0.05324803249278168
0.05314233897528779 0.05318145499390928 0.05322032964145271 0.05324803249278168 0.05328497824688346

cov.inverse():
 91501698.93411531 -119182000.7955246  -15284324.5978802  7270087.291791663  35694428.73965097
-119182000.8025967  215569718.1275587 -66375929.01006941 -27740078.98140035 -2271700.788870077
-15284324.65787312 -66375928.94919856  163910421.3535001 -40967014.54809419  -41282563.4281721
  7270087.41578688  -27740079.1143712 -40967014.60894251   120617375.027468 -59180873.62282573
 35694428.68272015 -2271700.723841516 -41282563.36644574 -59180873.69264942  67040744.96963881

cov*(cov_.inverse()):
    0.9999999997671694  2.008164301514626e-09 -2.328306436538696e-09 -4.656612873077393e-10  1.396983861923218e-09
                     0      1.000000001309672 -4.656612873077393e-10                      0  9.313225746154785e-10
-9.313225746154785e-10  1.353328116238117e-09                      1                      0  4.656612873077393e-10
                     0  1.004082150757313e-09 -4.656612873077393e-10     0.9999999995343387  9.313225746154785e-10
                     0  5.675246939063072e-10                      0 -4.656612873077393e-10                      1
