6
2

5.669913395832109e-05
 6.51638724931745e-05
7.548586591644644e-05
0.0001003877093088884
 0.007069888464938597
   0.5668665639683726

-0.001359718143805577   -0.1058063395410833  -0.03473996724419202   -0.1499544328756589    0.8250943841394252    -0.533225308549661
  0.01496124897211874   -0.3713028157592033   -0.1170098637173776    0.8654370467887602  -0.09027605915621022   -0.3018079240512022
  -0.1699919610794002    0.6552432882091278   -0.7085224724812467    0.1849562923942635   0.06820822345000264  -0.02989449066121207
   0.6388563756974154   -0.3917930040486294   -0.5522352484924609   -0.1296351312068264    0.1123753940375488    0.3224337251338296
  -0.6295668857656609   -0.3186978050108501    -0.107307435617065    0.1039471956329823    0.3563219950969374    0.5939629416218317
   0.4079033132278204     0.408075264919244    0.4081900011533033    0.4083053627951562    0.4084403693119052    0.4085750648367958

0.4004259257691587
0.4004825028010706
0.4005934219473949
0.4005861776617586
0.4005744963531455
0.4005686644609298

0.0001365288413493617
   0.4006279202657679

  0.7960407543261644    1.913555141225427    1.413494922094528    1.466456575651036  -0.7705413289163976   -4.819033583458677
  0.6724228554907032     1.23970289894776  -0.3210006803502927   0.1139194470110181 -0.04039015935364365  -0.6647450166187572

 4.697795365590328e-09  8.191673482095694e-09  2.733764506077325e-09 -2.874416455233793e-08  -0.000212286138827276 -0.0007514107444894595
 5.886903214992829e-10 -4.663445508335898e-10  5.490841919547595e-09 -1.133744789728798e-09 -5.904850810839392e-05     0.1309660139843737

cov:
0.05348562512277922 0.05349837380240088 0.05350676112586505 0.05351523631023586 0.05352499216583965 0.05353517073457727
0.05349837380240088 0.05351597760476291 0.05352765072115989 0.05353941305051194 0.05355309601105493 0.05356697271139269
0.05350676112586505 0.05352765072115989 0.05354157276488172 0.05355556487059431   0.053571919105797  0.0535883115687981
0.05351523631023586 0.05353941305051194 0.05355556487059431  0.0535718024243101 0.05359082263043942 0.05360972940268981
0.05352499216583965 0.05355309601105493   0.053571919105797 0.05359082263043942 0.05361303988608913 0.05363494740917126
0.05353517073457727 0.05356697271139269  0.0535883115687981 0.05360972940268981 0.05363494740917126 0.05365969010232303

cov.inverse():
 45631691.52762212 -45644321.07651789 -14266776.92762664 -10624437.96800999  4417430.782149496  20486603.00716328
 -45644321.0850197  126531618.0459565 -48630211.59685386 -44431346.75487539 -15789626.88985904  27963262.61996207
-14266776.92975976   -48630211.623979   121961193.803491 -38121699.82636774 -21068525.94279102  125911.9818492549
-10624437.95774923 -44431346.74288787  -38121699.9003764  191049157.8279043 -56116474.55844994  -41755331.0023839
 4417430.799936421 -15789626.87838357 -21068525.90529204 -56116474.67788582  215756463.0829687 -127197085.6442057
 20486602.98975073  27963262.61512255  125911.9891010081 -41755330.93470965   -127197085.69688  120375154.1801421

cov*(cov_.inverse()):
    0.9999999993015081  6.984919309616089e-10 -4.883986548520625e-10 -4.656612873077393e-10                      0 -1.862645149230957e-09
-6.984919309616089e-10      1.000000001396984 -6.384652806445956e-10                      0 -9.313225746154785e-10                      0
-4.656612873077393e-10  2.328306436538696e-10     0.9999999991177901  4.656612873077393e-10 -9.313225746154785e-10                      0
-4.656612873077393e-10  1.629814505577087e-09 -1.306943886447698e-09     0.9999999995343387  9.313225746154785e-10 -1.862645149230957e-09
-2.328306436538696e-10                      0 -1.074113242793828e-09 -1.396983861923218e-09                      1 -1.862645149230957e-09
-2.328306436538696e-10  4.656612873077393e-10  -3.04680725093931e-10 -4.656612873077393e-10                      0     0.9999999990686774
