4
2

5.672340845866104e-05
7.139909725981024e-05
 0.009160342800484087
   0.4688827368035218

  -0.5634538046834252    0.7954436743847456   -0.2229518234968598 -0.009036330477208568
  -0.2243360374902824   0.05007803914519886     0.769756185243869    -0.595517378048145
  -0.6191262763707616   -0.3396727082038261    0.3273598914109732    0.6278061856211277
   0.4988745395169076    0.4993836222566232     0.500603037519378     0.501135501107255

0.4146058195043032
0.4146308639945384
0.4146832478163974
 0.414659353367536

0.0001658981181175748
   0.4147547228319464

   1.317851959325422    1.966521662110956  -0.7919918896932971   -2.492288100474747
   1.516259448797184 0.006999466834681362   0.1161223530853971  -0.6398727391899105

  3.28448831592778e-09  3.453260999350119e-09 -0.0002775663002015683  -0.001309452813223183
-2.795667194240101e-09  6.659812575416875e-10 -0.0001094912301574583     0.1093510199954241

cov:
0.05474776621600663 0.05478908046867562 0.05488817090182915 0.05493096285677935
0.05478908046867562 0.05483701106377096 0.05495187609461191 0.05500177197721186
0.05488817090182915 0.05495187609461191 0.05510440913719687 0.05517125862578127
0.05493096285677935 0.05500177197721186 0.05517125862578127 0.05524575465098492

cov.inverse():
 108548298.2765588 -141498665.8739336  5166698.650053599  27784244.36257718
-141498665.9145353  197143435.6085262 -47558000.99645344 -8086513.807820381
 5166698.780792048 -47558001.16494974  131680894.4621953 -89292618.38607812
  27784244.2724373 -8086513.679921507  -89292618.4238368  69597102.25891291

cov*(cov_.inverse()):
    0.9999999988358468  5.238689482212067e-10 -9.313225746154785e-10                      0
-1.396983861923218e-09      1.000000000349246  9.313225746154785e-10                      0
-1.396983861923218e-09 -2.328306436538696e-10      1.000000000931323 -4.656612873077393e-10
-4.656612873077393e-10   2.91038304567337e-10                      0                      1
