4
2

8.328711840107226e-05
0.0002324643479158943
 0.006993475117337366
   0.3640125077600928

-0.4512159886548754  0.8024478251641762 -0.3886712710357165 0.03763326378309827
-0.4126638214414122  0.1545582139595306  0.7504780192232247 -0.4925475323598686
-0.6146898573394637 -0.2882155477436557  0.1872974225713001  0.7099351046546173
  0.498266074843114  0.4991202705017588  0.5006366559016771  0.5019689362921511

0.3544821486116722
0.3532888838374275
0.3515874426025298
0.3498127329975776

0.01609066785803093
 0.3566284618443913

 9.821160849444084  24.52192628567421 -65.03379502709907  30.70893124528051
-85.78753502303429  99.39602135812886  22.79487391393863  -35.2666747780767

 2.891134125509789e-07 -3.469066793606379e-06 -0.0001703921315921983   -0.00138207639457699
 7.511239403871414e-07  4.606420036072652e-06  0.0001622604429385291    0.07615398947904461

cov:
0.03291541134409669 0.03296197614063362 0.03304778691912106 0.03312006177380324
0.03296197614063362  0.0330138788650095 0.03310746190516069 0.03318819834158111
0.03304778691912106 0.03310746190516069 0.03321243753429652 0.03330555294978178
0.03312006177380324 0.03318819834158111 0.03330555294978178 0.03341234773302277

cov.inverse():
  32509307.5784303  -53373639.1773438  19548753.07217831   1304386.56418538
-53373639.18075711  93271524.82013984 -42816456.83492736  2940533.614387968
  19548753.0787005   -42816456.843587   32200570.8197462 -8946173.624115044
 1304386.561074455  2940533.619636483 -8946173.626251467  4703826.387316039

cov*(cov_.inverse()):
     1.000000000014552  -2.91038304567337e-11  5.820766091346741e-11                      0
-1.600710675120354e-10     0.9999999999708962   2.91038304567337e-10  -2.91038304567337e-11
 2.764863893389702e-10 -8.731149137020111e-11      0.999999999825377   2.91038304567337e-11
-8.003553375601768e-11 -4.365574568510056e-11  5.820766091346741e-11                      1
