6
2

4.545312272962135e-05
5.342279189102014e-05
6.465566079644061e-05
0.0001035970374530986
 0.009936897102278524
   0.5647261724881834

 -0.01699192105304849  0.005078515049757691   0.05523464138174317    0.3790437087610724   -0.8291481340337863    0.4067847789337604
-0.003418432433756438   0.08039927851075765    0.5138940535176607   -0.7709132678185195    -0.153829026532898     0.333866045280357
 -0.01992002663325775   -0.6631515763608469    0.6561074733737358    0.2518576347837796   0.03009201850336615   -0.2549869896988882
   0.6011718103875531   -0.5736382653421648   -0.3566042502923262    -0.147586167607569   0.08506163785896387    0.3915965327983567
  -0.6867852588567004   -0.2411824973875487  -0.09279643022466767    0.1003649553229008    0.3373765255364164    0.5810764058784412
   0.4077023964732619    0.4080567300745094    0.4081755146315827    0.4083277250262168    0.4085169159635264    0.4087096873731582

0.3978746906669806
0.3980800733583069
0.3980873766012236
0.3980960488646114
0.3981073717192177
0.3981190884611451

-0.0001508978701647484
     0.398039112862235

    0.3057749769871891      1.208191341614507        1.7574329856897      1.484666524335573    -0.9828401997656169     -3.773226361607378
    0.8127903085631087     0.2215408576052176     0.5168385156428331 -0.0004469426690340006     0.4283390320206847    -0.9790771235642644

-1.223190649330528e-10 -3.578581513341824e-09  6.906917365611932e-09  -3.12982062491765e-08 -0.0003001351025200174 -0.0007697339203248441
-1.524156590337475e-09 -3.190581510262102e-10  1.832770186158758e-09 -1.820919913294704e-09 -0.0001070418628767781     0.1299203542749782

cov:
0.05305713396352273 0.05307297951071143 0.05307836275435843  0.0530850557980382 0.05309358364502448 0.05310212386765782
0.05307297951071143 0.05310848803796021 0.05312040746526262 0.05313561490612211 0.05315459031949748 0.05317387211572376
0.05307836275435843 0.05312040746526262 0.05313451385675516 0.05315255395140735 0.05317500916482368 0.05319786880946895
 0.0530850557980382 0.05313561490612211 0.05315255395140735 0.05317429170613211 0.05320127448069648  0.0532287918095545
0.05309358364502448 0.05315459031949748 0.05317500916482368 0.05320127448069648 0.05323382033598428 0.05326705140248205
0.05310212386765782 0.05317387211572376 0.05319786880946895  0.0532287918095545 0.05326705140248205 0.05330616374950162

cov.inverse():
 33918153.28006965 -29108689.92948853 -24170785.19078591  -11661976.0396344   11622651.7828561  19400730.99498812
-29108689.95282283  138137864.8735529 -70408660.68729891 -52850825.78939724 -15692638.10794997  29923086.63979668
-24170785.15351281 -70408660.62003073  208834350.0114886 -84244970.95031247 -47969847.77219462  17959445.72738516
-11661976.05720763 -52850825.95821435 -84244970.65638942  294983159.7331369 -109927206.1040061 -36297629.91572113
 11622651.79318121 -15692638.08234351 -47969847.93115292  -109927205.952213  341947617.9430575 -179981146.5475063
 19400730.98829729  29923086.69240472   17959445.6969621 -36297629.95998114 -179981146.5187404  148995796.5743624

cov*(cov_.inverse()):
    0.9999999998835847 -4.656612873077393e-10 -3.026798367500305e-09  1.396983861923218e-09  1.862645149230957e-09 -2.793967723846436e-09
-2.328306436538696e-10     0.9999999986030161  -2.91038304567337e-09  2.328306436538696e-10 -1.862645149230957e-09 -2.793967723846436e-09
-3.492459654808044e-10 -1.164153218269348e-09     0.9999999993015081 -9.313225746154785e-10                      0 -9.313225746154785e-10
 2.328306436538696e-10 -1.862645149230957e-09 -1.979060471057892e-09     0.9999999997671694 -1.862645149230957e-09 -2.793967723846436e-09
 1.164153218269348e-10 -6.984919309616089e-10  -2.91038304567337e-09 -1.164153218269348e-09     0.9999999981373549 -1.862645149230957e-09
-1.164153218269348e-10 -9.313225746154785e-10  1.164153218269348e-10 -9.313225746154785e-10                      0                      1
