5
2

3.149694100533352e-05
4.854596917628787e-05
7.880550040618124e-05
 0.009481911509474094
   0.5168259054434986

  0.08805806844945528     0.288330972679693   -0.8193016746893829    0.4858140030463004  -0.04290159752077714
  -0.5161519811990714    0.7693744511277241 -0.003836058486125424   -0.3597870731415679    0.1104021417894686
   0.3902731671034742  -0.09369077515417137   -0.3584122993414166   -0.5642877903916143    0.6261220384124671
  -0.6116381261149632   -0.3412839593119522  -0.01691099290338043    0.3402823444256997    0.6271730273139188
   0.4465630600562756    0.4468506483299131    0.4471964808742169     0.447577068370859    0.4478794557049642

0.3978220260974605
0.3978521836798568
0.3978699429318461
0.3978779361393732
0.3979165898607396

4.814943328962573e-05
   0.3979481412536563

 1.047928222636726  1.760306190903048  2.237499336807611 -4.447578336083012 -0.598163654712829
 1.113795533035143 0.6959198411444443 0.2640476306799753 -1.186478967805936 0.1126133233337933

-3.341637135273697e-09  5.512356382033971e-09  9.795499910219538e-09 -0.0002848368365272657 -0.0009021498176253604
-4.948779852595117e-10  9.399384563783792e-10  6.302657890312292e-09 -0.0001129516256745203     0.1190851489501908

cov:
0.05330013297099556 0.05331956720881839 0.05334298129231247 0.05336873602469493 0.05338903114734263
0.05331956720881839 0.05334560032786995 0.05337692362610061 0.05341138956246583 0.05343867900281755
0.05334298129231247 0.05337692362610061 0.05341774171329047 0.05346265929064831  0.0534983411060377
0.05336873602469493 0.05341138956246583 0.05346265929064831 0.05351908873596227 0.05356401191370461
0.05338903114734263 0.05343867900281755  0.0534983411060377 0.05356401191370461 0.05361636899432276

cov.inverse():
 145390677.0541858 -148795851.7811069 -94407119.96216337  86456895.76412804   11355347.2151286
-148795851.4225023  336385905.4596831 -233966504.5470985  32251975.31620432  14124839.39204708
-94407120.78303537 -233966503.5018342  697320616.0196143 -368062933.6886148 -884118.4478968651
  86456896.3965307  32251974.51799316 -368062933.7047859  344105943.7474369 -94752618.23988248
 11355347.04499243  14124839.50359934 -884118.2073326042 -94752618.42186268  70157054.06239739

cov*(cov_.inverse()):
     1.000000001629815  6.984919309616089e-10 -1.651642378419638e-09 -2.793967723846436e-09  4.656612873077393e-10
  3.14321368932724e-09      1.000000000465661   2.37923813983798e-09  9.313225746154785e-10 -9.313225746154785e-10
 1.979060471057892e-09  1.746229827404022e-09      0.999999995539838                      0 -4.656612873077393e-10
 3.259629011154175e-09 -3.492459654808044e-10  1.120497472584248e-09     0.9999999972060323  4.656612873077393e-10
 1.164153218269348e-09  1.164153218269348e-10  6.912159733474255e-10 -1.862645149230957e-09                      1
