5
2

5.025788140666047e-05
5.623657545402079e-05
6.321028010501085e-05
 0.005792455824223564
   0.5671384817876052

 -0.2729595871950893   0.8201402416661134    -0.40109862156698  -0.2746754738297876   0.1285936530766009
 -0.1745823152555383   0.1490375659413972  -0.2771800390817626   0.7934930704369344  -0.4907634789198133
  0.5086583146581866  -0.2160045200317901  -0.7490412682083734   0.1069543243865497     0.34943771586756
 -0.6607606679818997  -0.2421120565709099 -0.03526427706124331   0.2886921948760543   0.6482209030046102
  0.4468513595542807   0.4470811865052619   0.4471965239084944   0.4473697803356981   0.4475687922365529

0.4226654825725575
0.4227267097416033
0.4228258104878412
0.4228481403213726
0.4228708207217255

-0.0003357387599701196
    0.4227099598447394

  2.370264616270154   2.026978570584864  0.6509644868177782 -0.3965324916648295  -4.651796595332392
  4.279360413088169  -4.019378822787943 0.02878843845855489  0.9573109545507082 -0.2457710689606059

 6.694664515001423e-10  5.300885045186789e-09  -5.54463029573098e-09 -0.0001748006033987637 -0.0009349064856998525
-1.204996394247953e-08 -1.498681700301051e-09  1.214595819503286e-08 -5.832955244406803e-05     0.1435815090113446

cov:
0.06423969293563518 0.06426344156935385 0.06427543291811832 0.06429315359515379 0.06431378727315455
0.06426344156935385 0.06429309328243109 0.06430799642668068 0.06433027940557261 0.06435597709337247
0.06427543291811832 0.06430799642668068 0.06432434490587538 0.06434887900112153 0.06437707926860095
0.06429315359515379 0.06433027940557261 0.06434887900112153 0.06437695061043348 0.06440906649811493
0.06431378727315455 0.06435597709337247 0.06437707926860095 0.06440906649811493 0.06444553801839704

cov.inverse():
 103903720.2996476 -124350799.2571036  -36710778.8019831 -509738.3594796705    57667916.622414
-124350799.2635681  285000747.9392573 -102803788.8097905 -57576858.96803714 -269240.6034185863
-36710778.64196147 -102803788.8504126  228408945.9717863 -45978501.05332385 -42917183.79768226
-509738.6477129168 -57576858.91434715  -45978500.5712774  231824808.5031547 -127758413.5019488
 57667916.75708819 -269240.6229507282 -42917184.16032706 -127758413.2544431  113276565.5886293

cov*(cov_.inverse()):
    0.9999999981373549 -5.675246939063072e-10  1.396983861923218e-09  1.862645149230957e-09 -1.862645149230957e-09
-4.656612873077393e-10     0.9999999987812771  9.313225746154785e-10  1.862645149230957e-09 -1.862645149230957e-09
                     0  1.964508555829525e-10     0.9999999995343387 -9.313225746154785e-10                      0
-1.862645149230957e-09  1.109583536162972e-09                      0                      1 -9.313225746154785e-10
-9.313225746154785e-10  1.309672370553017e-10  4.656612873077393e-10 -9.313225746154785e-10                      1
