5
2

8.565157112487454e-05
0.0001054872282238816
0.0001149128271906631
 0.009603394271142452
   0.5155203373524061

 -0.5286997496891042   0.7960641208928163  -0.2275438072016135  -0.1506564208159389   0.1108374881389488
 -0.2174760075821723  0.07896244247326738 -0.01742425738122911   0.7613452912702227  -0.6054080124347113
 -0.2809538297965277  0.04186534245930887   0.8544012645452267  -0.3087884922281397  -0.3065295823153412
 -0.6282434241038586  -0.3982158571899456    0.133499865798286   0.3194995668568467   0.5716923506247595
  0.4467168078298832   0.4468985033416923   0.4473214459806997   0.4474658469351039   0.4476646748467208

0.3985598264474502
0.3986198872119517
0.3987205125280805
0.3987180833209357
0.3987120320284475

7.912399382914126e-05
   0.3987537277052671

   1.01027250920651   2.291119723263408 -0.2028834663176117 -0.8214408750825622  -2.277056670451987
 0.6663085818501819   1.052284784844564 -0.3479992201861329 -0.2486610997077716 -0.1221410590884366

   8.8568694420348e-09  7.988312638370606e-09  7.795829592265502e-09 -0.0002894365644688529 -0.0006577618656803065
 4.317485467935484e-09 -1.904184064835179e-09 -4.308185173906492e-09 -9.530297051055868e-05     0.1186099324241971

cov:
0.05307062474574417 0.05307886081824242 0.05309826622201661 0.05310463483900417  0.0531136299586157
0.05307886081824242 0.05309200077501626 0.05312269979426985 0.05313301960150213 0.05314737246661184
0.05309826622201661 0.05312269979426985 0.05317953691297774 0.05319898003308601 0.05322572169686467
0.05310463483900417 0.05313301960150213 0.05319898003308601 0.05322164396535119 0.05325270760691962
 0.0531136299586157 0.05314737246661184 0.05322572169686467 0.05325270760691962   0.053289668675081

cov.inverse():
 48334276.31448391 -59801481.83281105 -1440469.820450464  2545466.223301212   10362230.6824408
-59801481.82765075  87077211.52711852 -22106616.06133797 -11925789.10706002  6756843.226417932
-1440469.823494978  -22106616.0548261  62367497.72250549 -16498411.84277395 -22322391.29699264
 2545466.208741767 -11925789.09381386 -16498411.83222301  62406898.84669167 -36528113.31104507
 10362230.69488446  6756843.211820176 -22322391.30407623 -36528113.30180734  41731600.70221554

cov*(cov_.inverse()):
                     1 -1.164153218269348e-10  4.656612873077393e-10  4.656612873077393e-10 -4.656612873077393e-10
-1.164153218269348e-10      1.000000000407454                      0  4.656612873077393e-10                      0
 3.492459654808044e-10  1.164153218269348e-10      1.000000000698492  4.656612873077393e-10 -4.656612873077393e-10
-4.656612873077393e-10  2.328306436538696e-10  4.656612873077393e-10      1.000000000465661 -4.656612873077393e-10
-1.164153218269348e-10  3.492459654808044e-10  2.328306436538696e-10  2.328306436538696e-10                      1
