4
2

5.533001222658356e-05
8.222243445577531e-05
 0.008558826393267247
   0.4387064559447327

0.03675003218015963  0.5098832298096195 -0.8161215065437247  0.2694702463176012
 0.4743149756124505 -0.6949365697580708 -0.2555786506232806  0.4762016602955407
-0.7240447521907276  -0.084517156670374  0.1361092976323214  0.6708877001044661
 0.4994336150777058  0.4999391024916456  0.5000994891023387  0.5005271810100249

0.3887344443866139
0.3888407467008951
0.3888205196651053
0.3887621083057973

0.0003439434474548817
   0.3889641177856126

0.3487033338363432   3.32932200508493 0.6827148775109184  -4.36135247333014
 2.374583444832853  7.172505385530476 -12.76616705868851  4.219914213112876

-6.751237373819924e-11 -2.974391314140566e-08 -0.0002466383783051505 -0.0005653949169008809
 4.684046787890967e-08  9.560429449826815e-09 -9.024905107180848e-05    0.09615292904611243

cov:
0.04804529602409902 0.04805996133896408 0.04806367762114658 0.04807642696259855
0.04805996133896408 0.04810464611851498 0.04811870843952495 0.04815654828447808
0.04806367762114658 0.04811870843952495 0.04813634808948433 0.04818284181115523
0.04807642696259855 0.04815654828447808 0.04818284181115523 0.04825032758665839

cov.inverse():
 33725993.31567555 -42634748.46858469 -27729554.52028208  36638213.58749039
-42634748.42766007  156356814.5900201 -109654864.3708607 -4070337.935068537
-27729554.57809136 -109654864.2641161  227226826.2112728 -89837660.56016175
 36638213.60437373 -4070338.000886766 -89837660.51122551  57268291.25080983

cov*(cov_.inverse()):
                     1 -1.164153218269348e-09  1.862645149230957e-09                      0
                     0      1.000000000232831                      0  1.396983861923218e-09
-2.328306436538696e-10 -4.074536263942719e-10      1.000000002793968                      0
-2.328306436538696e-10 -5.820766091346741e-11                      0     0.9999999995343387
