5
2

 5.58007220344049e-05
6.251475937897204e-05
8.029890583806926e-05
 0.005499794574146104
   0.5164577979991372

 0.03962118434498586  0.03330879402816787   0.3504844041455372  -0.8381423666301085   0.4147273100507345
 -0.1308721132869647  -0.4835372859782188    0.790155952675905   0.1458721326265914  -0.3216194558891375
  0.6743302261394587  -0.6741812551551808  -0.2200356296488757  0.01463508650576501   0.2052523257848327
 -0.5716391849151139  -0.3326743201594196 -0.06648471264774855   0.2755597260476428   0.6944084240133808
  0.4470011634204049    0.447090202546489   0.4471893978738199   0.4473157115574721   0.4474713480333987

0.3990397018734053
0.3990425854197632
 0.399044708488437
0.3990471079978092
 0.399051186955754

-6.140257715135959e-05
    0.3990274320462632

   1.627195911249467    2.104116657507818    1.866243566896328  -0.3867678823050905    -5.21079769666786
   1.002496127383004   0.8301064762261892   0.5972856437901511 -0.08610288990729836   -1.343749914687798

-3.263949133468914e-09  7.283615795682625e-09 -1.165213827078188e-08 -0.0001657343463140004 -0.0005433996632954792
-6.489431947216732e-10  1.402922880806354e-09 -1.883570051475506e-09 -5.583035025805113e-05     0.1191062025704641

cov:
0.05330495077258895 0.05331142915537017 0.05331865475059382 0.05332780186443373 0.05333911708937866
0.05331142915537017 0.05331964913758965 0.05332879543575745 0.05334041676786737 0.05335476215136547
0.05331865475059382 0.05332879543575745 0.05334009560298215 0.05335447060004758  0.0533721919863586
0.05332780186443373 0.05334041676786737 0.05335447060004758 0.05337239504549779 0.05339445194255746
0.05333911708937866 0.05335476215136547  0.0533721919863586 0.05339445194255746 0.05342182776554662

cov.inverse():
 75419768.23605961 -53884084.88051943 -45010810.25456007 -14024654.15086156  37499896.50253456
-53884084.82127543  130677714.1741281 -71007200.59392405 -28547547.88799231  22761141.24967373
-45010810.28512846 -71007200.61166668  206717082.0817371 -65349341.36642031 -25349981.48783964
 -14024654.2406083 -28547547.67668941 -65349341.50230207  231089254.8251997 -123167560.8005631
 37499896.56360561  22761141.11535759 -25349981.40026894 -123167560.8148888  88256486.79601699

cov*(cov_.inverse()):
                     1 -2.328306436538696e-10  2.793967723846436e-09  9.313225746154785e-10  9.313225746154785e-10
 2.328306436538696e-10      1.000000000232831  3.026798367500305e-09 -9.313225746154785e-10  9.313225746154785e-10
                     0  4.656612873077393e-10     0.9999999995343387                      0  9.313225746154785e-10
-2.328306436538696e-10  9.313225746154785e-10  9.313225746154785e-10      1.000000000931323  9.313225746154785e-10
 2.328306436538696e-10                      0  9.313225746154785e-10                      0      1.000000000931323
