6
2

4.940349842880627e-05
5.319315293068013e-05
6.142887542387359e-05
9.821789572864082e-05
 0.008043539013014902
   0.6206390388251609

-0.004450988953445503    0.1939233417785865    -0.720827805484496    0.3088342540808439    0.5129104807488466   -0.2903884351958307
  0.00910411036933566    0.2576204352387202   -0.4155043417621078    0.3713322243749632   -0.6582021320716359    0.4356458435193976
 -0.07299902195778273    0.5693081586380641   -0.1886993939531387   -0.7291030638582542    0.1255112009693663    0.2959857475061864
   0.6537517401542998   -0.5320263040859907   -0.3212721282397116   -0.2412052919970858   0.09583765695815664    0.3449290423312074
  -0.6331002175879168   -0.3497997639251844  -0.04790479900980868    0.1012173949789394    0.3345591919289563    0.5935946057111439
   0.4078740288376841    0.4080463286043154    0.4082221275079503    0.4083106060168596       0.4084421882105    0.4085940440450656

0.4219450553294994
0.4220451605980414
0.4221058246862875
0.4222044018462704
0.4222266069515221
 0.422247355402704

-0.0003328356194416271
    0.4220901556502856

 0.6782096746063389   1.471224207155335   1.762094311828799  0.8048779633151156 0.03266237350575332  -4.749153452605762
 0.9627262379879449   3.394225844612292  -4.852288454759106 0.01869683241113188   1.695372313379574 -0.2184389251613659

 1.602434154517309e-09 -6.051012817076172e-09 -5.784242657638984e-09  -2.63799440170765e-08 -0.0002429492870289919 -0.0008540792522805548
 1.242411819173477e-08  4.796635125551198e-09  1.098923564120657e-08  4.486670720463607e-09 -7.278085424899293e-05     0.1570445581122973

cov:
0.06410708453809723 0.06412254275881125 0.06413779826767009 0.06414559166046321 0.06415670858857339 0.06416995798362239
0.06412254275881125 0.06414322045444398 0.06416401593563763 0.06417454730536204 0.06418994750703395 0.06420795281582686
0.06413779826767009 0.06416401593563763 0.06419072590227957 0.06420417385266081 0.06422414037930115 0.06424721522063247
0.06414559166046321 0.06417454730536204 0.06420417385266081 0.06421906905050069 0.06424128807817174  0.0642668675260816
0.06415670858857339 0.06418994750703395 0.06422414037930115 0.06424128807817174 0.06426704345819041 0.06429653899958705
0.06416995798362239 0.06420795281582686 0.06424721522063247  0.0642668675260816 0.06429653899958705 0.06433039032064063

cov.inverse():
 45759937.81978952 -46589598.21973404 -18143803.31548639 -1611072.478049246  1010354.009311367  19575111.89944403
-46589598.18051089   154098658.406214 -105853573.5413295 -38350515.17153503 -5526566.787359088  42221057.14728543
-18143803.40111055 -105853573.3871896  294037441.6118957  -101245975.144072 -64294398.16770177 -4500042.577067739
-1611072.554429802 -38350515.01834997  -101245975.275635  234716048.5214486 -48125010.02806486 -45384943.52750349
  1010354.22366614 -5526567.274543776 -64294397.76163888 -48125010.15769548  266027082.9067391 -149090123.9300756
 19575111.80787222  42221057.36636467  -4500042.78304794 -45384943.45263055 -149090123.9264777  137179045.9810764

cov*(cov_.inverse()):
    0.9999999995343387 -2.793967723846436e-09   3.37604433298111e-09                      0 -3.725290298461914e-09                      0
                     0     0.9999999990686774 -1.047737896442413e-09 -1.396983861923218e-09                      0 -1.862645149230957e-09
 2.328306436538696e-10                      0      1.000000000814907 -2.793967723846436e-09 -1.862645149230957e-09  1.862645149230957e-09
-2.328306436538696e-10                      0 -1.047737896442413e-09                      1 -1.862645149230957e-09  1.862645149230957e-09
 6.984919309616089e-10 -2.328306436538696e-09  1.862645149230957e-09 -4.656612873077393e-10     0.9999999944120646  1.862645149230957e-09
-2.328306436538696e-10 -4.656612873077393e-10   2.91038304567337e-10                      0                      0                      1
