5
2

5.102257971258734e-05
5.879447572710634e-05
9.684303148262877e-05
  0.01172651127783239
   0.5227261822330849

0.008039688686109367   0.1244552356713078  -0.4017058813410627   0.7618378119516855  -0.4926274361995053
-0.03516292020356634   0.6214602896485169  -0.6688184929247544  -0.2431937410757262   0.3257135325039349
  0.7102788623421551  -0.5225128341665872  -0.4151968092155418 0.003646209573779992   0.2237913997769175
 -0.5429106418031298    -0.35444853227002  -0.1380730392042619   0.4000531564204634   0.6328566827264015
  0.4465992668774056   0.4468160458251358   0.4470588930778492   0.4476651983078749   0.4479271507307111

 0.401655634472796
0.4017121008037561
0.4017343032294752
0.4017871269199155
0.4017749439402018

0.0001386521388745958
   0.4018577657008926

  0.2256652114228613   0.8712776668241818    1.872996369767542 -0.03061571948163559   -2.939327123999128
  0.4864583304892203   0.7529244743094435   0.3206866083066262  -0.2344558615485265  -0.3257073196915269

 2.037149297343915e-09 -5.769722785563488e-09  -1.62299803937003e-08 -0.0003523542547293707 -0.0007890079017411566
-1.285259049080157e-10  6.473087097780546e-10 -2.389520221433461e-09 -0.0001203463049395147     0.1219169378687703

cov:
0.05453903258009162 0.05455140795059651 0.05456488967808849 0.05459870538278391  0.0546132925691408
0.05455140795059651 0.05456869605413272 0.05458779534363595 0.05463558931496842 0.05465622363252095
0.05456488967808849 0.05458779534363595 0.05461335537302409 0.05467719792609308 0.05470477587016132
0.05459870538278391 0.05463558931496842 0.05467719792609308  0.0547809671482908 0.05482581345841699
 0.0546132925691408 0.05465622363252095 0.05470477587016132 0.05482581345841699 0.05487813694185301

cov.inverse():
 54177067.90028119 -45507923.92409278 -25881324.83021813   5101118.79533215  12111604.56363101
  -45507923.983694  146787569.5449525 -116311703.3789327 -7504523.804919385  22535944.08948177
-25881324.73677505 -116311703.4546148  209769684.2560013 -70665082.82404673  3088478.068353876
 5101118.738665578 -7504523.855301302 -70665082.67310536  240058138.3049297 -166989727.9152529
 12111604.58645599  22535944.15594492  3088477.935172515 -166989727.8713596  129253840.6637228

cov*(cov_.inverse()):
     1.000000000349246                      0 -1.251464709639549e-09  3.725290298461914e-09 -9.313225746154785e-10
 1.164153218269348e-10                      1  6.693881005048752e-10                      0                      0
-2.328306436538696e-10  2.328306436538696e-10      1.000000000320142  1.862645149230957e-09 -9.313225746154785e-10
 3.492459654808044e-10 -1.396983861923218e-09  6.402842700481415e-10      1.000000001862645 -9.313225746154785e-10
                     0  4.656612873077393e-10 -8.731149137020111e-11  1.862645149230957e-09                      1
