5
2

8.106998683020283e-05
8.598803290180711e-05
0.0001073030905786867
  0.01179230265848851
   0.5158596925332147

 0.2820141758918841  -0.587147718086636  0.2050748489119406  0.5641635120835835 -0.4641006353356334
-0.3659515650492975   0.519370626357978 -0.3799540787636924  0.5749545698772084 -0.3484189218780172
 0.4917375299239507 -0.1606424282481047  -0.783053921208002  0.1335670285850798  0.3183938084614221
-0.5876270076391849 -0.4001101593484237 0.01965431086184086  0.3646335907410652  0.6010510900472771
 0.4465827562628234  0.4467858326479361  0.4472353618844298  0.4476035830833579   0.447859157598494

0.3969545317158234
0.3970070795056732
0.3970918707311766
0.3970690210379075
0.3970538479122473

0.0001815746074971913
   0.3971617919190703

  0.435199368559444   1.788524419243308  0.6028920539060519 -0.4355192877044432  -2.391092858344576
 0.4695250279400977   1.052974455195868 -0.1133446262441777 -0.1191011567613993 -0.2902017498048207

  3.95957233445241e-10  8.305408195374265e-09 -1.571523599600756e-08 -0.0003553590455309229  -0.000728685881120959
-2.902298437511893e-09  3.332895890915012e-09  4.856496843988668e-10 -0.0001275573592629301     0.1187293829208339

cov:
0.05312022177124624 0.05312902496703103 0.05314814687407651 0.05316372000449959  0.0531747755622625
0.05312902496703103 0.05314274444851592 0.05317283060278783 0.05319741655501226 0.05321464913923402
0.05314814687407651 0.05317283060278783 0.05322748749518596 0.05327224350027256 0.05330330622850775
0.05316372000449959 0.05319741655501226 0.05327224350027256 0.05333360228838899 0.05337602454767267
 0.0531747755622625 0.05321464913923402 0.05330330622850775 0.05337602454767267 0.05342625025935305

cov.inverse():
 51216804.60110032 -57758512.31968154 -5837887.157613593  1454183.024949454  10925660.20328684
-57758512.32460555  91177949.04497229 -34084509.17039524 -11878385.61051551  12543111.12320953
 -5837887.13877484 -34084509.18903279  79178489.16765301 -21025613.51925021 -18230514.97743009
 1454182.999472453 -11878385.58944752 -21025613.50344454  94686237.73622045  -63235992.6301939
 10925660.21484897  12543111.11585523 -18230514.99303459 -63235992.61879712  57997460.34419172

cov*(cov_.inverse()):
                     1  4.656612873077393e-10 -9.313225746154785e-10 -4.656612873077393e-10                      0
-1.164153218269348e-10      1.000000000465661  1.164153218269348e-10 -9.313225746154785e-10                      0
-3.492459654808044e-10  3.492459654808044e-10     0.9999999991850927 -4.656612873077393e-10                      0
                     0  2.328306436538696e-10                      0     0.9999999990686774                      0
 3.492459654808044e-10  3.492459654808044e-10  1.164153218269348e-10 -4.656612873077393e-10                      1
