6
2

6.175611433028394e-05
8.015535858404988e-05
0.0001043370271221847
0.0001238852097945833
 0.005892853822835119
   0.5638117784948343

-0.04402133738689817 -0.04168942514741154 -0.07876748193246831  -0.1853864289099584   0.8437171057511383  -0.4938553582927909
  0.1201524964189724   0.1077474859617367   0.2953771394058782  -0.8831873016155574  0.03518383705619384   0.3247283330179982
 -0.3368637683540593  -0.2805826676399694   0.8503933288754719   0.1060166982714146 -0.08021214553413401  -0.2587543734719725
  0.5774729772546708  -0.8035410954273795 0.003882856910881867  0.02982289390027991  0.06934692869455489   0.1230170329761183
 -0.6084233812126754   -0.309302610013435  -0.1293576645384092  0.08241768683414821   0.3300000522130067   0.6338191932200401
  0.4080370703301633   0.4081414474395926   0.4082042792008554   0.4082774079287171   0.4083632253298302   0.4084661662042871

0.3998116266555239
0.3999975344005062
0.3999981422472934
0.3999991770962653
0.4000012674180471
0.4000003458482053

-3.455865570691356e-05
    0.3999906256778462

 0.945035746508276  1.144662148580937  1.979203029329412  2.259455519699068 0.4017214944509747 -6.730141727790682
0.8873568779095172 0.3325583491303162  0.335956751998818 0.3954117145938439  0.062829619826545  -1.01410910180824

 1.143597853231524e-08 -2.149355331458397e-08  3.257537776500931e-08 -1.686765695969817e-08 -0.0001782110274514566 -0.0005688313029100027
   1.5298763511968e-09 -2.792494833875904e-09  2.098346303407139e-09  2.116448890920742e-09  -4.42977869731249e-05     0.1296361763026297

cov:
0.05293867324113783 0.05294587956016648 0.05295023065670662 0.05295524375282193 0.05296114564879017 0.05296808044376428
0.05294587956016648 0.05295622567181885  0.0529624315388796 0.05296964589846388 0.05297812131005152 0.05298821406459737
0.05295023065670662  0.0529624315388796 0.05296978724791293 0.05297831614371978 0.05298833950045456 0.05300033179651638
0.05295524375282193 0.05296964589846388 0.05297831614371978 0.05298841915658457 0.05300025939440941 0.05301448820509704
0.05296114564879017 0.05297812131005152 0.05298833950045456 0.05300025939440941 0.05301424041646846 0.05303108096681838
0.05296808044376428 0.05298821406459737 0.05300033179651638 0.05301448820509704 0.05303108096681838 0.05305113803422248

cov.inverse():
 34917935.34321769  -19050372.5289972 -19733197.89685451  -16536657.2005099 -3995119.861520918  24397651.70444408
-19050372.53447795  51567664.44362462 -16305686.82194963 -17079507.44832486 -10199047.16755924  11067017.56689542
-19733197.90178913 -16305686.81339348   81637689.6790947 -28485887.88449562 -22057484.43672492  4944497.275504167
-16536657.19891277 -17079507.47502873  -28485887.9427279  131508180.0868682 -46494485.63952634 -22911797.46934013
-3995119.835020306 -10199047.16299701 -22057484.32463176 -46494485.86210696  187752658.9197676 -105007134.2492921
 24397651.68676161  11067017.57500017  4944497.225264552 -22911797.33009769 -105007134.3287172  87510314.70783754

cov*(cov_.inverse()):
    0.9999999995343387                      0  2.619344741106033e-10  4.656612873077393e-10 -9.313225746154785e-10 -9.313225746154785e-10
-4.656612873077393e-10     0.9999999998835847 -7.566995918750763e-10  1.164153218269348e-09  9.313225746154785e-10 -9.313225746154785e-10
-4.656612873077393e-10 -2.328306436538696e-10     0.9999999996798579  9.313225746154785e-10                      0  9.313225746154785e-10
-4.656612873077393e-10 -1.164153218269348e-10 -3.783497959375381e-10      1.000000000465661  9.313225746154785e-10 -9.313225746154785e-10
-2.328306436538696e-10  2.328306436538696e-10  4.656612873077393e-10                      0      1.000000000931323 -9.313225746154785e-10
-4.656612873077393e-10  1.164153218269348e-10  5.820766091346741e-11  4.656612873077393e-10                      0     0.9999999990686774
