4
2

5.859639575280419e-05
0.0001651185497776578
 0.002697499355328064
   0.4200238215228614

 -0.6803015423669344   0.6994886999208242   0.1448325025645542  -0.1641003240006998
 -0.1736793588752563  -0.4092498918230199   0.8537946931577736   -0.270895973168946
 -0.5072270465832895  -0.3055208459465145 0.006047543002008597   0.8058170779588621
  0.4997459504270587   0.4998870846681762   0.5000215948938117   0.5003451731090813

0.4922501462605451
0.4927134752568036
0.4932580173045713
0.4947101181635495

-0.008867697102183447
   0.4897766131907702

 14.25926945885877 -20.07823087480995  9.396968733053439 -3.564827139768925
-219.3464231751437  139.7152902168994  169.4858939770797 -88.74802653676723

-7.484810778114105e-08  4.015803326662362e-07 -2.848124378385273e-05  0.0007422186603184141
 9.822033364153639e-07  4.080490070230638e-06 -1.395049248230345e-05     0.0999141861252848

cov:
0.04406206912451081 0.04407376567850958 0.04408447016359279 0.04411005272377249
0.04407376567850958 0.04408576984378245 0.04409692423206562 0.04412369444319385
0.04408447016359279 0.04409692423206562 0.04410883272809113 0.04413738565662687
0.04411005272377249 0.04412369444319385 0.04413738565662687 0.04417064615072915

cov.inverse():
 135932804.4125027 -135964375.7648542 -34135591.13810726  34183406.49601109
-135964375.7511084  148657451.9130082  16689445.14253051 -29398453.31211445
-34135591.15708018  16689445.16497574   32846443.2930465 -15404650.99699171
 34183406.50123855 -29398453.32081585 -15404650.99351724  10623764.22087411

cov*(cov_.inverse()):
     1.000000000698492 -1.164153218269348e-09 -3.492459654808044e-10  2.328306436538696e-10
 4.656612873077393e-10     0.9999999990686774 -4.656612873077393e-10  1.746229827404022e-10
-2.328306436538696e-10                      0     0.9999999997671694 -5.820766091346741e-11
-4.656612873077393e-10 -4.656612873077393e-10 -2.328306436538696e-10     0.9999999997671694
