6
2

4.909408456968861e-05
6.154206621401309e-05
7.895959896618733e-05
0.0001075114451717026
 0.007922486494891209
   0.5656138167159507

-0.02693295722659951 -0.05943734203397118 -0.07639931864682406  -0.1989923539384287   0.8460394453914257  -0.4842770510906745
 0.04208624103116052    0.117122151646832   0.4137307497284745  -0.8574739079948125 0.005162145544963644   0.2793740610723814
 -0.1115539761595737  -0.5581215393923513   0.7578528491331339   0.2070173111761714 -0.06016616509141274  -0.2350297474399221
  0.6220886788401822  -0.6588446489199492  -0.2684503603104262 -0.09127899367014819   0.0984224927238305   0.2980687278770124
 -0.6569812660575193  -0.2657009694776559 -0.09975117505502591  0.08518172308578477   0.3226557299033602   0.6135679815276393
  0.4079710360334698    0.408138058308763   0.4082072721357999   0.4082849402344361    0.408383318170431   0.4085049021872938

0.3987235744164306
0.3989136230083146
0.3989168475121508
0.3989193120740963
0.3989226577542876
0.3989266183381401

-6.882815256362582e-05
    0.3988996571417763

  0.4222034750428768    1.081464048413724    1.704682866188298    1.868210528707985   0.3906351300068416   -5.467199102571683
   0.835435324159739   0.4078234913158709   0.3056903106987678   0.2530798678375942 -0.02691173599957353  -0.7750663314530301

 5.785718971064455e-09 -8.626267053156293e-09  1.427363006821287e-08 -3.085220703733948e-08 -0.0002387667353472329 -0.0005084060912944062
 5.594678565141824e-10 -8.494543205314836e-10  9.166871447802286e-10 -1.015002453459334e-09 -7.220568913828606e-05      0.130458712008497

cov:
0.05327452961246522 0.05328018527205759 0.05328237774320291 0.05328489038208906 0.05328793959557658 0.05329181410386713
0.05328018527205759 0.05329547954863802 0.05330174192364622 0.05330879904173057 0.05331768373873043 0.05332870697591328
0.05328237774320291 0.05330174192364622 0.05330974725195309  0.0533187272024624 0.05333008719026822 0.05334414308168374
0.05328489038208906 0.05330879904173057  0.0533187272024624  0.0533298640951111  0.0533439798414003 0.05336141558839484
0.05328793959557658 0.05331768373873043 0.05333008719026822  0.0533439798414003 0.05336164460359272 0.05338341856953422
0.05329181410386713 0.05332870697591328 0.05334414308168374 0.05336141558839484 0.05338341856953422 0.05341051433147067

cov.inverse():
 36252254.41937272 -23504235.76615478 -22555803.81329409 -15922315.06839883 -3026407.926415195  28756873.36582465
-23504235.76235614  92605702.17548539  -37862527.8351672 -34938847.12402573 -20929452.85431014  24629180.41029964
-22555803.77263812 -37862527.90398658  145972982.9471284 -60077136.01019779 -35853716.14220528  10376058.61340176
-15922315.07632288 -34938847.05826109 -60077136.17705265  218156221.5352813 -73793663.32219246 -33424707.95895226
-3026408.023206541 -20929452.78842332  -35853715.8695592 -73793663.56714515  298404438.6387061  -164800987.850119
 28756873.42608529  24629180.35126617  10376058.47944714 -33424707.82301387 -164800987.8533295  134463797.7598982

cov*(cov_.inverse()):
    0.9999999995343387  4.656612873077393e-10                      0  9.313225746154785e-10  1.862645149230957e-09                      0
-2.328306436538696e-10      1.000000000232831  5.820766091346741e-10 -2.328306436538696e-10                      0  9.313225746154785e-10
                     0 -4.656612873077393e-10      1.000000000931323 -2.328306436538696e-10                      0  1.862645149230957e-09
-2.328306436538696e-10  4.656612873077393e-10  4.656612873077393e-10      1.000000000232831                      0  9.313225746154785e-10
                     0  2.328306436538696e-10  5.820766091346741e-10                      0      1.000000001862645  9.313225746154785e-10
                     0 -2.328306436538696e-10  1.164153218269348e-10                      0  1.862645149230957e-09                      1
