5
2

8.439112859758144e-05
0.0001015256831644228
0.0001132637782506492
  0.01173593478250102
   0.5169830198384946

  0.5588013636694613  -0.7883441216225762   0.2137738951675316   0.1089586465785231  -0.0931843170547296
 0.08797548455086042 -0.03538406925135479   0.2729029137602878  -0.8198479298016682   0.4943497278469164
 -0.3309799122376014  0.03537618355511579   0.8156227106517557 -0.04934700463593535  -0.4706647324102449
 -0.6091700828365672  -0.4200547117700265   0.1202540724488414   0.3364407628008341   0.5699231706836914
  0.4465035923162003   0.4467259543648865   0.4473513980469904   0.4476045929111423   0.4478809203524571

0.4006527182847013
0.4007176897730454
0.4008310860189567
0.4008287792330805
0.4008329767781262

7.877156595990497e-06
   0.4008363443393391

  0.7221619883481927    1.879489110753538  0.07139140881724113  -0.7045264418050722   -1.968512796964204
  0.7652045090348694   0.6236884907019766  0.01067466938564682 -0.03848557169978198  -0.3610441593765208

 -6.80997625129419e-09 -3.906711625200584e-09  1.086553970647215e-08 -0.0003553152550491951 -0.0008037010282044525
-2.304032861847171e-10 -1.018027193768691e-09 -6.499934655270216e-10 -0.0001302333179332758      0.119237439302558

cov:
 0.0533358080802504 0.05334647000065816  0.0533757767829238 0.05338785616633149 0.05340124489815312
0.05334647000065816 0.05336208587875597  0.0534054970608692 0.05342322089473438 0.05344270591641445
 0.0533757767829238  0.0534054970608692  0.0534892373801615 0.05352307881973675 0.05355998381958377
0.05338785616633149 0.05342322089473438 0.05352307881973675 0.05356339652278581 0.05360726238547106
0.05340124489815312 0.05344270591641445 0.05355998381958377 0.05360726238547106 0.05365867736260485

cov.inverse():
 53137981.57205887 -63068550.58247133  -1941028.24724323  2823363.254460705   9048458.22929584
-63068550.59214337  87484898.36471497 -22351441.79583396 -9383699.274557449  7318233.126450395
-1941028.216703709 -22351441.83403893  65498012.02026833  -21573018.6384993 -19631999.69321498
 2823363.236665897 -9383699.249837378 -21573018.64626128  67067704.52519158 -38933988.67330819
 9048458.226223325  7318233.130263104 -19631999.69311863 -38933988.67414475  42198766.89241134

cov*(cov_.inverse()):
    0.9999999993597157  1.746229827404022e-10 -5.820766091346741e-10  4.656612873077393e-10                      0
-7.566995918750763e-10      1.000000000465661                      0  2.328306436538696e-10                      0
 -2.91038304567337e-10  2.328306436538696e-10     0.9999999997671694  4.656612873077393e-10                      0
-2.328306436538696e-10 -1.164153218269348e-10  2.328306436538696e-10                      1                      0
-6.402842700481415e-10  8.731149137020111e-10  2.328306436538696e-10                      0                      1
