4
2

               nan
 3162.277660168379
 3162.277660168379
0.4376796575128609

 -0.858872988620028  0.3016534395418121  0.2975745674265249   0.287735588088113
                  0  -0.561776605404524 -0.2054089328361868  0.8013826900621629
                  0 -0.5809862848539973    0.78756720800364 -0.2054089328361868
 0.5121886267957356  0.5058331590992371  0.4989934268197996  0.4824947520205977

0.2673067130926732
 0.271693634718722
0.2762671229049937
0.2872666445081911

-0.04730110364331496
  0.2581457458436489

-0.09250527691868797  0.08078813541109436  0.07969574119448977   0.0770606882134731
 -0.6907622277365377   0.6032671243209345   0.5951099176429677   0.5754332556405304

-8.556381888691334e-19  8.556381888691334e-19 -8.556381888691334e-19    0.01349261981251406
-6.389284602641909e-18  6.389284602641909e-18 -6.389284602641909e-18     0.1007530859875896

cov:
 0.0502542256207315 0.04963064850316991 0.04895955697326499 0.04734076248540373
0.04963064850316991 0.04901480901198189 0.04835204468872813 0.04675333693363803
0.04895955697326499 0.04835204468872813 0.04769824207637426   0.046121151593385
0.04734076248540373 0.04675333693363803   0.046121151593385 0.04459620589148752

cov.inverse():
 nan  nan  nan  nan
 nan  nan  nan  nan
-inf  nan  inf -inf
 inf  nan -inf  inf

cov*(cov_.inverse()):
nan nan nan nan
nan nan nan nan
nan nan nan nan
nan nan nan nan
