5
2

4.963413190247387e-05
5.307928582416368e-05
9.465088431941015e-05
 0.009483722449911202
   0.5460343539257549

  0.0355310471386458  -0.6909130538560266   0.3282252303344104   0.5879206104260746  -0.2607570722122923
 0.03042922235268776  -0.2558990580386886   0.7130064211855377   -0.635155119985257    0.147612843027388
  0.5935437638802616  -0.4767645835626336  -0.4277192800173977  -0.1520273544130469   0.4629743332310878
 -0.6679716730827095  -0.1732648768564809 -0.03123015132129426   0.1662861368159604   0.7036808401244613
  0.4464652858108687   0.4470230848787441   0.4471811005285929   0.4473968413005838   0.4480002677182323

0.4177525302551505
0.4178691693858132
0.4179569884819448
0.4179628963930618
0.4179781651712888

-9.685712833935092e-05
    0.4179260960841692

 0.4276379613179749   1.143668707684887   1.135098717612077   1.356557083036931  -4.062969968251823
 0.9871422555151083  0.3795271855964502 -0.5833052274804266  0.9758400284405139  -0.759176482939118

 3.583433276166927e-09 -2.624950745191027e-09 -2.566000875633726e-08  -0.000283558263657979   -0.00105121993110797
 8.698181574174579e-10 -3.422751082536416e-09  1.385246593438655e-09 -9.703502977394333e-05     0.1329811095559791

cov:
0.05947144698454643 0.05951597172457049 0.05952847327446499 0.05954532663204643 0.05959336950253699
0.05951597172457049 0.05958261271774701 0.05960145722410432 0.05962713281340477 0.05969918209540781
0.05952847327446499 0.05960145722410432 0.05962212885752247 0.05965033492395998 0.05972927799118548
0.05954532663204643 0.05962713281340477 0.05965033492395998  0.0596820696749893 0.05977059627496784
0.05959336950253699 0.05969918209540781 0.05972927799118548 0.05977059627496784 0.05988521266356579

cov.inverse():
 40169924.20097826  -44314302.1967089 -15902642.36778435 -8453981.774262901  28501515.86483529
-44314302.15706668  242385027.0475509 -134050814.5269094 -99105119.92661993  35083472.19743917
-15902642.38150765 -134050814.4238199  244592591.2017446  -75151200.7931519 -19488797.25968963
 -8453981.82018223 -99105119.96643779 -75151200.65994534  286075178.7622534 -103362097.5420386
 28501515.88483519  35083472.17380884 -19488797.30352844 -103362097.4945686  59265232.13545379

cov*(cov_.inverse()):
    0.9999999997671694 -1.164153218269348e-09  6.984919309616089e-10                      0                      0
-2.328306436538696e-10     0.9999999981373549  9.313225746154785e-10 -9.313225746154785e-10                      0
-2.328306436538696e-10  6.984919309616089e-10     0.9999999997671694 -1.862645149230957e-09  4.656612873077393e-10
-4.656612873077393e-10  2.328306436538696e-10  4.656612873077393e-10     0.9999999972060323  4.656612873077393e-10
-4.656612873077393e-10  4.656612873077393e-10 -6.984919309616089e-10                      0      1.000000000465661
