4
2

8.406295381544005e-05
0.0001495041793875664
 0.003491816166731295
   0.3459583186974365

  0.09686410284106931     0.206008686470792   -0.8231181593412037    0.5202444256713591
   0.6063062105901443   -0.7748960705451982 -0.009823568698674179    0.1784162446400376
  -0.6108783174164664   -0.3273863201124108    0.2689038590853408    0.6688322609464143
   0.4998377795755756    0.4999146910778325    0.5000707028308923    0.5001767566808072

0.4005147395155754
0.4005238936214909
0.4005380816342076
0.4005485634734198

-0.0002106720287103008
    0.4004856552880426

 2.255035231292675  4.595792964728893  2.970989583422506 -9.821712954051867
0.9222161168340006  1.115293354654579 0.6492766412847117 -1.686719026687759

-4.515517654167933e-08 -8.885970349197093e-08 -0.0001054958329402187  -0.000267076894125138
-7.722696695949374e-09 -1.368822305358427e-08 -2.294721120860805e-05    0.05978811169463403

cov:
0.02990693530791181  0.0299094062961858 0.02991430788137989 0.02991767714603509
 0.0299094062961858 0.02991290062288229 0.02991984034135157  0.0299245881818001
0.02991430788137989 0.02991984034135157 0.02993113882935442 0.02993878975309544
0.02991767714603509  0.0299245881818001 0.02993878975309544  0.0299484057140306

cov.inverse():
 17805005.28231167 -18179572.78081463 -11562714.76216938  11937380.53439702
-18179572.78406748  32879058.95972677  -23662624.6431764  8963035.855506143
-11562714.75406025 -23662624.65357322  95887390.71326059 -60661945.84387314
 11937380.52954073  8963035.862650141 -60661945.84616087  39761461.77435144

cov*(cov_.inverse()):
    1.000000000058208 1.164153218269348e-10                     0 2.328306436538696e-10
1.164153218269348e-10     1.000000000174623 2.328306436538696e-10                     0
1.164153218269348e-10 5.820766091346741e-11     1.000000000465661 2.328306436538696e-10
5.820766091346741e-11 1.164153218269348e-10                     0                     1
