5
2

5.582092022239317e-05
6.776150178956627e-05
9.064614545426768e-05
  0.00927432436117397
   0.5172442340843558

-0.02060433722092343    0.539426646719365   -0.807044054855432   0.2328196631758568  0.05540083084188094
-0.05656927616540702   0.2853218086839367 0.004070667850629724  -0.7828473571520863   0.5500225700338963
  0.6743909199318616  -0.5553497477353004   -0.379574072194341 -0.04115095760794076    0.301684714908711
 -0.5847720985786712  -0.3455783656712869 -0.06805842782135027   0.3619568796201761   0.6348011134221259
  0.4467816671699534   0.4469592925186012   0.4471631663118548   0.4474805423951404   0.4476826996699962

0.4005030783000879
0.4005706601261493
0.4006080178267439
0.4006925733829843
0.4006953848231752

-3.06986765567683e-05
    0.400681458031064

 0.8159911884085117   1.780137767205149   1.017660327396355 -0.7107501690949539  -2.903023433834679
 0.7430054343455887  0.5629126159835337  0.3847835791938917 -0.3094007831585924 -0.3812755256488236

-6.361651281862794e-10 -2.637541343525925e-09 -1.373120715278965e-08 -0.0002805497431143972 -0.0006423685642421864
-3.594399984415005e-10    7.0090973941816e-10 -4.920502048976508e-10 -8.680707100813288e-05     0.1194519693208379

cov:
0.05343442717604179 0.05344362129118949 0.05345403329229714  0.0534703431851301 0.05348078561642942
0.05344362129118949 0.05345775890957088 0.05347388566957707 0.05349905485027699 0.05351511864783706
0.05345403329229714 0.05347388566957707 0.05349665431361943 0.05353210256275162 0.05355468979201079
 0.0534703431851301 0.05349905485027699 0.05353210256275162 0.05358348986754249 0.05361618149977577
0.05348078561642942 0.05351511864783706 0.05355468979201079 0.05361618149977577 0.05365529644341356

cov.inverse():
 56188069.29222277 -52660351.01612365 -25866816.87349313  4725307.342783186   17613904.3994781
-52660351.00668103  148649665.3090486  -113804849.883096 -5561107.102486954  23376279.88104032
-25866816.91410025 -113804849.8265805  226564296.8301064 -59094110.08726268 -27798231.86918444
 4725307.413470004 -5561107.205861696 -59094110.06570888  151074827.6492994 -91144748.25728039
 17613904.35995588  23376279.93734206 -27798231.87482975 -91144748.26841475  77952606.55785674

cov*(cov_.inverse()):
     1.000000000931323                      0 -4.656612873077393e-10 -9.313225746154785e-10  9.313225746154785e-10
 4.656612873077393e-10      1.000000000465661 -9.313225746154785e-10                      0  4.656612873077393e-10
 5.820766091346741e-10  9.313225746154785e-10      1.000000000931323                      0                      0
 8.149072527885437e-10                      0 -1.164153218269348e-09      1.000000000931323 -4.656612873077393e-10
 2.328306436538696e-10  4.656612873077393e-10  2.328306436538696e-10                      0     0.9999999995343387
