5
2

5.643942618810196e-05
7.357981504923947e-05
8.096464488463813e-05
 0.009353580253926247
   0.5171363174998883

  -0.5291544959773726    0.8205032812155646   -0.2029109327763142  -0.07325735140838076  -0.01517889079938826
  -0.2469031822244764 -0.003875438478146577    0.8184417437116994   -0.5162718224757479  -0.05138401552770878
  -0.2532597205971816  -0.04431178569443558    0.2942504273602196    0.6525424715423139   -0.6492310747364028
  -0.6288553270014138   -0.3537152088972848   0.04852012396621664    0.3193639511232666    0.6124369298057833
   0.4465812687734921    0.4468572066492993    0.4472613878691404    0.4475396690111207    0.4478273136254977

0.4006673507943713
0.4007008890845373
 0.400781104813363
0.4007830446312837
0.4007780803818933

4.982562371389477e-06
   0.4007850965152866

    1.598638078563037     1.407092105808542    0.3190553648687685   -0.9832239405876129    -2.341590856075782
    1.110094513704358    0.6233705214008984 -0.003923196897406084   -0.2647409787613129   -0.4647708627945744

  1.11944336687347e-09  2.646885549426954e-09  3.312372917312481e-09 -0.0002830830379148644 -0.0008739196900668957
-1.550942304035992e-10 -6.450903969709373e-10 -1.186047873915197e-09   -0.00011268348959322     0.1192553557561397

cov:
0.05336945081718281 0.05338726519633685 0.05341340603605767  0.0534317405613964 0.05344997082173775
0.05338726519633685 0.05341172948126473 0.05344757984613758 0.05347245391403871 0.05349775929126248
0.05341340603605767 0.05344757984613758 0.05349763685350328 0.05353206679207115 0.05356771588688302
 0.0534317405613964 0.05347245391403871 0.05353206679207115 0.05357294589061889 0.05361555465109771
0.05344997082173775 0.05349775929126248 0.05356771588688302 0.05361555465109771 0.05366571245301412

cov.inverse():
 108951233.3749006 -134409314.0777147 -14986123.77010024  10500840.89406387  29943157.82323075
-134409314.1005588  211650439.1245862 -54841261.44794381 -22912494.05677018  513118.3175307706
-14986123.71303933 -54841261.52324013  149858869.8997301 -44087931.41306643 -35942986.65248187
 10500840.85954817  -22912494.0085892 -44087931.41963171   115874130.744238 -59376246.17098541
 29943157.82353025  513118.3218012392 -35942986.66415191 -59376246.16388542  64863826.77822062

cov*(cov_.inverse()):
     1.000000001862645  9.640643838793039e-10  2.328306436538696e-10 -4.656612873077393e-10 -4.656612873077393e-10
 4.656612873077393e-10      1.000000001040462  9.313225746154785e-10 -4.656612873077393e-10 -4.656612873077393e-10
 1.396983861923218e-09  1.327862264588475e-09     0.9999999997671694 -4.656612873077393e-10 -4.656612873077393e-10
 1.396983861923218e-09   2.91038304567337e-11  6.984919309616089e-10      1.000000000465661 -4.656612873077393e-10
 2.328306436538696e-10  1.622538547962904e-09 -9.313225746154785e-10                      0                      1
