5
2

8.296280621373997e-05
0.0001103222443386459
0.0001368381890148135
 0.003821182308680171
   0.5401048528893575

  0.1531910309076485  0.04866097685728084  0.07479456173582036  -0.8203437319467483   0.5436971145510849
 -0.3692748702237209 -0.03616545668529896   0.8664607028038728  -0.1790108208728565  -0.2820090538813296
  0.4726013896302956  -0.8477740656732758   0.2083516451307351    0.100752584294124  0.06607245129923003
 -0.6457035011686922  -0.2786609454873909 -0.01563712078960985   0.2911839453593082   0.6483690742601501
  0.4470833181507803    0.447159233501799   0.4472099020103342   0.4472718571396492   0.4473436217049801

0.4006073594994532
0.4007953082283034
0.4007964154420493
0.4007978792202527
 0.400799789266775

-4.061005899450049e-05
     0.400787893518695

 3.219596437769152  1.908106037748937   2.62998227172181 0.6221046703773847 -8.379786680066857
 1.218915932745776  0.445940964982022 0.4256567779168521  0.107935658424067 -1.198433596191493

-2.948350945890283e-08  3.983159724098375e-08 -7.319541962743599e-10 -0.0001154067037060126 -0.0004623671123665385
 -3.44048790581021e-09  2.692463988989982e-09  4.089131870884073e-09 -2.429063663834108e-05     0.1303627092502557

cov:
0.05831475771794373 0.05832118476642971 0.05832531843609173 0.05833050866533104 0.05833650219160296
0.05832118476642971 0.05832961467497547 0.05833513663229747 0.05834197165998079  0.0583498805132882
0.05832531843609173 0.05833513663229747 0.05834170029450302  0.0583497008176696 0.05835898093815955
0.05833050866533104 0.05834197165998079  0.0583497008176696 0.05835909606224757 0.05836997065548907
0.05833650219160296  0.0583498805132882 0.05835898093815955 0.05836997065548907 0.05838272257771564

cov.inverse():
 26570344.62520967 -19204723.67965959 -19364821.26980063 -10297029.04595165  22296337.43804884
-19204723.68513791  38840403.65193742 -11478824.22899747 -9835039.929529175  1678013.037043066
-19364821.26463301 -11478824.24461776   64815012.0816403 -20537656.85584414 -13433626.09162588
-10297029.04130182 -9835039.920329817 -20537656.87767778  100955151.2451808 -60285411.03659765
 22296337.43370977  1678013.037985654 -13433626.08024498  -60285411.0445821  49744668.90055123

cov*(cov_.inverse()):
    0.9999999997671694  1.600710675120354e-10 -5.820766091346741e-10 -4.656612873077393e-10  4.656612873077393e-10
                     0      1.000000000029104 -3.492459654808044e-10 -4.656612873077393e-10  4.656612873077393e-10
-2.328306436538696e-10 -1.455191522836685e-10     0.9999999993015081                      0  4.656612873077393e-10
                     0  -2.91038304567337e-11 -3.492459654808044e-10                      1                      0
-4.656612873077393e-10  2.037268131971359e-10 -1.164153218269348e-10 -4.656612873077393e-10     0.9999999995343387
