6
2

5.005790176492658e-05
  6.0413768715481e-05
7.050078078409484e-05
9.926082353065056e-05
 0.008295310954501388
   0.5645279070436992

 -0.01402332417960231  -0.07682999961329982  -0.08155473171537132   -0.1790565251314741    0.8440982435063353   -0.4926319512481599
-0.008638493618390969    0.2729925624346813     0.269723146701884   -0.8728095760625681   0.03997706665072664    0.2987559865376234
  -0.1033017020970151    0.6424760359583904   -0.7458641029199967   0.01768432955030529   0.06236104817946286     0.126642827261225
   0.6670181983861927   -0.4684432739111828   -0.4372861633602138   -0.1719191170923233   0.08169765190266197    0.3289342553376012
  -0.6146175675823822   -0.3476305677558467  -0.08022103249562393   0.09778596154213323    0.3294265744078917    0.6139045998568199
   0.4079086292193047    0.4080571561963846    0.4082038548598689    0.4083028191589598    0.4084295714917753    0.4085873387181511

0.3982231993710752
0.3983041216081145
 0.398435795109397
0.3984456955576115
0.3984573939217596
0.3984727311034701

-0.000201844514318445
   0.3983809486777796

 0.3138035625664488   1.380216986183229   1.397596278455289   1.674812708269677  0.3432640244380712  -5.109694030234403
 0.6694779146166754  0.7624939637328689 0.07894335448495185  0.3321276114053471 -0.2702101542024555 -0.5728415338103148

 5.719818847006937e-09 -8.115671925057426e-09 -3.897551866896153e-09 -2.945006921602237e-08 -0.0002508068278893361 -0.0006410704441036106
-1.998681329578395e-10 -9.057455027882379e-10  1.383357932789778e-09 -2.096202483232932e-09 -7.507953247944814e-05     0.1299124461597296

cov:
0.05305294480564102 0.05306095330439421 0.05306871502692498 0.05307405301066858 0.05308073521027543 0.05308921464616693
0.05306095330439421 0.05307388967429863 0.05308656568013889  0.0530951773878801  0.0531061193844857 0.05311983065538895
0.05306871502692498 0.05308656568013889 0.05310417874633185 0.05311606542093134 0.05313127551679064 0.05315022849847483
0.05307405301066858  0.0530951773878801 0.05311606542093134 0.05313014401315348 0.05314819226043629 0.05317063494136209
0.05308073521027543  0.0531061193844857 0.05313127551679064 0.05314819226043629 0.05316994421671987 0.05319692583107752
0.05308921464616693 0.05311983065538895 0.05315022849847483 0.05317063494136209 0.05319692583107752 0.05322948953751444

cov.inverse():
 47407823.02442358 -45279099.19452274 -14283374.97931792 -8939307.423187423 -586676.9684424333   21680777.0598896
-45279099.17760424  128095562.0400345 -52945698.54609567 -49333474.30585471 -18715787.95484042  38178231.31039061
-14283374.92501169 -52945698.63290344  153920963.5162106 -53696952.83435154 -37502461.81560652  4507690.743908061
-8939307.466173017 -49333474.36654088 -53696952.77530824  224579187.1148629 -71079944.04814252 -41529827.81877466
-586677.0801330748 -18715787.55985542 -37502461.98164728 -71079944.29482463  286241100.3071625 -158355655.3247838
 21680777.14334092  38178231.07981887   4507690.81840323 -41529827.61672144 -158355655.4542117  135518507.2419759

cov*(cov_.inverse()):
    0.9999999993015081  2.328306436538696e-10 -6.402842700481415e-10 -9.313225746154785e-10  1.862645149230957e-09  9.313225746154785e-10
-2.328306436538696e-10     0.9999999997671694  3.492459654808044e-10                      0                      0  1.862645149230957e-09
                     0 -1.396983861923218e-09     0.9999999995925464                      0                      0  9.313225746154785e-10
-2.328306436538696e-10 -9.313225746154785e-10  3.492459654808044e-10      1.000000000931323  1.862645149230957e-09                      0
-4.656612873077393e-10  2.328306436538696e-10   2.91038304567337e-11  4.656612873077393e-10                      1                      0
-2.328306436538696e-10                      0  -4.94765117764473e-10  9.313225746154785e-10                      0      1.000000000931323
