6
2

3.980781559454415e-05
5.105976753985098e-05
6.317750919060679e-05
0.0001057247719248406
  0.01042606260329043
   0.6212836673798646

 0.01819246910219213   0.0289698339349872   0.1956554438936737  0.01282380047070716  -0.8088889547540224   0.5532476290802761
0.002081673345099935   0.2806325479117915  -0.7846906879441463   0.5343359664496984  -0.1148292052138142  0.08246752409641973
-0.09642284078614169   0.6784663330782306  -0.2041202189532485  -0.6652521099158949  0.09426163247048547   0.1930683344441433
  0.7112951610657763  -0.4174592296268032   -0.353627790026414  -0.3241658324363956   0.1027299218505646   0.2812426848866236
 -0.5640336455288844  -0.3455078598567345  -0.1125512089065007 0.002473303887576576   0.3823042220825473   0.6353423922642337
  0.4077898687247981   0.4079726302465753   0.4081593062000542   0.4082531704725664   0.4085556291196379   0.4087583435370437

0.4219301573842801
0.4220296677311908
0.4220909137813219
0.4221893098505263
0.4222332790205644
  0.42226240648617

-0.0003359343395873884
    0.4220744006783936

0.2200001722041856 0.5977172839405771  1.280344473655461  1.284130416559187  1.094245986260501 -4.476522179935564
0.6372362276074102  3.149580168258276 -5.191984706729621 0.5225795164192821  5.048058536503904 -3.165239331730611

 -4.87039085417256e-09 -1.681943162170353e-09 -5.956865333810037e-09 -2.356993101160624e-08 -0.0003149468776995126 -0.0009088114168161526
-1.068186366396476e-08  1.146561406808628e-08  1.058643457259425e-08  4.845048974222308e-09 -0.0001025162191285479     0.1573245764187151

cov:
0.06422242417007301 0.06423778407105307 0.06425288545136881  0.0642606081093926 0.06428493124098739 0.06430132647959984
0.06423778407105307 0.06425836464574436 0.06427900862548272 0.06428946939572319 0.06432283298234943 0.06434525150122734
0.06425288545136881 0.06427900862548272 0.06430557138346112 0.06431894962073537 0.06436195268815871 0.06439079309954987
 0.0642606081093926 0.06428946939572319 0.06431894962073537 0.06433377491334329 0.06438153489748343 0.06441354667300135
0.06428493124098739 0.06432283298234943 0.06436195268815871 0.06438153489748343 0.06444501941714065 0.06448750151406019
0.06430132647959984 0.06434525150122734 0.06439079309954987 0.06441354667300135 0.06448750151406019 0.06453696296550686

cov.inverse():
 47806093.43581893 -42396745.36211173 -15951821.96908643  -3983513.32555245 -5119912.947015098  19646835.65165885
-42396745.25252273  161656645.1171935 -102377902.1393707 -43222985.70078877  -14963140.4580824  41303541.61569702
-15951822.10018103 -102377902.3605268  281961666.0169256 -114965698.2057456   -73381530.905082   24715446.4214906
-3983513.391711817 -43222985.49719942 -114965698.5450799  229897851.6185419 -48770607.64105601 -18956110.24746119
-5119912.818859921 -14963139.79422095 -73381531.53493494 -48770608.16843009  421125641.9682784 -278890307.3222865
 19646835.61116906  41303541.07898851  24715447.03843103 -18956109.92199031 -278890307.6875018  212181023.3247859

cov*(cov_.inverse()):
     1.000000000698492 -3.725290298461914e-09  2.328306436538696e-10  2.328306436538696e-10 -7.450580596923828e-09                      0
 2.328306436538696e-10                      1  2.328306436538696e-10  6.984919309616089e-10 -3.725290298461914e-09 -3.725290298461914e-09
 6.984919309616089e-10 -1.396983861923218e-09      1.000000000465661  1.862645149230957e-09                      0 -5.587935447692871e-09
 4.656612873077393e-10                      0 -6.984919309616089e-10     0.9999999988358468  3.725290298461914e-09 -7.450580596923828e-09
 2.328306436538696e-10                      0 -2.561137080192566e-09  9.313225746154785e-10     0.9999999962747097 -7.450580596923828e-09
 2.328306436538696e-10 -1.862645149230957e-09  9.313225746154785e-10  1.164153218269348e-09                      0     0.9999999981373549
