4
2

3.394004752941273e-05
7.698564782986726e-05
 0.008981505275335751
   0.4634425286222136

 0.05788403040109609   0.2420308262588468  -0.8182002105349846   0.5182846067996734
  0.6255236482631353    -0.75470876110034 -0.05948429011182027   0.1886702695494451
  -0.596558616966383   -0.349478855898773   0.2770774418584863   0.6672409137755253
  0.4994871580043458   0.4997002044611695   0.5002380692465906    0.500573829446416

0.4005572778657847
0.4006032862006407
0.4006087274707457
0.4005909710738018

0.0002734576445161756
   0.4007739124356751

 0.5941992643958883   1.382276306208694    3.08644336374986  -5.062923853782481
 0.6992923601003782  0.6133824910630092  0.4961798422519513 -0.8087640059796266

-5.506689412888369e-09 -1.072955502444217e-08 -0.0002710875314370349 -0.0006211532309908114
-7.328662774397004e-10 -1.230436330983754e-09 -8.338538814889356e-05     0.1072084000182895

cov:
0.05361336356944405 0.05362432376477908 0.05365187637359261 0.05366912173561784
0.05362432376477908 0.05364022965714894 0.05368028904138535 0.05370532448232251
0.05365187637359261 0.05368028904138535 0.05375208256152328 0.05379687609209143
0.05366912173561784 0.05370532448232251 0.05379687609209143 0.05385397606336283

cov.inverse():
 68931916.55795588 -67488692.31289886 -47394475.84546564  45951322.88709731
 -67488692.3490286  146958010.8412951 -164338231.9959102  84868658.28530662
-47394475.75133771 -164338232.1129403   581756045.020705  -370022816.461821
 45951322.82909944  84868658.36620669 -370022816.4847233    239202517.18749

cov*(cov_.inverse()):
                     1 -9.313225746154785e-10 -3.725290298461914e-09                      0
-4.656612873077393e-10                      1 -3.725290298461914e-09                      0
 4.656612873077393e-10 -9.313225746154785e-10     0.9999999962747097 -1.862645149230957e-09
 4.656612873077393e-10                      0                      0                      1
