6
2

4.082752125770764e-05
5.553851341291994e-05
6.412690419513763e-05
 6.97716786122228e-05
  0.01011324668469548
   0.5795419991707406

-0.07109927226254659   0.5444907071438713   -0.810899924969344   0.1566169710388007  0.09403890301644256  0.08685553583111878
 -0.3734363665950198   0.6015779091856522    0.324898561627553  -0.6002758893586799  -0.1021653724997354    0.149403203623995
 -0.5574295857167993   0.2134244763120637   0.2507900663632588     0.56032061026683  0.04731779874420428   -0.514420481828087
 0.04051214444848513 -0.05672653232196651 -0.05705230113499533  -0.3564764890420333   0.8363523106774425  -0.4066020496786501
 -0.6140556722841569  -0.3557444332509723 -0.06425111955852458  0.08574639963827564    0.334658790077878   0.6106589656713121
  0.4075007092551875   0.4078135366394514   0.4081708067969209   0.4083538446700641   0.4086541984998695   0.4089948255913501

0.4000498719992976
0.4000880874751631
0.4001148159833731
0.4001749006576082
 0.400178021046654
0.4001812529515575

-4.47743321214494e-05
   0.4001567976001396

   1.303123947150356    1.459868962183487   -0.343662570968618    0.604351998137889  -0.2672870734514037    -2.75641742892487
  0.9638063724865348 -0.01587526938152192   0.3358513850384986    1.062541053299053  -0.4239710018816356    -0.92238165995081

 1.351871874782602e-09 -1.441561075503156e-09  5.111233829361919e-09  3.268274607617682e-09 -0.0003087059996673955  -0.001240619229859006
-5.052057773400067e-10 -3.061893218283068e-09  2.440133271128794e-09 -1.643137329740917e-09 -0.0001249628878097003     0.1366140921512192

cov:
0.05581189597815804 0.05583848564682384 0.05586907745779043  0.0558847089732285 0.05591018554070735  0.0559394728627729
0.05583848564682384 0.05587193868989723  0.0559102670405951 0.05592987997957512 0.05596196348746073 0.05599857794090167
0.05586907745779043  0.0559102670405951 0.05595733193891931 0.05598143741186196 0.05602097749202734  0.0560658610078009
 0.0558847089732285 0.05592987997957512 0.05598143741186196 0.05600786034181032 0.05605123363972196  0.0561003726952496
0.05591018554070735 0.05596196348746073 0.05602097749202734 0.05605123363972196 0.05610098287952488 0.05615717712012597
 0.0559394728627729 0.05599857794090167  0.0560658610078009  0.0561003726952496 0.05615717712012597 0.05622121046477439

cov.inverse():
   124145865.99746 -125456587.1444187 -39216403.77719188 -12926644.30941669  8901819.942411548  44551265.94335448
-125456587.1805938  306923782.4643689  -187835362.921475 -32679168.22167869  3501347.360421955  35547421.79881857
-39216403.55666184 -187835362.9834636  444668660.5390223 -101069061.8529603 -63425155.91985399 -53123783.39458733
-12926644.46442008  -32679168.3448755 -101069061.4304937  233985306.5412703 -26078168.89328628  -61232512.4455682
 8901819.824608495  3501347.585749295 -63425155.96177043 -26078168.97939212  152922653.1470753 -75821155.39495869
 44551266.03180471  35547421.72250368 -53123783.61659572 -61232512.21519672 -75821155.41545773  110078047.4955709

cov*(cov_.inverse()):
     1.000000000465661                      0  1.396983861923218e-09 -4.656612873077393e-10  9.313225746154785e-10 -9.313225746154785e-10
 1.396983861923218e-09     0.9999999979045242  1.862645149230957e-09                      0 -9.313225746154785e-10 -9.313225746154785e-10
 9.313225746154785e-10  2.793967723846436e-09     0.9999999981373549 -1.862645149230957e-09                      0                      0
                     0 -4.656612873077393e-10 -9.313225746154785e-10     0.9999999981373549  1.862645149230957e-09                      0
 9.313225746154785e-10 -2.328306436538696e-10 -3.259629011154175e-09 -1.396983861923218e-09                      1 -1.862645149230957e-09
 4.656612873077393e-10  4.656612873077393e-10 -9.313225746154785e-10                      0                      0     0.9999999990686774
