5
2

4.955276988805474e-05
  5.9783927776789e-05
9.002060246143837e-05
 0.008578341541949986
   0.5147821019030543

 0.02156382868411803   0.1230038264774155   0.2133558778486603  -0.8403363370046063   0.4824097532819008
-0.00931539811280104   0.4455255537535531  -0.8265899610712819  0.05032283177720651    0.340054191517601
  0.6394248069670239  -0.6710221108965132  -0.2549838136152039  0.01141479610681829   0.2751694026363731
 -0.6253174455970069  -0.3692735631940439  0.07846591215534919   0.3015991025113469   0.6127774553228829
  0.4467238891280614    0.446926617956981   0.4472747042562099   0.4474484742468047   0.4476936082529658

0.4048064789489912
0.4048731989091838
 0.404989665942644
0.4049889547507218
0.4049880096798907

-1.009254812718616e-05
    0.4049893070463101

 0.6271669409198385   1.703468869792332   1.690164916179964  0.4587610621224587  -4.479585647120974
 0.9545137591932791  0.3463268971776901  0.5017167824860416 -0.3080578242867117 -0.4944352193314583

-4.819721908734951e-09 -7.663596947353743e-09 -1.945224094428028e-08 -0.0002572068827863906 -0.0007276587599610035
 4.679612242574763e-10 -1.618880171894023e-09  8.950323662110262e-10 -7.956950479267357e-05     0.1182953570889018

cov:
 0.0529128918088968 0.05292510240365105 0.05294570869381998 0.05295601358854513 0.05297071536649737
0.05292510240365105 0.05294216288357919 0.05297121760248066 0.05298573438496088 0.05300631047433518
0.05294570869381998 0.05297121760248066 0.05301506385853933 0.05303694519049473 0.05306779653225184
0.05295601358854513 0.05298573438496088 0.05303694519049473 0.05306250440165426 0.05309847460809783
0.05297071536649737 0.05300631047433518 0.05306779653225184 0.05309847460809783 0.05314159156397132

cov.inverse():
 50672910.80104478 -53024982.15627154 -16092157.57853178 -6612809.672827796  25057280.81699825
-53024982.14916621   117263319.894559 -71236009.71296431 -36769322.22704916  43766251.97990289
-16092157.62828688 -71236009.78577086  217727930.0621587 -85013705.08116682 -45385774.25579763
-6612809.609807966 -36769322.07376996 -85013705.50890069  288313622.3349321 -159916779.3215948
  25057280.7966282    43766251.906536 -45385773.95062707 -159916779.5330285  136478250.5693464

cov*(cov_.inverse()):
    0.9999999993015081                      0  1.862645149230957e-09                      0  9.313225746154785e-10
-4.656612873077393e-10                      1  9.313225746154785e-10  1.862645149230957e-09  9.313225746154785e-10
-2.328306436538696e-10 -9.313225746154785e-10      1.000000000465661  3.725290298461914e-09                      0
-6.984919309616089e-10 -9.313225746154785e-10  1.396983861923218e-09      1.000000001862645  9.313225746154785e-10
-4.656612873077393e-10                      0  9.313225746154785e-10                      0                      1
