4
2

5.169548461483963e-05
8.135497966807157e-05
 0.008475136100968877
    0.457155259965196

 0.01285124030494723   0.2890573194578224  -0.8107650883783512   0.5088621455338639
  0.4376929942981415  -0.8055604895112995 -0.03032987909820117   0.3982175773550576
 -0.7481579109161934  -0.1333168988287934   0.3018927512855651   0.5756275805947995
  0.4985172300918683    0.499744703116349   0.5006004760504775   0.5011336811537607

0.4058266928578233
0.4062679123081864
0.4064625406676975
0.4065792214602282

-0.001444637855892157
   0.4058313462483303

 1.109129742527186   2.22592499041608  1.226865083013438  -4.56124210635438
 8.247938480474707 -1.500751354331467  -30.6494295465273   24.9054993037995

-7.103485658435978e-09 -2.092306238313658e-08 -0.0002429043020695514  -0.001318375871248298
 9.940116939221225e-08  1.036902268464459e-07 -6.372812660146307e-05     0.1044144673775449

cov:
0.05197851320636242 0.05207335388666469 0.05213912772175405 0.05217997115548518
0.05207335388666469 0.05219567296072999 0.05228087919557683 0.05233394574563253
0.05213912772175405 0.05228087919557683 0.05237985043931694 0.05244156768069144
0.05217997115548518 0.05233394574563253 0.05244156768069144  0.0525087323304223

cov.inverse():
 29014417.23232117 -51880638.95146606 -5907706.262033989  28775336.98831516
-51880638.95695572  129311140.1344071 -84003867.96546526  6571527.520062453
-5907706.247822911 -84003867.99201386  246111795.2744237 -156202029.5169901
 28775336.97959369  6571527.541121718 -156202029.5293282  120857423.1825305

cov*(cov_.inverse()):
    0.9999999997671694  1.746229827404022e-10                      0  9.313225746154785e-10
                     0     0.9999999993597157 -1.862645149230957e-09  9.313225746154785e-10
-2.328306436538696e-10 -3.492459654808044e-10                      1                      0
                     0                      0                      0                      1
