5
2

6.195141043980762e-05
 6.98892493714008e-05
8.053292056564943e-05
 0.006540364213748093
   0.5156783883358641

 -0.4448407008266819     0.81769221421481  -0.3599627225888199 -0.05026270630428095  0.03737234809216644
  0.4192735935350675 -0.09803632607428979  -0.7949871916203742    0.424457606414351  0.04929135878221737
  0.3117963350061855  0.01558436068974035  -0.1880092286113965  -0.7244666641739472   0.5850989280764608
 -0.5739678095487614  -0.3488910879370261 -0.05573932488239144   0.3037793121492103   0.6733848970178374
   0.446844943722904   0.4469904451354052   0.4471776617012506   0.4474098598855369   0.4476446072271327

 0.397963333536388
0.3979685413093092
0.3979730150004407
0.3979827287469949
0.3979898109841957

-0.0001066412104141545
    0.3979345592340552

  2.141209134479073   2.284100202218597  0.3013333059585834  -1.650041230197989  -3.076611238728162
  1.125427984202537    1.09692730241215 0.08160337251446827  -0.157956124393458  -1.146014347849704

 2.973206424074767e-09 -2.040509526133103e-09  2.713677077200549e-10 -0.0001974418098853973 -0.0007882473790127218
 1.274395068696939e-09  8.592609800598223e-10 -1.319425585364767e-09 -7.926069573701301e-05     0.1186077145806008

cov:
0.05311128686824675 0.05312304639254729 0.05313809538820383 0.05315686066517219 0.05317568203966375
0.05312304639254729 0.05313698657105088 0.05315486171088209 0.05317709685452277 0.05319948471793459
0.05313809538820383 0.05315486171088209 0.05317643024887837  0.0532031804615325 0.05323021400550249
0.05315686066517219 0.05317709685452277  0.0532031804615325 0.05323548351101365 0.05326820899058103
0.05317568203966375 0.05319948471793459 0.05323021400550249 0.05326820899058103 0.05330680456956873

cov.inverse():
 102546103.5305674 -102435882.2594343 -35556086.53614184  7426856.454030273  28019310.53496991
 -102435882.263204  176219671.6374923 -61186335.94523709 -20971174.22717589  8373430.523460556
-35556086.48664594 -61186335.98112992  168600697.3918104 -43368153.15300753 -28489921.21461513
 7426856.366801204 -20971174.16909236 -43368153.08522461  118471587.4797563  -61559602.5883438
  28019310.5764731  8373430.497499974  -28489921.2687954 -61559602.54970618  53657075.58828325

cov*(cov_.inverse()):
                     1 -1.164153218269348e-10 -2.328306436538696e-10  4.656612873077393e-10  4.656612873077393e-10
 6.984919309616089e-10      1.000000000582077 -1.164153218269348e-09  9.313225746154785e-10  4.656612873077393e-10
 2.328306436538696e-10 -5.820766091346741e-11     0.9999999997671694                      0  4.656612873077393e-10
                     0                      0 -4.656612873077393e-10      1.000000000931323  4.656612873077393e-10
 2.328306436538696e-10 -6.984919309616089e-10  4.656612873077393e-10                      0      1.000000000931323
