4
2

7.437456186655741e-05
  0.00014274206111865
 0.009209425977008056
   0.4330017700362855

0.07221751623828548  0.1331261092750293 -0.7940544806911887  0.5886761003063672
 0.5220520971718209 -0.8199193155671176 0.07505830709766055  0.2226211452986577
-0.6892734848539761 -0.2472329569978979  0.3353001336329688  0.5927493133163836
 0.4971401223640395  0.4988843753449465  0.5014155488370824  0.5025420640672351

0.3618067979055163
0.3610898720335417
0.3601413900796619
0.3596679067636802

0.004764033052060109
  0.3626536210843672

 1.282518316935739  4.969861040323709 -11.45252574252194  5.208077303099423
-13.84834553715222 -73.47348642013044  312.7985448945555  -224.485398831202

 7.143497874688037e-08 -6.327594521961963e-08 -0.0002430474502792255  -0.001541027693769038
-2.164558620899066e-06  5.402653489407459e-07 -4.001565016674698e-05    0.09174958160124902

cov:
0.04637826701162093 0.04651499139008103 0.04671687413918536   0.046806827288393
0.04651499139008103  0.0466688954559088 0.04689342095071278 0.04699339096764128
0.04671687413918536 0.04689342095071278 0.04714794977226248 0.04726116971064986
  0.046806827288393 0.04699339096764128 0.04726116971064986 0.04738026004846159

cov.inverse():
 14324362.28248847 -19267783.03984046 -8446376.413824502  13384606.55520358
-19267783.03856161  36198865.95724872 -22131563.07765538  5207229.566165887
-8446376.417993851 -22131563.07128777  114263890.7783107 -83681682.02271836
 13384606.55809409  5207229.561077597 -83681682.02052161    65084041.969813

cov*(cov_.inverse()):
                     1 -8.731149137020111e-11  4.656612873077393e-10                      0
                     0                      1  4.656612873077393e-10  4.656612873077393e-10
                     0  5.820766091346741e-11      1.000000000931323                      0
                     0  -2.91038304567337e-11                      0                      1
