5
2

3.126187284131021e-05
4.732085097184572e-05
7.713960709731199e-05
  0.01139659842028983
   0.5166740530030263

0.006571277988481188   0.0576714087642385   0.4870479915188781  -0.8267599016933866   0.2754689561930979
-0.02891913005929555  -0.6410876202711141   0.6707868096328933   0.2624940863763201  -0.2632722121525913
  0.7286658992095616  -0.5302232307400332  -0.3214682598147697  -0.1347006949384912   0.2577270137713052
 -0.5182723669838251   -0.323755940203858 -0.09782996345062797   0.1711006658184616   0.7666353143518945
  0.4467216842423443   0.4469072482211335   0.4471205275570159   0.4473759096207235   0.4479416007062352

0.3997773417143785
0.3998409255510441
0.3998737629181787
0.3998939432138503
0.3999125828651387

1.275733355306952e-05
   0.3999584476305599

 0.1514522596899086    0.36375820922597  0.8422269209730464   2.225425174597461  -3.582858994223626
 0.4352511489586816  0.4696708424713822    0.42036047399175  0.3245838185166447 -0.6498624489906115

-2.340332113354162e-09  4.153389638306559e-09 -9.380576911087892e-09 -0.0003434912895263127  -0.000670008906202534
-2.078603516418522e-10  5.028871123816588e-10 -1.655547714518551e-09 -0.0001118849311958971     0.1191668152066592

cov:
0.05330791715003423 0.05331694707131819 0.05332717406356849   0.053339527112982 0.05336690126414148
0.05331694707131819 0.05333091077268751 0.05334685284455287 0.05336601197608242 0.05340845773462508
0.05332717406356849 0.05334685284455287 0.05336944088419236 0.05339650448941391 0.05345645712318732
  0.053339527112982 0.05336601197608242 0.05339650448941391 0.05343298135061433 0.05351377370220806
0.05336690126414148 0.05340845773462508 0.05345645712318732 0.05351377370220806 0.05364071851168535

cov.inverse():
 89647914.09720664 -56259606.23136673 -44752815.17356902 -25444377.75731473  36808959.59193526
-56259606.31757241  234189337.1028231  -134656436.392643 -111936018.8404352  68662099.33203416
-44752814.87187626 -134656437.4701089  461030250.8597001 -326113917.7388804  44493331.28903712
-25444378.03740773 -111936017.4624136 -326113919.0607356  733225027.0143696 -269730275.2511095
 36808959.65654127  68662098.94527289  44493331.83511624 -269730275.4750323  119765605.1228755

cov*(cov_.inverse()):
    0.9999999993015081  2.793967723846436e-09 -4.656612873077393e-09  3.725290298461914e-09 -9.313225746154785e-10
-2.328306436538696e-10     0.9999999976716936 -2.328306436538696e-09                      0                      0
 2.328306436538696e-10                      0     0.9999999925494194  3.725290298461914e-09                      0
-4.656612873077393e-10  1.862645149230957e-09 -4.190951585769653e-09      1.000000007450581 -9.313225746154785e-10
                     0                      0 -2.793967723846436e-09  1.862645149230957e-09                      1
