5
2

 4.45042632203175e-05
6.994550476777179e-05
0.0001053692341562693
 0.009712441543489264
   0.5169176887947013

 0.06841750399572644   0.2835777234523165  -0.8007615521504706   0.5184817095613427 -0.06971637796467156
 -0.3815961850749054   0.7534007176124168 -0.09703768077469699  -0.4835099310420442   0.2087427731227121
  0.5799567213355544  -0.2035155023288542  -0.3803570891299505  -0.4866878093568737   0.4906068718042452
  -0.560134432651385  -0.3328474934287401 -0.06885909293379931   0.2456725140900952   0.7143986314499087
  0.4467695327787009   0.4469508025417747   0.4471594068968723   0.4474090471572126   0.4477784876850134

0.3994607402576706
0.3995284924823762
0.3995652860203666
0.3995909399606735
0.3996521260546298

-2.747647519991338e-05
    0.3996395635641511

  0.954152506313387   2.044829845108724   2.192316949391607  -4.220784993903784 -0.9705115420785122
 0.6873714152263501  0.8277981572631432   0.365757071537454 -0.7526370745882223 -0.1282882741050427

 -6.39963847377556e-09  1.370814793078246e-08  9.786056554940443e-09 -0.0002920781307330216 -0.0006551375615613406
-7.771902994819468e-10  3.243650805287702e-09  4.379092843880063e-09 -9.077407621391015e-05     0.1192937158674679

cov:
0.05336430459641556 0.05337392772217948 0.05338488220483082 0.05339806478954708 0.05341740628202622
0.05337392772217948 0.05338844594250343 0.05340506687943514 0.05342500455596982 0.05345440867400842
0.05338488220483082 0.05340506687943514 0.05342827961030491 0.05345606278567859 0.05349715637853694
0.05339806478954708 0.05342500455596982 0.05345606278567859 0.05349319914640053 0.05354822060182439
0.05341740628202622 0.05345440867400842 0.05349715637853694 0.05354822060182439 0.05362401718964551

cov.inverse():
 62424979.32339676 -59596972.65533762 -39960028.53518745  30198998.47940181  6933193.963832625
-59596972.66524798  160352964.6064669 -122620483.9011751   8696104.12730228  13168149.96657204
-39960028.55493227 -122620483.8326335  338700163.4373834 -183357328.1003825  7237980.303050146
 30198998.53454611  8696103.985819997 -183357328.0009532    204845831.15614  -60383976.1911846
 6933193.938343364  13168150.02960272  7237980.252417563 -60383976.17809357  33044805.25778423

cov*(cov_.inverse()):
       1.0000000007567  3.492459654808044e-10  4.656612873077393e-10                      0  2.328306436538696e-10
 6.984919309616089e-10      1.000000001396984  8.149072527885437e-10  1.396983861923218e-09                      0
 1.280568540096283e-09 -3.492459654808044e-10      1.000000001804437  4.656612873077393e-10 -2.328306436538696e-10
 5.820766091346741e-10 -1.280568540096283e-09  3.026798367500305e-09     0.9999999990686774  2.328306436538696e-10
 4.656612873077393e-10                      0  7.566995918750763e-10 -4.656612873077393e-10                      1
