5
2

6.412642373760439e-05
9.124768258160151e-05
0.0001107263681559958
  0.01166689162596569
   0.5169953570162406

 0.2081387526183554 -0.5917867328141747  0.7365339298417171  -0.147116842043995 -0.2057695981006876
 0.6037822302135946 -0.5304538395224372 -0.5006554096628935  0.2914616991510595  0.1358675138414616
-0.1789385627509172 0.01480024896899745 0.03763912420351485  0.7554739308046005 -0.6289708893064372
-0.6005879089783829 -0.4106063745966459 0.07328861825189122   0.349739148544939   0.585668741815169
  0.446542755496473  0.4467555760951219  0.4472963287699975  0.4476029273415073  0.4478689947358813

0.3996412186956052
0.3997168635473095
0.3997986785816658
0.3998682521436228
0.3998857644023119

-0.0001315808439298707
    0.3998072526802641

  0.9236962550054816    2.465096819088134   -1.742509801735322  -0.3042725087448175   -1.341999329529589
  0.6613636268254383   0.9361543501301621   -0.342149055783578 -0.08506473446634003  -0.1702480992330686

-9.166360932471906e-09 -1.236678379397889e-09  5.147145708438982e-09 -0.0003521377161909797 -0.0007713215104546115
-2.552878869226298e-09  2.173739716079015e-10 -9.140004004175898e-10 -0.0001274230208392129     0.1192603992363661

cov:
0.05334568648413036 0.05335554966438243 0.05338053346161724 0.05339452903749842 0.05340700019645894
0.05335554966438243  0.0533703515991753 0.05340787488827314 0.05342903393452089  0.0534476196459342
0.05338053346161724 0.05340787488827314  0.0534773558441348 0.05351676347282981 0.05355092663807881
0.05339452903749842 0.05342903393452089 0.05351676347282981 0.05356661365837043 0.05360966352862428
0.05340700019645894  0.0534476196459342 0.05355092663807881 0.05360966352862428 0.05366033264941748

cov.inverse():
 56933334.95563151 -68634097.42302239  424211.9056994274  2661832.585113414  8614810.790847084
-68634097.39382343  118978102.9051659  -74052948.5651682  3513656.306862715  20195233.47695765
 424211.8246553512 -74052948.44823593  162140533.9141401 -41556295.43254503 -46955707.41619281
 2661832.637828859   3513656.19971843 -41556295.34625822   62018748.5689712 -26637613.02954198
 8614810.789977141  20195233.49636786 -46955707.46659081 -26637612.99768409  44783131.91546471

cov*(cov_.inverse()):
     1.000000000291038 -6.984919309616089e-10  9.313225746154785e-10                      0                      0
 6.402842700481415e-10                      1  4.656612873077393e-10  4.656612873077393e-10  4.656612873077393e-10
 -2.91038304567337e-10  2.328306436538696e-10      1.000000001862645  2.328306436538696e-10  4.656612873077393e-10
 4.656612873077393e-10 -1.164153218269348e-09  4.656612873077393e-10      1.000000000465661 -4.656612873077393e-10
-1.164153218269348e-10                      0  4.656612873077393e-10 -2.328306436538696e-10     0.9999999995343387
