5
2

8.536275336229579e-05
9.967919666977569e-05
0.0001086571143682734
 0.009573374347088066
   0.5176652988405128

-0.4593148954912881  0.7661283179471596 -0.2993224234058231 -0.2408686538292645  0.2333786744075527
-0.2661675119342058  0.1946224113654498 -0.1310343556020182  0.7545834294645271 -0.5520061758844452
-0.3523720919354018  0.1303893931508897  0.8221254799003904   -0.26230564671421 -0.3378430966872107
-0.6280882395591906 -0.3980819628360437  0.1313171034012912  0.3217728774356223  0.5711864388211035
 0.4466808195155543  0.4468768000826397  0.4473271712642506  0.4474864273122384  0.4476959573693584

0.3994655437832987
0.3995509903476995
0.3997101254813688
 0.399728751373804
0.3997500721037942

-0.000266190776202688
   0.3996150371017543

 0.8753941866206183   2.324358055996439 0.03332981263490489 -0.6930536213739497  -2.540019273345423
 0.6824029782184127   0.835119086013245 0.02644754294933399 -0.1302477471851216 -0.4136750652184282

 6.870338220287683e-09  1.087134040725316e-08  1.253751682278005e-08 -0.0002881976572587096 -0.0007116501914697193
  1.84562864735264e-09  1.068136145221061e-09  7.567420511627217e-10 -9.492852246748666e-05     0.1196137366928071

cov:
0.05350400827860973 0.05351421981748902 0.05353765664146955 0.05354575822885201  0.0535564839969435
0.05351421981748902 0.05352930597584327 0.05356391910108899 0.05357604224810093 0.05359203447033663
0.05353765664146955 0.05356391910108899 0.05362428755307879 0.05364565849849525 0.05367377727361605
0.05354575822885201 0.05357604224810093 0.05364565849849525 0.05367038238152395 0.05370285332817256
 0.0535564839969435 0.05359203447033663 0.05367377727361605 0.05370285332817256 0.05374105596008149

cov.inverse():
  46603745.3016808 -57394480.35149778 -2160368.532131329   2795380.38857765  10155912.58164234
-57394480.34889371  85804078.68510929 -24958210.66661344 -13442470.21280552  9991092.709525738
-2160368.533897282 -24958210.66334629  71271573.26686968   -18322083.280847 -25831337.78387761
 2795380.381574705 -13442470.20604624 -18322083.27664546  71097591.85684139 -42128490.18446705
 10155912.58780723  9991092.702103296 -25831337.78657797 -42128490.18050912  47813140.24747659

cov*(cov_.inverse()):
    0.9999999994179234 -1.164153218269348e-10  2.328306436538696e-10  4.656612873077393e-10 -4.656612873077393e-10
-5.820766091346741e-10     0.9999999998835847  4.656612873077393e-10  4.656612873077393e-10                      0
-3.492459654808044e-10 -6.984919309616089e-10      1.000000000465661 -4.656612873077393e-10 -4.656612873077393e-10
-4.656612873077393e-10  3.492459654808044e-10                      0                      1                      0
-5.820766091346741e-10  4.656612873077393e-10  4.656612873077393e-10                      0                      1
