5
2

6.281879929608339e-05
0.0001039921606068863
0.0001238445579395434
 0.005867902333747821
   0.5146873144110713

 0.06904255309574275  0.06667119494454253   0.1309306894911681  -0.8181915420072946   0.5515503900495231
 -0.3195042288560202  -0.2694184040298254   0.8774956221265654 -0.06154065634781078  -0.2270351340170375
  0.5831511674452676  -0.7978870221923887 0.006984391841990231  0.07488051161899796   0.1328726569857736
 -0.5943769301828865  -0.2940116645933221  -0.1133436369913196   0.3479241210952421   0.6529741433342636
  0.4469910003330394   0.4471041447299671   0.4471722553136059   0.4473444569275299   0.4474559646719555

0.3997887374181953
0.3999744887843344
0.3999750155314006
0.3999778976117495
0.3999768233344133

-3.184030612471061e-05
    0.3999681194298162

  1.238750983202065   1.444399127257884   2.466169264966334   1.148729772333434  -6.298108333949687
 0.9370211442994317  0.3824744435429083  0.4270921181645566  0.1934252656144969 -0.9400078378488759

-1.542523422776393e-08  2.961317320295982e-08 -1.784810345569029e-08 -0.0001774402321425224  -0.000513486507592443
-2.093881295616421e-09  1.880130898341638e-09  2.052445534183966e-09 -4.353298259291715e-05     0.1183441789816002

cov:
0.05294004924374487 0.05294728686260398 0.05295165753366714 0.05296261120317166 0.05296957313963901
0.05294728686260398 0.05295766360821379 0.05296388840859633 0.05297961585268944 0.05298973470719773
0.05295165753366714 0.05296388840859633 0.05297126251719644 0.05298985147861306 0.05300186901435695
0.05296261120317166 0.05297961585268944 0.05298985147861306 0.05301578754184699 0.05303265173179306
0.05296957313963901 0.05298973470719773 0.05300186901435695 0.05303265173179306 0.05305273108052264

cov.inverse():
 32829974.53455621 -21205363.67892365 -23366825.34684446 -9655805.894328179  21398243.64952336
-21205363.66689163  49348670.93170784 -20011345.76533486 -16188617.02718284  8056702.983123612
-23366825.35816528 -20011345.73521933  75549122.41611907 -32107263.26727974 -63799.03487330768
-9655805.903248508 -16188617.05363972 -32107263.22009156  170360258.1610387 -112409233.5864367
  21398243.6577324  8056702.991497105 -63799.06326693112 -112409233.5746256  83018606.74973249

cov*(cov_.inverse()):
     1.000000000232831 -1.164153218269348e-10  1.068656274583191e-10  9.313225746154785e-10                      0
                     0      0.999999999825377 -3.142304194625467e-10  1.862645149230957e-09                      0
                     0  2.328306436538696e-10      1.000000000045475  1.862645149230957e-09                      0
                     0  5.820766091346741e-11  8.008100849110633e-10                      1                      0
                     0  5.820766091346741e-11  1.682565198279917e-11                      0                      1
