4
2

0.0001112826830334207
0.0001515652972218694
 0.003321961478513881
   0.3460128262700974

 0.1245548756650762  0.4591078749594773  -0.841092019718406  0.2574301001519895
 0.6532873406602402 -0.6880443531786453 -0.2053378698630939  0.2400978504529742
-0.5548343840352974 -0.2566673638104996 0.01987319398440502  0.7911293995343615
 0.4998605203187198  0.4999367875679303  0.5000056296952649  0.5001970001269488

0.4006301185053911
0.4006395697319326
0.4006453752808085
0.4006657341531971

-0.0002237421330317877
    0.4005991659113326

 1.631621710198561  3.588867163075603  4.068671902776726  -9.28906340284445
0.7699348690516106 0.8939399400377435 0.9204987087104688 -1.584325318156604

-4.907105204670252e-08 -1.026647671862644e-07 -0.0001003608016606191 -0.0002649264609537926
-8.368539533492696e-09 -1.565516849264528e-08 -2.087621183474482e-05    0.05980895343018806

cov:
0.02991792928303426 0.02992064831168937 0.02992308024611185 0.02992981905582049
0.02992064831168937 0.02992439184241023 0.02992771407419472 0.02993698319924941
0.02992308024611185 0.02992771407419472 0.02993190709194644 0.02994351872187292
0.02992981905582049 0.02993698319924941 0.02994351872187292 0.02996171850996922

cov.inverse():
 19859079.97356172 -14936310.39790513 -14300056.50495384  9377413.141490173
-14936310.39653407  37634430.04279023 -25032243.07606002  2334085.302907624
-14300056.50681929 -25032243.07367976  58961212.24699164 -19628988.18747808
 9377413.141984586  2334085.301898383 -19628988.18696324  7917510.611716283

cov*(cov_.inverse()):
                     1 -1.600710675120354e-10                      0 -1.164153218269348e-10
                     0     0.9999999999272404 -2.328306436538696e-10 -1.164153218269348e-10
-5.820766091346741e-11 -1.455191522836685e-10     0.9999999998835847                      0
 5.820766091346741e-11  1.455191522836685e-11 -1.164153218269348e-10                      1
