7
2

4.887133178053674e-05
 4.91327264715305e-05
5.001405037491201e-05
6.437613345380287e-05
0.0001002558120065185
  0.01214399645805478
   0.6104013773184058

-0.00555790559034912 -0.05958570091061876   0.2849398827748393   0.2064014103055043   -0.241973807447961  -0.7234215343651984   0.5391997172536702
-0.01531040589424955   -0.140724241300341   0.6199869554598376  -0.2642513720081355  -0.6082398762960093   0.3944561337625969  0.01408113112416486
0.009291287386807639  0.09515379106934313  -0.3818949051715186   0.6847252825680892  -0.5772279441633805   0.2044191343407681 -0.03446323885247054
-0.09634851743871763   0.7134745714899433  -0.3002235273519413  -0.4595078643872981   -0.239553532775601  0.03299352176193478   0.3491631247306328
  0.7248213896128638  -0.4087618547379961  -0.3536413966387089  -0.2534079222201954  -0.1101703712322476   0.0872965822726423   0.3138657082835933
 -0.5679293267740764  -0.3858426414855879  -0.1750749983123382  0.02204775798910484   0.1606432315173279   0.3570140896236522   0.5866677672352743
   0.377432867239302   0.3776045896998405   0.3778016157213404   0.3779838640969856   0.3781152949490638   0.3782990004276946   0.3785129221133414

0.3966160223431013
0.3966661743105508
0.3966822922072132
0.3967440867075683
0.3967344336430308
0.3967176232157233
0.3966982990667631

0.0002169334635368574
   0.3968278049175415

0.09492849176702584  0.5706485388315492   1.083274292576565   1.199948098119983  0.9961457696027425 -0.4823714774747969  -3.462570771042068
 0.3605946353217555  0.9366347323108617  0.5708337659852623 -0.1707578240159155 -0.5713618193799168  0.2279274275467094 -0.3540093775048453

-2.955155809393618e-09 -1.381199643403754e-09 -2.280243089702861e-10  -8.04886931057123e-09 -2.100965437953451e-08 -0.0003658688179144107 -0.0008636780825036057
-3.532939095318907e-10  1.675700095571586e-09  3.655880627063933e-10  2.326577577063819e-09 -3.099395465457507e-09 -0.0001309574117722667     0.1404972985611206

cov:
0.05312507095359574 0.05313396039580227 0.05314401534416491 0.05315313508211289 0.05316001059323205 0.05316939868130926 0.05318024855618597
0.05313396039580227 0.05314776619342038 0.05316348919668416 0.05317791286825767 0.05318851756402652 0.05320318924876349 0.05322021820423374
0.05314401534416491 0.05316348919668416 0.05318578455759093 0.05320634659842437 0.05322126860857414 0.05324205711141337  0.0532662395891674
0.05315313508211289 0.05317791286825767 0.05320634659842437 0.05323265652514444 0.05325161402002255 0.05327812374961194 0.05330899697369557
0.05316001059323205 0.05318851756402652 0.05322126860857414 0.05325161402002255 0.05327341594263568 0.05330394615757242 0.05333952421796775
0.05316939868130926 0.05320318924876349 0.05324205711141337 0.05327812374961194 0.05330394615757242 0.05334018107818646 0.05338242254520163
0.05318024855618597 0.05322021820423374  0.0532662395891674 0.05330899697369557 0.05333952421796775 0.05338242254520163 0.05343246433095794

cov.inverse():
 54655538.30411056 -44678057.61583529 -24535329.83461168 -3852129.395735315 -99404.86793130047  5467747.313121643  13041872.47560137
-44678057.63934545  152764901.8482569  -95081544.3508343 -32500580.70147838 -17225315.66472227  4958385.478363898  31761926.28725152
-24535329.72218766 -95081544.44908158   285719544.615087 -105577579.4473981 -75723666.60714352 -21669161.44317622  36867124.25070642
-3852129.530536588 -32500580.61575918 -105577579.2447954  291535108.6781975 -82999412.37096438 -55597967.56240354 -11005950.05245508
-99404.79098430395 -17225315.74941711 -75723666.74131134 -82999412.21509121  326024170.0155354  -76132044.1070025 -73844794.35345247
 5467747.228457703  4958385.632403979 -21669161.54321903 -55597967.49427255 -76132044.14059441  301298280.2415076 -158325862.2321943
 13041872.52920575  31761926.20692375  36867124.29649212 -11005950.12293839 -73844794.30590394 -158325862.2283219  161505964.5780117

cov*(cov_.inverse()):
     1.000000000582077                      0  3.026798367500305e-09  1.047737896442413e-09 -3.259629011154175e-09                      0                      0
 3.492459654808044e-10                      1  3.259629011154175e-09  1.280568540096283e-09 -4.190951585769653e-09                      0                      0
 4.656612873077393e-10                      0      1.000000002561137 -1.396983861923218e-09 -1.862645149230957e-09                      0                      0
-3.492459654808044e-10 -2.328306436538696e-10  3.026798367500305e-09     0.9999999997671694 -9.313225746154785e-10                      0 -1.862645149230957e-09
 9.313225746154785e-10 -4.656612873077393e-10  1.396983861923218e-09  1.164153218269348e-09      1.000000000465661                      0                      0
-1.164153218269348e-10                      0  1.629814505577087e-09 -4.656612873077393e-10 -1.396983861923218e-09                      1                      0
                     0                      0  2.095475792884827e-09 -3.492459654808044e-10 -9.313225746154785e-10                      0                      1
