5
2

5.649114100411451e-05
6.276965536851564e-05
9.430763423473034e-05
 0.009327630414379003
   0.5209006069222525

    -0.016243134424043     0.4741954008845748    -0.7797172800935724     0.4008297420639591   -0.07906556370773273
  -0.03022248955386037     0.3709358921660789     -0.195964384286492    -0.7097977448557214     0.5650471542420772
    0.6778423246294054    -0.5640721179260605    -0.3851284648336135 -0.0007195249946416297     0.2720808272886906
   -0.5828975882625023    -0.3458522834326467   -0.07326067111235256     0.3677763445199583     0.6324476532661718
    0.4467470718964049     0.4469386193938772     0.4471553006034589      0.447507231192962     0.4477190407147352

0.4019487701577941
0.4020101375290196
0.4020383483948395
0.4021104386004746
0.4021052271162858

6.943819378917489e-05
   0.4021417713031994

 0.6331207887198753   1.554806729845266   1.506947126911999 -0.4899394830588045  -3.204929869509454
 0.5851482759976471  0.7580867245415412   0.393938333622091 -0.3726337402950056 -0.3646862603829673

-1.247705317278101e-09 -4.731531916583701e-09 -1.689742384275821e-08 -0.0002805306568355192  -0.000697923571702259
-2.479999105195926e-10  9.643171695676526e-10 -2.504977149691338e-09 -8.698890429400994e-05     0.1211114269202714

cov:
0.05418389179925868  0.0541950817640782 0.05420752446445597 0.05422782041480854 0.05424007455624683
 0.0541950817640782 0.05421118563855165 0.05422925670953251 0.05425866371148656 0.05427638570731304
0.05420752446445597 0.05422925670953251 0.05425381207533284 0.05429369676805023 0.05431770786680116
0.05422782041480854 0.05425866371148656 0.05429369676805023 0.05435054546902358 0.05438472938144549
0.05424007455624683 0.05427638570731304 0.05431770786680116 0.05438472938144549 0.05442502802415995

cov.inverse():
  51979509.0138492 -48246813.52855811 -23879853.31673248   3347108.22081569  16800313.58130898
-48246813.59092625  141159808.9678208 -109883265.3490638  -7219800.67328714  24189616.22336737
-23879853.20122921 -109883265.5338631  216931863.4121278 -62600754.74366495 -20567834.28009329
 3347108.143384225 -7219800.466935911 -62600754.89637651  178217259.5611743 -111743638.1163957
 16800313.60560528  24189616.13944781 -20567834.19667872 -111743638.1401867  91321421.63089068

cov*(cov_.inverse()):
     1.000000000698492  4.656612873077393e-10 -4.656612873077393e-10                      0                      0
 6.984919309616089e-10      1.000000000232831  2.328306436538696e-10 -9.313225746154785e-10  9.313225746154785e-10
 4.656612873077393e-10 -2.328306436538696e-10      1.000000000931323                      0  9.313225746154785e-10
-2.328306436538696e-10  4.656612873077393e-10  6.984919309616089e-10                      1  9.313225746154785e-10
-4.656612873077393e-10                      0  4.656612873077393e-10                      0                      1
