5
2

7.802622262877829e-05
0.0001012695032271351
0.0001215916340186741
 0.005760915410263466
   0.5152897181653993

 0.07091622641085489   0.1077295262272433   0.3667030689182005  -0.8643636531240815   0.3190134361033461
 -0.2555360943968084  -0.3995686636229357   0.8084631100359706   0.1574950207387072  -0.3108519031057827
  0.6109478806682603  -0.7521824411484688 -0.09087682436639943 0.002548384781325117    0.229562999769076
 -0.5971656845136845  -0.2510802757514906 -0.06064179587541633   0.1673647746746562   0.7407181955095771
  0.4469989101086643   0.4471235875973452   0.4471914962776264   0.4472732179927771   0.4474806206967054

0.3996775273380825
0.3998591973049681
0.3998572482961334
0.3998558258112395
0.3998498646343022

2.575470452394353e-05
   0.3998646349572884

 0.9732282205201269    1.26691439070205    1.96254223446193   1.924049159837665  -6.126736709132259
 0.8536931059605337  0.4080790104630769  0.4276421634415006   0.222244205635942 -0.9116812906723666

-1.639168369258078e-08  3.116921644629223e-08 -2.865651285401566e-08 -0.0001737218620652734 -0.0005015277859314148
 -1.34922972363707e-09  2.901573081592484e-09 -4.874836882658579e-10 -4.235779478396386e-05     0.1186209610687995

cov:
0.05306556636540683  0.0530734932516025 0.05307778189832527 0.05308296454011785 0.05309622149931444
 0.0530734932516025 0.05308542707159938 0.05309189027626132 0.05309969329450658 0.05311953900077173
0.05307778189832527 0.05309189027626132 0.05309958017400351 0.05310881664338812 0.05313228813808837
0.05308296454011785 0.05309969329450658 0.05310881664338812 0.05311979393966451 0.05314760313734685
0.05309622149931444 0.05311953900077173 0.05313228813808837 0.05314760313734685 0.05318634537079583

cov.inverse():
 32450468.94966502 -19867365.19568918 -19627203.16536113 -13890409.55504487  20934474.32528088
-19867365.19535823   55744208.6754643 -20386023.86643974 -21562158.67372115  6071266.976568623
-19627203.16547187 -20386023.86041031  86379086.60185406 -39663395.37607972 -6702427.158928401
-13890409.55546532 -21562158.68139262 -39663395.36590276   125138957.850945 -50022773.84784862
 20934474.32548117  6071266.978541512 -6702427.163186621 -50022773.84576358  29719327.83903241

cov*(cov_.inverse()):
                     1 -3.492459654808044e-10  5.820766091346741e-11                      0 -2.328306436538696e-10
-2.328306436538696e-10     0.9999999994179234 -5.820766091346741e-10                      0  2.328306436538696e-10
                     0 -1.164153218269348e-10     0.9999999997089617  4.656612873077393e-10                      0
                     0 -5.820766091346741e-11 -4.656612873077393e-10     0.9999999990686774  2.328306436538696e-10
                     0 -5.820766091346741e-11   2.91038304567337e-10                      0      1.000000000232831
