6
2

5.267084932241796e-05
5.716153183638885e-05
6.287844966609103e-05
9.471448033564677e-05
  0.01193552752908575
   0.5662719803027805

 0.01290870928529331   0.3301143879882012  -0.7674838372015481   0.5215875615035533  0.06336497496255127  -0.1604920911911965
 0.00173256837953573   0.1205035525130531  -0.1291826040961739  -0.4653407487979053   0.8021453770272481  -0.3298613776414184
-0.07929773928341026   0.5806253178351967  -0.2416730668579906  -0.5373072809932093  -0.2292340229799247   0.5068854763049478
  0.7117146600275186  -0.4778873607997374  -0.3772583326168773   -0.181715006961913  0.02677837315019811   0.2983699692280861
 -0.5664129022190427  -0.3803415110619418  -0.1643922728462238   0.1512907018360784   0.3637343641916034   0.5935489665018798
  0.4076529147174751   0.4078500095803193   0.4080758192889627   0.4084067442727227   0.4086314571931627    0.408871446721423

0.4004549651855291
0.4005194418964258
0.4005523811056773
0.4006315189966053
0.4006304071797326
0.4006291711513216

1.556565338579028e-05
   0.4006395944638792

   0.302638756806509   0.9568033976574122    1.369119277134083   0.8430667066996916  -0.6810790761367429   -2.790559516467626
  0.6739498155415744   0.4620524758049479   0.3546258042421989 0.004639108320803359 -0.05201925478774591  -0.4432117222501962

 3.146618591813139e-10 -2.587282456169473e-10 -5.972802413159122e-09 -1.581036332454813e-08 -0.0003614016352816642 -0.0008555302079828253
-1.128665828910567e-10  3.703572254746379e-10 -3.403837316173887e-10 -8.443050458407809e-11 -0.0001277918205792203     0.1306132432972417

cov:
0.05333393246686056 0.05334467485257974 0.05335676865606615 0.05337455615842692 0.05338678981871387 0.05339961904411177
0.05334467485257974 0.05336037665717665 0.05337820464625596 0.05340437906150465 0.05342225686490808 0.05344119137134629
0.05335676865606615 0.05337820464625596 0.05340269863778516 0.05343860599634157 0.05346303511695209 0.05348905634593398
0.05337455615842692 0.05340437906150465 0.05343860599634157 0.05348875077859887 0.05352275456427289 0.05355913635532223
0.05338678981871387 0.05342225686490808 0.05346303511695209 0.05352275456427289 0.05356321054426799 0.05360656174950664
0.05339961904411177 0.05344119137134629 0.05348905634593398 0.05355913635532223 0.05360656174950664 0.05365746237493219

cov.inverse():
 58118644.25667398 -47957821.86396301 -28722247.76285044 -1460433.954503788  7440893.935899197  12581184.67532332
-47957821.89568022  154452803.8380242 -111483709.4821619 -24323336.25265187  2031306.769396531  27280296.83530177
-28722247.71726548 -111483709.5606908  248068620.7907058 -85413655.21361969 -36358157.70131312  13909348.44015318
-1460433.915914026 -24323336.16796778 -85413655.48860888  241038629.1903218 -71715302.67845827 -58125363.35879505
 7440893.845710617  2031306.705309191 -36358157.27479552 -71715303.03173135  211742976.1608796 -113142437.0073093
 12581184.71305454  27280296.86151741  13909348.25567888  -58125363.1572361 -113142437.0883403  117497214.0617813

cov*(cov_.inverse()):
    0.9999999998835847 -2.328306436538696e-10  1.746229827404022e-09  1.396983861923218e-09  9.313225746154785e-10 -1.862645149230957e-09
-1.164153218269348e-10      1.000000000232831  2.328306436538696e-09                      0 -9.313225746154785e-10                      0
-5.820766091346741e-10  9.313225746154785e-10      1.000000000814907  4.656612873077393e-10 -1.862645149230957e-09 -9.313225746154785e-10
                     0  1.629814505577087e-09 -3.492459654808044e-10      1.000000000931323                      0 -1.862645149230957e-09
-1.164153218269348e-10 -2.328306436538696e-10  1.979060471057892e-09  4.656612873077393e-10                      1 -9.313225746154785e-10
-1.164153218269348e-10  6.984919309616089e-10  9.313225746154785e-10 -4.656612873077393e-10                      0     0.9999999990686774
