5
2

4.069497199031513e-05
5.436230485990751e-05
8.443742193035257e-05
 0.007815166397835204
   0.5233861343601723

 -0.04115882306201819  -0.06822084947849458    0.4767309946317445   -0.7748208796783695    0.4074702813119596
 -0.01480606758893891    0.5262099325988728   -0.6922847937851088   -0.2466570030558989    0.4275347638897141
   0.6403872742478299   -0.6348933569330556   -0.3056192151852215  -0.00545454066420415    0.3055842070517094
   -0.623174192779823   -0.3399276351739844 -0.008451262534389241    0.3722518861603532    0.5978797853330322
   0.4468162889615278    0.4469996092817315    0.4472077755612949    0.4474502301866901    0.4475936217195508

0.4008381037488611
0.4009126920836683
 0.400958828893656
0.4009944267209536
0.4010621277038154

-0.0001320444150879197
    0.4010024449535604

 0.8968696635503295   2.125619733109261   2.212847850849518  -2.422124793844896  -2.813203625259884
 0.6988342321222633  0.8799842985527015  0.3410230498903057 -0.7039995024795157  -0.215752855309426

 2.655398725507051e-09 -3.049787495238387e-09 -1.638361393465112e-08 -0.0002372078783403908 -0.0006745233757618489
 8.799426454473439e-10  8.807531834145692e-10 -1.978382358131385e-09   -6.8929346825042e-05     0.1223212332898034

cov:
0.05471302890969815 0.05472468027008628 0.05473754438473867 0.05475273158738011 0.05476169596131027
0.05472468027008628 0.05474125340684528 0.05475985748378066 0.05478164098985064 0.05479451407909426
0.05473754438473867 0.05475985748378066 0.05478518999677593 0.05481469283395311 0.05483214142455787
0.05475273158738011 0.05478164098985064 0.05481469283395311 0.05485306776025174 0.05487577130889498
0.05476169596131027 0.05479451407909426 0.05483214142455787 0.05487577130889498 0.05490159413375831

cov.inverse():
 58623011.66481233  -57963461.1421309 -35830482.58120424  19998784.47615713  15172555.99727295
-57963461.18634268  153045328.4681964 -115690649.0889105 -11517691.46290201  32125501.92315207
-35830482.48414118 -115690649.2302357  312506977.3069874 -165030936.7047951   4045858.14239498
 19998784.39906614 -11517691.32234299 -165030936.7669452    383104297.42955  -226554536.289048
 15172556.02151291  32125501.87970661  4045858.160281854 -226554536.2877291  175210516.9697339

cov*(cov_.inverse()):
                     1  1.396983861923218e-09 -1.600710675120354e-09 -1.862645149230957e-09                      0
 6.984919309616089e-10      1.000000000931323  3.201421350240707e-10                      0                      0
 4.656612873077393e-10  9.313225746154785e-10      1.000000001047738 -1.862645149230957e-09 -1.862645149230957e-09
 1.164153218269348e-10  4.656612873077393e-10  2.328306436538696e-10      1.000000001862645 -1.862645149230957e-09
 2.328306436538696e-10 -2.328306436538696e-10  1.164153218269348e-09                      0                      1
