6
2

3.098481650841166e-05
4.605970697266755e-05
6.162191352740022e-05
8.881924683350213e-05
  0.01197303599281898
   0.5658912680478649

 0.01757966097754482  0.07199380786261747   0.2467804670472498  -0.7925746191702362   0.5454147377700553 -0.08919352613095118
 0.05388914704923915   0.3371143045789409  -0.7540630009486607    0.151755449174258   0.4727247804377815  -0.2614200866131615
  -0.136217905558219   0.6202523891384433  -0.2317730594177516  -0.3535180712189271  -0.4037462604412229   0.5050018172273232
  0.7080648127043959  -0.4367821205844386  -0.3534746244215796  -0.2179005431637245 -0.06256962368625191    0.362664701230197
 -0.5574160397197003  -0.3732944460184019  -0.1590652422727355  0.09790105920093756     0.38094258602115   0.6082228150099179
   0.407631177939871   0.4078362989672769   0.4080730071973832   0.4083570324005841   0.4086695380258735   0.4089211899518279

0.3977086145192237
0.3977699572911479
0.3977998763284247
0.3978170322956103
0.3978245665944954
0.3978652523436097

5.334229917633963e-05
   0.3978972347788543

 0.2880560777414019  0.7711024194238829   1.487332269880395   2.184289326157133  -3.691228082243008  -1.039557059188523
 0.5819252746905483  0.6842399481572572  0.4243639050707037 0.07666272895354892 -0.9788397519863755  0.2115525844235351

-3.095342684708526e-09 -4.217037896393926e-09  1.091605053367562e-09 -1.010235653710607e-08 -0.0003597576271477393 -0.0008886881423743937
 -4.31342797352259e-10 -1.197293136344809e-09  2.740529673327469e-09  6.661241969747709e-10 -0.0001267251875274754     0.1304092036539821

cov:
0.05325546645046966 0.05326752285282259 0.05328130426206756  0.0532978473870022 0.05331602469685526 0.05333071496055512
0.05326752285282259 0.05328446521044018 0.05330391279277902 0.05332725598504515 0.05335292327510566 0.05337362731064175
0.05328130426206756 0.05330391279277902 0.05332996277616164 0.05336121727990187 0.05339560035859615 0.05342330229742851
 0.0532978473870022 0.05332725598504515 0.05336121727990187  0.0534019664744845 0.05344680386056341 0.05348290027668009
0.05331602469685526 0.05335292327510566 0.05339560035859615 0.05344680386056341 0.05350315907310287 0.05354850160550691
0.05333071496055512 0.05337362731064175 0.05342330229742851 0.05348290027668009 0.05354850160550691 0.05360127562672139

cov.inverse():
 70131819.61296235 -51570578.50385457 -38046699.58432356 -17534451.03464894  30861050.90555431  6159169.672669284
-51570578.58812673  184465140.6061569 -119604885.2238057 -80999935.36079402  53532485.63355062  14177594.91010757
-38046699.60774958 -119604885.2618651  361442727.1639909 -226327963.9089035  -381010.353001171  22917712.84696229
-17534450.77691402   -80999935.572675 -226327964.2583296  704094421.1579154 -377134382.5833522 -2098050.780217647
 30861050.76984818  53532485.80558727 -381009.8529251287 -377134383.3561141  458614406.9113302 -165492026.6165086
 6159169.658338415  14177594.90373962  22917712.63482765 -2098050.311029749 -165492026.8528633  124335443.9836316

cov*(cov_.inverse()):
     1.000000000465661 -2.328306436538696e-10  1.629814505577087e-09 -8.440110832452774e-10  1.862645149230957e-09  9.313225746154785e-10
 4.656612873077393e-10      0.999999996740371  9.313225746154785e-10  9.313225746154785e-10  1.862645149230957e-09  1.862645149230957e-09
 5.238689482212067e-10 -1.164153218269348e-09      1.000000002561137 -3.346940502524376e-09                      0  1.862645149230957e-09
 9.895302355289459e-10 -1.047737896442413e-09 -4.190951585769653e-09      1.000000000960426  1.862645149230957e-09                      0
 3.492459654808044e-10 -4.656612873077393e-10  1.629814505577087e-09 -8.731149137020111e-10     0.9999999981373549  9.313225746154785e-10
 5.238689482212067e-10                      0  9.313225746154785e-10   1.01863406598568e-09                      0                      1
