5
2

5.058416215247254e-05
6.164262620084621e-05
9.327676597084776e-05
 0.008260785907731903
   0.5153565406848384

  0.0161671947751917   0.1013407117955337   0.2336875146561414  -0.8363516546909837   0.4851543436220733
-0.01659963608614119   0.4515947504874642  -0.8186306412261671  0.03050712855591626    0.353128619297388
  0.6316613101951124  -0.6728337599711798  -0.2616404662345076  0.02103412231927406   0.2817810369284738
 -0.6330970833856957  -0.3650820217496567  0.08205529417237269   0.3145983682875893   0.6001649737970226
  0.4468278707802685   0.4469922709658046     0.44726414328263   0.4474043553341549   0.4475789232665999

 0.398274766260906
0.3983553252461028
0.3984963373061101
0.3985077041614615
0.3985227399799428

-0.0001972394601625143
    0.3984331717148172

 0.4477635246393713   1.868242181668136   2.159429128235353  0.6460354744231507  -5.121472014053393
 0.6758285957235382  0.7944009217356641  0.3605285549308678 -0.2647618123552482 -0.5660052952578396

-5.946085449061208e-09 -1.033681793816923e-08 -2.582951590561828e-08 -0.0002496809158917968 -0.0005910991218012554
 3.134899616574682e-10 -5.911017632806908e-10 -3.193037877134162e-09 -7.583531846488402e-05     0.1185960183317645

cov:
0.05305423735680238 0.05306216116894153 0.05307511007360628 0.05308170452562744 0.05309008537041928
0.05306216116894153  0.0530750096792766 0.05309614147674502 0.05310699321760259 0.05312060245881615
0.05307511007360628 0.05309614147674502 0.05313094401349897  0.0531488979953872 0.05317123313341968
0.05308170452562744 0.05310699321760259  0.0531488979953872 0.05317055376042611 0.05319742508404651
0.05309008537041928 0.05312060245881615 0.05317123313341968 0.05319742508404651 0.05322987485957866

cov.inverse():
 46039225.41582797 -50176922.28561063 -13943142.32125042  -3893494.84807075   21974500.3756491
-50176922.33685904   109717849.168078 -67803324.54316317 -31126705.96676707  39388892.66622643
-13943142.28471642  -67803324.5962745  205575943.6763327 -83587352.22567602 -40242410.11267556
-3893494.741119152 -31126706.09173216 -83587352.24744686  273665887.6250771 -155057712.1412865
 21974500.28341227  39388892.79305424 -40242410.10748223 -155057712.1810712  133936455.8824892

cov*(cov_.inverse()):
     1.000000000698492  4.656612873077393e-10  4.656612873077393e-10                      0 -9.313225746154785e-10
 4.656612873077393e-10     0.9999999997671694  1.862645149230957e-09  9.313225746154785e-10 -9.313225746154785e-10
                     0  1.164153218269348e-09      1.000000001862645                      0                      0
 2.328306436538696e-10  6.984919309616089e-10  1.862645149230957e-09     0.9999999990686774                      0
-2.328306436538696e-10  2.328306436538696e-10  9.313225746154785e-10 -9.313225746154785e-10                      1
