5
2

2.304396736465843e-05
4.605710822533745e-05
7.644342096528627e-05
  0.01237767511402856
   0.5167393702414462

0.009586510111239132  0.04737604065482155   0.1970992487728801  -0.8076711915848664   0.5536088348399146
-0.03677014970819789  -0.5869286586257879   0.7858659648851533   0.0271498123300231  -0.1893152891336083
  0.7171975404395212  -0.5726914624409482  -0.3496741037542128  0.01792893524319012   0.1872398228996243
 -0.5335834554585962  -0.3544636991679314  -0.1464226266474426   0.3824004300265234   0.6495956492728717
  0.4466233748503202   0.4468223755308593   0.4470514589369382   0.4476366812169238   0.4479327186684663

 0.399699904366857
  0.39976356535636
0.3997964016375836
0.3998285723734035
0.3998353983926682

1.218081003467639e-05
   0.3998809337231071

 0.2091746930321365   0.560811382951507   1.328209862584182   2.123091356471397  -4.221284127709812
 0.4406306817455218  0.5021707130889608  0.5115476136380697  0.2484079086156844 -0.7027530678736864

-1.997361561583749e-09  3.317099905728306e-09 -8.110448310369578e-09 -0.0003730795199022664 -0.0007193956879348239
-2.447181476012485e-10  4.896997553164603e-10 -1.622032021240127e-09 -0.0001301539181214172     0.1191643163917104

cov:
0.05330666895484856 0.05331575305717889 0.05332606665370603 0.05335262964639794 0.05336609212812984
0.05331575305717889 0.05332977357028405 0.05334580520005186 0.05338690954326063 0.05340771922991909
0.05332606665370603 0.05334580520005186 0.05336848610174331 0.05342647977678253 0.05345582366804354
0.05335262964639794 0.05338690954326063 0.05342647977678253 0.05352741232812178 0.05357845043799938
0.05336609212812984 0.05340771922991909 0.05345582366804354 0.05357845043799938 0.05364045113963548

cov.inverse():
 88835542.54580277 -59257283.73460231 -52979864.02419418 -12852266.81176591  36253935.09155334
-59257283.61171701  222749897.9097107 -165586505.8420594 -81327479.60720773  83420794.36030293
-52979864.04905955 -165586505.2736862  385222332.4721212 -290796629.2835292  124141043.8988787
-12852267.19947822 -81327480.75632355  -290796627.257811  1228845525.525887 -843868281.4994167
 36253935.38124499  83420795.06393051  124141042.4166709 -843868281.0105301  600051794.0624217

cov*(cov_.inverse()):
    0.9999999990686774 -2.793967723846436e-09 -9.313225746154785e-10                      0 -3.725290298461914e-09
-1.164153218269348e-09      1.000000000931323  1.862645149230957e-09                      0 -3.725290298461914e-09
-2.328306436538696e-10  9.313225746154785e-10     0.9999999990686774                      0  3.725290298461914e-09
-6.984919309616089e-10 -9.313225746154785e-10  1.862645149230957e-09                      1                      0
-4.656612873077393e-10 -9.313225746154785e-10                      0                      0                      1
