5
2

5.940279217124328e-05
7.503831986154572e-05
 0.000106845870338118
 0.008209942693409253
   0.5162087328395993

0.007489552086006189  0.04965241031433798   0.2588173158431813  -0.8215213970353397   0.5055637803406834
 -0.0828717217148106  -0.5418253801947868     0.79767546870289  0.06893094660099096  -0.2419088802568318
  0.6050848796460305  -0.6672042919054183  -0.3025029487393669  0.05836197829787695   0.3062622516404587
 -0.6536841726675671  -0.2427534800513899 -0.07251706239739975   0.3417004264472648   0.6258992287532131
  0.4468170488882904   0.4470671944044659   0.4471696381851022   0.4474212968430437   0.4475923885934308

0.3997317560886513
0.3999099286213642
0.3999077636325709
0.3999009816158248
0.3998967871713423

4.579988841154027e-05
   0.3999224032822517

  0.6687342580558149    1.481073891230245    2.206626788230618 -0.05724092055685243   -4.299179109475772
  0.8593319371331573    0.532475031973707   0.3054712998005092 -0.07460662727528156  -0.6226951242003207

-5.211256514733459e-09  1.091426976399923e-08 -2.935139171097106e-08 -0.0002471746010069368 -0.0005896304700299809
-4.996105874152744e-10  1.657519955894206e-10 -1.401536215787621e-09 -7.605646077669266e-05     0.1189847218791723

cov:
0.05322862621681049   0.053240295204896 0.05324499378888174 0.05325670949769908 0.05326456034988183
  0.053240295204896 0.05326338250788282 0.05327279440569357 0.05329599637749221  0.0533117277802295
0.05324499378888174 0.05327279440569357  0.0532841742489509 0.05331213122631755 0.05333112799800578
0.05325670949769908 0.05329599637749221 0.05331213122631755 0.05335167844832017 0.05337861863863992
0.05326456034988183  0.0533117277802295 0.05333112799800578 0.05337861863863992 0.05341101817241074

cov.inverse():
 33313259.29431776 -27281690.69573661 -27223494.55352405  331887.0281455527  20860152.02904527
-27281690.66783856  91831705.14131095 -55435529.19109894 -21604795.80126419  12490191.62210385
 -27223494.5757837   -55435529.164782  140001210.8493798 -52037549.55843131  -5304498.63450171
 331886.9975669711 -21604795.74031898 -52037549.57821139  192403890.9211673 -119093807.6865741
 20860152.05398554  12490191.56273952 -5304498.610664228 -119093807.6759874  91048223.42704709

cov*(cov_.inverse()):
     1.000000000232831                      0  9.895302355289459e-10 -9.313225746154785e-10                      0
 4.656612873077393e-10      0.999999999650754   2.91038304567337e-10 -1.862645149230957e-09  9.313225746154785e-10
 4.656612873077393e-10                      0      1.000000000465661                      0                      0
 4.656612873077393e-10                      0  1.164153218269348e-10     0.9999999990686774                      0
 4.656612873077393e-10 -5.820766091346741e-10  1.746229827404022e-10 -9.313225746154785e-10                      1
