4
2

 8.54291414743423e-05
0.0001084393735175376
  0.01162408816214508
    0.460246658418964

-0.6133815525181404  0.7711531657901023  -0.170100266832607  0.0123192997291042
-0.1815677480122474 0.03412631349375186  0.7647394819277027 -0.6172860539409877
-0.5844512010803218 -0.3932978155352762  0.3684405525610707  0.6066178212675938
 0.4992123971497168  0.4994747420184627    0.50049074240481  0.5008203084787061

0.4050571163965085
0.4051645778955432
0.4054484734909853
0.4055093368523478

-0.0005959980981909873
    0.4051591270956668

  0.8969548755120402    1.758636541044006  -0.9230415013758663   -1.732838384292907
   1.310593166939988 0.008655422960143877  -0.2729920802867083 -0.04613854188442698

 6.872399950257322e-09  3.068282484151148e-09 -0.0003522767226479452 -0.0007729258061330693
-5.483466243102863e-09 -4.914752710673379e-09 -0.0001213307211846646     0.1056699757168113

cov:
0.05283620016833855  0.0528488400842486 0.05289612636282542 0.05291216997961114
 0.0528488400842486 0.05286644632829555 0.05293345599654977 0.05295566803590594
0.05289612636282542 0.05293345599654977 0.05307909948468878 0.05312588387583295
0.05291216997961114 0.05295566803590594 0.05312588387583295  0.0531803790873368

cov.inverse():
 54358500.93229905 -65337803.54807226  2486655.433588703  8493264.502204403
-65337803.55335334  81583597.02987877 -15755242.67833935 -491491.8107665063
 2486655.455762913 -15755242.70475181  53699550.62910346 -40429967.99690405
 8493264.485311689 -491491.7896355623 -40429968.00114252  32427542.57591752

cov*(cov_.inverse()):
     1.000000000407454  2.473825588822365e-10                      0  2.328306436538696e-10
 3.492459654808044e-10      1.000000000538421  4.656612873077393e-10 -2.328306436538696e-10
-1.746229827404022e-10    1.2732925824821e-09                      1 -2.328306436538696e-10
 1.164153218269348e-10   6.83940015733242e-10                      0                      1
