6
2

5.242411464428744e-05
5.846620502586193e-05
7.142541999512802e-05
0.0001048328916052471
 0.008673630396355643
   0.5656701377265733

0.0005133810655400993  -0.03889644648376989   -0.2019748208146519   -0.1347960163689013    0.8468000421251209    -0.471648913150104
  0.01230797913933098   0.07726460067843195    0.4343698933049985   -0.8600850840236903    0.1011283011594577    0.2350068208930883
 -0.06598596787957065   -0.5961513648446743    0.7100440024457458    0.2265777831353093   0.01618515976756501   -0.2906672764871219
   0.6020593160372405    -0.635742246137635    -0.304102402531812   -0.0959757976343279   0.07978129380242757    0.3539797969527204
   -0.683210955735373   -0.2577707818564469  -0.08528915045133316    0.1216336060539653    0.3149788203664989    0.5877894039521312
   0.4077272030025855    0.4080524704296738    0.4081837475054449    0.4083382207769542    0.4084900045833842    0.4086973833883915

0.4010785808984751
0.4012422247041525
0.4012336420266048
0.4012192384459128
0.4012116925396574
0.4012004849629799

0.0001705949511795183
    0.401284778409878

 0.6014490894993884   1.174493929049338   1.595693367765902   1.444624869666977 -0.1383512158420612  -4.677912041286651
  0.986251600897962  0.2905268879845107  0.3600474504464781  0.2156336500421686 -0.4451416104220181 -0.4074543659731048

 4.196036028632897e-09  -5.34813840259833e-09  1.060082861649194e-08 -2.940241522735004e-08 -0.0002608478361806538 -0.0008484494465972638
-8.172081652396087e-10 -4.623393011189933e-10  9.053258366659673e-10  1.089654866538844e-09 -8.522977448253055e-05     0.1303377129030003

cov:
0.05322951639433499 0.05325007731379748 0.05325834080893741 0.05326786007952509 0.05327772613265086  0.0532907616102457
0.05325007731379748 0.05328430729585301    0.05329809706748 0.05331425350312137 0.05333032197320636 0.05335210806210962
0.05325834080893741    0.05329809706748 0.05331414091680591 0.05333298482138902 0.05335156850903975 0.05337690303953925
0.05326786007952509 0.05331425350312137 0.05333298482138902  0.0533550649748114 0.05337666285456966 0.05340625507649804
0.05327772613265086 0.05333032197320636 0.05335156850903975 0.05337666285456966 0.05340108682335981 0.05343465508599621
 0.0532907616102457 0.05335210806210962 0.05337690303953925 0.05340625507649804 0.05343465508599621  0.0534738424327984

cov.inverse():
 33886594.87180195 -26843603.47113764 -24316519.30164967 -11311588.66468246  4680743.609404188  23904333.18746459
 -26843603.4706215  108737879.4040343 -52704262.96997175 -38458355.70206587 -16206485.68420896  25474437.22739232
-24316519.30822546 -52704262.98754355  177279096.7464769  -65195518.9187007 -49337047.95963459  14273836.12422075
-11311588.67376762  -38458355.7349586 -65195518.88509282  233920629.2545466 -66955731.86288858 -51997309.56948036
 4680743.639563998 -16206485.58226104 -49337048.10213994 -66955731.92426205  264538951.9448891 -136721503.7099881
 23904333.17244927  25474437.17642474  14273836.20897113 -51997309.51647672 -136721503.7817587  125066022.0315901

cov*(cov_.inverse()):
     1.000000000232831 -6.984919309616089e-10  1.164153218269348e-09                      0 -9.313225746154785e-10  1.862645149230957e-09
-2.328306436538696e-10     0.9999999997671694  1.047737896442413e-09  4.656612873077393e-10  9.313225746154785e-10  2.793967723846436e-09
                     0 -2.328306436538696e-10     0.9999999998835847                      0                      0  1.862645149230957e-09
-2.328306436538696e-10 -6.984919309616089e-10  1.513399183750153e-09      1.000000001396984                      0  9.313225746154785e-10
-2.328306436538696e-10 -2.328306436538696e-10 -4.656612873077393e-10 -9.313225746154785e-10      1.000000000931323  1.862645149230957e-09
                     0 -4.656612873077393e-10                      0 -4.656612873077393e-10  9.313225746154785e-10      1.000000000931323
