5
2

7.730129729801308e-05
0.0001054416518201398
0.0001461702177305317
 0.003652584711226428
   0.5180974427393527

 0.06086367450319236   0.1182224693796994   0.1847099517509509  -0.8459863232236866   0.4821912851787809
 -0.1393199137032743  -0.4283818928219506   0.8544871645346945 -0.02979815003874838  -0.2569876873465363
  0.6548449866930419   -0.703353861486804  -0.1831066192676045  0.02602272797844212   0.2055873842032641
 -0.5900613958963078  -0.3284337462645144 -0.04706352805095478   0.2875550343570296    0.677536677922961
  0.4470919002258626   0.4471431778326793   0.4472034320948408   0.4472741117225806   0.4473553068596502

0.4014367370326781
0.4014407024613892
  0.40144407777266
0.4014481580548241
0.4014532669393415

-0.0001016869007294671
    0.4014214217373414

 1.612832393262402  3.150468067393206  3.524114656168198  1.277882144981965 -9.565298017597478
0.6893729759431656 0.9056389592256071 0.8306821679352132 0.4072744381773733 -1.832972593376678

-2.731884392400249e-08  4.288293478760749e-08 -7.987104823502839e-08 -0.0001102748197481593 -0.0004650345630228196
-5.532898558021439e-09  7.612676071808728e-09 -1.503919544029732e-08 -2.492304887847506e-05     0.1199377931818103

cov:
0.05366043310664084 0.05366450883689188 0.05366953029338944 0.05367538232615263 0.05368205992728251
0.05366450883689188 0.05366953883917509 0.05367552404298887 0.05368254144544348 0.05369057735899473
0.05366953029338944 0.05367552404298887 0.05368259055391814 0.05369085451528084 0.05370035496399393
0.05367538232615263 0.05368254144544348 0.05369085451528084 0.05370062962197957  0.0537118674509701
0.05368205992728251 0.05369057735899473 0.05370035496399393  0.0537118674509701 0.05372514788558087

cov.inverse():
 22462406.07986512 -14970532.13322023 -14436290.76988362 -7458573.623745319  14402866.65231259
-14970532.13043614  42007122.50486412 -23240590.74530933 -16453065.65393395  12657297.80965282
-14436290.78171121 -23240590.71242003  72952001.95284021 -28664720.06058491  -6610353.05401353
-7458573.608930387 -16453065.70603321 -28664720.01414601  119889156.0282485  -67312958.0372242
 14402866.64654111  12657297.83164697 -6610353.079390923 -67312958.02806941  46863171.27816731

cov*(cov_.inverse()):
     1.000000000232831 -1.164153218269348e-10  4.656612873077393e-10  4.656612873077393e-10  4.656612873077393e-10
 1.164153218269348e-10     0.9999999998835847  2.328306436538696e-10  1.862645149230957e-09 -4.656612873077393e-10
 1.164153218269348e-10  1.164153218269348e-10                      1 -4.656612873077393e-10  4.656612873077393e-10
 1.164153218269348e-10 -3.492459654808044e-10  4.074536263942719e-10      1.000000000465661                      0
                     0  2.328306436538696e-10  5.820766091346741e-11                      0                      1
