5
2

  4.9850768101166e-05
6.595743269058577e-05
0.0001051504578672622
 0.007873551375897991
   0.5162699989977058

0.03475651593645918 0.06928823565212971  0.2625482743919113 -0.8382257810103421  0.4716323448021823
-0.1183649245956658  -0.339663955164911  0.8449042962776067 0.00894406456596877 -0.3958217730593823
 0.5668334216816689 -0.7728972749880283 -0.1134561706699858 0.06646472244707582  0.2530608867203063
-0.6810056001220129 -0.2873611863125549 0.06560625940832761  0.3045527595614952  0.5971585690362518
 0.4468925753383349  0.4470804053848318  0.4472456258129552  0.4473562350880478  0.4474928897171783

0.3986757592178314
0.3988659153231497
0.3988717119450629
0.3988750862884418
0.3988791802896947

-7.073998374837305e-05
    0.3988515510783787

  0.688208304849582   1.535922198282624   2.552240633344766  0.7939704815772765  -5.570344803532531
 0.8790722528055637  0.4907509026005217  0.3780156741415268  0.0546208014882768 -0.8024076262010295

-6.193497804663154e-09  1.638009235163613e-08 -2.701622253855409e-08 -0.0002372569285828871 -0.0004764807427684256
-6.471740709189644e-10   1.59547811933635e-09 -1.363594465480396e-09 -7.299066878233327e-05     0.1190570793380825

cov:
0.05325919388960078 0.05326493983067976 0.05326972178326494 0.05327281046837384  0.0532767361464068
0.05326493983067976 0.05328032138982235  0.0532937142300982 0.05330263753889897 0.05331370829217109
0.05326972178326494  0.0532937142300982 0.05331484878905954 0.05332900193847261 0.05334648125101182
0.05327281046837384 0.05330263753889897 0.05332900193847261 0.05334670426429228  0.0533685202253444
 0.0532767361464068 0.05331370829217109 0.05334648125101182  0.0533685202253444 0.05339565423568583

cov.inverse():
 32773578.61482784  -29409913.0433225 -25133320.46760383 -8562684.031289283   30332697.1575799
-29409913.04584697    82481353.363801 -50716496.02198751 -28716830.39387649  26361671.79964614
-25133320.47965014 -50716495.99131272   192994308.527468 -87502366.42364338 -29642668.77639862
-8562684.001776619 -28716830.46062853 -87502366.38351266  283153609.1184697 -158371562.4416503
 30332697.14263802  26361671.83319894 -29642668.79790068 -158371562.4387593  131320114.4226623

cov*(cov_.inverse()):
                     1  2.328306436538696e-10 -4.656612873077393e-10                      0                      0
                     0                      1 -2.328306436538696e-10                      0 -1.862645149230957e-09
 4.656612873077393e-10 -1.164153218269348e-09      1.000000001862645 -1.862645149230957e-09                      0
 4.656612873077393e-10 -9.313225746154785e-10  9.313225746154785e-10                      1 -9.313225746154785e-10
 2.328306436538696e-10  2.328306436538696e-10                      0                      0     0.9999999990686774
