4
2

4.425127206057097e-05
7.439752597688512e-05
 0.005817772920044572
   0.4630252676875219

0.07817849503891205  0.3450622813618069 -0.8382206951503955  0.4149773621734369
 0.5837282225163797 -0.7521722886485924 -0.1149139182421168  0.2833601980187946
-0.6351488950736323 -0.2554874098684374  0.1846752124968342  0.7051291586473438
 0.4997352961699454  0.4998950425531752  0.5000759177415774   0.500293570503974

0.4014557772506327
0.4015120380693911
0.4015344236053413
0.4015430847591194

0.0001377749890430137
   0.4016550649547063

 1.280835858622691  2.407850262005067  2.184630123792981 -5.873312636616802
0.7178661259113164 0.8391777994017428 0.4692408013068374 -1.026235861976445

-6.535412932601996e-09 -1.648744361761684e-08 -0.0001748744098680127  -0.000460587601820022
-9.271992333804862e-10 -3.082349876904151e-09 -4.424828149788175e-05     0.1070848617639985

cov:
0.05355502020889184 0.05356396927914445 0.05357388760452154 0.05358601979256784
0.05356396927914445 0.05357781256596183 0.05359338793578584 0.05361221322828001
0.05357388760452154 0.05359338793578584  0.0536155328325953 0.05364211876640772
0.05358601979256784 0.05361221322828001 0.05364211876640772 0.05367788688456866

cov.inverse():
 64693950.27186825 -65544056.21502502 -45587708.66402262  46437966.26575214
 -65544056.2118021  163023227.5075217 -132093391.6697024   34613479.9857978
-45587708.67000067 -132093391.6613524  361197355.8052273 -183515206.9327213
 46437966.26850719  34613479.98067085 -183515206.9303493  102463319.5516771

cov*(cov_.inverse()):
    0.9999999990686774  1.629814505577087e-09 -1.862645149230957e-09                      0
-4.656612873077393e-10      1.000000001862645                      0 -9.313225746154785e-10
                     0  1.164153218269348e-09     0.9999999981373549  1.862645149230957e-09
                     0 -2.328306436538696e-10                      0                      1
