6
2

3.926303147660608e-05
5.522758419379825e-05
5.845941098991571e-05
9.348370347485602e-05
  0.01257521114647337
   0.5788297038059665

 0.02135808490341208 0.003041906552085036  -0.5678627319067323   0.8010610248946637 -0.09571348971741514  -0.1618847089938832
 0.01423278717874893 -0.08799614524379243   0.2118755251822139   0.1573916761023334  -0.8105986072970166    0.515092832567057
-0.06385543806975492   0.7008059115700572  -0.5391615867209465  -0.3295230498337235 -0.08245872420298084    0.314186981227787
  0.7279021482668433   -0.444060072336552  -0.3858144016863588   -0.230439011568111  0.07742960622137023   0.2549880000789896
 -0.5471415502543349  -0.3710413595404419  -0.1631162726618558  0.07138176258191981   0.3922652690580355   0.6143208589573473
  0.4075025515761837   0.4077468101678539   0.4080267049949484   0.4083456381974715    0.408781114177623   0.4090846583833303

0.4000946283428654
0.4001601345911764
0.4001958208406401
0.4002195825938688
0.4002788587068477
0.4002806075432945

-1.283938858313337e-05
     0.400273919029871

 0.2827472218533082  0.7112904764475734  0.8841946711491494   1.258783404046905  0.1266002680831796   -3.26361640193581
  1.342933897939798 -0.1783368766419318 -0.4785542953190438  0.9785473091446795 -0.3110794253026946 -0.3534943307658526

 1.588875288918285e-09 -4.443343151803203e-09 -4.944871533370589e-09 -1.366489404885026e-08 -0.0003839920104917218  -0.001106721552622271
 1.804840827342473e-09  4.804070413648629e-10  -1.23228680733756e-09  7.879534864650881e-09 -0.0001359777301909535     0.1363905751241542

cov:
0.05568416290216539 0.05570226752595607 0.05572249229341461 0.05574574820335226 0.05577744238009209 0.05579967387905299
0.05570226752595607 0.05572531017042678 0.05575134417913286 0.05578115537149664 0.05582181889558303 0.05585025779490693
0.05572249229341461 0.05575134417913286 0.05578424716226558 0.05582179659513321 0.05587305075757536 0.05590881908555115
0.05574574820335226 0.05578115537149664 0.05582179659513321 0.05586807915610512 0.05593127789931902 0.05597531321942351
0.05577744238009209 0.05582181889558303 0.05587305075757536 0.05593127789931902 0.05601082797491143 0.05606617238745107
0.05579967387905299 0.05585025779490693 0.05590881908555115 0.05597531321942351 0.05606617238745107 0.05612935132598433

cov.inverse():
 62185476.31502095 -50448100.10342725 -28939229.66538118 -1203956.116720743  2879989.900770271  15526458.85587974
-50448100.13709167  168819249.0968151 -98191160.08633041 -58824364.52064588  2352613.107651427  36290299.57654265
-28939229.59201965 -98191160.05408362  325991144.7589939 -221987388.2244352 -11460940.57888029  34588069.35950788
-1203956.184507565 -58824364.61708261 -221987387.8214711  462230376.3926163 -85655509.17558083 -94558808.06425966
 2879989.959048273  2352613.054462621 -11460941.03733504 -85655508.54726352  224045967.0690284 -132161419.7265065
 15526458.82569218  36290299.66025651  34588069.52060544 -94558808.45383476 -132161419.5515556  140314694.7997017

cov*(cov_.inverse()):
     1.000000000116415 -9.313225746154785e-10 -2.328306436538696e-09 -9.313225746154785e-10  1.862645149230957e-09  9.313225746154785e-10
 2.328306436538696e-10      1.000000000232831  1.629814505577087e-09 -1.862645149230957e-09  1.862645149230957e-09                      0
-2.328306436538696e-10 -6.984919309616089e-10      1.000000000698492 -1.862645149230957e-09                      0  9.313225746154785e-10
 2.328306436538696e-10 -1.164153218269348e-09  2.328306436538696e-10     0.9999999972060323  9.313225746154785e-10                      0
 1.164153218269348e-10 -9.313225746154785e-10 -3.725290298461914e-09 -9.313225746154785e-10      1.000000000931323                      0
 3.492459654808044e-10 -1.164153218269348e-09  4.656612873077393e-10 -9.313225746154785e-10                      0                      1
