6
2

2.167588903700866e-05
3.130513533361903e-05
4.729255292450452e-05
7.724023773709395e-05
  0.01242960535195966
   0.5661392310991392

-0.002683780268075168  -0.01189406658710126   -0.0529157037287737   -0.3008858601191078    0.8317496188673071   -0.4633697524621749
 0.007378864935186501   0.05807462181326753    0.4946398060374005   -0.8017513399941228  -0.07904600122595912    0.3207037128637759
 -0.02873771367556457   -0.6410480071172128    0.6718731029096976    0.2666480997061128  -0.01269498551988592   -0.2560385873965387
   0.7297191989333459   -0.5314762134717292   -0.3288591357216253   -0.1475530934371696   0.04843881386233682    0.2297310601616296
   -0.548102245331701   -0.3697561965221847   -0.1626028745392899   0.08397682724478144    0.3639561031867566    0.6300066955409018
   0.4076840846278725    0.4078684980474936    0.4080807496227331    0.4083347352652651    0.4086230228604917    0.4088973543484526

0.3997488606230425
0.3998123056541693
0.3998448468030921
0.3998647480977249
0.3998763130947349
0.3998827896083032

1.540174065457188e-05
   0.3999303058033477

 0.1531696504471401  0.3437664866654596  0.7341177796102853   1.862355502682919   1.134328998997928  -4.227735017833528
 0.4331885470133044  0.4676726763233702  0.4194005735206883  0.2866924481094535 0.09712370327472067 -0.7040742009083831

 1.080068178191217e-09 -2.503382831029209e-09  4.099925232646479e-09 -8.969646636097641e-09 -0.0003746031271606697 -0.0008001926871530516
  1.37123830936711e-10 -2.210160477081248e-10  5.032712393478451e-10 -1.609164930282412e-09 -0.0001332828204660677     0.1305649821864312

cov:
 0.0533178044818723 0.05332679383613491 0.05333698763276094 0.05334929616405672 0.05336325869603246 0.05337657701000161
0.05332679383613491 0.05334071849499957 0.05335662935389678  0.0533757461806178 0.05339743912507872 0.05341810329717567
0.05333698763276094 0.05335662935389678 0.05337918871033832 0.05340621287388505 0.05343688563903687  0.0534660829029874
0.05334929616405672  0.0533757461806178 0.05340621287388505 0.05344265349344547 0.05348401505128661 0.05352336999833103
0.05336325869603246 0.05339743912507872 0.05343688563903687 0.05348401505128661 0.05353751538731111 0.05358840377151421
0.05337657701000161 0.05341810329717567  0.0534660829029874 0.05352336999833103 0.05358840377151421 0.05365025316325864

cov.inverse():
 89695394.18702297 -56262551.19324464 -44829057.88885914 -25791931.80511107  740294.0193122841  36447912.18217668
-56262551.25316638  234825689.7672745 -132623877.2920599 -103176276.0741726 -26417208.78848341  83653598.09062418
-44829058.19796282 -132623877.5301082  475577394.8693392 -282545144.8140627 -140055708.4267643  124476717.8705738
-25791931.29327688 -103176276.2112248 -282545149.3292522  884041211.1243173 -470691751.7878006  -1835906.05803147
 740294.1149010441 -26417208.06337425 -140055701.4233043 -470691763.4878151   1479260800.68428 -842835596.5789101
 36447911.94377945  83653597.68069328  124476714.8351544 -1835898.498430812 -842835600.4547628  600092513.8440748

cov*(cov_.inverse()):
     1.000000000232831  1.862645149230957e-09  9.313225746154785e-10 -4.336470738053322e-09  7.450580596923828e-09                      0
-2.328306436538696e-10                      1 -9.313225746154785e-10 -2.270098775625229e-09  7.450580596923828e-09                      0
-4.656612873077393e-10                      0     0.9999999990686774   6.56291376799345e-09                      0                      0
-4.656612873077393e-10 -9.313225746154785e-10 -9.313225746154785e-10      1.000000005937181  7.450580596923828e-09 -3.725290298461914e-09
-4.656612873077393e-10  9.313225746154785e-10  1.862645149230957e-09 -1.021544449031353e-08      1.000000007450581  7.450580596923828e-09
-4.656612873077393e-10                      0  9.313225746154785e-10   2.08092387765646e-09                      0                      1
