5
2

5.647640065788065e-05
6.771932721425967e-05
9.685429474345126e-05
 0.006558883096156335
   0.5166177292014803

 0.02803166827784293  0.06008995905843233   0.2504989916315202  -0.8309482953020557   0.4923196198813486
-0.08671293618488111  -0.4384147310641619   0.8318632948007343  0.02160855130944709  -0.3283442089602133
  0.4930821724324453  -0.7562088548273395  -0.2082336842840043   0.1120553430538799   0.3593055411938578
 -0.7408673091199719  -0.1800197635663966  0.04327676142658751   0.3104357770362305   0.5660965158514656
  0.4468564576890324   0.4471272447665393   0.4472354733300943   0.4473602904526767   0.4474882513881188

0.3997507353826263
0.3999149573932539
 0.399906952028856
0.3998923006657112
0.3998857412741534

0.0001690954529616053
   0.3999567723656834

   1.207568718374636    2.216558261682187    2.672519448656022  -0.2438322085661985   -5.852780978422977
      1.039066975533   0.7202299890843404 -0.03443584210240416  0.08690135090355017  -0.8118113462569626

-5.876235553028401e-09  1.404729936456351e-08 -3.534216379155549e-08  -0.000196465281291475 -0.0005851927222124414
-1.301675397772772e-09 -7.616024039882694e-10 -2.880630299085165e-09 -5.736761387637231e-05     0.1191807893050657

cov:
0.05331716949486272 0.05333158384849127 0.05333737682793274 0.05334374991735663 0.05335086410764599
0.05333158384849127 0.05335956459222735 0.05337074443342799 0.05338356975082192 0.05339685933599107
0.05333737682793274 0.05337074443342799 0.05338408271546437 0.05339947423241438 0.05341522342214386
0.05334374991735663 0.05338356975082192 0.05339947423241438  0.0534179480424874 0.05343663725696575
0.05335086410764599 0.05339685933599107 0.05341522342214386 0.05343663725696575 0.05345814938396691

cov.inverse():
 27816694.83761103 -30927736.93139967 -24473998.56250244  -1826740.40253076  29411760.33816797
-30927736.94533615  104005565.0377138 -58021113.84870542 -26754776.51304714  11697879.90239074
-24473998.54279621 -58021113.83761948  175192063.8330356 -63827225.87176284 -28870372.59338458
-1826740.402153299 -26754776.60700752 -63827225.73862962  217920693.5932525 -125509849.9741807
 29411760.33202075  11697879.97132779 -28870372.69572432 -125509849.9346303  113269350.3373162

cov*(cov_.inverse()):
     1.000000000232831 -8.149072527885437e-10 -2.095475792884827e-09  9.313225746154785e-10                      0
 2.328306436538696e-10     0.9999999997671694 -6.984919309616089e-10                      0                      0
 2.328306436538696e-10  3.492459654808044e-10     0.9999999986030161                      0                      0
 2.328306436538696e-10 -1.164153218269348e-10  9.313225746154785e-10     0.9999999990686774 -9.313225746154785e-10
                     0  2.328306436538696e-10 -2.328306436538696e-10                      0                      1
