5
2

6.159851796611764e-05
8.011248094880121e-05
0.0001045032577518067
 0.005554451886663892
   0.5165034635413172

 0.05938210500859067  0.08728403455713309   0.2139566700449823   -0.842901330377129   0.4822811975475581
 -0.1656457106739272  -0.3485684088005408    0.861466792464295 -0.01767163496801585  -0.3295819195896909
  0.5150879572253394  -0.7929888653279141  -0.1081226517534466  0.09388297097213226   0.2921447170951806
 -0.7098718357552291  -0.2051979115498563  0.02002890711787188   0.2833927503933973    0.610952687039846
   0.446991764200423   0.4471510239943693   0.4472201291109431   0.4473025791921335   0.4474023728634406

0.3992536082612079
0.3994331738035965
 0.399431400223289
0.3994287382039274
0.3994234172108894

4.48149755380589e-05
  0.3994440172993046

  1.821756048525954   1.945354988082321   2.178545908220689  0.4011227970962752  -6.346795802384197
   1.06128567315647  0.4832935294871271  0.4753548766039039 -0.1633390237670889 -0.8565940979258526

-1.007389996512444e-08  1.913587476823913e-08 -2.900986572239942e-08 -0.0001669916203135463 -0.0004485123192328208
-2.600287374888872e-10  2.249182220004156e-09 -1.677146370474707e-09 -4.358312139269916e-05     0.1191888298844914

cov:
0.05331779712011366 0.05332572832785955 0.05332903879798243 0.05333310461195575 0.05333783254915112
0.05332572832785955 0.05334154306367794 0.05334835209836733 0.05335652006900381 0.05336635008340448
0.05332903879798243 0.05334835209836733 0.05335674201730351  0.0533667357154045 0.05337884337734816
0.05333310461195575 0.05335652006900381  0.0533667357154045 0.05337888077731965 0.05339364903507075
0.05333783254915112 0.05336635008340448 0.05337884337734816 0.05339364903507075 0.05341173794084113

cov.inverse():
 29515130.71418681 -27034382.40701237 -23985699.40431359 -8313841.501687927  29819071.69841687
-27034382.42628795  78520677.23765987 -34014499.44034278 -25248832.50653245  7776855.205801296
-23985699.37790999 -34014499.46471481  128766680.9443019 -50830672.99713369 -19935814.07071688
 -8313841.50131807 -25248832.54028909 -50830672.95135518  188104510.6982858  -103711723.060913
 29819071.69091891  7776855.244654668 -19935814.11446408 -103711723.0485214  86052096.14085749

cov*(cov_.inverse()):
     1.000000000232831 -9.895302355289459e-10  9.313225746154785e-10  9.313225746154785e-10  9.313225746154785e-10
                     0     0.9999999999417923  1.164153218269348e-09  9.313225746154785e-10  9.313225746154785e-10
 2.328306436538696e-10  -2.91038304567337e-10      1.000000000931323 -9.313225746154785e-10  9.313225746154785e-10
                     0 -6.984919309616089e-10  9.313225746154785e-10     0.9999999990686774                      0
                     0 -3.492459654808044e-10  2.328306436538696e-10                      0      1.000000000931323
