5
2

2.889502038240275e-05
4.494665009077786e-05
7.430642835330696e-05
 0.008986876533235945
   0.5167534291831825

 0.02068890514670445  0.07886413383592782   0.3014668027222193  -0.8416268755580605   0.4406068392489596
-0.06127405211217891  -0.5247084791676462   0.7938580409680731  0.08195288957963326  -0.2898269088735732
  0.6752306917828507  -0.6366457840198023   -0.276443940913586 -0.01152264468612117   0.2493825069163185
 -0.5833103624472561  -0.3366846218288801 -0.05017986601641045   0.2909132975476076   0.6776753801357605
  0.4467997243482681   0.4469754706889853    0.447177712129659   0.4474199461326459   0.4476945616174224

 0.399691825053578
0.3997543294209049
0.3997853489807442
0.3998036569379517
0.3998133611956639

3.207543319389665e-05
   0.3998756782477628

 0.4050016665557366  0.9303239902600169   1.610934796106276   1.880498342414553  -4.826759430480211
  0.483266110790887  0.5882193587295043  0.5312767869610342  0.2673924548285772 -0.8701517898034831

-2.623316846407722e-09   4.68469663925259e-09 -1.098507076265594e-08 -0.0002708998942518562 -0.0006357300376983055
 -3.27197273682737e-10  7.224441641805844e-10 -2.292069085889322e-09 -8.225730471329429e-05     0.1192287048892559

cov:
0.05333549954517196 0.05334484449359737 0.05335547789054608 0.05336831101883978  0.0533828561080492
0.05334484449359737 0.05335912003622437 0.05337546582772182 0.05339510306974645 0.05341736327576091
0.05335547789054608 0.05337546582772182 0.05339845631826386 0.05342599770224304 0.05345722189257125
0.05336831101883978 0.05339510306974645 0.05342599770224304 0.05346295370249125 0.05350484988272128
 0.0533828561080492 0.05341736327576091 0.05345722189257125 0.05350484988272128 0.05355884929681932

cov.inverse():
 84950925.17012484 -59985529.50155791 -50414689.22483771 -24751961.25648235  50201321.37340413
-59985529.54840697  217141532.5487504 -145838403.4608539 -99455728.33024034  88137638.06660897
-50414689.32586832 -145838403.6074775  434646319.4682578 -271106747.7295021   32713999.8138882
 -24751960.9434644 -99455728.20709188 -271106748.4433934  851735048.1023413 -456420357.5780953
 50201321.20826609   88137638.0432346  32714000.28012516 -456420357.8558196   285367109.694702

cov*(cov_.inverse()):
    0.9999999995343387  1.862645149230957e-09  1.862645149230957e-09 -3.725290298461914e-09  1.862645149230957e-09
-9.313225746154785e-10     0.9999999990686774 -9.313225746154785e-10  3.725290298461914e-09  1.862645149230957e-09
-9.313225746154785e-10  9.313225746154785e-10     0.9999999955762178  3.725290298461914e-09 -1.862645149230957e-09
                     0 -9.313225746154785e-10                      0       1.00000000372529 -1.862645149230957e-09
-1.396983861923218e-09  9.313225746154785e-10 -6.984919309616089e-10                      0                      1
