4
2

8.429468175598488e-05
0.0001251772781175936
 0.003276455357581878
   0.3460651864023219

 0.09515876290921776   0.2908393916886419  -0.8379258531039238    0.451926457273558
   0.469775536927911  -0.8038686263439131 -0.02954354203511162   0.3636390457693767
 -0.7214222991478279  -0.1387220229966973   0.2166787045506991   0.6429279941192459
  0.4998055832400662   0.4999638788530981   0.5000577794798435   0.5001726861653993

0.4004307133521361
0.4004435270032699
0.4004514341588732
0.4004608023077618

-0.0001864228140219495
    0.4004050536939629

 2.707490524186853  5.491958154658296  2.882653851822551 -11.08199857364912
 1.048053305702004  1.273431699736413  0.688104861218199 -2.009535428271485

-3.956948146476312e-08 -1.137267583520032e-07 -9.892897324641232e-05 -0.0002898133253451557
-7.209672713156303e-09 -2.009432219179304e-08 -2.228222984490331e-05    0.05981710737662474

cov:
0.02992258990673537 0.02992754303638286 0.02993041617783364  0.0299339968218225
0.02992754303638286 0.02993616986932754 0.02994125093489631  0.0299474940553836
0.02993041617783364 0.02994125093489631 0.02994770745932867 0.02995557255915828
 0.0299339968218225  0.0299474940553836 0.02995557255915828 0.02996540393893664

cov.inverse():
 15406980.22030226 -20196139.67908381 -12121870.73483594   16911130.4294584
-20196139.67826319  53146203.13202289 -32784340.25724596 -165882.5641167719
-12121870.73634882 -32784340.25465853  98872337.37795585  -53965987.0673464
 16911130.43015068 -165882.5658835983 -53965987.06627183  37220692.44149882

cov*(cov_.inverse()):
                     1 -1.555235940031707e-10                      0 -2.328306436538696e-10
                     0     0.9999999998617568                      0 -2.328306436538696e-10
 5.820766091346741e-11 -1.919033820740879e-10     0.9999999997671694 -4.656612873077393e-10
                     0 -1.682565198279917e-10                      0                      1
