5
2

5.869020173937157e-05
7.893802188106877e-05
0.0001114585329823475
 0.007017585012077256
   0.5140032859563448

 0.03171904433005462  0.07741564238129348  -0.2997065648010334   0.7604960347511643  -0.5699319930346075
 -0.3483967096884112   0.8264862534458068  -0.4018214547280775  -0.1629775178911431  0.08670670519432973
  0.5895696494669092  -0.1464623077268815  -0.7219887582744597 -0.04870766106084729   0.3275915406753787
 -0.5741438930381563  -0.2987918253585227  -0.1653440475927932   0.4393181621843621   0.6006189586472436
   0.447638306470228   0.4474366197508243   0.4473355255133576   0.4468906196360967   0.4467662919036935

0.3495359413248157
0.3496732381088446
0.3498327426843103
  0.34998164522468
0.3500313108816759

-0.001036239516194142
   0.3495955441687018

  0.5119099095224303    3.727554444684284 -0.08166738815486416    0.997923267154524   -5.155834126228041
  -1.809291115206827    2.232868152080015    1.937128434968215    2.236753182247869   -3.592358434485257

 1.387004591991703e-08  1.449103108008189e-08 -2.388684011191867e-08 -0.0001995692442340805  0.0007851409996435644
 1.130960129232224e-08  6.364460104234269e-09 -5.066215997487181e-08 -5.533603821684408e-05     0.1189807876747174

cov:
0.05295652422542147 0.05292487819216754 0.05290914743575924 0.05283943826355463 0.05282017590645078
0.05292487819216754 0.05289699205299082 0.05288307246277094 0.05282158205215567 0.05280451175668308
0.05290914743575924 0.05288307246277094 0.05287004657562182 0.05281253376974114  0.0527965239640548
0.05283943826355463 0.05282158205215567 0.05281253376974114 0.05277308844571561 0.05276189504842804
0.05282017590645078 0.05280451175668308  0.0527965239640548 0.05276189504842804 0.05275199527232769

cov.inverse():
   47757915.526953 -52444557.85764708 -14555524.14297003   13798670.0474776  5443677.908246402
 -52444557.8274802  113090724.1133806 -51519109.56318541 -3953131.045760221 -5174498.363816314
 -14555524.1823606 -51519109.50787911  93949227.98804151 -52831207.73670897  24957325.98624595
 13798670.06631517 -3953131.088653082 -52831207.71523711  172362215.2781506 -129378196.5313531
 5443677.898632232  -5174498.34606253  24957325.98068995 -129378196.5339368  104153038.6492923

cov*(cov_.inverse()):
     0.999999999825377                      0 -2.328306436538696e-10                      0                      0
-5.820766091346741e-10      1.000000001222361 -9.313225746154785e-10  9.313225746154785e-10 -9.313225746154785e-10
-7.566995918750763e-10  3.492459654808044e-10     0.9999999995343387 -9.313225746154785e-10                      0
-4.074536263942719e-10   2.91038304567337e-10                      0      1.000000000931323 -9.313225746154785e-10
-7.566995918750763e-10  1.164153218269348e-10  4.656612873077393e-10 -9.313225746154785e-10                      1
